iTrial,neck_length,head_length,leg_length,tail_length,neck_angle,head_angle,leg_angle,tail_angle,timestamp
1,0.5,0.0,0.0,0.66666666666667,0.5,0.5,0.5,0.5,1727070125763
1,0.50387612467298,0.0,0.0,0.66666666666667,0.49999941610671,0.5,0.5,0.5,1727070125802
1,0.5077477151286,0.0,0.0,0.66666666666667,0.49999553912746,0.5,0.5,0.5,1727070125850
1,0.5144176891253,0.0,0.0,0.66666666666667,0.50000166210475,0.5,0.5,0.5,1727070125864
1,0.52108906386992,0.0,0.0,0.66666666666667,0.49999768066447,0.5,0.5,0.5,1727070125881
1,0.52775882522363,0.0,0.0,0.66666666666667,0.49999262381783,0.5,0.5,0.5,1727070125906
1,0.53442542288223,0.0,0.0,0.66666666666667,0.49999624234546,0.5,0.5,0.5,1727070125928
1,0.5411013481825,0.0,0.0,0.66666666666667,0.4999955786901,0.5,0.5,0.5,1727070126008
1,0.54777786106295,0.0,0.0,0.66666666666667,0.49999533221198,0.5,0.5,0.5,1727070126016
1,0.55164888135818,0.0,0.0,0.66666666666667,0.50000187582794,0.5,0.5,0.5,1727070126031
1,0.55832394236188,0.0,0.0,0.66666666666667,0.50000059028476,0.5,0.5,0.5,1727070126048
1,0.56219393871923,0.0,0.0,0.66666666666667,0.4999958855106,0.5,0.5,0.5,1727070126158
1,0.57555537909688,0.0,0.0,0.66666666666667,0.50000102374173,0.5,0.5,0.5,1727070126206
1,0.5860633328183,0.0,0.0,0.66666666666667,0.50000118326014,0.5,0.5,0.5,1727070126278
1,0.59657786484945,0.0,0.0,0.66666666666667,0.49999560374748,0.5,0.5,0.5,1727070126314
1,0.60324998172804,0.0,0.0,0.66666666666667,0.50000247339039,0.5,0.5,0.5,1727070126331
1,0.61375613659906,0.0,0.0,0.66666666666667,0.49999164207085,0.5,0.5,0.5,1727070126348
1,0.62042948983169,0.0,0.0,0.66666666666667,0.49999918963014,0.5,0.5,0.5,1727070126398
1,0.63094519092636,0.0,0.0,0.66666666666667,0.49999458322164,0.5,0.5,0.5,1727070126414
1,0.64145305427493,0.0,0.0,0.66666666666667,0.49999475285363,0.5,0.5,0.5,1727070126431
1,0.64811912077264,0.0,0.0,0.66666666666667,0.49999757143393,0.5,0.5,0.5,1727070126448
1,0.66253129399839,0.0,0.0,0.66666666666667,0.4999956695434,0.5,0.5,0.5,1727070126465
1,0.669199631789,0.0,0.0,0.66666666666667,0.49999977914984,0.5,0.5,0.5,1727070126481
1,0.67970624140215,0.0,0.0,0.66666666666667,0.49999913959235,0.5,0.5,0.5,1727070126498
1,0.70074388229481,0.0,0.0,0.66666666666667,0.49999422202643,0.5,0.5,0.5,1727070126514
1,0.70740963126176,0.0,0.0,0.66666666666667,0.4999966869006,0.5,0.5,0.5,1727070126538
1,0.72180882909431,0.0,0.0,0.66666666666667,0.49999628090201,0.5,0.5,0.5,1727070126554
1,0.73898345594332,0.0,0.0,0.66666666666667,0.4999993536458,0.5,0.5,0.5,1727070126564
1,0.74565163054646,0.0,0.0,0.66666666666667,0.49999451361426,0.5,0.5,0.5,1727070126658
1,0.74952013412439,0.0,0.0,0.66666666666667,0.49999837677029,0.5,0.5,0.5,1727070126698
1,0.75619497676327,0.0,0.0,0.66666666666667,0.49999724759323,0.5,0.5,0.5,1727070126714
1,0.77058110314098,0.0,0.0,0.66666666666667,0.49999810264708,0.5,0.5,0.5,1727070126731
1,0.77725553427213,0.0,0.0,0.66666666666667,0.49999677754345,0.5,0.5,0.5,1727070126748
1,0.78112162784095,0.0,0.0,0.66666666666667,0.49999922519225,0.5,0.5,0.5,1727070126816
1,0.78779591900272,0.0,0.0,0.66666666666667,0.49999783196949,0.5,0.5,0.5,1727070126926
1,0.78779591900272,0.0,0.0,0.66666666666667,0.49999783196949,0.5,0.5,0.5,1727070128098
1,0.78779591900272,0.0,0.0,0.66666666666667,0.49999783196949,0.5,0.5,0.5,1727070129145
1,0.78779591900272,0.00669254141586,0.0,0.66666666666667,0.49999783196949,0.49999949800459,0.5,0.5,1727070129342
1,0.78779591900272,0.01720946329202,0.0,0.66666666666667,0.49999783196949,0.50001221741439,0.5,0.5,1727070129350
1,0.78779591900272,0.02389890700127,0.0,0.66666666666667,0.49999783196949,0.50001768396685,0.5,0.5,1727070129364
1,0.78779591900272,0.04107626724054,0.0,0.66666666666667,0.49999783196949,0.50000124222336,0.5,0.5,1727070129381
1,0.78779591900272,0.05159114346431,0.0,0.66666666666667,0.49999783196949,0.50001619042223,0.5,0.5,1727070129406
1,0.78779591900272,0.05827819560916,0.0,0.66666666666667,0.49999783196949,0.49999772418779,0.5,0.5,1727070129414
1,0.78779591900272,0.06879621244686,0.0,0.66666666666667,0.49999783196949,0.50000655023989,0.5,0.5,1727070129431
1,0.78779591900272,0.07548519886666,0.0,0.66666666666667,0.49999783196949,0.50001204145465,0.5,0.5,1727070129448
1,0.78779591900272,0.08216329048354,0.0,0.66666666666667,0.49999783196949,0.50000985979202,0.5,0.5,1727070129467
1,0.78779591900272,0.08608591159159,0.0,0.66666666666667,0.49999783196949,0.50001049245519,0.5,0.5,1727070129481
1,0.78779591900272,0.09276343801595,0.0,0.66666666666667,0.49999783196949,0.50000931756696,0.5,0.5,1727070129498
1,0.78779591900272,0.10327829368896,0.0,0.66666666666667,0.49999783196949,0.50002187050887,0.5,0.5,1727070129524
1,0.78779591900272,0.12045478768305,0.0,0.66666666666667,0.49999783196949,0.50001004686861,0.5,0.5,1727070129620
1,0.78779591900272,0.1309689293977,0.0,0.66666666666667,0.49999783196949,0.50000043613751,0.5,0.5,1727070129636
1,0.78779591900272,0.13765165159377,0.0,0.66666666666667,0.49999783196949,0.50001406143655,0.5,0.5,1727070129652
1,0.78779591900272,0.14816943276707,0.0,0.66666666666667,0.49999783196949,0.49999972030189,0.5,0.5,1727070129664
1,0.78779591900272,0.15869039456722,0.0,0.66666666666667,0.49999783196949,0.50000258083381,0.5,0.5,1727070129681
1,0.78779591900272,0.16920776237992,0.0,0.66666666666667,0.49999783196949,0.50001002455532,0.5,0.5,1727070129698
1,0.78779591900272,0.18637248433834,0.0,0.66666666666667,0.49999783196949,0.50001532687696,0.5,0.5,1727070129714
1,0.78779591900272,0.19305093680356,0.0,0.66666666666667,0.49999783196949,0.50001319266753,0.5,0.5,1727070129731
1,0.78779591900272,0.20356644006251,0.0,0.66666666666667,0.49999783196949,0.50000339222376,0.5,0.5,1727070129747
1,0.78779591900272,0.21024895912648,0.0,0.66666666666667,0.49999783196949,0.50001506876299,0.5,0.5,1727070129764
1,0.78779591900272,0.23410696746569,0.0,0.66666666666667,0.49999783196949,0.50000082549204,0.5,0.5,1727070129781
1,0.78779591900272,0.24462714603483,0.0,0.66666666666667,0.49999783196949,0.50000403854716,0.5,0.5,1727070129797
1,0.78779591900272,0.2580009208756,0.0,0.66666666666667,0.49999783196949,0.49999900058225,0.5,0.5,1727070129814
1,0.78779591900272,0.27517043269152,0.0,0.66666666666667,0.49999783196949,0.50001488919266,0.5,0.5,1727070129831
1,0.78779591900272,0.30676491817417,0.0,0.66666666666667,0.49999783196949,0.50000427049425,0.5,0.5,1727070129848
1,0.78779591900272,0.33443955894724,0.0,0.66666666666667,0.49999783196949,0.50000622128526,0.5,0.5,1727070129864
1,0.78779591900272,0.36877966881843,0.0,0.66666666666667,0.49999783196949,0.50000440736608,0.5,0.5,1727070129881
1,0.78779591900272,0.41362572976514,0.0,0.66666666666667,0.49999783196949,0.5000041867071,0.5,0.5,1727070129898
1,0.78779591900272,0.45847984350763,0.0,0.66666666666667,0.49999783196949,0.49999772736414,0.5,0.5,1727070129914
1,0.78779591900272,0.52050096493691,0.0,0.66666666666667,0.49999783196949,0.50000481375041,0.5,0.5,1727070129931
1,0.78779591900272,0.61019440713729,0.0,0.66666666666667,0.49999783196949,0.5000035846666,0.5,0.5,1727070129948
1,0.78779591900272,0.64839045401406,0.0,0.66666666666667,0.49999783196949,0.50000585824037,0.5,0.5,1727070129964
1,0.78779591900272,0.71328301609149,0.0,0.66666666666667,0.49999783196949,0.50000531799709,0.5,0.5,1727070129981
1,0.78779591900272,0.79246835815016,0.0,0.66666666666667,0.49999783196949,0.50000452972797,0.5,0.5,1727070129998
1,0.78779591900272,0.80582216685611,0.0,0.66666666666667,0.49999783196949,0.50000449199151,0.5,0.5,1727070130014
1,0.78779591900272,0.82021584962175,0.0,0.66666666666667,0.49999783196949,0.49999976044884,0.5,0.5,1727070130031
1,0.78779591900272,0.8268891872552,0.0,0.66666666666667,0.49999783196949,0.50000159755341,0.5,0.5,1727070130047
1,0.78779591900272,0.83355451000247,0.0,0.66666666666667,0.49999783196949,0.49999966222384,0.5,0.5,1727070130110
1,0.78779591900272,0.83742358359615,0.0,0.66666666666667,0.49999783196949,0.5000036431547,0.5,0.5,1727070130118
1,0.78779591900272,0.84409196073023,0.0,0.66666666666667,0.49999783196949,0.50000017483926,0.5,0.5,1727070130182
1,0.78779591900272,0.85075374133362,0.0,0.66666666666667,0.49999783196949,0.50000005250077,0.5,0.5,1727070130231
1,0.78779591900272,0.85742177926671,0.0,0.66666666666667,0.49999783196949,0.50000447565123,0.5,0.5,1727070130248
1,0.78779591900272,0.86409025670282,0.0,0.66666666666667,0.49999783196949,0.50000101497174,0.5,0.5,1727070130264
1,0.78779591900272,0.87460342525005,0.0,0.66666666666667,0.49999783196949,0.50000586300491,0.5,0.5,1727070130281
1,0.78779591900272,0.89177581241299,0.0,0.66666666666667,0.49999783196949,0.50000425069339,0.5,0.5,1727070130297
1,0.78779591900272,0.90894638930117,0.0,0.66666666666667,0.49999783196949,0.50000354734511,0.5,0.5,1727070130314
1,0.78779591900272,0.93278977458042,0.0,0.66666666666667,0.49999783196949,0.49999759516723,0.5,0.5,1727070130331
1,0.78779591900272,0.9709832816083,0.0,0.66666666666667,0.49999783196949,0.50000060226017,0.5,0.5,1727070130348
1,0.78779591900272,0.98149114090376,0.0,0.66666666666667,0.49999783196949,0.50000052236216,0.5,0.5,1727070130364
1,0.78779591900272,1.00000440525464,0.0,0.66666666666667,0.49999783196949,0.49999805701266,0.5,0.5,1727070130381
1,0.78779591900272,1.00000440525464,0.0,0.66666666666667,0.49999783196949,0.49999805701266,0.5,0.5,1727070130397
1,0.78779591900272,1.00000440525464,0.0,0.66666666666667,0.49999783196949,0.49999805701266,0.5,0.5,1727070130414
1,0.78779591900272,1.00000440525464,0.0,0.66666666666667,0.49999783196949,0.49999805701266,0.5,0.5,1727070130431
1,0.78779591900272,1.00000440525464,0.0,0.66666666666667,0.49999783196949,0.49999805701266,0.5,0.5,1727070130448
1,0.78779591900272,1.00000440525464,0.0,0.66666666666667,0.49999783196949,0.49999805701266,0.5,0.5,1727070130464
1,0.78779591900272,1.00000440525464,0.0,0.66666666666667,0.49999783196949,0.49999805701266,0.5,0.5,1727070130481
1,0.78779591900272,1.00000440525464,0.0,0.66666666666667,0.49999783196949,0.49999805701266,0.5,0.5,1727070130498
1,0.78779591900272,1.00000440525464,0.0,0.66666666666667,0.49999783196949,0.49999805701266,0.5,0.5,1727070130514
1,0.78779591900272,1.00000440525464,0.0,0.66666666666667,0.49999783196949,0.49999805701266,0.5,0.5,1727070130531
1,0.78779591900272,1.00000440525464,0.0,0.66666666666667,0.49999783196949,0.49999805701266,0.5,0.5,1727070130547
1,0.78779591900272,1.00000440525464,0.0,0.66666666666667,0.49999783196949,0.49999805701266,0.5,0.5,1727070130564
1,0.78779591900272,1.00000440525464,0.0,0.66666666666667,0.49999783196949,0.49999805701266,0.5,0.5,1727070130581
1,0.78779591900272,1.00000440525464,0.0,0.66666666666667,0.49999783196949,0.49999805701266,0.5,0.5,1727070130597
1,0.78779591900272,1.00000440525464,0.0,0.66666666666667,0.49999783196949,0.49999805701266,0.5,0.5,1727070130614
1,0.78779591900272,1.00000440525464,0.0,0.66666666666667,0.49999783196949,0.49999805701266,0.5,0.5,1727070130631
1,0.78779591900272,1.00000440525464,0.0,0.66666666666667,0.49999783196949,0.49999805701266,0.5,0.5,1727070130648
1,0.78779591900272,1.00000440525464,0.0,0.66666666666667,0.49999783196949,0.49999805701266,0.5,0.5,1727070130664
1,0.78779591900272,1.00000440525464,0.0,0.66666666666667,0.49999783196949,0.49999805701266,0.5,0.5,1727070132446
1,0.78779591900272,0.98283401052691,0.0,0.66666666666667,0.49999783196949,0.49999855047849,0.5,0.5,1727070132498
1,0.78779591900272,0.97232198162742,0.0,0.66666666666667,0.49999783196949,0.50000049403369,0.5,0.5,1727070132514
1,0.78779591900272,0.95132330688547,0.0,0.66666666666667,0.49999783196949,0.49999989446233,0.5,0.5,1727070132531
1,0.78779591900272,0.93802190750131,0.0,0.66666666666667,0.49999783196949,0.50000411249451,0.5,0.5,1727070132547
1,0.78779591900272,0.92752051523539,0.0,0.66666666666667,0.49999783196949,0.5000011994126,0.5,0.5,1727070132564
1,0.78779591900272,0.92085994974606,0.0,0.66666666666667,0.49999783196949,0.50000074808685,0.5,0.5,1727070132581
1,0.78779591900272,0.91036542034517,0.0,0.66666666666667,0.49999783196949,0.50000181046251,0.5,0.5,1727070132598
1,0.78779591900272,0.89319337511426,0.0,0.66666666666667,0.49999783196949,0.5000031949927,0.5,0.5,1727070132614
1,0.78779591900272,0.88936522783776,0.0,0.66666666666667,0.49999783196949,0.5000019369848,0.5,0.5,1727070132631
1,0.78779591900272,0.8827091287645,0.0,0.66666666666667,0.49999783196949,0.49999930082672,0.5,0.5,1727070132647
1,0.78779591900272,0.86554281595246,0.0,0.66666666666667,0.49999783196949,0.49999784794211,0.5,0.5,1727070132665
1,0.78779591900272,0.85503300838209,0.0,0.66666666666667,0.49999783196949,0.50000655861724,0.5,0.5,1727070132788
1,0.78779591900272,0.86170391512485,0.0,0.66666666666667,0.49999783196949,0.50000187322468,0.5,0.5,1727070133350
1,0.78779591900272,0.86836985204665,0.0,0.66666666666667,0.49999783196949,0.49999969372549,0.5,0.5,1727070133366
1,0.78779591900272,0.8645493778453,0.0,0.66666666666667,0.49999783196949,0.50000221031869,0.5,0.5,1727070135726
1,0.78779591900272,0.8645493778453,0.0,0.66666666666667,0.49999783196949,0.50000221031869,0.5,0.5,1727070136358
1,0.78779591900272,0.8645493778453,0.0,0.66666666666667,0.49999783196949,0.50000221031869,0.5,0.5,1727070138958
1,0.78779591900272,0.8645493778453,0.0,0.66666666666667,0.49999783196949,0.50000221031869,0.5,0.5,1727070139939
1,0.78779591900272,0.8645493778453,0.00989735033861,0.66666666666667,0.49999783196949,0.50000221031869,0.49998828287567,0.5,1727070140018
1,0.78779591900272,0.8645493778453,0.02699580553265,0.66666666666667,0.49999783196949,0.50000221031869,0.50002808747253,0.5,1727070140034
1,0.78779591900272,0.8645493778453,0.03423371649546,0.66666666666667,0.49999783196949,0.50000221031869,0.49999964092889,0.5,1727070140115
1,0.78779591900272,0.8645493778453,0.04873832470222,0.66666666666667,0.49999783196949,0.50000221031869,0.50001640542309,0.5,1727070140136
1,0.78779591900272,0.8645493778453,0.05597526723959,0.66666666666667,0.49999783196949,0.50000221031869,0.50000686487185,0.5,1727070140160
1,0.78779591900272,0.8645493778453,0.07047995353171,0.66666666666667,0.49999783196949,0.50000221031869,0.50002088668817,0.5,1727070140176
1,0.78779591900272,0.8645493778453,0.07771632452441,0.66666666666667,0.49999783196949,0.50000221031869,0.50002103170187,0.5,1727070140192
1,0.78779591900272,0.8645493778453,0.08495330012335,0.66666666666667,0.49999783196949,0.50000221031869,0.50001169857542,0.5,1727070140208
1,0.78779591900272,0.8645493778453,0.09218893598398,0.66666666666667,0.49999783196949,0.50000221031869,0.5000233049479,0.5,1727070140248
1,0.78779591900272,0.8645493778453,0.09943551327417,0.66666666666667,0.49999783196949,0.50000221031869,0.49999305179267,0.5,1727070140312
1,0.78779591900272,0.8645493778453,0.1066708247301,0.66666666666667,0.49999783196949,0.50000221031869,0.50000933753321,0.5,1727070140348
1,0.78779591900272,0.8645493778453,0.11390486041014,0.66666666666667,0.49999783196949,0.50000221031869,0.50004337296873,0.5,1727070140430
1,0.78779591900272,0.8645493778453,0.12114197271457,0.66666666666667,0.49999783196949,0.50000221031869,0.50003258108158,0.5,1727070140464
1,0.78779591900272,0.8645493778453,0.1356420880574,0.66666666666667,0.49999783196949,0.50000221031869,0.49999407735355,0.5,1727070140481
1,0.78779591900272,0.8645493778453,0.14287700451048,0.66666666666667,0.49999783196949,0.50000221031869,0.5000141191443,0.5,1727070140636
1,0.78779591900272,0.8645493778453,0.15011308849394,0.66666666666667,0.49999783196949,0.50000221031869,0.50001812440334,0.5,1727070140660
1,0.78779591900272,0.8645493778453,0.15734903925449,0.66666666666667,0.49999783196949,0.50000221031869,0.50002370357009,0.5,1727070140723
1,0.78779591900272,0.8645493778453,0.16458703886143,0.66666666666667,0.49999783196949,0.50000221031869,0.50000315569032,0.5,1727070140764
1,0.78779591900272,0.8645493778453,0.16458703886143,0.66666666666667,0.49999783196949,0.50000221031869,0.50000315569032,0.5,1727070144240
1,0.78779591900272,0.8645493778453,0.16458703886143,0.66666666666667,0.49999783196949,0.50000221031869,0.50000315569032,0.5,1727070146040
1,0.78779591900272,0.8645493778453,0.16458703886143,0.66666666666667,0.49999783196949,0.50000221031869,0.50000315569032,0.5,1727070146618
1,0.78779591900272,0.8645493778453,0.16458703886143,0.65616701513597,0.49999783196949,0.50000221031869,0.50000315569032,0.49999865196686,1727070146686
1,0.78779591900272,0.8645493778453,0.16458703886143,0.64185739831072,0.49999783196949,0.50000221031869,0.50000315569032,0.49999744063733,1727070146697
1,0.78779591900272,0.8645493778453,0.16458703886143,0.6208711532267,0.49999783196949,0.50000221031869,0.50000315569032,0.50000608687986,1727070146714
1,0.78779591900272,0.8645493778453,0.16458703886143,0.59986805461392,0.49999783196949,0.50000221031869,0.50000315569032,0.50000422717212,1727070146730
1,0.78779591900272,0.8645493778453,0.16458703886143,0.58936788319847,0.49999783196949,0.50000221031869,0.50000315569032,0.49999911486383,1727070146747
1,0.78779591900272,0.8645493778453,0.16458703886143,0.56763894016845,0.49999783196949,0.50000221031869,0.50000315569032,0.50000550960368,1727070146764
1,0.78779591900272,0.8645493778453,0.16458703886143,0.55713201209064,0.49999783196949,0.50000221031869,0.50000315569032,0.50000610334733,1727070146780
1,0.78779591900272,0.8645493778453,0.16458703886143,0.5466342229439,0.49999783196949,0.50000221031869,0.50000315569032,0.50000239021926,1727070146797
1,0.78779591900272,0.8645493778453,0.16458703886143,0.53612304766546,0.49999783196949,0.50000221031869,0.50000315569032,0.49999997948084,1727070146814
1,0.78779591900272,0.8645493778453,0.16458703886143,0.51513512579126,0.49999783196949,0.50000221031869,0.50000315569032,0.50000868195895,1727070146830
1,0.78779591900272,0.8645493778453,0.16458703886143,0.50462531698477,0.49999783196949,0.50000221031869,0.50000315569032,0.49999601658685,1727070146847
1,0.78779591900272,0.8645493778453,0.16458703886143,0.48745810616569,0.49999783196949,0.50000221031869,0.50000315569032,0.4999974339894,1727070146864
1,0.78779591900272,0.8645493778453,0.16458703886143,0.48364857620638,0.49999783196949,0.50000221031869,0.50000315569032,0.50000182037631,1727070146880
1,0.78779591900272,0.8645493778453,0.16458703886143,0.473139610723,0.49999783196949,0.50000221031869,0.50000315569032,0.50000087614954,1727070146900
1,0.78779591900272,0.8645493778453,0.16458703886143,0.45597595115413,0.49999783196949,0.50000221031869,0.50000315569032,0.50000524824743,1727070146916
1,0.78779591900272,0.8645493778453,0.16458703886143,0.44932570109739,0.49999783196949,0.50000221031869,0.50000315569032,0.50000206882459,1727070146931
1,0.78779591900272,0.8645493778453,0.16458703886143,0.4283294873689,0.49999783196949,0.50000221031869,0.50000315569032,0.50000521023858,1727070146947
1,0.78779591900272,0.8645493778453,0.16458703886143,0.42168542741162,0.49999783196949,0.50000221031869,0.50000315569032,0.50000698046339,1727070146964
1,0.78779591900272,0.8645493778453,0.16458703886143,0.38734519154582,0.49999783196949,0.50000221031869,0.50000315569032,0.50000582171338,1727070146980
1,0.78779591900272,0.8645493778453,0.16458703886143,0.38353326578007,0.49999783196949,0.50000221031869,0.50000315569032,0.5000088667739,1727070146997
1,0.78779591900272,0.8645493778453,0.16458703886143,0.34919630425211,0.49999783196949,0.50000221031869,0.50000315569032,0.49999659948714,1727070147014
1,0.78779591900272,0.8645493778453,0.16458703886143,0.33202759505055,0.49999783196949,0.50000221031869,0.50000315569032,0.4999969932373,1727070147030
1,0.78779591900272,0.8645493778453,0.16458703886143,0.31486082893629,0.49999783196949,0.50000221031869,0.50000315569032,0.49999930747215,1727070147047
1,0.78779591900272,0.8645493778453,0.16458703886143,0.28718971187367,0.49999783196949,0.50000221031869,0.50000315569032,0.50000523062362,1727070147064
1,0.78779591900272,0.8645493778453,0.16458703886143,0.27001951255927,0.49999783196949,0.50000221031869,0.50000315569032,0.50000437647378,1727070147080
1,0.78779591900272,0.8645493778453,0.16458703886143,0.25951929215335,0.49999783196949,0.50000221031869,0.50000315569032,0.50001255164609,1727070147097
1,0.78779591900272,0.8645493778453,0.16458703886143,0.24902332766297,0.49999783196949,0.50000221031869,0.50000315569032,0.50000877558186,1727070147114
1,0.78779591900272,0.8645493778453,0.16458703886143,0.23184964699051,0.49999783196949,0.50000221031869,0.50000315569032,0.50000399682586,1727070147130
1,0.78779591900272,0.8645493778453,0.16458703886143,0.21467901948316,0.49999783196949,0.50000221031869,0.50000315569032,0.50000248732652,1727070147147
1,0.78779591900272,0.8645493778453,0.16458703886143,0.20418708457326,0.49999783196949,0.50000221031869,0.50000315569032,0.50000299729758,1727070147164
1,0.78779591900272,0.8645493778453,0.16458703886143,0.19754123951345,0.49999783196949,0.50000221031869,0.50000315569032,0.50000342220144,1727070147180
1,0.78779591900272,0.8645493778453,0.16458703886143,0.1908880797597,0.49999783196949,0.50000221031869,0.50000315569032,0.49999471297757,1727070147248
1,0.78779591900272,0.8645493778453,0.16458703886143,0.18039063933311,0.49999783196949,0.50000221031869,0.50000315569032,0.5000077166389,1727070147264
1,0.78779591900272,0.8645493778453,0.16458703886143,0.1499903494157,0.49999783196949,0.50000221031869,0.50000315569032,0.50000790351427,1727070147280
1,0.78779591900272,0.8645493778453,0.16458703886143,0.13575297635567,0.49999783196949,0.50000221031869,0.50000315569032,0.49999875685978,1727070147297
1,0.78779591900272,0.8645493778453,0.16458703886143,0.13965982857179,0.49999783196949,0.50000221031869,0.50000315569032,0.49999758067883,1727070147741
1,0.78779591900272,0.8645493778453,0.16458703886143,0.15305445734897,0.49999783196949,0.50000221031869,0.50000315569032,0.50001135813104,1727070147748
1,0.78779591900272,0.8645493778453,0.16458703886143,0.1635737983159,0.49999783196949,0.50000221031869,0.50000315569032,0.50000608891531,1727070147764
1,0.78779591900272,0.8645493778453,0.16458703886143,0.18073992232615,0.49999783196949,0.50000221031869,0.50000315569032,0.5000018697455,1727070147780
1,0.78779591900272,0.8645493778453,0.16458703886143,0.22178352011616,0.49999783196949,0.50000221031869,0.50000315569032,0.49999872006266,1727070147797
1,0.78779591900272,0.8645493778453,0.16458703886143,0.23622871665785,0.49999783196949,0.50000221031869,0.50000315569032,0.49999767261052,1727070147814
1,0.78779591900272,0.8645493778453,0.16458703886143,0.24291036640431,0.49999783196949,0.50000221031869,0.50000315569032,0.50000299102128,1727070147830
1,0.78779591900272,0.8645493778453,0.16458703886143,0.25341691225605,0.49999783196949,0.50000221031869,0.50000315569032,0.5000016730309,1727070147963
1,0.78779591900272,0.8645493778453,0.16458703886143,0.26009327117657,0.49999783196949,0.50000221031869,0.50000315569032,0.50000104137147,1727070147970
1,0.78779591900272,0.8645493778453,0.16458703886143,0.27061707867378,0.49999783196949,0.50000221031869,0.50000315569032,0.50000179399197,1727070148048
1,0.78779591900272,0.8645493778453,0.16458703886143,0.27729508637714,0.49999783196949,0.50000221031869,0.50000315569032,0.50000290533319,1727070148168
1,0.78779591900272,0.8645493778453,0.16458703886143,0.28117337187013,0.49999783196949,0.50000221031869,0.50000315569032,0.50000429823057,1727070148181
1,0.78779591900272,0.8645493778453,0.16458703886143,0.287850210073,0.49999783196949,0.50000221031869,0.50000315569032,0.5000041578718,1727070148200
1,0.78779591900272,0.8645493778453,0.16458703886143,0.29452508513036,0.49999783196949,0.50000221031869,0.50000315569032,0.50000203329841,1727070148271
1,0.78779591900272,0.8645493778453,0.16458703886143,0.30504372640601,0.49999783196949,0.50000221031869,0.50000315569032,0.49999758880462,1727070148280
1,0.78779591900272,0.8645493778453,0.16458703886143,0.31555605253869,0.49999783196949,0.50000221031869,0.50000315569032,0.5000021508795,1727070148476
1,0.78779591900272,0.8645493778453,0.16458703886143,0.31944418569319,0.49999783196949,0.50000221031869,0.50000315569032,0.49999809445726,1727070148557
1,0.78779591900272,0.8645493778453,0.16458703886143,0.32332901664944,0.49999783196949,0.50000221031869,0.50000315569032,0.50000571179385,1727070148580
1,0.78779591900272,0.8645493778453,0.16458703886143,0.32999870899391,0.49999783196949,0.50000221031869,0.50000315569032,0.499998772809,1727070148631
1,0.78779591900272,0.8645493778453,0.16458703886143,0.32999870899391,0.49999783196949,0.50000221031869,0.50000315569032,0.499998772809,1727070151366
2,0.83333333333333,0.16666666666667,0.5,0.83333333333333,0.5,0.5,0.5,0.5,1727070157166
2,0.83333333333333,0.16666666666667,0.50266880318233,0.83333333333333,0.5,0.5,0.49999705340442,0.5,1727070157395
2,0.83333333333333,0.16666666666667,0.50989674657546,0.83333333333333,0.5,0.5,0.49999901129058,0.5,1727070157474
2,0.83333333333333,0.16666666666667,0.51713413523457,0.83333333333333,0.5,0.5,0.49999231866003,0.5,1727070157513
2,0.83333333333333,0.16666666666667,0.5270068670598,0.83333333333333,0.5,0.5,0.49998946858833,0.5,1727070157536
2,0.83333333333333,0.16666666666667,0.53423482350147,0.83333333333333,0.5,0.5,0.49999134829118,0.5,1727070157552
2,0.83333333333333,0.16666666666667,0.54147174185123,0.83333333333333,0.5,0.5,0.49998804958852,0.5,1727070157600
2,0.83333333333333,0.16666666666667,0.54870634305696,0.83333333333333,0.5,0.5,0.50000003350932,0.5,1727070157616
2,0.83333333333333,0.16666666666667,0.55593548264788,0.83333333333333,0.5,0.5,0.49999406463499,0.5,1727070157632
2,0.83333333333333,0.16666666666667,0.56317361549486,0.83333333333333,0.5,0.5,0.49998299295665,0.5,1727070157656
2,0.83333333333333,0.16666666666667,0.57040102435579,0.83333333333333,0.5,0.5,0.49998834908593,0.5,1727070157697
2,0.83333333333333,0.16666666666667,0.58487346301811,0.83333333333333,0.5,0.5,0.49999093335626,0.5,1727070157713
2,0.83333333333333,0.16666666666667,0.59210792501689,0.83333333333333,0.5,0.5,0.50000314232217,0.5,1727070157730
2,0.83333333333333,0.16666666666667,0.59933961651635,0.83333333333333,0.5,0.5,0.49998168630096,0.5,1727070157747
2,0.83333333333333,0.16666666666667,0.60657282134611,0.83333333333333,0.5,0.5,0.5000014682952,0.5,1727070157763
2,0.83333333333333,0.16666666666667,0.61380253122945,0.83333333333333,0.5,0.5,0.49999242296479,0.5,1727070157780
2,0.83333333333333,0.16666666666667,0.62104106110574,0.83333333333333,0.5,0.5,0.49997970879072,0.5,1727070157806
2,0.83333333333333,0.16666666666667,0.62826600913071,0.83333333333333,0.5,0.5,0.49999944133656,0.5,1727070157847
2,0.83333333333333,0.16666666666667,0.63550527880769,0.83333333333333,0.5,0.5,0.49998249355514,0.5,1727070157964
2,0.83333333333333,0.16666666666667,0.64273136544289,0.83333333333333,0.5,0.5,0.49999519141463,0.5,1727070157980
2,0.83333333333333,0.16666666666667,0.64539336735317,0.83333333333333,0.5,0.5,0.49998607850132,0.5,1727070158030
2,0.83333333333333,0.16666666666667,0.65262725582793,0.83333333333333,0.5,0.5,0.50000084179381,0.5,1727070158060
2,0.83333333333333,0.16666666666667,0.6598573620364,0.83333333333333,0.5,0.5,0.49998997365691,0.5,1727070158114
2,0.83333333333333,0.16666666666667,0.66709264666157,0.83333333333333,0.5,0.5,0.49999648514769,0.5,1727070158210
2,0.83333333333333,0.16666666666667,0.67696394787707,0.83333333333333,0.5,0.5,0.50000215001949,0.5,1727070158218
2,0.83333333333333,0.16666666666667,0.68419518728684,0.83333333333333,0.5,0.5,0.49998518988279,0.5,1727070158320
2,0.83333333333333,0.16666666666667,0.69406820648111,0.83333333333333,0.5,0.5,0.49998132152781,0.5,1727070158440
2,0.83333333333333,0.16666666666667,0.69672819494057,0.83333333333333,0.5,0.5,0.4999839011937,0.5,1727070160855
2,0.83333333333333,0.16666666666667,0.68949883920613,0.83333333333333,0.5,0.5,0.49999010447965,0.5,1727070160863
2,0.83333333333333,0.16666666666667,0.69215852272644,0.83333333333333,0.5,0.5,0.49999437021472,0.5,1727070160958
2,0.83333333333333,0.16666666666667,0.68492892231895,0.83333333333333,0.5,0.5,0.50000205810006,0.5,1727070161197
2,0.83333333333333,0.16666666666667,0.67770963213912,0.83333333333333,0.5,0.5,0.49999785060304,0.5,1727070162740
2,0.83333333333333,0.16666666666667,0.67048144284268,0.83333333333333,0.5,0.5,0.49999764233636,0.5,1727070163033
2,0.83333333333333,0.16666666666667,0.67048144284268,0.83333333333333,0.5,0.5,0.49999764233636,0.5,1727070163816
2,0.83333333333333,0.16666666666667,0.67048144284268,0.83333333333333,0.5,0.5,0.49999764233636,0.5,1727070171413
2,0.83333333333333,0.16666666666667,0.66787673038697,0.83333333333333,0.5,0.5,0.50000661046528,0.5,1727070171538
2,0.83333333333333,0.16666666666667,0.66527403942818,0.83333333333333,0.5,0.5,0.50000404024996,0.5,1727070171554
2,0.83333333333333,0.16666666666667,0.66267018286506,0.83333333333333,0.5,0.5,0.50000815694498,0.5,1727070171596
2,0.83333333333333,0.16666666666667,0.66006772932838,0.83333333333333,0.5,0.5,0.500004207496,0.5,1727070171618
2,0.83333333333333,0.16666666666667,0.65022666545867,0.83333333333333,0.5,0.5,0.50001306955235,0.5,1727070171634
2,0.83333333333333,0.16666666666667,0.64038067992646,0.83333333333333,0.5,0.5,0.50000288972574,0.5,1727070171679
2,0.83333333333333,0.16666666666667,0.62071006534978,0.83333333333333,0.5,0.5,0.50000113351714,0.5,1727070171801
2,0.83333333333333,0.16666666666667,0.62793544636621,0.83333333333333,0.5,0.5,0.50001810977774,0.5,1727070173680
2,0.83333333333333,0.16666666666667,0.63517323643864,0.83333333333333,0.5,0.5,0.50000977368271,0.5,1727070173729
2,0.83333333333333,0.16666666666667,0.63517323643864,0.83333333333333,0.5,0.5,0.50000977368271,0.5,1727070174746
2,0.83333333333333,0.16666666666667,0.63517323643864,0.83333333333333,0.5,0.5,0.50000977368271,0.5,1727070176038
2,0.82283252236666,0.16666666666667,0.63517323643864,0.83333333333333,0.50000090093674,0.5,0.50000977368271,0.5,1727070176084
2,0.81232772703504,0.16666666666667,0.63517323643864,0.83333333333333,0.50000241332232,0.5,0.50000977368271,0.5,1727070176096
2,0.77798792637658,0.16666666666667,0.63517323643864,0.83333333333333,0.50000177574512,0.5,0.50000977368271,0.5,1727070176112
2,0.74649724666253,0.16666666666667,0.63517323643864,0.83333333333333,0.50000273256622,0.5,0.50000977368271,0.5,1727070176129
2,0.6940650136742,0.16666666666667,0.63517323643864,0.83333333333333,0.50000202950425,0.5,0.50000977368271,0.5,1727070176146
2,0.66361851147595,0.16666666666667,0.63517323643864,0.83333333333333,0.50000188692276,0.5,0.50000977368271,0.5,1727070176162
2,0.59885095574076,0.16666666666667,0.63517323643864,0.83333333333333,0.50000311882872,0.5,0.50000977368271,0.5,1727070176179
2,0.54350567306954,0.16666666666667,0.63517323643864,0.83333333333333,0.49999859702982,0.5,0.50000977368271,0.5,1727070176196
2,0.49200256643746,0.16666666666667,0.63517323643864,0.83333333333333,0.5000019069345,0.5,0.50000977368271,0.5,1727070176212
2,0.46053329301976,0.16666666666667,0.63517323643864,0.83333333333333,0.50000792702588,0.5,0.50000977368271,0.5,1727070176229
2,0.42619459687011,0.16666666666667,0.63517323643864,0.83333333333333,0.50000813829018,0.5,0.50000977368271,0.5,1727070176246
2,0.39472746408825,0.16666666666667,0.63517323643864,0.83333333333333,0.5000037516134,0.5,0.50000977368271,0.5,1727070176262
2,0.37091318998095,0.16666666666667,0.63517323643864,0.83333333333333,0.50000488155465,0.5,0.50000977368271,0.5,1727070176279
2,0.34048386056766,0.16666666666667,0.63517323643864,0.83333333333333,0.50000647745328,0.5,0.50000977368271,0.5,1727070176296
2,0.30615333025003,0.16666666666667,0.63517323643864,0.83333333333333,0.49999948857143,0.5,0.50000977368271,0.5,1727070176312
2,0.28234190654742,0.16666666666667,0.63517323643864,0.83333333333333,0.50000356787785,0.5,0.50000977368271,0.5,1727070176329
2,0.25853379087673,0.16666666666667,0.63517323643864,0.83333333333333,0.50001161553389,0.5,0.50000977368271,0.5,1727070176346
2,0.23085588654951,0.16666666666667,0.63517323643864,0.83333333333333,0.49999351974542,0.5,0.50000977368271,0.5,1727070176362
2,0.22421710774066,0.16666666666667,0.63517323643864,0.83333333333333,0.50000200331917,0.5,0.50000977368271,0.5,1727070176379
2,0.2137157893549,0.16666666666667,0.63517323643864,0.83333333333333,0.50000962685156,0.5,0.50000977368271,0.5,1727070176396
2,0.20045070011595,0.16666666666667,0.63517323643864,0.83333333333333,0.50000556439516,0.5,0.50000977368271,0.5,1727070176412
2,0.1757695939511,0.16666666666667,0.63517323643864,0.83333333333333,0.50000047028408,0.5,0.50000977368271,0.5,1727070176429
2,0.15859717250171,0.16666666666667,0.63517323643864,0.83333333333333,0.49999618479164,0.5,0.50000977368271,0.5,1727070176446
2,0.14144006421567,0.16666666666667,0.63517323643864,0.83333333333333,0.50001309159165,0.5,0.50000977368271,0.5,1727070176462
2,0.13094034354885,0.16666666666667,0.63517323643864,0.83333333333333,0.50000272380148,0.5,0.50000977368271,0.5,1727070176479
2,0.10714237273042,0.16666666666667,0.63517323643864,0.83333333333333,0.50000603778586,0.5,0.50000977368271,0.5,1727070176496
2,0.0721236121826,0.16666666666667,0.63517323643864,0.83333333333333,0.5000009161202,0.5,0.50000977368271,0.5,1727070176512
2,0.04072124302092,0.16666666666667,0.63517323643864,0.83333333333333,0.49999652215196,0.5,0.50000977368271,0.5,1727070176529
2,0.02652724506153,0.16666666666667,0.63517323643864,0.83333333333333,0.50000831024586,0.5,0.50000977368271,0.5,1727070176546
2,0.00936759816318,0.16666666666667,0.63517323643864,0.83333333333333,0.50002923192084,0.5,0.50000977368271,0.5,1727070176562
2,0.0,0.16666666666667,0.63517323643864,0.83333333333333,0.5,0.5,0.50000977368271,0.5,1727070176579
2,0.0,0.16666666666667,0.63517323643864,0.83333333333333,0.5,0.5,0.50000977368271,0.5,1727070176596
2,0.0,0.16666666666667,0.63517323643864,0.83333333333333,0.5,0.5,0.50000977368271,0.5,1727070176612
2,0.0,0.16666666666667,0.63517323643864,0.83333333333333,0.5,0.5,0.50000977368271,0.5,1727070176629
2,0.0,0.16666666666667,0.63517323643864,0.83333333333333,0.5,0.5,0.50000977368271,0.5,1727070176646
2,0.0,0.16666666666667,0.63517323643864,0.83333333333333,0.5,0.5,0.50000977368271,0.5,1727070176662
2,0.0,0.16666666666667,0.63517323643864,0.83333333333333,0.5,0.5,0.50000977368271,0.5,1727070176750
2,0.0,0.16666666666667,0.63517323643864,0.83333333333333,0.5,0.5,0.50000977368271,0.5,1727070176796
2,0.0,0.16666666666667,0.63517323643864,0.83333333333333,0.5,0.5,0.50000977368271,0.5,1727070177660
2,0.0,0.16666666666667,0.63517323643864,0.83333333333333,0.5,0.5,0.50000977368271,0.5,1727070179436
2,0.0,0.17335191433103,0.63517323643864,0.83333333333333,0.5,0.49998248059421,0.50000977368271,0.5,1727070179467
2,0.0,0.18002392479318,0.63517323643864,0.83333333333333,0.5,0.50000877520057,0.50000977368271,0.5,1727070179483
2,0.0,0.19341937024853,0.63517323643864,0.83333333333333,0.5,0.49999504443968,0.50000977368271,0.5,1727070179496
2,0.0,0.20009638405993,0.63517323643864,0.83333333333333,0.5,0.49999500681191,0.50000977368271,0.5,1727070179512
2,0.0,0.21348471075312,0.63517323643864,0.83333333333333,0.5,0.49999073635273,0.50000977368271,0.5,1727070179529
2,0.0,0.2336002682231,0.63517323643864,0.83333333333333,0.5,0.49999969421201,0.50000977368271,0.5,1727070179546
2,0.0,0.24698678973567,0.63517323643864,0.83333333333333,0.5,0.49999758790027,0.50000977368271,0.5,1727070179562
2,0.0,0.25366995214634,0.63517323643864,0.83333333333333,0.5,0.49999079020963,0.50000977368271,0.5,1727070179579
2,0.0,0.26418746626616,0.63517323643864,0.83333333333333,0.5,0.4999969431929,0.50000977368271,0.5,1727070179596
2,0.0,0.27756192469384,0.63517323643864,0.83333333333333,0.5,0.49999155753872,0.50000977368271,0.5,1727070179612
2,0.0,0.2842414255225,0.63517323643864,0.83333333333333,0.5,0.4999890029081,0.50000977368271,0.5,1727070179680
2,0.0,0.28812509639959,0.63517323643864,0.83333333333333,0.5,0.49999793097359,0.50000977368271,0.5,1727070179696
2,0.0,0.29480208434396,0.63517323643864,0.83333333333333,0.5,0.49999789068659,0.50000977368271,0.5,1727070179720
2,0.0,0.29868463822433,0.63517323643864,0.83333333333333,0.5,0.49999224768947,0.50000977368271,0.5,1727070179736
2,0.0,0.30536146813731,0.63517323643864,0.83333333333333,0.5,0.49999243337834,0.50000977368271,0.5,1727070179760
2,0.0,0.31588225355069,0.63517323643864,0.83333333333333,0.5,0.49999480662353,0.50000977368271,0.5,1727070179768
2,0.0,0.31976006699356,0.63517323643864,0.83333333333333,0.5,0.49999398040928,0.50000977368271,0.5,1727070179812
2,0.0,0.33027931489875,0.63517323643864,0.83333333333333,0.5,0.49999772750896,0.50000977368271,0.5,1727070179829
2,0.0,0.33694846052621,0.63517323643864,0.83333333333333,0.5,0.50000505880302,0.50000977368271,0.5,1727070179845
2,0.0,0.34082847119789,0.63517323643864,0.83333333333333,0.5,0.50000214440023,0.50000977368271,0.5,1727070179934
2,0.0,0.34750985855295,0.63517323643864,0.83333333333333,0.5,0.49999800118291,0.50000977368271,0.5,1727070180338
2,0.0,0.35418186132594,0.63517323643864,0.83333333333333,0.5,0.50000251313946,0.50000977368271,0.5,1727070180829
2,0.0,0.34753450771821,0.63517323643864,0.83333333333333,0.5,0.49998945314879,0.50000977368271,0.5,1727070180981
2,0.0,0.34087958140391,0.63517323643864,0.83333333333333,0.5,0.4999975196107,0.50000977368271,0.5,1727070181029
2,0.0,0.33423048490108,0.63517323643864,0.83333333333333,0.5,0.50000026831731,0.50000977368271,0.5,1727070181050
2,0.0,0.32758566759258,0.63517323643864,0.83333333333333,0.5,0.49999899562516,0.50000977368271,0.5,1727070181146
2,0.0,0.32093690554823,0.63517323643864,0.83333333333333,0.5,0.50000150255273,0.50000977368271,0.5,1727070181162
2,0.0,0.3142878512632,0.63517323643864,0.83333333333333,0.5,0.50000435409229,0.50000977368271,0.5,1727070181289
2,0.0,0.3076333988927,0.63517323643864,0.83333333333333,0.5,0.49999740007064,0.50000977368271,0.5,1727070181391
2,0.0,0.30099405350168,0.63517323643864,0.83333333333333,0.5,0.49999055617424,0.50000977368271,0.5,1727070181496
2,0.0,0.294341179592,0.63517323643864,0.83333333333333,0.5,0.49999724705709,0.50000977368271,0.5,1727070181580
2,0.0,0.28384224001816,0.63517323643864,0.83333333333333,0.5,0.50000404203524,0.50000977368271,0.5,1727070181732
2,0.0,0.28384224001816,0.63517323643864,0.83333333333333,0.5,0.50000404203524,0.50000977368271,0.5,1727070182278
2,0.0,0.28384224001816,0.63517323643864,0.83333333333333,0.5,0.50000404203524,0.50000977368271,0.5,1727070183269
2,0.0,0.29051827070138,0.63517323643864,0.83333333333333,0.5,0.49998921006859,0.50000977368271,0.5,1727070183403
2,0.0,0.29718736068056,0.63517323643864,0.83333333333333,0.5,0.4999972339279,0.50000977368271,0.5,1727070183555
2,0.0,0.29718736068056,0.63517323643864,0.83333333333333,0.5,0.4999972339279,0.50000977368271,0.5,1727070183862
2,0.0,0.29718736068056,0.63517323643864,0.83333333333333,0.5,0.4999972339279,0.50000977368271,0.5,1727070188155
2,0.0,0.30386897403335,0.63517323643864,0.83333333333333,0.5,0.49999259854471,0.50000977368271,0.5,1727070188401
2,0.0,0.31053832534052,0.63517323643864,0.83333333333333,0.5,0.50000013396031,0.50000977368271,0.5,1727070188480
2,0.0,0.31442910472894,0.63517323643864,0.83333333333333,0.5,0.50000162587008,0.50000977368271,0.5,1727070188502
2,0.0,0.31442910472894,0.63517323643864,0.83333333333333,0.5,0.50000162587008,0.50000977368271,0.5,1727070189414
2,0.0,0.31442910472894,0.63517323643864,0.83333333333333,0.5,0.50000162587008,0.50000977368271,0.5,1727070191569
2,0.0,0.31442910472894,0.63517323643864,0.82950894962293,0.5,0.50000162587008,0.50000977368271,0.50000064213837,1727070191647
2,0.0,0.31442910472894,0.63517323643864,0.80850305935406,0.5,0.50000162587008,0.50000977368271,0.49999758689118,1727070191662
2,0.0,0.31442910472894,0.63517323643864,0.7028191625454,0.5,0.50000162587008,0.50000977368271,0.5000021860188,1727070191678
2,0.0,0.31442910472894,0.63517323643864,0.52858363792838,0.5,0.50000162587008,0.50000977368271,0.49999930784572,1727070191695
2,0.0,0.31442910472894,0.63517323643864,0.30958446218466,0.5,0.50000162587008,0.50000977368271,0.49999984906027,1727070191711
2,0.0,0.31442910472894,0.63517323643864,0.07373971961498,0.5,0.50000162587008,0.50000977368271,0.5000021425035,1727070191728
2,0.0,0.31442910472894,0.63517323643864,0.0,0.5,0.50000162587008,0.50000977368271,0.5,1727070191745
2,0.0,0.31442910472894,0.63517323643864,0.0,0.5,0.50000162587008,0.50000977368271,0.5,1727070191761
2,0.0,0.31442910472894,0.63517323643864,0.0,0.5,0.50000162587008,0.50000977368271,0.5,1727070191778
2,0.0,0.31442910472894,0.63517323643864,0.0,0.5,0.50000162587008,0.50000977368271,0.5,1727070191795
2,0.0,0.31442910472894,0.63517323643864,0.0,0.5,0.50000162587008,0.50000977368271,0.5,1727070191811
2,0.0,0.31442910472894,0.63517323643864,0.0,0.5,0.50000162587008,0.50000977368271,0.5,1727070191828
2,0.0,0.31442910472894,0.63517323643864,0.0,0.5,0.50000162587008,0.50000977368271,0.5,1727070191845
2,0.0,0.31442910472894,0.63517323643864,0.0,0.5,0.50000162587008,0.50000977368271,0.5,1727070191861
2,0.0,0.31442910472894,0.63517323643864,0.0,0.5,0.50000162587008,0.50000977368271,0.5,1727070191878
2,0.0,0.31442910472894,0.63517323643864,0.0,0.5,0.50000162587008,0.50000977368271,0.5,1727070191908
2,0.0,0.31442910472894,0.63517323643864,0.0,0.5,0.50000162587008,0.50000977368271,0.5,1727070192066
3,0.16666666666667,0.83333333333333,0.0,0.0,0.5,0.5,0.5,0.5,1727070200149
3,0.16666666666667,0.83333333333333,0.00724619830676,0.0,0.5,0.5,0.49996559424381,0.5,1727070200164
3,0.16666666666667,0.83333333333333,0.0217532078603,0.0,0.5,0.5,0.49993947487029,0.5,1727070200178
3,0.16666666666667,0.83333333333333,0.02898854479236,0.0,0.5,0.5,0.49996120404343,0.5,1727070200194
3,0.16666666666667,0.83333333333333,0.05077859230881,0.0,0.5,0.5,0.49998213769513,0.5,1727070200211
3,0.16666666666667,0.83333333333333,0.07256164094568,0.0,0.5,0.5,0.49998093262572,0.5,1727070200228
3,0.16666666666667,0.83333333333333,0.08705936734225,0.0,0.5,0.5,0.4999762926037,0.5,1727070200244
3,0.16666666666667,0.83333333333333,0.11612853198974,0.0,0.5,0.5,0.49996757696339,0.5,1727070200261
3,0.16666666666667,0.83333333333333,0.14044041036214,0.0,0.5,0.5,0.49997619080203,0.5,1727070200278
3,0.16666666666667,0.83333333333333,0.18652636788013,0.0,0.5,0.5,0.499992239438,0.5,1727070200294
3,0.16666666666667,0.83333333333333,0.23260698920552,0.0,0.5,0.5,0.49997423856914,0.5,1727070200311
3,0.16666666666667,0.83333333333333,0.27867489026999,0.0,0.5,0.5,0.50000437822618,0.5,1727070200328
3,0.16666666666667,0.83333333333333,0.28855499148237,0.0,0.5,0.5,0.50000800141882,0.5,1727070200344
3,0.16666666666667,0.83333333333333,0.31287073527569,0.0,0.5,0.5,0.49997619603861,0.5,1727070200361
3,0.16666666666667,0.83333333333333,0.33461086793931,0.0,0.5,0.5,0.499993576671,0.5,1727070200377
3,0.16666666666667,0.83333333333333,0.4025070994688,0.0,0.5,0.5,0.49998065759148,0.5,1727070200394
3,0.16666666666667,0.83333333333333,0.44855979930591,0.0,0.5,0.5,0.49999424974152,0.5,1727070200411
3,0.16666666666667,0.83333333333333,0.48010796618838,0.0,0.5,0.5,0.49999889002969,0.5,1727070200428
3,0.16666666666667,0.83333333333333,0.51890209906186,0.0,0.5,0.5,0.49999375900165,0.5,1727070200444
3,0.16666666666667,0.83333333333333,0.57947936758699,0.0,0.5,0.5,0.49998791844197,0.5,1727070200461
3,0.16666666666667,0.83333333333333,0.60379172737165,0.0,0.5,0.5,0.49998831977941,0.5,1727070200478
3,0.16666666666667,0.83333333333333,0.66228853594795,0.0,0.5,0.5,0.49999036273058,0.5,1727070200494
3,0.16666666666667,0.83333333333333,0.66952255148041,0.0,0.5,0.5,0.50000409608074,0.5,1727070200511
3,0.16666666666667,0.83333333333333,0.6839979270729,0.0,0.5,0.5,0.49998966219537,0.5,1727070200527
3,0.16666666666667,0.83333333333333,0.6695576058161,0.0,0.5,0.5,0.49999091205238,0.5,1727070201164
3,0.16666666666667,0.83333333333333,0.65510996189701,0.0,0.5,0.5,0.49998719677889,0.5,1727070201178
3,0.16666666666667,0.83333333333333,0.64066719031167,0.0,0.5,0.5,0.50000288299343,0.5,1727070201195
3,0.16666666666667,0.83333333333333,0.61902456795511,0.0,0.5,0.5,0.49999621418156,0.5,1727070201211
3,0.16666666666667,0.83333333333333,0.6045783964077,0.0,0.5,0.5,0.49998332831648,0.5,1727070201227
3,0.16666666666667,0.83333333333333,0.59735861789459,0.0,0.5,0.5,0.4999815863215,0.5,1727070201259
3,0.16666666666667,0.83333333333333,0.59012733247636,0.0,0.5,0.5,0.50000055574877,0.5,1727070201266
3,0.16666666666667,0.83333333333333,0.58290830047475,0.0,0.5,0.5,0.49999422984275,0.5,1727070201277
3,0.16666666666667,0.83333333333333,0.57568182238248,0.0,0.5,0.5,0.49998309127645,0.5,1727070201294
3,0.16666666666667,0.83333333333333,0.56846151891124,0.0,0.5,0.5,0.4999846511888,0.5,1727070201311
3,0.16666666666667,0.83333333333333,0.56123336881798,0.0,0.5,0.5,0.49998404370076,0.5,1727070201328
3,0.16666666666667,0.83333333333333,0.55401086684522,0.0,0.5,0.5,0.49999998831081,0.5,1727070201344
3,0.16666666666667,0.83333333333333,0.54678486866804,0.0,0.5,0.5,0.49998533745366,0.5,1727070201361
3,0.16666666666667,0.83333333333333,0.53956306528312,0.0,0.5,0.5,0.49999694302122,0.5,1727070201378
3,0.16666666666667,0.83333333333333,0.51792028073075,0.0,0.5,0.5,0.49999033714473,0.5,1727070201394
3,0.16666666666667,0.83333333333333,0.51069238881491,0.0,0.5,0.5,0.49998796242867,0.5,1727070201411
3,0.16666666666667,0.83333333333333,0.49625807602449,0.0,0.5,0.5,0.50000478082709,0.5,1727070201428
3,0.16666666666667,0.83333333333333,0.48903208166609,0.0,0.5,0.5,0.49998900470489,0.5,1727070201477
3,0.16666666666667,0.83333333333333,0.4818114819927,0.0,0.5,0.5,0.49999293150207,0.5,1727070201494
3,0.16666666666667,0.83333333333333,0.47458312687164,0.0,0.5,0.5,0.49999381871662,0.5,1727070201511
3,0.16666666666667,0.83333333333333,0.46736354544387,0.0,0.5,0.5,0.49999042499972,0.5,1727070201527
3,0.16666666666667,0.83333333333333,0.46013599525032,0.0,0.5,0.5,0.49998535713469,0.5,1727070201544
3,0.16666666666667,0.83333333333333,0.45291332259703,0.0,0.5,0.5,0.50000488270801,0.5,1727070201594
3,0.16666666666667,0.83333333333333,0.44569300066887,0.0,0.5,0.5,0.50000708333738,0.5,1727070201710
3,0.16666666666667,0.83333333333333,0.43846827167418,0.0,0.5,0.5,0.4999805286531,0.5,1727070203151
3,0.16666666666667,0.83333333333333,0.44570322439663,0.0,0.5,0.5,0.49999171369104,0.5,1727070203666
3,0.16666666666667,0.83333333333333,0.45293050898484,0.0,0.5,0.5,0.49999880300567,0.5,1727070203816
3,0.16666666666667,0.83333333333333,0.46281193866078,0.0,0.5,0.5,0.49999183840405,0.5,1727070203990
3,0.16666666666667,0.83333333333333,0.47004022465106,0.0,0.5,0.5,0.49999146035159,0.5,1727070204062
3,0.16666666666667,0.83333333333333,0.47727847691245,0.0,0.5,0.5,0.49997824548599,0.5,1727070204084
3,0.16666666666667,0.83333333333333,0.48450507508805,0.0,0.5,0.5,0.49999006605372,0.5,1727070205352
3,0.16666666666667,0.83333333333333,0.47728536886777,0.0,0.5,0.5,0.49998758174943,0.5,1727070205700
3,0.16666666666667,0.83333333333333,0.47006595458611,0.0,0.5,0.5,0.4999829202639,0.5,1727070205866
3,0.16666666666667,0.83333333333333,0.45562575329528,0.0,0.5,0.5,0.49998351897974,0.5,1727070205986
3,0.16666666666667,0.83333333333333,0.44839697117302,0.0,0.5,0.5,0.49998755016076,0.5,1727070206072
3,0.16666666666667,0.83333333333333,0.44117428471376,0.0,0.5,0.5,0.50000753515851,0.5,1727070206111
3,0.16666666666667,0.83333333333333,0.44117428471376,0.0,0.5,0.5,0.50000753515851,0.5,1727070206698
3,0.16666666666667,0.83333333333333,0.44117428471376,0.0,0.5,0.5,0.50000753515851,0.5,1727070209361
3,0.16666666666667,0.83333333333333,0.44841032987505,0.0,0.5,0.5,0.50001018960973,0.5,1727070210121
3,0.16666666666667,0.83333333333333,0.45563964148812,0.0,0.5,0.5,0.50000198900637,0.5,1727070210206
3,0.16666666666667,0.83333333333333,0.46287325535239,0.0,0.5,0.5,0.50002254245166,0.5,1727070210214
3,0.16666666666667,0.83333333333333,0.47011136223596,0.0,0.5,0.5,0.50000994239686,0.5,1727070210227
3,0.16666666666667,0.83333333333333,0.47011136223596,0.0,0.5,0.5,0.50000994239686,0.5,1727070210856
3,0.16666666666667,0.83333333333333,0.47011136223596,0.0,0.5,0.5,0.50000994239686,0.5,1727070215651
3,0.16666666666667,0.83333333333333,0.47011136223596,0.01052575530983,0.5,0.5,0.50000994239686,0.50000566803635,1727070215714
3,0.16666666666667,0.83333333333333,0.47011136223596,0.02104344534579,0.5,0.5,0.50000994239686,0.49999449063587,1727070215727
3,0.16666666666667,0.83333333333333,0.47011136223596,0.05845365469052,0.5,0.5,0.50000994239686,0.49998590851738,1727070215743
3,0.16666666666667,0.83333333333333,0.47011136223596,0.15078457806117,0.5,0.5,0.50000994239686,0.49999994865689,1727070215760
3,0.16666666666667,0.83333333333333,0.47011136223596,0.25331499776258,0.5,0.5,0.50000994239686,0.49999115010168,1727070215777
3,0.16666666666667,0.83333333333333,0.47011136223596,0.41066134141078,0.5,0.5,0.50000994239686,0.4999998355591,1727070215793
3,0.16666666666667,0.83333333333333,0.47011136223596,0.6090401927658,0.5,0.5,0.50000994239686,0.49999617419575,1727070215810
3,0.16666666666667,0.83333333333333,0.47011136223596,0.86211690694454,0.5,0.5,0.50000994239686,0.49999694124727,1727070215827
3,0.16666666666667,0.83333333333333,0.47011136223596,1.0,0.5,0.5,0.50000994239686,0.5,1727070215843
3,0.16666666666667,0.83333333333333,0.47011136223596,1.0,0.5,0.5,0.50000994239686,0.5,1727070215860
3,0.16666666666667,0.83333333333333,0.47011136223596,1.0,0.5,0.5,0.50000994239686,0.5,1727070215877
3,0.16666666666667,0.83333333333333,0.47011136223596,1.0,0.5,0.5,0.50000994239686,0.5,1727070215893
3,0.16666666666667,0.83333333333333,0.47011136223596,1.0,0.5,0.5,0.50000994239686,0.5,1727070215910
3,0.16666666666667,0.83333333333333,0.47011136223596,1.0,0.5,0.5,0.50000994239686,0.5,1727070216442
3,0.16666666666667,0.83333333333333,0.47011136223596,0.99333889265248,0.5,0.5,0.50000994239686,0.50000019116722,1727070216544
3,0.16666666666667,0.83333333333333,0.47011136223596,0.98004505379437,0.5,0.5,0.50000994239686,0.49999950693638,1727070216560
3,0.16666666666667,0.83333333333333,0.47011136223596,0.96673913891788,0.5,0.5,0.50000994239686,0.50000030693419,1727070216577
3,0.16666666666667,0.83333333333333,0.47011136223596,0.95344134805876,0.5,0.5,0.50000994239686,0.49999779833789,1727070216593
3,0.16666666666667,0.83333333333333,0.47011136223596,0.93627395046431,0.5,0.5,0.50000994239686,0.49999861845749,1727070216610
3,0.16666666666667,0.83333333333333,0.47011136223596,0.91634354012013,0.5,0.5,0.50000994239686,0.49999512834568,1727070216627
3,0.16666666666667,0.83333333333333,0.47011136223596,0.89917904649969,0.5,0.5,0.50000994239686,0.49999732827566,1727070216643
3,0.16666666666667,0.83333333333333,0.47011136223596,0.87535880525111,0.5,0.5,0.50000994239686,0.50000242952875,1727070216660
3,0.16666666666667,0.83333333333333,0.47011136223596,0.84881962134611,0.5,0.5,0.50000994239686,0.50000212576347,1727070216677
3,0.16666666666667,0.83333333333333,0.47011136223596,0.83831438237029,0.5,0.5,0.50000994239686,0.49999559542296,1727070216693
3,0.16666666666667,0.83333333333333,0.47011136223596,0.82114082976286,0.5,0.5,0.50000994239686,0.49999330029553,1727070216718
3,0.16666666666667,0.83333333333333,0.47011136223596,0.81732343968114,0.5,0.5,0.50000994239686,0.5000001873837,1727070216760
3,0.16666666666667,0.83333333333333,0.47011136223596,0.81065857222379,0.5,0.5,0.50000994239686,0.49999845815293,1727070216777
3,0.16666666666667,0.83333333333333,0.47011136223596,0.7934876424585,0.5,0.5,0.50000994239686,0.49999753511207,1727070216793
3,0.16666666666667,0.83333333333333,0.47011136223596,0.78684125420354,0.5,0.5,0.50000994239686,0.49999739466705,1727070216822
3,0.16666666666667,0.83333333333333,0.47011136223596,0.79350860912084,0.5,0.5,0.50000994239686,0.50000048439032,1727070218059
3,0.16666666666667,0.83333333333333,0.47011136223596,0.8001764961829,0.5,0.5,0.50000994239686,0.49999573752006,1727070218067
3,0.16666666666667,0.83333333333333,0.47011136223596,0.79352194335207,0.5,0.5,0.50000994239686,0.49999940109497,1727070218486
3,0.16666666666667,0.83333333333333,0.47011136223596,0.78686898695054,0.5,0.5,0.50000994239686,0.49999578015988,1727070218508
3,0.16666666666667,0.83333333333333,0.47011136223596,0.78304455644827,0.5,0.5,0.50000994239686,0.49999914747932,1727070218524
3,0.16666666666667,0.83333333333333,0.47011136223596,0.77638625055941,0.5,0.5,0.50000994239686,0.50000087834267,1727070218588
3,0.16666666666667,0.83333333333333,0.47011136223596,0.77256128262613,0.5,0.5,0.50000994239686,0.49999571463667,1727070218596
3,0.16666666666667,0.83333333333333,0.47011136223596,0.77643553939444,0.5,0.5,0.50000994239686,0.50000256219403,1727070219942
3,0.16666666666667,0.83333333333333,0.47011136223596,0.77643553939444,0.5,0.5,0.50000994239686,0.50000256219403,1727070224718
3,0.16666666666667,0.83333333333333,0.47011136223596,0.77643553939444,0.5,0.5,0.50000994239686,0.50000256219403,1727070226351
3,0.17335198505297,0.83333333333333,0.47011136223596,0.77643553939444,0.50001761150274,0.5,0.50000994239686,0.50000256219403,1727070226642
3,0.18003152502921,0.83333333333333,0.47011136223596,0.77643553939444,0.50000096898328,0.5,0.50000994239686,0.50000256219403,1727070226676
3,0.19341450552222,0.83333333333333,0.47011136223596,0.77643553939444,0.49999890696028,0.5,0.50000994239686,0.50000256219403,1727070226693
3,0.20009618716412,0.83333333333333,0.47011136223596,0.77643553939444,0.50000475201048,0.5,0.50000994239686,0.50000256219403,1727070226709
3,0.20677509692492,0.83333333333333,0.47011136223596,0.77643553939444,0.50000708045216,0.5,0.50000994239686,0.50000256219403,1727070226730
3,0.21345251558193,0.83333333333333,0.47011136223596,0.77643553939444,0.50000756798288,0.5,0.50000994239686,0.50000256219403,1727070226743
3,0.22683770643211,0.83333333333333,0.47011136223596,0.77643553939444,0.50000802090577,0.5,0.50000994239686,0.50000256219403,1727070226759
3,0.24401033091402,0.83333333333333,0.47011136223596,0.77643553939444,0.50001152953941,0.5,0.50000994239686,0.50000256219403,1727070226776
3,0.26412118741816,0.83333333333333,0.47011136223596,0.77643553939444,0.4999979737476,0.5,0.50000994239686,0.50000256219403,1727070226793
3,0.2812941361686,0.83333333333333,0.47011136223596,0.77643553939444,0.50000189742587,0.5,0.50000994239686,0.50000256219403,1727070226809
3,0.28797106139836,0.83333333333333,0.47011136223596,0.77643553939444,0.50000187608262,0.5,0.50000994239686,0.50000256219403,1727070226832
3,0.29463938535913,0.83333333333333,0.47011136223596,0.77643553939444,0.49999314836516,0.5,0.50000994239686,0.50000256219403,1727070226848
3,0.29853265411807,0.83333333333333,0.47011136223596,0.77643553939444,0.50000962598842,0.5,0.50000994239686,0.50000256219403,1727070226859
3,0.31190853055208,0.83333333333333,0.47011136223596,0.77643553939444,0.50000082246168,0.5,0.50000994239686,0.50000256219403,1727070226876
3,0.31858048331517,0.83333333333333,0.47011136223596,0.77643553939444,0.49999599329886,0.5,0.50000994239686,0.50000256219403,1727070226893
3,0.3252576040133,0.83333333333333,0.47011136223596,0.77643553939444,0.5000109738437,0.5,0.50000994239686,0.50000256219403,1727070226909
3,0.32913668628339,0.83333333333333,0.47011136223596,0.77643553939444,0.49999830998467,0.5,0.50000994239686,0.50000256219403,1727070226936
3,0.34251248113094,0.83333333333333,0.47011136223596,0.77643553939444,0.50000445596195,0.5,0.50000994239686,0.50000256219403,1727070226944
3,0.34918503920515,0.83333333333333,0.47011136223596,0.77643553939444,0.50000038997053,0.5,0.50000994239686,0.50000256219403,1727070226960
3,0.36256201794165,0.83333333333333,0.47011136223596,0.77643553939444,0.50000735490052,0.5,0.50000994239686,0.50000256219403,1727070227009
3,0.37307090688774,0.83333333333333,0.47011136223596,0.77643553939444,0.49999467652192,0.5,0.50000994239686,0.50000256219403,1727070227026
3,0.37974674083094,0.83333333333333,0.47011136223596,0.77643553939444,0.50000724831568,0.5,0.50000994239686,0.50000256219403,1727070227043
3,0.38642343413669,0.83333333333333,0.47011136223596,0.77643553939444,0.50000697322585,0.5,0.50000994239686,0.50000256219403,1727070227059
3,0.39978930427457,0.83333333333333,0.47011136223596,0.77643553939444,0.5000039783933,0.5,0.50000994239686,0.50000256219403,1727070227110
3,0.41030806091771,0.83333333333333,0.47011136223596,0.77643553939444,0.50000030777352,0.5,0.50000994239686,0.50000256219403,1727070227126
3,0.42367375475217,0.83333333333333,0.47011136223596,0.77643553939444,0.50000999767856,0.5,0.50000994239686,0.50000256219403,1727070227143
3,0.42754868651603,0.83333333333333,0.47011136223596,0.77643553939444,0.4999958015401,0.5,0.50000994239686,0.50000256219403,1727070227193
3,0.43422712040713,0.83333333333333,0.47011136223596,0.77643553939444,0.50000945630826,0.5,0.50000994239686,0.50000256219403,1727070227209
3,0.44089689276968,0.83333333333333,0.47011136223596,0.77643553939444,0.50000365884235,0.5,0.50000994239686,0.50000256219403,1727070227236
3,0.44757112845573,0.83333333333333,0.47011136223596,0.77643553939444,0.50000149984551,0.5,0.50000994239686,0.50000256219403,1727070227252
3,0.45423879712767,0.83333333333333,0.47011136223596,0.77643553939444,0.50000628480445,0.5,0.50000994239686,0.50000256219403,1727070227260
3,0.46090625758944,0.83333333333333,0.47011136223596,0.77643553939444,0.499998887333,0.5,0.50000994239686,0.50000256219403,1727070227284
3,0.4675878882005,0.83333333333333,0.47011136223596,0.77643553939444,0.5000025145305,0.5,0.50000994239686,0.50000256219403,1727070227356
3,0.47425783025991,0.83333333333333,0.47011136223596,0.77643553939444,0.50000888844655,0.5,0.50000994239686,0.50000256219403,1727070227728
3,0.48092504620381,0.83333333333333,0.47011136223596,0.77643553939444,0.50000148540665,0.5,0.50000994239686,0.50000256219403,1727070227743
3,0.48480257945677,0.83333333333333,0.47011136223596,0.77643553939444,0.50000193538823,0.5,0.50000994239686,0.50000256219403,1727070227759
3,0.49147183162348,0.83333333333333,0.47011136223596,0.77643553939444,0.4999962141938,0.5,0.50000994239686,0.50000256219403,1727070227838
3,0.49815201075551,0.83333333333333,0.47011136223596,0.77643553939444,0.50000998467184,0.5,0.50000994239686,0.50000256219403,1727070227927
3,0.50482069547597,0.83333333333333,0.47011136223596,0.77643553939444,0.50000387910327,0.5,0.50000994239686,0.50000256219403,1727070227943
3,0.51149454212586,0.83333333333333,0.47011136223596,0.77643553939444,0.50000161774915,0.5,0.50000994239686,0.50000256219403,1727070227959
3,0.51816204103862,0.83333333333333,0.47011136223596,0.77643553939444,0.50000588166102,0.5,0.50000994239686,0.50000256219403,1727070228020
3,0.5248316690193,0.83333333333333,0.47011136223596,0.77643553939444,0.50000064024144,0.5,0.50000994239686,0.50000256219403,1727070228036
3,0.53535156855365,0.83333333333333,0.47011136223596,0.77643553939444,0.50000920130087,0.5,0.50000994239686,0.50000256219403,1727070228052
3,0.54201921549605,0.83333333333333,0.47011136223596,0.77643553939444,0.50000266669475,0.5,0.50000994239686,0.50000256219403,1727070228068
3,0.55252941366535,0.83333333333333,0.47011136223596,0.77643553939444,0.50000435326666,0.5,0.50000994239686,0.50000256219403,1727070228092
3,0.55920340358603,0.83333333333333,0.47011136223596,0.77643553939444,0.50000231893982,0.5,0.50000994239686,0.50000256219403,1727070228149
3,0.56586831372331,0.83333333333333,0.47011136223596,0.77643553939444,0.5000045784257,0.5,0.50000994239686,0.50000256219403,1727070228193
3,0.5725438878578,0.83333333333333,0.47011136223596,0.77643553939444,0.50000363711088,0.5,0.50000994239686,0.50000256219403,1727070228210
3,0.58971075472154,0.83333333333333,0.47011136223596,0.77643553939444,0.50000201068789,0.5,0.50000994239686,0.50000256219403,1727070228226
3,0.5963855642359,0.83333333333333,0.47011136223596,0.77643553939444,0.50000061807418,0.5,0.50000994239686,0.50000256219403,1727070228276
3,0.60305165623834,0.83333333333333,0.47011136223596,0.77643553939444,0.50000355620261,0.5,0.50000994239686,0.50000256219403,1727070228293
3,0.60972562115745,0.83333333333333,0.47011136223596,0.77643553939444,0.50000163157777,0.5,0.50000994239686,0.50000256219403,1727070228424
3,0.61359503205905,0.83333333333333,0.47011136223596,0.77643553939444,0.49999682840693,0.5,0.50000994239686,0.50000256219403,1727070228432
3,0.62695174516645,0.83333333333333,0.47011136223596,0.77643553939444,0.49999867913428,0.5,0.50000994239686,0.50000256219403,1727070228443
3,0.63082737711234,0.83333333333333,0.47011136223596,0.77643553939444,0.50000750634607,0.5,0.50000994239686,0.50000256219403,1727070228459
3,0.65186293752103,0.83333333333333,0.47011136223596,0.77643553939444,0.50000085527598,0.5,0.50000994239686,0.50000256219403,1727070228476
3,0.65852920154624,0.83333333333333,0.47011136223596,0.77643553939444,0.5000037166422,0.5,0.50000994239686,0.50000256219403,1727070228493
3,0.66239704343566,0.83333333333333,0.47011136223596,0.77643553939444,0.49999821345301,0.5,0.50000994239686,0.50000256219403,1727070229176
3,0.67290915347275,0.83333333333333,0.47011136223596,0.77643553939444,0.50000087287282,0.5,0.50000994239686,0.50000256219403,1727070229193
3,0.67957687730694,0.83333333333333,0.47011136223596,0.77643553939444,0.50000453512942,0.5,0.50000994239686,0.50000256219403,1727070229209
3,0.67293009452566,0.83333333333333,0.47011136223596,0.77643553939444,0.50000419208588,0.5,0.50000994239686,0.50000256219403,1727070230000
3,0.66627565005064,0.83333333333333,0.47011136223596,0.77643553939444,0.49999923401181,0.5,0.50000994239686,0.50000256219403,1727070230043
3,0.65962274505778,0.83333333333333,0.47011136223596,0.77643553939444,0.50000446121114,0.5,0.50000994239686,0.50000256219403,1727070230144
3,0.64911138616812,0.83333333333333,0.47011136223596,0.77643553939444,0.50000226504819,0.5,0.50000994239686,0.50000256219403,1727070230166
3,0.63194741159855,0.83333333333333,0.47011136223596,0.77643553939444,0.50000559491225,0.5,0.50000994239686,0.50000256219403,1727070230190
3,0.62529616167115,0.83333333333333,0.47011136223596,0.77643553939444,0.50000242753069,0.5,0.50000994239686,0.50000256219403,1727070230226
3,0.62147196877082,0.83333333333333,0.47011136223596,0.77643553939444,0.49999686569989,0.5,0.50000994239686,0.50000256219403,1727070230276
3,0.61096681642826,0.83333333333333,0.47011136223596,0.77643553939444,0.4999984539514,0.5,0.50000994239686,0.50000256219403,1727070230293
3,0.61483579841473,0.83333333333333,0.47011136223596,0.77643553939444,0.50000320607886,0.5,0.50000994239686,0.50000256219403,1727070233446
3,0.61871056727016,0.83333333333333,0.47011136223596,0.77643553939444,0.50000182459964,0.5,0.50000994239686,0.50000256219403,1727070233692
3,0.62922492885194,0.83333333333333,0.47011136223596,0.77643553939444,0.50000598482109,0.5,0.50000994239686,0.50000256219403,1727070233794
3,0.63590029556157,0.83333333333333,0.47011136223596,0.77643553939444,0.5000049711424,0.5,0.50000994239686,0.50000256219403,1727070233936
3,0.63976544211517,0.83333333333333,0.47011136223596,0.77643553939444,0.49999765241959,0.5,0.50000994239686,0.50000256219403,1727070233952
3,0.65027613706585,0.83333333333333,0.47011136223596,0.77643553939444,0.49999951864697,0.5,0.50000994239686,0.50000256219403,1727070234040
3,0.65694974549029,0.83333333333333,0.47011136223596,0.77643553939444,0.50000685942725,0.5,0.50000994239686,0.50000256219403,1727070234166
3,0.66361732175504,0.83333333333333,0.47011136223596,0.77643553939444,0.5000011689803,0.5,0.50000994239686,0.50000256219403,1727070234404
3,0.66749499212897,0.83333333333333,0.47011136223596,0.77643553939444,0.50000161309522,0.5,0.50000994239686,0.50000256219403,1727070234443
3,0.67415369870024,0.83333333333333,0.47011136223596,0.77643553939444,0.49999991203253,0.5,0.50000994239686,0.50000256219403,1727070234506
3,0.67802594259513,0.83333333333333,0.47011136223596,0.77643553939444,0.49999713255209,0.5,0.50000994239686,0.50000256219403,1727070234635
3,0.68854036023102,0.83333333333333,0.47011136223596,0.77643553939444,0.50000111535293,0.5,0.50000994239686,0.50000256219403,1727070234856
3,0.68854036023102,0.83333333333333,0.47011136223596,0.77643553939444,0.50000111535293,0.5,0.50000994239686,0.50000256219403,1727070236820
3,0.68854036023102,0.83333333333333,0.47011136223596,0.77643553939444,0.50000111535293,0.5,0.50000994239686,0.50000256219403,1727070238467
3,0.68854036023102,0.82950927108438,0.47011136223596,0.77643553939444,0.50000111535293,0.49999919368454,0.50000994239686,0.50000256219403,1727070239306
3,0.68854036023102,0.82285617011882,0.47011136223596,0.77643553939444,0.50000111535293,0.50000275873409,0.50000994239686,0.50000256219403,1727070239378
3,0.68854036023102,0.8162027524956,0.47011136223596,0.77643553939444,0.50000111535293,0.49999857669684,0.50000994239686,0.50000256219403,1727070239425
3,0.68854036023102,0.80569057934632,0.47011136223596,0.77643553939444,0.50000111535293,0.50000090261988,0.50000994239686,0.50000256219403,1727070239476
3,0.68854036023102,0.79904316113228,0.47011136223596,0.77643553939444,0.50000111535293,0.5000015728337,0.50000994239686,0.50000256219403,1727070239526
3,0.68854036023102,0.79238666533016,0.47011136223596,0.77643553939444,0.50000111535293,0.49999891576334,0.50000994239686,0.50000256219403,1727070239542
3,0.68854036023102,0.79625012177283,0.47011136223596,0.77643553939444,0.50000111535293,0.49999790907426,0.50000994239686,0.50000256219403,1727070240946
3,0.68854036023102,0.80292432409231,0.47011136223596,0.77643553939444,0.50000111535293,0.49999934696131,0.50000994239686,0.50000256219403,1727070241088
3,0.68854036023102,0.80958866212459,0.47011136223596,0.77643553939444,0.50000111535293,0.49999789438735,0.50000994239686,0.50000256219403,1727070241136
3,0.68854036023102,0.816257886447,0.47011136223596,0.77643553939444,0.50000111535293,0.50000188834456,0.50000994239686,0.50000256219403,1727070241206
3,0.68854036023102,0.816257886447,0.47011136223596,0.77643553939444,0.50000111535293,0.50000188834456,0.50000994239686,0.50000256219403,1727070241642
3,0.68854036023102,0.816257886447,0.47011136223596,0.77643553939444,0.50000111535293,0.50000188834456,0.50000994239686,0.50000256219403,1727070244945
3,0.68854036023102,0.816257886447,0.47011136223596,0.77643553939444,0.50000111535293,0.50000188834456,0.50000994239686,0.50000256219403,1727070250853
3,0.68854036023102,0.816257886447,0.4675165762577,0.77643553939444,0.50000111535293,0.50000188834456,0.50000873078749,0.50000256219403,1727070250892
3,0.68854036023102,0.816257886447,0.48198934630531,0.77643553939444,0.50000111535293,0.50000188834456,0.5000088998059,0.50000256219403,1727070250942
3,0.68854036023102,0.816257886447,0.48922629535242,0.77643553939444,0.50000111535293,0.50000188834456,0.50000497814513,0.50000256219403,1727070250958
3,0.68854036023102,0.816257886447,0.49645300374694,0.77643553939444,0.50000111535293,0.50000188834456,0.50001557632281,0.50000256219403,1727070250988
3,0.68854036023102,0.816257886447,0.50369009792742,0.77643553939444,0.50000111535293,0.50000188834456,0.50001065531759,0.50000256219403,1727070252896
3,0.68854036023102,0.816257886447,0.51091905454463,0.77643553939444,0.50000111535293,0.50000188834456,0.50000549411156,0.50000256219403,1727070254044
3,0.68854036023102,0.816257886447,0.50107820171587,0.77643553939444,0.50000111535293,0.50000188834456,0.50001465843891,0.50000256219403,1727070254100
3,0.68854036023102,0.816257886447,0.49385297055395,0.77643553939444,0.50000111535293,0.50000188834456,0.4999936965544,0.50000256219403,1727070254221
3,0.68854036023102,0.816257886447,0.49385297055395,0.77643553939444,0.50000111535293,0.50000188834456,0.4999936965544,0.50000256219403,1727070255154
3,0.68854036023102,0.816257886447,0.49385297055395,0.77643553939444,0.50000111535293,0.50000188834456,0.4999936965544,0.50000256219403,1727070258401
3,0.69240534100215,0.816257886447,0.49385297055395,0.77643553939444,0.50000312460672,0.50000188834456,0.4999936965544,0.50000256219403,1727070258409
3,0.68575500079312,0.816257886447,0.49385297055395,0.77643553939444,0.50000068029119,0.50000188834456,0.4999936965544,0.50000256219403,1727070258671
3,0.6791037171744,0.816257886447,0.49385297055395,0.77643553939444,0.50000677035748,0.50000188834456,0.4999936965544,0.50000256219403,1727070258727
3,0.67245069106664,0.816257886447,0.49385297055395,0.77643553939444,0.50000271179662,0.50000188834456,0.4999936965544,0.50000256219403,1727070258742
3,0.66863366796132,0.816257886447,0.49385297055395,0.77643553939444,0.50000173970657,0.50000188834456,0.4999936965544,0.50000256219403,1727070258758
3,0.66197902744184,0.816257886447,0.49385297055395,0.77643553939444,0.50000592248158,0.50000188834456,0.4999936965544,0.50000256219403,1727070258813
3,0.65146845581863,0.816257886447,0.49385297055395,0.77643553939444,0.50000423057949,0.50000188834456,0.4999936965544,0.50000256219403,1727070258828
3,0.64096841868738,0.816257886447,0.49385297055395,0.77643553939444,0.49999949748582,0.50000188834456,0.4999936965544,0.50000256219403,1727070258925
3,0.63046083512196,0.816257886447,0.49385297055395,0.77643553939444,0.49999955958123,0.50000188834456,0.4999936965544,0.50000256219403,1727070260833
3,0.63046083512196,0.816257886447,0.49385297055395,0.77643553939444,0.49999955958123,0.50000188834456,0.4999936965544,0.50000256219403,1727070261419
3,0.63046083512196,0.816257886447,0.49385297055395,0.77643553939444,0.49999955958123,0.50000188834456,0.4999936965544,0.50000256219403,1727070264665
3,0.63712842783176,0.816257886447,0.49385297055395,0.77643553939444,0.50000332545722,0.50000188834456,0.4999936965544,0.50000256219403,1727070264903
3,0.64380265773764,0.816257886447,0.49385297055395,0.77643553939444,0.50000163938515,0.50000188834456,0.4999936965544,0.50000256219403,1727070265007
3,0.64380265773764,0.816257886447,0.49385297055395,0.77643553939444,0.50000163938515,0.50000188834456,0.4999936965544,0.50000256219403,1727070265450
3,0.64380265773764,0.816257886447,0.49385297055395,0.77643553939444,0.50000163938515,0.50000188834456,0.4999936965544,0.50000256219403,1727070269637
3,0.64380265773764,0.81242904835198,0.49385297055395,0.77643553939444,0.50000163938515,0.50000089302011,0.4999936965544,0.50000256219403,1727070269851
3,0.64380265773764,0.80577839199772,0.49385297055395,0.77643553939444,0.50000163938515,0.50000324986422,0.4999936965544,0.50000256219403,1727070270461
3,0.64380265773764,0.79912371071042,0.49385297055395,0.77643553939444,0.50000163938515,0.49999966693616,0.4999936965544,0.50000256219403,1727070270605
3,0.64380265773764,0.79912371071042,0.49385297055395,0.77643553939444,0.50000163938515,0.49999966693616,0.4999936965544,0.50000256219403,1727070271046
3,0.64380265773764,0.79912371071042,0.49385297055395,0.77643553939444,0.50000163938515,0.49999966693616,0.4999936965544,0.50000256219403,1727070274288
3,0.64380265773764,0.79529478210783,0.49385297055395,0.77643553939444,0.50000163938515,0.49999869489812,0.4999936965544,0.50000256219403,1727070274350
3,0.64380265773764,0.79147125580399,0.49385297055395,0.77643553939444,0.50000163938515,0.50000300011565,0.4999936965544,0.50000256219403,1727070274619
3,0.64380265773764,0.79147125580399,0.49385297055395,0.77643553939444,0.50000163938515,0.50000300011565,0.4999936965544,0.50000256219403,1727070275854
3,0.64380265773764,0.79147125580399,0.49385297055395,0.77643553939444,0.50000163938515,0.50000300011565,0.4999936965544,0.50000256219403,1727070276172
3,0.64380265773764,0.78481527213019,0.49385297055395,0.77643553939444,0.50000163938515,0.50000005992989,0.4999936965544,0.50000256219403,1727070276309
3,0.64380265773764,0.77816823516607,0.49385297055395,0.77643553939444,0.50000163938515,0.50000053386686,0.4999936965544,0.50000256219403,1727070276559
3,0.64380265773764,0.77151204952036,0.49385297055395,0.77643553939444,0.50000163938515,0.49999764833365,0.4999936965544,0.50000256219403,1727070276663
3,0.64380265773764,0.76485777079215,0.49385297055395,0.77643553939444,0.50000163938515,0.50000204681524,0.4999936965544,0.50000256219403,1727070276893
3,0.64380265773764,0.76485777079215,0.49385297055395,0.77643553939444,0.50000163938515,0.50000204681524,0.4999936965544,0.50000256219403,1727070277494
3,0.64380265773764,0.76485777079215,0.49385297055395,0.77643553939444,0.50000163938515,0.50000204681524,0.4999936965544,0.50000256219403,1727070278025
3,0.64380265773764,0.76102780549255,0.49385297055395,0.77643553939444,0.50000163938515,0.50000161617249,0.4999936965544,0.50000256219403,1727070278073
3,0.64380265773764,0.75052850549946,0.49385297055395,0.77643553939444,0.50000163938515,0.49999700865267,0.4999936965544,0.50000256219403,1727070278222
3,0.64380265773764,0.74387004839275,0.49385297055395,0.77643553939444,0.50000163938515,0.50000381359357,0.4999936965544,0.50000256219403,1727070278501
3,0.64380265773764,0.74387004839275,0.49385297055395,0.77643553939444,0.50000163938515,0.50000381359357,0.4999936965544,0.50000256219403,1727070278752
4,0.16666666666667,1.0,0.33333333333333,0.33333333333333,0.5,0.5,0.5,0.5,1727070283038
4,0.17056396325712,1.0,0.33333333333333,0.33333333333333,0.49999309465882,0.5,0.5,0.5,1727070283100
4,0.21159808278946,1.0,0.33333333333333,0.33333333333333,0.49999771009808,0.5,0.5,0.5,1727070283140
4,0.25568237718249,1.0,0.33333333333333,0.33333333333333,0.49998917305564,0.5,0.5,0.5,1727070283157
4,0.31390227133213,1.0,0.33333333333333,0.33333333333333,0.49999469988785,0.5,0.5,0.5,1727070283174
4,0.35793779881251,1.0,0.33333333333333,0.33333333333333,0.49999939898454,0.5,0.5,0.5,1727070283190
4,0.39896571828033,1.0,0.33333333333333,0.33333333333333,0.499997015962,0.5,0.5,0.5,1727070283207
4,0.42951318575177,1.0,0.33333333333333,0.33333333333333,0.4999919746932,0.5,0.5,0.5,1727070283224
4,0.47724226954989,1.0,0.33333333333333,0.33333333333333,0.49999705527752,0.5,0.5,0.5,1727070283240
4,0.52496447661013,1.0,0.33333333333333,0.33333333333333,0.49999661777013,0.5,0.5,0.5,1727070283257
4,0.65122091847573,1.0,0.33333333333333,0.33333333333333,0.49999397371312,0.5,0.5,0.5,1727070283274
4,0.88698360204819,1.0,0.33333333333333,0.33333333333333,0.49999950862816,0.5,0.5,0.5,1727070283290
4,1.0,1.0,0.33333333333333,0.33333333333333,0.5,0.5,0.5,0.5,1727070283307
4,1.0,1.0,0.33333333333333,0.33333333333333,0.5,0.5,0.5,0.5,1727070283323
4,1.0,1.0,0.33333333333333,0.33333333333333,0.5,0.5,0.5,0.5,1727070283340
4,1.0,1.0,0.33333333333333,0.33333333333333,0.5,0.5,0.5,0.5,1727070283357
4,1.0,1.0,0.33333333333333,0.33333333333333,0.5,0.5,0.5,0.5,1727070283374
4,1.0,1.0,0.33333333333333,0.33333333333333,0.5,0.5,0.5,0.5,1727070283390
4,1.0,1.0,0.33333333333333,0.33333333333333,0.5,0.5,0.5,0.5,1727070283407
4,1.0,1.0,0.33333333333333,0.33333333333333,0.5,0.5,0.5,0.5,1727070283423
4,1.0,1.0,0.33333333333333,0.33333333333333,0.5,0.5,0.5,0.5,1727070283440
4,1.0,1.0,0.33333333333333,0.33333333333333,0.5,0.5,0.5,0.5,1727070283457
4,1.0,1.0,0.33333333333333,0.33333333333333,0.5,0.5,0.5,0.5,1727070283473
4,1.0,1.0,0.33333333333333,0.33333333333333,0.5,0.5,0.5,0.5,1727070283490
4,1.0,1.0,0.33333333333333,0.33333333333333,0.5,0.5,0.5,0.5,1727070283507
4,1.0,1.0,0.33333333333333,0.33333333333333,0.5,0.5,0.5,0.5,1727070283524
4,1.0,1.0,0.33333333333333,0.33333333333333,0.5,0.5,0.5,0.5,1727070283540
4,1.0,1.0,0.33333333333333,0.33333333333333,0.5,0.5,0.5,0.5,1727070283557
4,0.99616434280947,1.0,0.33333333333333,0.33333333333333,0.49999783746401,0.5,0.5,0.5,1727070283655
4,0.99616434280947,1.0,0.33333333333333,0.33333333333333,0.49999783746401,0.5,0.5,0.5,1727070283655
4,0.99616434280947,1.0,0.33333333333333,0.33333333333333,0.49999783746401,0.5,0.5,0.5,1727070285469
4,0.98565687593443,1.0,0.33333333333333,0.33333333333333,0.49999791965913,0.5,0.5,0.5,1727070285651
4,0.97900874235043,1.0,0.33333333333333,0.33333333333333,0.4999970203012,0.5,0.5,0.5,1727070285666
4,0.96850294689495,1.0,0.33333333333333,0.33333333333333,0.49999785286949,0.5,0.5,0.5,1727070285682
4,0.9646746941109,1.0,0.33333333333333,0.33333333333333,0.49999898829392,0.5,0.5,0.5,1727070285723
4,0.95802116413136,1.0,0.33333333333333,0.33333333333333,0.49999561632193,0.5,0.5,0.5,1727070285740
4,0.94751901641281,1.0,0.33333333333333,0.33333333333333,0.49999813057005,0.5,0.5,0.5,1727070285757
4,0.93701136238086,1.0,0.33333333333333,0.33333333333333,0.49999813179934,0.5,0.5,0.5,1727070285773
4,0.93035706997482,1.0,0.33333333333333,0.33333333333333,0.50000150580267,0.5,0.5,0.5,1727070285856
4,0.92653430771936,1.0,0.33333333333333,0.33333333333333,0.49999805350189,0.5,0.5,0.5,1727070285874
4,0.91602392994398,1.0,0.33333333333333,0.33333333333333,0.49999676618973,0.5,0.5,0.5,1727070285907
4,0.90552277727681,1.0,0.33333333333333,0.33333333333333,0.49999985703121,0.5,0.5,0.5,1727070286079
4,0.90552277727681,1.0,0.33333333333333,0.33333333333333,0.49999985703121,0.5,0.5,0.5,1727070286348
4,0.90552277727681,1.0,0.33333333333333,0.33333333333333,0.49999985703121,0.5,0.5,0.5,1727070289967
4,0.90169534906386,1.0,0.33333333333333,0.33333333333333,0.50000145593651,0.5,0.5,0.5,1727070290134
4,0.89118510405764,1.0,0.33333333333333,0.33333333333333,0.50000023608753,0.5,0.5,0.5,1727070290228
4,0.88736247244911,1.0,0.33333333333333,0.33333333333333,0.49999672394601,0.5,0.5,0.5,1727070290324
4,0.87685888214889,1.0,0.33333333333333,0.33333333333333,0.49999870036747,0.5,0.5,0.5,1727070290545
4,0.87685888214889,1.0,0.33333333333333,0.33333333333333,0.49999870036747,0.5,0.5,0.5,1727070290932
4,0.87685888214889,1.0,0.33333333333333,0.33333333333333,0.49999870036747,0.5,0.5,0.5,1727070293858
4,0.87685888214889,1.0,0.33333333333333,0.33333333333333,0.49999870036747,0.5,0.5,0.5,1727070297777
4,0.87685888214889,0.99333484211217,0.33333333333333,0.33333333333333,0.49999870036747,0.50000160495403,0.5,0.5,1727070297886
4,0.87685888214889,0.98951567798448,0.33333333333333,0.33333333333333,0.49999870036747,0.50000329100531,0.5,0.5,1727070297894
4,0.87685888214889,0.98285616461742,0.33333333333333,0.33333333333333,0.49999870036747,0.50000240316573,0.5,0.5,1727070297906
4,0.87685888214889,0.97234869604411,0.33333333333333,0.33333333333333,0.49999870036747,0.50000232291019,0.5,0.5,1727070297956
4,0.87685888214889,0.96569943648101,0.33333333333333,0.33333333333333,0.49999870036747,0.50000374408409,0.5,0.5,1727070297973
4,0.87685888214889,0.95519129137846,0.33333333333333,0.33333333333333,0.49999870036747,0.50000398386589,0.5,0.5,1727070297990
4,0.87685888214889,0.94853893964623,0.33333333333333,0.33333333333333,0.49999870036747,0.49999978007001,0.5,0.5,1727070298617
4,0.87685888214889,0.94470916793303,0.33333333333333,0.33333333333333,0.49999870036747,0.49999931903528,0.5,0.5,1727070298815
4,0.87685888214889,0.94857231534911,0.33333333333333,0.33333333333333,0.49999870036747,0.5000056578785,0.5,0.5,1727070301547
4,0.87685888214889,0.95524347914218,0.33333333333333,0.33333333333333,0.49999870036747,0.50000122352212,0.5,0.5,1727070301589
4,0.87685888214889,0.96190984614801,0.33333333333333,0.33333333333333,0.49999870036747,0.49999902016301,0.5,0.5,1727070303083
4,0.87685888214889,0.96857487251438,0.33333333333333,0.33333333333333,0.49999870036747,0.50000440804514,0.5,0.5,1727070303377
4,0.87685888214889,0.96857487251438,0.33333333333333,0.33333333333333,0.49999870036747,0.50000440804514,0.5,0.5,1727070304145
4,0.87685888214889,0.96857487251438,0.33333333333333,0.33333333333333,0.49999870036747,0.50000440804514,0.5,0.5,1727070305626
4,0.87685888214889,0.96857487251438,0.33333333333333,0.33333333333333,0.49999870036747,0.50000440804514,0.5,0.5,1727070306458
4,0.87685888214889,0.96857487251438,0.33333333333333,0.33333333333333,0.49999870036747,0.50000440804514,0.5,0.5,1727070307051
4,0.87685888214889,0.96857487251438,0.33074583591391,0.33333333333333,0.49999870036747,0.50000440804514,0.50000481116159,0.5,1727070307123
4,0.87685888214889,0.96857487251438,0.3281604626328,0.33333333333333,0.49999870036747,0.50000440804514,0.49999215098479,0.5,1727070307193
4,0.87685888214889,0.96857487251438,0.3209362551472,0.33333333333333,0.49999870036747,0.50000440804514,0.5000303829461,0.5,1727070307208
4,0.87685888214889,0.96857487251438,0.31109874177999,0.33333333333333,0.49999870036747,0.50000440804514,0.50001185570648,0.5,1727070307224
4,0.87685888214889,0.96857487251438,0.30388008895919,0.33333333333333,0.49999870036747,0.50000440804514,0.49999889788643,0.5,1727070307272
4,0.87685888214889,0.96857487251438,0.30129325359944,0.33333333333333,0.49999870036747,0.50000440804514,0.49999950924669,0.5,1727070307322
4,0.87685888214889,0.96857487251438,0.29407319631829,0.33333333333333,0.49999870036747,0.50000440804514,0.49999969942331,0.5,1727070307350
4,0.87685888214889,0.96857487251438,0.28423002860773,0.33333333333333,0.49999870036747,0.50000440804514,0.50003521473654,0.5,1727070307398
4,0.87685888214889,0.96857487251438,0.27701055423209,0.33333333333333,0.49999870036747,0.50000440804514,0.50003009611985,0.5,1727070307462
4,0.87685888214889,0.96857487251438,0.26978268732625,0.33333333333333,0.49999870036747,0.50000440804514,0.50002692096506,0.5,1727070307478
4,0.87685888214889,0.96857487251438,0.26256480404763,0.33333333333333,0.49999870036747,0.50000440804514,0.5000052523519,0.5,1727070307580
4,0.87685888214889,0.96857487251438,0.2599854532875,0.33333333333333,0.49999870036747,0.50000440804514,0.50001316209978,0.5,1727070307604
4,0.87685888214889,0.96857487251438,0.25276410793633,0.33333333333333,0.49999870036747,0.50000440804514,0.50002700784909,0.5,1727070308247
4,0.87685888214889,0.96857487251438,0.24554439390906,0.33333333333333,0.49999870036747,0.50000440804514,0.50002398246734,0.5,1727070308270
4,0.87685888214889,0.96857487251438,0.23831660213316,0.33333333333333,0.49999870036747,0.50000440804514,0.50001970490174,0.5,1727070308306
4,0.87685888214889,0.96857487251438,0.22124085968065,0.33333333333333,0.49999870036747,0.50000440804514,0.50001799360211,0.5,1727070308322
4,0.87685888214889,0.96857487251438,0.21401199581015,0.33333333333333,0.49999870036747,0.50000440804514,0.5000255229338,0.5,1727070308339
4,0.87685888214889,0.96857487251438,0.20418087201475,0.33333333333333,0.49999870036747,0.50000440804514,0.50002328373208,0.5,1727070308356
4,0.87685888214889,0.96857487251438,0.19695994990493,0.33333333333333,0.49999870036747,0.50000440804514,0.50003405281908,0.5,1727070308420
4,0.87685888214889,0.96857487251438,0.18712298939196,0.33333333333333,0.49999870036747,0.50000440804514,0.50000371682082,0.5,1727070308611
4,0.87685888214889,0.96857487251438,0.17728847317454,0.33333333333333,0.49999870036747,0.50000440804514,0.50004249685774,0.5,1727070308656
4,0.87685888214889,0.96857487251438,0.17006885465567,0.33333333333333,0.49999870036747,0.50000440804514,0.50003800090544,0.5,1727070308672
4,0.87685888214889,0.96857487251438,0.16023767886097,0.33333333333333,0.49999870036747,0.50000440804514,0.50003648598911,0.5,1727070308689
4,0.87685888214889,0.96857487251438,0.15301755114857,0.33333333333333,0.49999870036747,0.50000440804514,0.50003832227027,0.5,1727070308706
4,0.87685888214889,0.96857487251438,0.14318756313537,0.33333333333333,0.49999870036747,0.50000440804514,0.50002089735306,0.5,1727070308756
4,0.87685888214889,0.96857487251438,0.13596634572095,0.33333333333333,0.49999870036747,0.50000440804514,0.50003733853569,0.5,1727070308832
4,0.87685888214889,0.96857487251438,0.12874616148331,0.33333333333333,0.49999870036747,0.50000440804514,0.50004009192025,0.5,1727070308840
4,0.87685888214889,0.96857487251438,0.1189162732158,0.33333333333333,0.49999870036747,0.50000440804514,0.5000201489341,0.5,1727070308889
4,0.87685888214889,0.96857487251438,0.10183003230847,0.33333333333333,0.49999870036747,0.50000440804514,0.50005236959354,0.5,1727070308990
4,0.87685888214889,0.96857487251438,0.0946111276413,0.33333333333333,0.49999870036747,0.50000440804514,0.50003622557024,0.5,1727070309046
4,0.87685888214889,0.96857487251438,0.10184897349321,0.33333333333333,0.49999870036747,0.50000440804514,0.50001404892753,0.5,1727070309863
4,0.87685888214889,0.96857487251438,0.11894856693077,0.33333333333333,0.49999870036747,0.50000440804514,0.50002655049685,0.5,1727070309878
4,0.87685888214889,0.96857487251438,0.12618606538182,0.33333333333333,0.49999870036747,0.50000440804514,0.50001084082903,0.5,1727070309892
4,0.87685888214889,0.96857487251438,0.12887850854596,0.33333333333333,0.49999870036747,0.50000440804514,0.50002108468775,0.5,1727070309908
4,0.87685888214889,0.96857487251438,0.13612395294075,0.33333333333333,0.49999870036747,0.50000440804514,0.50000914356545,0.5,1727070309956
4,0.87685888214889,0.96857487251438,0.14600474663077,0.33333333333333,0.49999870036747,0.50000440804514,0.50000477627117,0.5,1727070309972
4,0.87685888214889,0.96857487251438,0.15589335454798,0.33333333333333,0.49999870036747,0.50000440804514,0.5000054276158,0.5,1727070309989
4,0.87685888214889,0.96857487251438,0.16313046900118,0.33333333333333,0.49999870036747,0.50000440804514,0.49999637048081,0.5,1727070310005
4,0.87685888214889,0.96857487251438,0.16313046900118,0.33333333333333,0.49999870036747,0.50000440804514,0.49999637048081,0.5,1727070310946
4,0.87685888214889,0.96857487251438,0.16313046900118,0.33333333333333,0.49999870036747,0.50000440804514,0.49999637048081,0.5,1727070313316
4,0.87685888214889,0.96857487251438,0.16313046900118,0.35051165739922,0.49999870036747,0.50000440804514,0.49999637048081,0.50000364034081,1727070313442
4,0.87685888214889,0.96857487251438,0.16313046900118,0.35718384253184,0.49999870036747,0.50000440804514,0.49999637048081,0.49999929824198,1727070313455
4,0.87685888214889,0.96857487251438,0.16313046900118,0.39446127871476,0.49999870036747,0.50000440804514,0.49999637048081,0.49999977778972,1727070313472
4,0.87685888214889,0.96857487251438,0.16313046900118,0.40113002610622,0.49999870036747,0.50000440804514,0.49999637048081,0.50000588404541,1727070313489
4,0.87685888214889,0.96857487251438,0.16313046900118,0.42498013184062,0.49999870036747,0.50000440804514,0.49999637048081,0.49999633780319,1727070313505
4,0.87685888214889,0.96857487251438,0.16313046900118,0.43834745861109,0.49999870036747,0.50000440804514,0.49999637048081,0.50000720615041,1727070313522
4,0.87685888214889,0.96857487251438,0.16313046900118,0.46602776016425,0.49999870036747,0.50000440804514,0.49999637048081,0.49999768306962,1727070313539
4,0.87685888214889,0.96857487251438,0.16313046900118,0.48609587639822,0.49999870036747,0.50000440804514,0.49999637048081,0.50000267292503,1727070313555
4,0.87685888214889,0.96857487251438,0.16313046900118,0.50327939087956,0.49999870036747,0.50000440804514,0.49999637048081,0.5000018061959,1727070313572
4,0.87685888214889,0.96857487251438,0.16313046900118,0.50994683948889,0.49999870036747,0.50000440804514,0.49999637048081,0.50000607805367,1727070313589
4,0.87685888214889,0.96857487251438,0.16313046900118,0.52045526131289,0.49999870036747,0.50000440804514,0.49999637048081,0.49999550813872,1727070313605
4,0.87685888214889,0.96857487251438,0.16313046900118,0.52712403350539,0.49999870036747,0.50000440804514,0.49999637048081,0.50000067864498,1727070313622
4,0.87685888214889,0.96857487251438,0.16313046900118,0.53379905111906,0.49999870036747,0.50000440804514,0.49999637048081,0.49999933255144,1727070313639
4,0.87685888214889,0.96857487251438,0.16313046900118,0.55096676800069,0.49999870036747,0.50000440804514,0.49999637048081,0.49999830480343,1727070313655
4,0.87685888214889,0.96857487251438,0.16313046900118,0.56814264771289,0.49999870036747,0.50000440804514,0.49999637048081,0.50000282097136,1727070313672
4,0.87685888214889,0.96857487251438,0.16313046900118,0.58531573076171,0.49999870036747,0.50000440804514,0.49999637048081,0.50000530556856,1727070313689
4,0.87685888214889,0.96857487251438,0.16313046900118,0.59581759337191,0.49999870036747,0.50000440804514,0.49999637048081,0.50000143973211,1727070313705
4,0.87685888214889,0.96857487251438,0.16313046900118,0.6091819293905,0.49999870036747,0.50000440804514,0.49999637048081,0.49999827642212,1727070313774
4,0.87685888214889,0.96857487251438,0.16313046900118,0.61585112784101,0.49999870036747,0.50000440804514,0.49999637048081,0.50000316717781,1727070313798
4,0.87685888214889,0.96857487251438,0.16313046900118,0.61972622733641,0.49999870036747,0.50000440804514,0.49999637048081,0.50000199707996,1727070313806
4,0.87685888214889,0.96857487251438,0.16313046900118,0.5998172281738,0.49999870036747,0.50000440804514,0.49999637048081,0.50000119602971,1727070313973
4,0.87685888214889,0.96857487251438,0.16313046900118,0.5998172281738,0.49999870036747,0.50000440804514,0.49999637048081,0.50000119602971,1727070313973
4,0.87685888214889,0.96857487251438,0.16313046900118,0.5998172281738,0.49999870036747,0.50000440804514,0.49999637048081,0.50000119602971,1727070314543
4,0.87685888214889,0.96857487251438,0.16313046900118,0.5998172281738,0.49999870036747,0.50000440804514,0.49999637048081,0.50000119602971,1727070314543
4,0.87685888214889,0.96857487251438,0.16313046900118,0.60648814688786,0.49999870036747,0.50000440804514,0.49999637048081,0.50000722484928,1727070314558
4,0.87685888214889,0.96857487251438,0.16313046900118,0.61316140637441,0.49999870036747,0.50000440804514,0.49999637048081,0.50000482894848,1727070314572
4,0.87685888214889,0.96857487251438,0.16313046900118,0.63032640917098,0.49999870036747,0.50000440804514,0.49999637048081,0.50000208691159,1727070314589
4,0.87685888214889,0.96857487251438,0.16313046900118,0.65417067202068,0.49999870036747,0.50000440804514,0.49999637048081,0.50000087882011,1727070314605
4,0.87685888214889,0.96857487251438,0.16313046900118,0.67423005696858,0.49999870036747,0.50000440804514,0.49999637048081,0.49999957511574,1727070314622
4,0.87685888214889,0.96857487251438,0.16313046900118,0.68758646991575,0.49999870036747,0.50000440804514,0.49999637048081,0.5000010905194,1727070314672
4,0.87685888214889,0.96857487251438,0.16313046900118,0.69425414857008,0.49999870036747,0.50000440804514,0.49999637048081,0.50000466793405,1727070314692
4,0.87685888214889,0.96857487251438,0.16313046900118,0.70092467055654,0.49999870036747,0.50000440804514,0.49999637048081,0.50000092395951,1727070314708
4,0.87685888214889,0.96857487251438,0.16313046900118,0.7047899085814,0.49999870036747,0.50000440804514,0.49999637048081,0.5000030564731,1727070314722
4,0.87685888214889,0.96857487251438,0.16313046900118,0.71145817937909,0.49999870036747,0.50000440804514,0.49999637048081,0.49999807380044,1727070314788
4,0.87685888214889,0.96857487251438,0.16313046900118,0.71812672813112,0.49999870036747,0.50000440804514,0.49999637048081,0.50000207928897,1727070314806
4,0.87685888214889,0.96857487251438,0.16313046900118,0.72480190050776,0.49999870036747,0.50000440804514,0.49999637048081,0.50000107488965,1727070314962
4,0.87685888214889,0.96857487251438,0.16313046900118,0.72866240213754,0.49999870036747,0.50000440804514,0.49999637048081,0.50000048655126,1727070314978
4,0.87685888214889,0.96857487251438,0.16313046900118,0.73918573148392,0.49999870036747,0.50000440804514,0.49999637048081,0.50000062206484,1727070315002
4,0.87685888214889,0.96857487251438,0.16313046900118,0.74584884302657,0.49999870036747,0.50000440804514,0.49999637048081,0.50000148880248,1727070315080
4,0.87685888214889,0.96857487251438,0.16313046900118,0.75635671829426,0.49999870036747,0.50000440804514,0.49999637048081,0.50000157349105,1727070315089
4,0.87685888214889,0.96857487251438,0.16313046900118,0.7630314911156,0.49999870036747,0.50000440804514,0.49999637048081,0.50000039287613,1727070315112
4,0.87685888214889,0.96857487251438,0.16313046900118,0.76689501387864,0.49999870036747,0.50000440804514,0.49999637048081,0.50000146720956,1727070315122
4,0.87685888214889,0.96857487251438,0.16313046900118,0.7774085722711,0.49999870036747,0.50000440804514,0.49999637048081,0.50000460005332,1727070315144
4,0.87685888214889,0.96857487251438,0.16313046900118,0.77076014972913,0.49999870036747,0.50000440804514,0.49999637048081,0.50000340465837,1727070315509
4,0.87685888214889,0.96857487251438,0.16313046900118,0.75746549026425,0.49999870036747,0.50000440804514,0.49999637048081,0.50000216259677,1727070315581
4,0.87685888214889,0.96857487251438,0.16313046900118,0.75746549026425,0.49999870036747,0.50000440804514,0.49999637048081,0.50000216259677,1727070315581
4,0.87685888214889,0.96857487251438,0.16313046900118,0.75746549026425,0.49999870036747,0.50000440804514,0.49999637048081,0.50000216259677,1727070316935
4,0.87685888214889,0.96857487251438,0.16313046900118,0.7508104218401,0.49999870036747,0.50000440804514,0.49999637048081,0.50000574119886,1727070317060
4,0.87685888214889,0.96857487251438,0.16313046900118,0.73363902343531,0.49999870036747,0.50000440804514,0.49999637048081,0.50000462646864,1727070317072
4,0.87685888214889,0.96857487251438,0.16313046900118,0.72313109397303,0.49999870036747,0.50000440804514,0.49999637048081,0.49999582588938,1727070317089
4,0.87685888214889,0.96857487251438,0.16313046900118,0.71263362818366,0.49999870036747,0.50000440804514,0.49999637048081,0.50000163740654,1727070317105
4,0.87685888214889,0.96857487251438,0.16313046900118,0.70212223270511,0.49999870036747,0.50000440804514,0.49999637048081,0.49999951115331,1727070318147
4,0.87685888214889,0.96857487251438,0.16313046900118,0.69547694461798,0.49999870036747,0.50000440804514,0.49999637048081,0.50000001256105,1727070318155
4,0.87685888214889,0.96857487251438,0.16313046900118,0.688818710914,0.49999870036747,0.50000440804514,0.49999637048081,0.50000195339464,1727070318232
4,0.87685888214889,0.96857487251438,0.16313046900118,0.68216590060063,0.49999870036747,0.50000440804514,0.49999637048081,0.49999803037283,1727070318313
4,0.87685888214889,0.96857487251438,0.16313046900118,0.67834296882819,0.49999870036747,0.50000440804514,0.49999637048081,0.50000267680928,1727070318355
4,0.87685888214889,0.96857487251438,0.16313046900118,0.66783764562004,0.49999870036747,0.50000440804514,0.49999637048081,0.50000413052071,1727070318405
4,0.87685888214889,0.96857487251438,0.16313046900118,0.66783764562004,0.49999870036747,0.50000440804514,0.49999637048081,0.50000413052071,1727070319279
4,0.87685888214889,0.96857487251438,0.16313046900118,0.66783764562004,0.49999870036747,0.50000440804514,0.49999637048081,0.50000413052071,1727070320149
4,0.87685888214889,0.96857487251438,0.16313046900118,0.66783764562004,0.49999870036747,0.50000440804514,0.49999637048081,0.50000413052071,1727070320324
4,0.87685888214889,0.96857487251438,0.16313046900118,0.66783764562004,0.49999870036747,0.50000440804514,0.49999637048081,0.50000413052071,1727070320831
4,0.87685888214889,0.96857487251438,0.16313046900118,0.65455065556776,0.49999870036747,0.50000440804514,0.49999637048081,0.5000074323152,1727070321283
4,0.87685888214889,0.96857487251438,0.16313046900118,0.65455065556776,0.49999870036747,0.50000440804514,0.49999637048081,0.5000074323152,1727070323721
5,0.0,1.0,0.16666666666667,0.16666666666667,0.5,0.5,0.5,0.5,1727070326652
5,0.0,1.0,0.15944373087384,0.16666666666667,0.5,0.5,0.50003537314274,0.5,1727070326674
5,0.0,1.0,0.15687472448659,0.16666666666667,0.5,0.5,0.50001764075945,0.5,1727070326688
5,0.0,1.0,0.14704469072466,0.16666666666667,0.5,0.5,0.50000047823104,0.5,1727070326705
5,0.0,1.0,0.12743802620046,0.16666666666667,0.5,0.5,0.50001768057961,0.5,1727070326722
5,0.0,1.0,0.12021841423894,0.16666666666667,0.5,0.5,0.50001200255432,0.5,1727070326738
5,0.0,1.0,0.08129290088182,0.16666666666667,0.5,0.5,0.50003186302266,0.5,1727070326755
5,0.0,1.0,0.06420962367393,0.16666666666667,0.5,0.5,0.50001908206127,0.5,1727070326772
5,0.0,1.0,0.04713152491051,0.16666666666667,0.5,0.5,0.50005794665677,0.5,1727070326788
5,0.0,1.0,0.02281382045626,0.16666666666667,0.5,0.5,0.50000828012872,0.5,1727070326805
5,0.0,1.0,0.013000032838,0.16666666666667,0.5,0.5,0.49998453073061,0.5,1727070326821
5,0.0,1.0,0.0,0.16666666666667,0.5,0.5,0.5,0.5,1727070326838
5,0.0,1.0,0.0,0.16666666666667,0.5,0.5,0.5,0.5,1727070326855
5,0.0,1.0,0.0,0.16666666666667,0.5,0.5,0.5,0.5,1727070326872
5,0.0,1.0,0.0,0.16666666666667,0.5,0.5,0.5,0.5,1727070326888
5,0.0,1.0,0.0,0.16666666666667,0.5,0.5,0.5,0.5,1727070326905
5,0.0,1.0,0.0,0.16666666666667,0.5,0.5,0.5,0.5,1727070326922
5,0.0,1.0,0.0,0.16666666666667,0.5,0.5,0.5,0.5,1727070326938
5,0.0,1.0,0.0,0.16666666666667,0.5,0.5,0.5,0.5,1727070326955
5,0.0,1.0,0.0,0.16666666666667,0.5,0.5,0.5,0.5,1727070326972
5,0.0,1.0,0.0,0.16666666666667,0.5,0.5,0.5,0.5,1727070326992
5,0.0,1.0,0.0,0.16666666666667,0.5,0.5,0.5,0.5,1727070327016
5,0.0,1.0,0.0,0.16666666666667,0.5,0.5,0.5,0.5,1727070327024
5,0.0,1.0,0.0,0.16666666666667,0.5,0.5,0.5,0.5,1727070327038
5,0.0,1.0,0.0,0.16666666666667,0.5,0.5,0.5,0.5,1727070327055
5,0.0,1.0,0.0,0.16666666666667,0.5,0.5,0.5,0.5,1727070327072
5,0.0,1.0,0.0,0.16666666666667,0.5,0.5,0.5,0.5,1727070327088
5,0.0,1.0,0.0,0.16666666666667,0.5,0.5,0.5,0.5,1727070327105
5,0.0,1.0,0.0,0.16666666666667,0.5,0.5,0.5,0.5,1727070327191
5,0.0,1.0,0.0,0.16666666666667,0.5,0.5,0.5,0.5,1727070329362
5,0.0,1.0,0.0,0.16002164322928,0.5,0.5,0.5,0.50000841552143,1727070329371
5,0.0,1.0,0.0,0.14677003247254,0.5,0.5,0.5,0.50000111400069,1727070329388
5,0.0,1.0,0.0,0.12044055665916,0.5,0.5,0.5,0.49999166965218,1727070329405
5,0.0,1.0,0.0,0.0835273439938,0.5,0.5,0.5,0.50000705355776,1727070329421
5,0.0,1.0,0.0,-0.0,0.5,0.5,0.5,0.5,1727070329438
5,0.0,1.0,0.0,-0.0,0.5,0.5,0.5,0.5,1727070329455
5,0.0,1.0,0.0,-0.0,0.5,0.5,0.5,0.5,1727070329471
5,0.0,1.0,0.0,-0.0,0.5,0.5,0.5,0.5,1727070329488
5,0.0,1.0,0.0,-0.0,0.5,0.5,0.5,0.5,1727070329505
5,0.0,1.0,0.0,-0.0,0.5,0.5,0.5,0.5,1727070329521
5,0.0,1.0,0.0,-0.0,0.5,0.5,0.5,0.5,1727070329538
5,0.0,1.0,0.0,-0.0,0.5,0.5,0.5,0.5,1727070329558
5,0.0,1.0,0.0,-0.0,0.5,0.5,0.5,0.5,1727070329571
5,0.0,1.0,0.0,-0.0,0.5,0.5,0.5,0.5,1727070329588
5,0.0,1.0,0.0,-0.0,0.5,0.5,0.5,0.5,1727070329605
5,0.0,1.0,0.0,-0.0,0.5,0.5,0.5,0.5,1727070329621
5,0.0,1.0,0.0,-0.0,0.5,0.5,0.5,0.5,1727070329638
5,0.0,1.0,0.0,-0.0,0.5,0.5,0.5,0.5,1727070329655
5,0.0,1.0,0.0,-0.0,0.5,0.5,0.5,0.5,1727070329671
5,0.0,1.0,0.0,-0.0,0.5,0.5,0.5,0.5,1727070329688
5,0.0,1.0,0.0,-0.0,0.5,0.5,0.5,0.5,1727070329756
5,0.0,1.0,0.0,-0.0,0.5,0.5,0.5,0.5,1727070332640
5,0.00394069835821,1.0,0.0,-0.0,0.50000485633662,0.5,0.5,0.5,1727070332671
5,0.01062658659745,1.0,0.0,-0.0,0.49999115204312,0.5,0.5,0.5,1727070332688
5,0.03768054082022,1.0,0.0,-0.0,0.50000693325393,0.5,0.5,0.5,1727070332704
5,0.07157369862435,1.0,0.0,-0.0,0.50000765999196,0.5,0.5,0.5,1727070332721
5,0.0917549785058,1.0,0.0,-0.0,0.50000182674144,0.5,0.5,0.5,1727070332738
5,0.10891851634901,1.0,0.0,-0.0,0.49999299456159,0.5,0.5,0.5,1727070332755
5,0.1290797285071,1.0,0.0,-0.0,0.50000408017822,0.5,0.5,0.5,1727070332771
5,0.1596625854907,1.0,0.0,-0.0,0.50000140910401,0.5,0.5,0.5,1727070332788
5,0.200233467268,1.0,0.0,-0.0,0.5000033038513,0.5,0.5,0.5,1727070332804
5,0.23457945972988,1.0,0.0,-0.0,0.50001163792976,0.5,0.5,0.5,1727070332821
5,0.25469238141309,1.0,0.0,-0.0,0.50000008053297,0.5,0.5,0.5,1727070332838
5,0.2919917710717,1.0,0.0,-0.0,0.50000727894521,0.5,0.5,0.5,1727070332854
5,0.33603919056983,1.0,0.0,-0.0,0.50000792253579,0.5,0.5,0.5,1727070332871
5,0.35988976024051,1.0,0.0,-0.0,0.49999769714977,0.5,0.5,0.5,1727070332888
5,0.39044012476325,1.0,0.0,-0.0,0.50000805377837,0.5,0.5,0.5,1727070332904
5,0.42478716682374,1.0,0.0,-0.0,0.50000208462943,0.5,0.5,0.5,1727070332921
5,0.45159757674739,1.0,0.0,-0.0,0.49999809576034,0.5,0.5,0.5,1727070332938
5,0.47263277098011,1.0,0.0,-0.0,0.50000152722353,0.5,0.5,0.5,1727070332954
5,0.49271612127273,1.0,0.0,-0.0,0.50000625693061,0.5,0.5,0.5,1727070332971
5,0.52705451561333,1.0,0.0,-0.0,0.50000593275694,0.5,0.5,0.5,1727070332988
5,0.54422186133775,1.0,0.0,-0.0,0.50000449597212,0.5,0.5,0.5,1727070333004
5,0.56807431244924,1.0,0.0,-0.0,0.50000860881473,0.5,0.5,0.5,1727070333021
5,0.58524042500591,1.0,0.0,-0.0,0.50000637361101,0.5,0.5,0.5,1727070333038
5,0.60240941845792,1.0,0.0,-0.0,0.50000609174219,0.5,0.5,0.5,1727070333054
5,0.60908378044422,1.0,0.0,-0.0,0.5000044008044,0.5,0.5,0.5,1727070333071
5,0.62625343579944,1.0,0.0,-0.0,0.50000458171752,0.5,0.5,0.5,1727070333088
5,0.6434183768773,1.0,0.0,-0.0,0.5000018465252,0.5,0.5,0.5,1727070333130
5,0.65009125139334,1.0,0.0,-0.0,0.49999935298979,0.5,0.5,0.5,1727070333155
5,0.66059951171159,1.0,0.0,-0.0,0.49999970436231,0.5,0.5,0.5,1727070333171
5,0.67111813016815,1.0,0.0,-0.0,0.50000624749751,0.5,0.5,0.5,1727070333188
5,0.67778933494492,1.0,0.0,-0.0,0.5000028045459,0.5,0.5,0.5,1727070333204
5,0.68445371316014,1.0,0.0,-0.0,0.50000445999896,0.5,0.5,0.5,1727070333221
5,0.69113085614286,1.0,0.0,-0.0,0.50000455718004,0.5,0.5,0.5,1727070333248
5,0.69499063690363,1.0,0.0,-0.0,0.50000351308651,0.5,0.5,0.5,1727070333288
5,0.70166529801187,1.0,0.0,-0.0,0.50000217802138,0.5,0.5,0.5,1727070334373
5,0.70833373055269,1.0,0.0,-0.0,0.50000612901617,0.5,0.5,0.5,1727070334388
5,0.71220552847311,1.0,0.0,-0.0,0.50000316772662,0.5,0.5,0.5,1727070334445
5,0.7188665161183,1.0,0.0,-0.0,0.50000283250954,0.5,0.5,0.5,1727070334460
5,0.72274158711387,1.0,0.0,-0.0,0.50000177150761,0.5,0.5,0.5,1727070334476
5,0.72941115066159,1.0,0.0,-0.0,0.50000627690449,0.5,0.5,0.5,1727070335783
5,0.73327653254993,1.0,0.0,-0.0,0.49999978102926,0.5,0.5,0.5,1727070335919
5,0.73994759432294,1.0,0.0,-0.0,0.5000050862897,0.5,0.5,0.5,1727070335934
5,0.74661789692017,1.0,0.0,-0.0,0.50000138980611,0.5,0.5,0.5,1727070335948
5,0.75328764750499,1.0,0.0,-0.0,0.50000589330146,0.5,0.5,0.5,1727070335964
5,0.75715507220806,1.0,0.0,-0.0,0.50000067115681,0.5,0.5,0.5,1727070335972
5,0.76382315013293,1.0,0.0,-0.0,0.50000422297397,0.5,0.5,0.5,1727070335988
5,0.770495654471,1.0,0.0,-0.0,0.50000180811623,0.5,0.5,0.5,1727070336004
5,0.78100046920628,1.0,0.0,-0.0,0.50000025090865,0.5,0.5,0.5,1727070336060
5,0.78766964651402,1.0,0.0,-0.0,0.49999613385235,0.5,0.5,0.5,1727070336104
5,0.7981898891671,1.0,0.0,-0.0,0.50000277391174,0.5,0.5,0.5,1727070336171
5,0.80485147677222,1.0,0.0,-0.0,0.50000278207931,0.5,0.5,0.5,1727070337075
5,0.80485147677222,1.0,0.0,-0.0,0.50000278207931,0.5,0.5,0.5,1727070337075
5,0.80485147677222,1.0,0.0,-0.0,0.50000278207931,0.5,0.5,0.5,1727070338644
5,0.80485147677222,0.9961714052094,0.0,-0.0,0.50000278207931,0.4999990379884,0.5,0.5,1727070338659
5,0.80485147677222,0.98566873218536,0.0,-0.0,0.50000278207931,0.49999679031779,0.5,0.5,1727070338674
5,0.80485147677222,0.97901224847611,0.0,-0.0,0.50000278207931,0.49999450540252,0.5,0.5,1727070338688
5,0.80485147677222,0.96092142115789,0.0,-0.0,0.50000278207931,0.49999374930744,0.5,0.5,1727070338704
5,0.80485147677222,0.90941270441249,0.0,-0.0,0.50000278207931,0.50000127450206,0.5,0.5,1727070338721
5,0.80485147677222,0.88559240244553,0.0,-0.0,0.50000278207931,0.49999621939459,0.5,0.5,1727070338738
5,0.80485147677222,0.8579101205782,0.0,-0.0,0.50000278207931,0.49999879162111,0.5,0.5,1727070338754
5,0.80485147677222,0.81692852474915,0.0,-0.0,0.50000278207931,0.49999718487106,0.5,0.5,1727070338771
5,0.80485147677222,0.74826212249273,0.0,-0.0,0.50000278207931,0.4999996774462,0.5,0.5,1727070338788
5,0.80485147677222,0.66634057752955,0.0,-0.0,0.50000278207931,0.49999872688538,0.5,0.5,1727070338804
5,0.80485147677222,0.57124712703297,0.0,-0.0,0.50000278207931,0.49999934666938,0.5,0.5,1727070338821
5,0.80485147677222,0.48676147939591,0.0,-0.0,0.50000278207931,0.49999428794828,0.5,0.5,1727070338838
5,0.80485147677222,0.4154318318341,0.0,-0.0,0.50000278207931,0.4999991196037,0.5,0.5,1727070338854
5,0.80485147677222,0.38897414235433,0.0,-0.0,0.50000278207931,0.49999576212063,0.5,0.5,1727070338871
5,0.80485147677222,0.35463256272035,0.0,-0.0,0.50000278207931,0.49999836462304,0.5,0.5,1727070338887
5,0.80485147677222,0.33081820619983,0.0,-0.0,0.50000278207931,0.49999732167521,0.5,0.5,1727070338904
5,0.80485147677222,0.31364726358183,0.0,-0.0,0.50000278207931,0.49999891451772,0.5,0.5,1727070338921
5,0.80485147677222,0.30314934586456,0.0,-0.0,0.50000278207931,0.50000448548459,0.5,0.5,1727070338937
5,0.80485147677222,0.28987972039133,0.0,-0.0,0.50000278207931,0.49999714336565,0.5,0.5,1727070338954
5,0.80485147677222,0.27938333999183,0.0,-0.0,0.50000278207931,0.50000132826465,0.5,0.5,1727070338971
5,0.80485147677222,0.2661170288202,0.0,-0.0,0.50000278207931,0.49999002653802,0.5,0.5,1727070338988
5,0.80485147677222,0.25284701978891,0.0,-0.0,0.50000278207931,0.49999905056792,0.5,0.5,1727070339004
5,0.80485147677222,0.24235072335117,0.0,-0.0,0.50000278207931,0.5000034968836,0.5,0.5,1727070339021
5,0.80485147677222,0.23571059727134,0.0,-0.0,0.50000278207931,0.4999967025863,0.5,0.5,1727070339038
5,0.80485147677222,0.22906656248244,0.0,-0.0,0.50000278207931,0.49999421816666,0.5,0.5,1727070339062
5,0.80485147677222,0.22526190328278,0.0,-0.0,0.50000278207931,0.49999957678824,0.5,0.5,1727070339104
5,0.80485147677222,0.21861799829101,0.0,-0.0,0.50000278207931,0.4999969250145,0.5,0.5,1727070339124
5,0.80485147677222,0.20144798304733,0.0,-0.0,0.50000278207931,0.49999776609756,0.5,0.5,1727070339140
5,0.80485147677222,0.19094812215089,0.0,-0.0,0.50000278207931,0.49998792112932,0.5,0.5,1727070339156
5,0.80485147677222,0.18430421585397,0.0,-0.0,0.50000278207931,0.49998488321462,0.5,0.5,1727070339171
5,0.80485147677222,0.18051025545285,0.0,-0.0,0.50000278207931,0.49999671753555,0.5,0.5,1727070339187
5,0.80485147677222,0.16334195560153,0.0,-0.0,0.50000278207931,0.49999533951206,0.5,0.5,1727070339220
5,0.80485147677222,0.15669715910355,0.0,-0.0,0.50000278207931,0.49999342331793,0.5,0.5,1727070339236
5,0.80485147677222,0.15005372662874,0.0,-0.0,0.50000278207931,0.49998956370008,0.5,0.5,1727070339252
5,0.80485147677222,0.14340625027768,0.0,-0.0,0.50000278207931,0.49999124073507,0.5,0.5,1727070339260
5,0.80485147677222,0.13290944623047,0.0,-0.0,0.50000278207931,0.49999747463122,0.5,0.5,1727070339276
5,0.80485147677222,0.14630831583665,0.0,-0.0,0.50000278207931,0.49999913257077,0.5,0.5,1727070339553
5,0.80485147677222,0.15970892078684,0.0,-0.0,0.50000278207931,0.49999834688564,0.5,0.5,1727070339568
5,0.80485147677222,0.17309801921239,0.0,-0.0,0.50000278207931,0.4999925574718,0.5,0.5,1727070339577
5,0.80485147677222,0.1864889756685,0.0,-0.0,0.50000278207931,0.50000420868217,0.5,0.5,1727070339588
5,0.80485147677222,0.21706138620642,0.0,-0.0,0.50000278207931,0.50000017972516,0.5,0.5,1727070339604
5,0.80485147677222,0.23719278817242,0.0,-0.0,0.50000278207931,0.49999075133795,0.5,0.5,1727070339621
5,0.80485147677222,0.26775625245485,0.0,-0.0,0.50000278207931,0.49999743767023,0.5,0.5,1727070339637
5,0.80485147677222,0.28492720398319,0.0,-0.0,0.50000278207931,0.49999574640339,0.5,0.5,1727070339654
5,0.80485147677222,0.30503215513787,0.0,-0.0,0.50000278207931,0.4999986233404,0.5,0.5,1727070339671
5,0.80485147677222,0.31554090240976,0.0,-0.0,0.50000278207931,0.4999976204694,0.5,0.5,1727070339687
5,0.80485147677222,0.32222328397237,0.0,-0.0,0.50000278207931,0.49999238910073,0.5,0.5,1727070339704
5,0.80485147677222,0.32889075680293,0.0,-0.0,0.50000278207931,0.50000147704993,0.5,0.5,1727070340741
5,0.80485147677222,0.3327783166811,0.0,-0.0,0.50000278207931,0.49999140442844,0.5,0.5,1727070340787
5,0.80485147677222,0.34329282953717,0.0,-0.0,0.50000278207931,0.49999951506554,0.5,0.5,1727070340804
5,0.80485147677222,0.34996741555752,0.0,-0.0,0.50000278207931,0.50000166805589,0.5,0.5,1727070340821
5,0.80485147677222,0.34996741555752,0.0,-0.0,0.50000278207931,0.50000166805589,0.5,0.5,1727070341225
5,0.80485147677222,0.34996741555752,0.0,-0.0,0.50000278207931,0.50000166805589,0.5,0.5,1727070342168
5,0.81820690213454,0.34996741555752,0.0,-0.0,0.50000356236429,0.50000166805589,0.5,0.5,1727070342285
5,0.82486964614146,0.34996741555752,0.0,-0.0,0.49999626746431,0.50000166805589,0.5,0.5,1727070342349
5,0.83538480303469,0.34996741555752,0.0,-0.0,0.50000009531817,0.50000166805589,0.5,0.5,1727070342475
5,0.84589480253036,0.34996741555752,0.0,-0.0,0.50000125511663,0.50000166805589,0.5,0.5,1727070342498
5,0.85256459739165,0.34996741555752,0.0,-0.0,0.50000537606457,0.50000166805589,0.5,0.5,1727070342603
5,0.85643299225632,0.34996741555752,0.0,-0.0,0.50000110771985,0.50000166805589,0.5,0.5,1727070342637
5,0.85643299225632,0.34996741555752,0.0,-0.0,0.50000110771985,0.50000166805589,0.5,0.5,1727070343053
5,0.85643299225632,0.34996741555752,0.0,-0.0,0.50000110771985,0.50000166805589,0.5,0.5,1727070344996
5,0.86030098746934,0.34996741555752,0.0,-0.0,0.50000431000754,0.50000166805589,0.5,0.5,1727070345081
5,0.85363956765797,0.34996741555752,0.0,-0.0,0.4999967098321,0.50000166805589,0.5,0.5,1727070345279
5,0.84698916616101,0.34996741555752,0.0,-0.0,0.50000228714453,0.50000166805589,0.5,0.5,1727070345541
5,0.83648147069091,0.34996741555752,0.0,-0.0,0.50000230765944,0.50000166805589,0.5,0.5,1727070345811
5,0.83265901312471,0.34996741555752,0.0,-0.0,0.50000654839401,0.50000166805589,0.5,0.5,1727070345921
5,0.83265901312471,0.34996741555752,0.0,-0.0,0.50000654839401,0.50000166805589,0.5,0.5,1727070346277
5,0.83265901312471,0.34996741555752,0.0,-0.0,0.50000654839401,0.50000166805589,0.5,0.5,1727070348148
5,0.83265901312471,0.34996741555752,0.0,-0.0,0.50000654839401,0.50000166805589,0.5,0.5,1727070349057
5,0.83265901312471,0.34996741555752,0.0,-0.0,0.50000654839401,0.50000166805589,0.5,0.5,1727070349517
5,0.83265901312471,0.34996741555752,0.0,-0.0,0.50000654839401,0.50000166805589,0.5,0.5,1727070349715
5,0.82882869808817,0.34996741555752,0.0,-0.0,0.49999894155474,0.50000166805589,0.5,0.5,1727070349889
5,0.83269586336927,0.34996741555752,0.0,-0.0,0.50000181061595,0.50000166805589,0.5,0.5,1727070350252
5,0.83269586336927,0.34996741555752,0.0,-0.0,0.50000181061595,0.50000166805589,0.5,0.5,1727070350545
6,0.83333333333333,0.66666666666667,0.83333333333333,0.83333333333333,0.5,0.5,0.5,0.5,1727070355268
6,0.83333333333333,0.66666666666667,0.83598506540941,0.83333333333333,0.5,0.5,0.50000079927892,0.5,1727070355409
6,0.83333333333333,0.66666666666667,0.84321989392119,0.83333333333333,0.5,0.5,0.50000837944489,0.5,1727070355420
6,0.83333333333333,0.66666666666667,0.85577044130721,0.83333333333333,0.5,0.5,0.50000147157464,0.5,1727070355437
6,0.83333333333333,0.66666666666667,0.87286126510943,0.83333333333333,0.5,0.5,0.50000849829571,0.5,1727070355453
6,0.83333333333333,0.66666666666667,0.88273263981545,0.83333333333333,0.5,0.5,0.50001268904407,0.5,1727070355470
6,0.83333333333333,0.66666666666667,0.89981785608176,0.83333333333333,0.5,0.5,0.50000761726344,0.5,1727070355502
6,0.83333333333333,0.66666666666667,0.90246963572839,0.83333333333333,0.5,0.5,0.50000977978976,0.5,1727070355510
6,0.83333333333333,0.66666666666667,0.91234184933714,0.83333333333333,0.5,0.5,0.50001006567902,0.5,1727070355526
6,0.83333333333333,0.66666666666667,0.92220903658411,0.83333333333333,0.5,0.5,0.49999620295248,0.5,1727070355537
6,0.83333333333333,0.66666666666667,0.93668010737179,0.83333333333333,0.5,0.5,0.50000397382778,0.5,1727070355553
6,0.83333333333333,0.66666666666667,0.93933328552431,0.83333333333333,0.5,0.5,0.49999990724997,0.5,1727070355570
6,0.83333333333333,0.66666666666667,0.95379535253268,0.83333333333333,0.5,0.5,0.50001108793935,0.5,1727070355587
6,0.83333333333333,0.66666666666667,0.96103296083388,0.83333333333333,0.5,0.5,0.50000582450958,0.5,1727070355603
6,0.83333333333333,0.66666666666667,0.97089498844226,0.83333333333333,0.5,0.5,0.50001472473945,0.5,1727070355620
6,0.83333333333333,0.66666666666667,0.98076838935833,0.83333333333333,0.5,0.5,0.50000989296534,0.5,1727070355637
6,0.83333333333333,0.66666666666667,0.990632671138,0.83333333333333,0.5,0.5,0.50000908500958,0.5,1727070355653
6,0.83333333333333,0.66666666666667,0.99786033417103,0.83333333333333,0.5,0.5,0.50001138655664,0.5,1727070355670
6,0.83333333333333,0.66666666666667,1.0,0.83333333333333,0.5,0.5,0.5,0.5,1727070355828
6,0.83333333333333,0.66666666666667,1.0,0.83333333333333,0.5,0.5,0.5,0.5,1727070355870
6,0.83333333333333,0.66666666666667,1.0,0.83333333333333,0.5,0.5,0.5,0.5,1727070355887
6,0.83333333333333,0.66666666666667,1.0,0.83333333333333,0.5,0.5,0.5,0.5,1727070355903
6,0.83333333333333,0.66666666666667,1.0,0.83333333333333,0.5,0.5,0.5,0.5,1727070355920
6,0.83333333333333,0.66666666666667,1.0,0.83333333333333,0.5,0.5,0.5,0.5,1727070355970
6,0.83333333333333,0.66666666666667,1.0,0.83333333333333,0.5,0.5,0.5,0.5,1727070355987
6,0.83333333333333,0.66666666666667,1.0,0.83333333333333,0.5,0.5,0.5,0.5,1727070356010
6,0.83333333333333,0.66666666666667,1.0,0.83333333333333,0.5,0.5,0.5,0.5,1727070356327
6,0.83333333333333,0.66666666666667,1.0,0.83333333333333,0.5,0.5,0.5,0.5,1727070356342
6,0.83333333333333,0.66666666666667,1.0,0.83333333333333,0.5,0.5,0.5,0.5,1727070356358
6,0.83333333333333,0.66666666666667,1.0,0.83333333333333,0.5,0.5,0.5,0.5,1727070356431
6,0.83333333333333,0.66666666666667,1.0,0.83333333333333,0.5,0.5,0.5,0.5,1727070356470
6,0.83333333333333,0.66666666666667,1.0,0.83333333333333,0.5,0.5,0.5,0.5,1727070356487
6,0.83333333333333,0.66666666666667,1.0,0.83333333333333,0.5,0.5,0.5,0.5,1727070356503
6,0.83333333333333,0.66666666666667,1.0,0.83333333333333,0.5,0.5,0.5,0.5,1727070356520
6,0.83333333333333,0.66666666666667,1.0,0.83333333333333,0.5,0.5,0.5,0.5,1727070356540
6,0.83333333333333,0.66666666666667,1.0,0.83333333333333,0.5,0.5,0.5,0.5,1727070356553
6,0.83333333333333,0.66666666666667,1.0,0.83333333333333,0.5,0.5,0.5,0.5,1727070356570
6,0.83333333333333,0.66666666666667,1.0,0.83333333333333,0.5,0.5,0.5,0.5,1727070356588
6,0.83333333333333,0.66666666666667,1.0,0.83333333333333,0.5,0.5,0.5,0.5,1727070356604
6,0.83333333333333,0.66666666666667,1.0,0.83333333333333,0.5,0.5,0.5,0.5,1727070356620
6,0.83333333333333,0.66666666666667,1.0,0.83333333333333,0.5,0.5,0.5,0.5,1727070356652
6,0.83333333333333,0.66666666666667,1.0,0.83333333333333,0.5,0.5,0.5,0.5,1727070356687
6,0.83333333333333,0.66666666666667,1.0,0.83333333333333,0.5,0.5,0.5,0.5,1727070356746
6,0.83333333333333,0.66666666666667,1.0,0.83333333333333,0.5,0.5,0.5,0.5,1727070356867
6,0.83333333333333,0.66666666666667,1.0,0.83333333333333,0.5,0.5,0.5,0.5,1727070357001
6,0.83333333333333,0.66666666666667,1.0,0.83333333333333,0.5,0.5,0.5,0.5,1727070357017
6,0.83333333333333,0.66666666666667,1.0,0.83333333333333,0.5,0.5,0.5,0.5,1727070357032
6,0.83333333333333,0.66666666666667,1.0,0.83333333333333,0.5,0.5,0.5,0.5,1727070357040
6,0.83333333333333,0.66666666666667,1.0,0.83333333333333,0.5,0.5,0.5,0.5,1727070357053
6,0.83333333333333,0.66666666666667,1.0,0.83333333333333,0.5,0.5,0.5,0.5,1727070357070
6,0.83333333333333,0.66666666666667,1.0,0.83333333333333,0.5,0.5,0.5,0.5,1727070357206
6,0.83333333333333,0.66666666666667,1.0,0.83333333333333,0.5,0.5,0.5,0.5,1727070360303
6,0.83333333333333,0.66666666666667,1.0,0.82003471367867,0.5,0.5,0.5,0.50000203235163,1727070360391
6,0.83333333333333,0.66666666666667,1.0,0.80953895315625,0.5,0.5,0.5,0.50000025581227,1727070360403
6,0.83333333333333,0.66666666666667,1.0,0.79902881102884,0.5,0.5,0.5,0.4999989708446,1727070360420
6,0.83333333333333,0.66666666666667,1.0,0.7713522675008,0.5,0.5,0.5,0.49999914783833,1727070360436
6,0.83333333333333,0.66666666666667,1.0,0.73702544204063,0.5,0.5,0.5,0.50000561782862,1727070360453
6,0.83333333333333,0.66666666666667,1.0,0.73036411957174,0.5,0.5,0.5,0.49999712560538,1727070360470
6,0.83333333333333,0.66666666666667,1.0,0.71986212844684,0.5,0.5,0.5,0.50000033538366,1727070360492
6,0.83333333333333,0.66666666666667,1.0,0.70935804305995,0.5,0.5,0.5,0.50000241189819,1727070360508
6,0.83333333333333,0.66666666666667,1.0,0.70553480383486,0.5,0.5,0.5,0.49999788955985,1727070360532
6,0.83333333333333,0.66666666666667,1.0,0.69224347906003,0.5,0.5,0.5,0.4999984349188,1727070360621
6,0.83333333333333,0.66666666666667,1.0,0.68841722916607,0.5,0.5,0.5,0.50000108369043,1727070360650
6,0.83333333333333,0.66666666666667,1.0,0.68176601141522,0.5,0.5,0.5,0.49999809509692,1727070360658
6,0.83333333333333,0.66666666666667,1.0,0.67125804040628,0.5,0.5,0.5,0.49999790657982,1727070360674
6,0.83333333333333,0.66666666666667,1.0,0.66460765868809,0.5,0.5,0.5,0.50000461667924,1727070360686
6,0.83333333333333,0.66666666666667,1.0,0.67127688954571,0.5,0.5,0.5,0.49999997993359,1727070361215
6,0.83333333333333,0.66666666666667,1.0,0.67794271322215,0.5,0.5,0.5,0.50000252609802,1727070361221
6,0.83333333333333,0.66666666666667,1.0,0.69130758946908,0.5,0.5,0.5,0.49999993976685,1727070361237
6,0.83333333333333,0.66666666666667,1.0,0.70465597168847,0.5,0.5,0.5,0.49999678509758,1727070361253
6,0.83333333333333,0.66666666666667,1.0,0.71132556265513,0.5,0.5,0.5,0.50000142558914,1727070361340
6,0.83333333333333,0.66666666666667,1.0,0.71519967848499,0.5,0.5,0.5,0.49999981634831,1727070361419
6,0.83333333333333,0.66666666666667,1.0,0.72187103929133,0.5,0.5,0.5,0.50000538967955,1727070361470
6,0.83333333333333,0.66666666666667,1.0,0.7390353833268,0.5,0.5,0.5,0.50000257208443,1727070362101
6,0.83333333333333,0.66666666666667,1.0,0.73521426478079,0.5,0.5,0.5,0.49999937333706,1727070362853
6,0.83333333333333,0.66666666666667,1.0,0.73139168799228,0.5,0.5,0.5,0.50000397326405,1727070362973
6,0.83333333333333,0.66666666666667,1.0,0.73805569927268,0.5,0.5,0.5,0.49999674176599,1727070363637
6,0.83333333333333,0.66666666666667,1.0,0.73805569927268,0.5,0.5,0.5,0.49999674176599,1727070364175
6,0.83333333333333,0.66666666666667,1.0,0.73805569927268,0.5,0.5,0.5,0.49999674176599,1727070365714
6,0.82667702956237,0.66666666666667,1.0,0.73805569927268,0.50000005452749,0.5,0.5,0.49999674176599,1727070365855
6,0.82002185491926,0.66666666666667,1.0,0.73805569927268,0.49999540689353,0.5,0.5,0.49999674176599,1727070365870
6,0.80951721323105,0.66666666666667,1.0,0.73805569927268,0.49999694877462,0.5,0.5,0.49999674176599,1727070365886
6,0.80285790030714,0.66666666666667,1.0,0.73805569927268,0.49999809487984,0.5,0.5,0.49999674176599,1727070365903
6,0.79903614041146,0.66666666666667,1.0,0.73805569927268,0.49999473735509,0.5,0.5,0.49999674176599,1727070365919
6,0.79521282728639,0.66666666666667,1.0,0.73805569927268,0.49999865105949,0.5,0.5,0.49999674176599,1727070365936
6,0.78855776296415,0.66666666666667,1.0,0.73805569927268,0.50000207927707,0.5,0.5,0.49999674176599,1727070365953
6,0.77805651480442,0.66666666666667,1.0,0.73805569927268,0.49999730589757,0.5,0.5,0.49999674176599,1727070365969
6,0.75705668739062,0.66666666666667,1.0,0.73805569927268,0.4999973442034,0.5,0.5,0.49999674176599,1727070365996
6,0.75039996250709,0.66666666666667,1.0,0.73805569927268,0.49999997933736,0.5,0.5,0.49999674176599,1727070366012
6,0.73989177241561,0.66666666666667,1.0,0.73805569927268,0.49999970187293,0.5,0.5,0.49999674176599,1727070366020
6,0.7293906175514,0.66666666666667,1.0,0.73805569927268,0.49999471832464,0.5,0.5,0.49999674176599,1727070366036
6,0.70839323105362,0.66666666666667,1.0,0.73805569927268,0.49999610606588,0.5,0.5,0.49999674176599,1727070366053
6,0.69789057290591,0.66666666666667,1.0,0.73805569927268,0.49999899098252,0.5,0.5,0.49999674176599,1727070366069
6,0.68738085712464,0.66666666666667,1.0,0.73805569927268,0.49999778954445,0.5,0.5,0.49999674176599,1727070366086
6,0.66638269723198,0.66666666666667,1.0,0.73805569927268,0.49999884596981,0.5,0.5,0.49999674176599,1727070366103
6,0.6558869714037,0.66666666666667,1.0,0.73805569927268,0.4999967522957,0.5,0.5,0.49999674176599,1727070366120
6,0.64537704491582,0.66666666666667,1.0,0.73805569927268,0.49999533847324,0.5,0.5,0.49999674176599,1727070366136
6,0.62438084449608,0.66666666666667,1.0,0.73805569927268,0.49999762231606,0.5,0.5,0.49999674176599,1727070366153
6,0.613876869454,0.66666666666667,1.0,0.73805569927268,0.49999996577765,0.5,0.5,0.49999674176599,1727070366170
6,0.59288319567951,0.66666666666667,1.0,0.73805569927268,0.50000410289675,0.5,0.5,0.49999674176599,1727070366186
6,0.58237710737828,0.66666666666667,1.0,0.73805569927268,0.49999502702919,0.5,0.5,0.49999674176599,1727070366203
6,0.56520659577196,0.66666666666667,1.0,0.73805569927268,0.49999405604414,0.5,0.5,0.49999674176599,1727070366219
6,0.55470726366087,0.66666666666667,1.0,0.73805569927268,0.4999997063213,0.5,0.5,0.49999674176599,1727070366236
6,0.54712390107585,0.66666666666667,1.0,0.73805569927268,0.50000057002327,0.5,0.5,0.49999674176599,1727070366253
6,0.53662126669491,0.66666666666667,1.0,0.73805569927268,0.49999333982776,0.5,0.5,0.49999674176599,1727070366269
6,0.52997121447097,0.66666666666667,1.0,0.73805569927268,0.50000140219489,0.5,0.5,0.49999674176599,1727070366286
6,0.51947257024298,0.66666666666667,1.0,0.73805569927268,0.49999688118139,0.5,0.5,0.49999674176599,1727070366303
6,0.50516828985025,0.66666666666667,1.0,0.73805569927268,0.49999931305919,0.5,0.5,0.49999674176599,1727070366353
6,0.49851539688394,0.66666666666667,1.0,0.73805569927268,0.49999434315612,0.5,0.5,0.49999674176599,1727070366559
6,0.49470882737231,0.66666666666667,1.0,0.73805569927268,0.50000084032,0.5,0.5,0.49999674176599,1727070366569
6,0.48805423304583,0.66666666666667,1.0,0.73805569927268,0.49999454282192,0.5,0.5,0.49999674176599,1727070366586
6,0.47754667726762,0.66666666666667,1.0,0.73805569927268,0.49999456746804,0.5,0.5,0.49999674176599,1727070366735
6,0.47090140759037,0.66666666666667,1.0,0.73805569927268,0.49999519358506,0.5,0.5,0.49999674176599,1727070366772
6,0.46708755938572,0.66666666666667,1.0,0.73805569927268,0.49999634928616,0.5,0.5,0.49999674176599,1727070368025
6,0.46708755938572,0.66666666666667,1.0,0.73805569927268,0.49999634928616,0.5,0.5,0.49999674176599,1727070369403
6,0.46708755938572,0.66666666666667,1.0,0.73805569927268,0.49999634928616,0.5,0.5,0.49999674176599,1727070370632
6,0.46708755938572,0.67717625191783,1.0,0.73805569927268,0.49999634928616,0.50000497319446,0.5,0.49999674176599,1727070370638
6,0.46708755938572,0.68384878379781,1.0,0.73805569927268,0.49999634928616,0.50000753015985,0.5,0.49999674176599,1727070370654
6,0.46708755938572,0.69436010133584,1.0,0.73805569927268,0.49999634928616,0.50000532988264,0.5,0.49999674176599,1727070370703
6,0.46708755938572,0.70487484052438,1.0,0.73805569927268,0.49999634928616,0.50000120243166,0.5,0.49999674176599,1727070370720
6,0.46708755938572,0.71154790376214,1.0,0.73805569927268,0.49999634928616,0.50000340723072,0.5,0.49999674176599,1727070370736
6,0.46708755938572,0.7220526572473,1.0,0.73805569927268,0.49999634928616,0.50000503725537,0.5,0.49999674176599,1727070370753
6,0.46708755938572,0.72871988473913,1.0,0.73805569927268,0.49999634928616,0.50000179821031,0.5,0.49999674176599,1727070370769
6,0.46708755938572,0.7353924290662,1.0,0.73805569927268,0.49999634928616,0.5000042359569,0.5,0.49999674176599,1727070370819
6,0.46708755938572,0.74206449392939,1.0,0.73805569927268,0.49999634928616,0.49999835753214,0.5,0.49999674176599,1727070370836
6,0.46708755938572,0.74592813669794,1.0,0.73805569927268,0.49999634928616,0.50000571566612,0.5,0.49999674176599,1727070370886
6,0.46708755938572,0.75259966742886,1.0,0.73805569927268,0.49999634928616,0.50000018288062,0.5,0.49999674176599,1727070370903
6,0.46708755938572,0.75926959738892,1.0,0.73805569927268,0.49999634928616,0.50000400177348,0.5,0.49999674176599,1727070370919
6,0.46708755938572,0.76594027679914,1.0,0.73805569927268,0.49999634928616,0.49999901489743,0.5,0.49999674176599,1727070370936
6,0.46708755938572,0.77645211903596,1.0,0.73805569927268,0.49999634928616,0.50000505937818,0.5,0.49999674176599,1727070370953
6,0.46708755938572,0.78695757522253,1.0,0.73805569927268,0.49999634928616,0.50000619702467,0.5,0.49999674176599,1727070371003
6,0.46708755938572,0.7936259122343,1.0,0.73805569927268,0.49999634928616,0.50000256586627,0.5,0.49999674176599,1727070371019
6,0.46708755938572,0.80029962650779,1.0,0.73805569927268,0.49999634928616,0.50000423394822,0.5,0.49999674176599,1727070371036
6,0.46708755938572,0.80696389338254,1.0,0.73805569927268,0.49999634928616,0.50000278406668,0.5,0.49999674176599,1727070371058
6,0.46708755938572,0.81083415356728,1.0,0.73805569927268,0.49999634928616,0.50000623670811,0.5,0.49999674176599,1727070371074
6,0.46708755938572,0.8213492607769,1.0,0.73805569927268,0.49999634928616,0.50000235969039,0.5,0.49999674176599,1727070371096
6,0.46708755938572,0.83185237807509,1.0,0.73805569927268,0.49999634928616,0.5000046682828,0.5,0.49999674176599,1727070371136
6,0.46708755938572,0.84236127357268,1.0,0.73805569927268,0.49999634928616,0.50000401610512,0.5,0.49999674176599,1727070371241
6,0.46708755938572,0.85288090782426,1.0,0.73805569927268,0.49999634928616,0.50000569879068,0.5,0.49999674176599,1727070371264
6,0.46708755938572,0.8633893506463,1.0,0.73805569927268,0.49999634928616,0.50000527336254,0.5,0.49999674176599,1727070371423
6,0.46708755938572,0.8633893506463,1.0,0.73805569927268,0.49999634928616,0.50000527336254,0.5,0.49999674176599,1727070372269
6,0.46708755938572,0.8633893506463,1.0,0.73805569927268,0.49999634928616,0.50000527336254,0.5,0.49999674176599,1727070372849
6,0.46708755938572,0.87390576783542,1.0,0.73805569927268,0.49999634928616,0.50000094404483,0.5,0.49999674176599,1727070372999
6,0.46708755938572,0.88056640480214,1.0,0.73805569927268,0.49999634928616,0.50000888054624,0.5,0.49999674176599,1727070373014
6,0.46708755938572,0.8844386305947,1.0,0.73805569927268,0.49999634928616,0.50000365624932,0.5,0.49999674176599,1727070373022
6,0.46708755938572,0.8911022520015,1.0,0.73805569927268,0.49999634928616,0.50000262851144,0.5,0.49999674176599,1727070373038
6,0.46708755938572,0.89777364220319,1.0,0.73805569927268,0.49999634928616,0.50000527093616,0.5,0.49999674176599,1727070373054
6,0.46708755938572,0.90163864221663,1.0,0.73805569927268,0.49999634928616,0.50000359607844,0.5,0.49999674176599,1727070373069
6,0.46708755938572,0.90830463433778,1.0,0.73805569927268,0.49999634928616,0.50000145553063,0.5,0.49999674176599,1727070373086
6,0.46708755938572,0.91881612785735,1.0,0.73805569927268,0.49999634928616,0.50000690632926,0.5,0.49999674176599,1727070373102
6,0.46708755938572,0.92548669390502,1.0,0.73805569927268,0.49999634928616,0.50000263299072,0.5,0.49999674176599,1727070373124
6,0.46708755938572,0.93599994830837,1.0,0.73805569927268,0.49999634928616,0.50000002402958,0.5,0.49999674176599,1727070373148
6,0.46708755938572,0.93986165955711,1.0,0.73805569927268,0.49999634928616,0.49999994388969,0.5,0.49999674176599,1727070373164
6,0.46708755938572,0.94652705461652,1.0,0.73805569927268,0.49999634928616,0.50000525602459,0.5,0.49999674176599,1727070373172
6,0.46708755938572,0.9570443673619,1.0,0.73805569927268,0.49999634928616,0.5000008159937,0.5,0.49999674176599,1727070373331
6,0.46708755938572,0.96754691580218,1.0,0.73805569927268,0.49999634928616,0.5000031382008,0.5,0.49999674176599,1727070373370
6,0.46708755938572,0.96754691580218,1.0,0.73805569927268,0.49999634928616,0.5000031382008,0.5,0.49999674176599,1727070373687
6,0.46708755938572,0.96754691580218,1.0,0.73805569927268,0.49999634928616,0.5000031382008,0.5,0.49999674176599,1727070376015
7,0.83333333333333,0.83333333333333,0.66666666666667,0.66666666666667,0.5,0.5,0.5,0.5,1727070379541
7,0.83333333333333,0.83333333333333,0.66666666666667,0.66666666666667,0.5,0.5,0.5,0.5,1727070380586
7,0.83333333333333,0.83333333333333,0.65943743810492,0.66666666666667,0.5,0.5,0.50000404044797,0.5,1727070380632
7,0.83333333333333,0.83333333333333,0.63976652121312,0.66666666666667,0.5,0.5,0.50000413016778,0.5,1727070380648
7,0.83333333333333,0.83333333333333,0.6325441555582,0.66666666666667,0.5,0.5,0.50001801021826,0.5,1727070380656
7,0.83333333333333,0.83333333333333,0.61546241549514,0.66666666666667,0.5,0.5,0.50000377682078,0.5,1727070380672
7,0.83333333333333,0.83333333333333,0.6010216280324,0.66666666666667,0.5,0.5,0.5000082414635,0.5,1727070380685
7,0.83333333333333,0.83333333333333,0.56685147841169,0.66666666666667,0.5,0.5,0.5000205163842,0.5,1727070380702
7,0.83333333333333,0.83333333333333,0.49128895979313,0.66666666666667,0.5,0.5,0.50000640297106,0.5,1727070380719
7,0.83333333333333,0.83333333333333,0.46245788636014,0.66666666666667,0.5,0.5,0.50000696980985,0.5,1727070380735
7,0.83333333333333,0.83333333333333,0.41382362885802,0.66666666666667,0.5,0.5,0.50001801991393,0.5,1727070380752
7,0.83333333333333,0.83333333333333,0.2676656391932,0.66666666666667,0.5,0.5,0.49999539032209,0.5,1727070380769
7,0.83333333333333,0.83333333333333,0.1750548804237,0.66666666666667,0.5,0.5,0.50002814530169,0.5,1727070380785
7,0.83333333333333,0.83333333333333,0.13112337092928,0.66666666666667,0.5,0.5,0.49999475867254,0.5,1727070380802
7,0.83333333333333,0.83333333333333,0.10422984168874,0.66666666666667,0.5,0.5,0.50003251343114,0.5,1727070380819
7,0.83333333333333,0.83333333333333,0.07991745116323,0.66666666666667,0.5,0.5,0.50003525011616,0.5,1727070380835
7,0.83333333333333,0.83333333333333,0.04576644936586,0.66666666666667,0.5,0.5,0.50002302042963,0.5,1727070380852
7,0.83333333333333,0.83333333333333,0.00187203578847,0.66666666666667,0.5,0.5,0.50005148050143,0.5,1727070380868
7,0.83333333333333,0.83333333333333,0.0,0.66666666666667,0.5,0.5,0.5,0.5,1727070380885
7,0.83333333333333,0.83333333333333,0.0,0.66666666666667,0.5,0.5,0.5,0.5,1727070380902
7,0.83333333333333,0.83333333333333,0.0,0.66666666666667,0.5,0.5,0.5,0.5,1727070380919
7,0.83333333333333,0.83333333333333,0.0,0.66666666666667,0.5,0.5,0.5,0.5,1727070380935
7,0.83333333333333,0.83333333333333,0.0,0.66666666666667,0.5,0.5,0.5,0.5,1727070380952
7,0.83333333333333,0.83333333333333,0.0,0.66666666666667,0.5,0.5,0.5,0.5,1727070380969
7,0.83333333333333,0.83333333333333,0.0,0.66666666666667,0.5,0.5,0.5,0.5,1727070380985
7,0.83333333333333,0.83333333333333,0.0,0.66666666666667,0.5,0.5,0.5,0.5,1727070381002
7,0.83333333333333,0.83333333333333,0.0,0.66666666666667,0.5,0.5,0.5,0.5,1727070381019
7,0.83333333333333,0.83333333333333,0.0,0.66666666666667,0.5,0.5,0.5,0.5,1727070381069
7,0.83333333333333,0.83333333333333,0.0,0.66666666666667,0.5,0.5,0.5,0.5,1727070381085
7,0.83333333333333,0.83333333333333,0.0,0.66666666666667,0.5,0.5,0.5,0.5,1727070381102
7,0.83333333333333,0.83333333333333,0.0,0.66666666666667,0.5,0.5,0.5,0.5,1727070381118
7,0.83333333333333,0.83333333333333,0.0,0.66666666666667,0.5,0.5,0.5,0.5,1727070381135
7,0.83333333333333,0.83333333333333,0.0,0.66666666666667,0.5,0.5,0.5,0.5,1727070381152
7,0.83333333333333,0.83333333333333,0.0,0.66666666666667,0.5,0.5,0.5,0.5,1727070381168
7,0.83333333333333,0.83333333333333,0.0,0.66666666666667,0.5,0.5,0.5,0.5,1727070381170
7,0.83333333333333,0.83333333333333,0.0,0.66666666666667,0.5,0.5,0.5,0.5,1727070382360
7,0.83333333333333,0.83333333333333,0.0,0.66001760558147,0.5,0.5,0.5,0.50000134555886,1727070382479
7,0.83333333333333,0.83333333333333,0.0,0.64951524983085,0.5,0.5,0.5,0.50000463213392,1727070382486
7,0.83333333333333,0.83333333333333,0.0,0.63900844837806,0.5,0.5,0.5,0.50000523935129,1727070382502
7,0.83333333333333,0.83333333333333,0.0,0.59803559471508,0.5,0.5,0.5,0.50000313716364,1727070382519
7,0.83333333333333,0.83333333333333,0.0,0.56369279967761,0.5,0.5,0.5,0.50000033335142,1727070382535
7,0.83333333333333,0.83333333333333,0.0,0.51609099765923,0.5,0.5,0.5,0.49999905721472,1727070382552
7,0.83333333333333,0.83333333333333,0.0,0.48175815566219,0.5,0.5,0.5,0.50000324691176,1727070382569
7,0.83333333333333,0.83333333333333,0.0,0.46076618289774,0.5,0.5,0.5,0.50000956936871,1727070382585
7,0.83333333333333,0.83333333333333,0.0,0.4264225707329,0.5,0.5,0.5,0.50000585714812,1727070382602
7,0.83333333333333,0.83333333333333,0.0,0.38157921997688,0.5,0.5,0.5,0.50000871992639,1727070382618
7,0.83333333333333,0.83333333333333,0.0,0.36830175124065,0.5,0.5,0.5,0.49999470244555,1727070382635
7,0.83333333333333,0.83333333333333,0.0,0.35113339599185,0.5,0.5,0.5,0.49999535413238,1727070382652
7,0.83333333333333,0.83333333333333,0.0,0.33126001046654,0.5,0.5,0.5,0.49999855068621,1727070382668
7,0.83333333333333,0.83333333333333,0.0,0.30359079959851,0.5,0.5,0.5,0.50000615893454,1727070382685
7,0.83333333333333,0.83333333333333,0.0,0.28642469130821,0.5,0.5,0.5,0.50000956524544,1727070382702
7,0.83333333333333,0.83333333333333,0.0,0.27592213217556,0.5,0.5,0.5,0.49999900961245,1727070382778
7,0.83333333333333,0.83333333333333,0.0,0.26927534405033,0.5,0.5,0.5,0.49999832350324,1727070382794
7,0.83333333333333,0.83333333333333,0.0,0.26546679788473,0.5,0.5,0.5,0.5000056253226,1727070382802
7,0.83333333333333,0.83333333333333,0.0,0.25497324296904,0.5,0.5,0.5,0.50000438050682,1727070382819
7,0.83333333333333,0.83333333333333,0.0,0.23780216318229,0.5,0.5,0.5,0.50000244489289,1727070382835
7,0.83333333333333,0.83333333333333,0.0,0.22729801722241,0.5,0.5,0.5,0.50000659508851,1727070382852
7,0.83333333333333,0.83333333333333,0.0,0.21680368306227,0.5,0.5,0.5,0.50000434995713,1727070382874
7,0.83333333333333,0.83333333333333,0.0,0.20630101123913,0.5,0.5,0.5,0.50001051608795,1727070382918
7,0.83333333333333,0.83333333333333,0.0,0.17863269795371,0.5,0.5,0.5,0.50000248081847,1727070382935
7,0.83333333333333,0.83333333333333,0.0,0.16813181639979,0.5,0.5,0.5,0.50001152342167,1727070382952
7,0.83333333333333,0.83333333333333,0.0,0.16148418269816,0.5,0.5,0.5,0.50000972680683,1727070382984
7,0.83333333333333,0.83333333333333,0.0,0.15769399096172,0.5,0.5,0.5,0.50000227630153,1727070383024
7,0.83333333333333,0.83333333333333,0.0,0.14445011414324,0.5,0.5,0.5,0.50000553535798,1727070383035
7,0.83333333333333,0.83333333333333,0.0,0.11676948360798,0.5,0.5,0.5,0.50000038006797,1727070383052
7,0.83333333333333,0.83333333333333,0.0,0.1035396039369,0.5,0.5,0.5,0.50000178151728,1727070383069
7,0.83333333333333,0.83333333333333,0.0,0.06852290789564,0.5,0.5,0.5,0.49999970743156,1727070383085
7,0.83333333333333,0.83333333333333,0.0,0.05802516456371,0.5,0.5,0.5,0.49998996827327,1727070383102
7,0.83333333333333,0.83333333333333,0.0,0.06854702035876,0.5,0.5,0.5,0.50001481320957,1727070383935
7,0.83333333333333,0.83333333333333,0.0,0.07522948528644,0.5,0.5,0.5,0.49999782345656,1727070384007
7,0.83333333333333,0.83333333333333,0.0,0.08575863642685,0.5,0.5,0.5,0.50000786579817,1727070384018
7,0.83333333333333,0.83333333333333,0.0,0.09243540906898,0.5,0.5,0.5,0.50000747022958,1727070384035
7,0.83333333333333,0.83333333333333,0.0,0.10295063865716,0.5,0.5,0.5,0.4999949897008,1727070384052
7,0.83333333333333,0.83333333333333,0.0,0.10963655213397,0.5,0.5,0.5,0.50000886526426,1727070384069
7,0.83333333333333,0.83333333333333,0.0,0.11632364719459,0.5,0.5,0.5,0.50000085827672,1727070384085
7,0.83333333333333,0.83333333333333,0.0,0.1268340489941,0.5,0.5,0.5,0.50000479846673,1727070384135
7,0.83333333333333,0.83333333333333,0.0,0.13351177588284,0.5,0.5,0.5,0.50000587045592,1727070384156
7,0.83333333333333,0.83333333333333,0.0,0.14403910390057,0.5,0.5,0.5,0.50001166160437,1727070384168
7,0.83333333333333,0.83333333333333,0.0,0.15071882388572,0.5,0.5,0.5,0.5000153153079,1727070384252
7,0.83333333333333,0.83333333333333,0.0,0.15461627678316,0.5,0.5,0.5,0.50000121566461,1727070384268
7,0.83333333333333,0.83333333333333,0.0,0.16513448593338,0.5,0.5,0.5,0.49999472009797,1727070384286
7,0.83333333333333,0.83333333333333,0.0,0.17181864247908,0.5,0.5,0.5,0.50000425811444,1727070384370
7,0.83333333333333,0.83333333333333,0.0,0.1823301573509,0.5,0.5,0.5,0.50000902928864,1727070384385
7,0.83333333333333,0.83333333333333,0.0,0.1823301573509,0.5,0.5,0.5,0.50000902928864,1727070384932
7,0.83333333333333,0.83333333333333,0.0,0.1823301573509,0.5,0.5,0.5,0.50000902928864,1727070389576
7,0.83720174489833,0.83333333333333,0.0,0.1823301573509,0.50000088485198,0.5,0.5,0.50000902928864,1727070389645
7,0.84386261658397,0.83333333333333,0.0,0.1823301573509,0.50000054339544,0.5,0.5,0.50000902928864,1727070389685
7,0.85053200747023,0.83333333333333,0.0,0.1823301573509,0.49999676672936,0.5,0.5,0.50000902928864,1727070389749
7,0.86104207201453,0.83333333333333,0.0,0.1823301573509,0.49999797448436,0.5,0.5,0.50000902928864,1727070389785
7,0.86771302608035,0.83333333333333,0.0,0.1823301573509,0.49999504226204,0.5,0.5,0.50000902928864,1727070389858
7,0.87822768460251,0.83333333333333,0.0,0.1823301573509,0.49999849263985,0.5,0.5,0.50000902928864,1727070390295
7,0.88489240089005,0.83333333333333,0.0,0.1823301573509,0.50000004527531,0.5,0.5,0.50000902928864,1727070390581
7,0.89540168802317,0.83333333333333,0.0,0.1823301573509,0.50000081251468,0.5,0.5,0.50000902928864,1727070390618
7,0.89927371046489,0.83333333333333,0.0,0.1823301573509,0.49999845884696,0.5,0.5,0.50000902928864,1727070390865
7,0.90593891568029,0.83333333333333,0.0,0.1823301573509,0.50000021660446,0.5,0.5,0.50000902928864,1727070391229
7,0.90211099009667,0.83333333333333,0.0,0.1823301573509,0.50000157811657,0.5,0.5,0.50000902928864,1727070391570
7,0.89449561207601,0.83333333333333,0.0,0.1823301573509,0.50000159179406,0.5,0.5,0.50000902928864,1727070391586
7,0.89449561207601,0.83333333333333,0.0,0.1823301573509,0.50000159179406,0.5,0.5,0.50000902928864,1727070391587
7,0.89449561207601,0.83333333333333,0.0,0.1823301573509,0.50000159179406,0.5,0.5,0.50000902928864,1727070395941
7,0.89449561207601,0.83333333333333,0.0,0.1823301573509,0.50000159179406,0.5,0.5,0.50000902928864,1727070396766
7,0.89449561207601,0.82667737223946,0.0,0.1823301573509,0.50000159179406,0.49999976999957,0.5,0.50000902928864,1727070396836
7,0.89449561207601,0.80951174359298,0.0,0.1823301573509,0.50000159179406,0.49999789186936,0.5,0.50000902928864,1727070396851
7,0.89449561207601,0.75136068304367,0.0,0.1823301573509,0.50000159179406,0.49999623575134,0.5,0.50000902928864,1727070396868
7,0.89449561207601,0.69321769215766,0.0,0.1823301573509,0.50000159179406,0.49999865119773,0.5,0.50000902928864,1727070396884
7,0.89449561207601,0.62184356991012,0.0,0.1823301573509,0.50000159179406,0.50000163400795,0.5,0.50000902928864,1727070396901
7,0.89449561207601,0.54653771602163,0.0,0.1823301573509,0.50000159179406,0.50000051601455,0.5,0.50000902928864,1727070396918
7,0.89449561207601,0.4646383967252,0.0,0.1823301573509,0.50000159179406,0.4999941155547,0.5,0.50000902928864,1727070396934
7,0.89449561207601,0.41704572221527,0.0,0.1823301573509,0.50000159179406,0.50000035675314,0.5,0.50000902928864,1727070396951
7,0.89449561207601,0.40654426493988,0.0,0.1823301573509,0.50000159179406,0.49999512663756,0.5,0.50000902928864,1727070396968
7,0.89449561207601,0.3960473505602,0.0,0.1823301573509,0.50000159179406,0.4999989787392,0.5,0.50000902928864,1727070397018
7,0.89449561207601,0.37888010278397,0.0,0.1823301573509,0.50000159179406,0.49999721240525,0.5,0.50000902928864,1727070397035
7,0.89449561207601,0.36837182439434,0.0,0.1823301573509,0.50000159179406,0.49999768757342,0.5,0.50000902928864,1727070397051
7,0.89449561207601,0.36172350945542,0.0,0.1823301573509,0.50000159179406,0.49999961017103,0.5,0.50000902928864,1727070397068
7,0.89449561207601,0.35122612446972,0.0,0.1823301573509,0.50000159179406,0.49999015150187,0.5,0.50000902928864,1727070397118
7,0.89449561207601,0.33024052448507,0.0,0.1823301573509,0.50000159179406,0.49999073084658,0.5,0.50000902928864,1727070397135
7,0.89449561207601,0.3235853387566,0.0,0.1823301573509,0.50000159179406,0.49999930469667,0.5,0.50000902928864,1727070397233
7,0.89449561207601,0.31308263806472,0.0,0.1823301573509,0.50000159179406,0.49999440431585,0.5,0.50000902928864,1727070397328
7,0.89449561207601,0.30643356107383,0.0,0.1823301573509,0.50000159179406,0.49999723377144,0.5,0.50000902928864,1727070397342
7,0.89449561207601,0.30263353439815,0.0,0.1823301573509,0.50000159179406,0.49999724136283,0.5,0.50000902928864,1727070397693
7,0.89449561207601,0.29598439690365,0.0,0.1823301573509,0.50000159179406,0.50000022061967,0.5,0.50000902928864,1727070397701
7,0.89449561207601,0.28845733911037,0.0,0.1823301573509,0.50000159179406,0.49998854739728,0.5,0.50000902928864,1727070397718
7,0.89449561207601,0.28180252998204,0.0,0.1823301573509,0.50000159179406,0.49999737712587,0.5,0.50000902928864,1727070397734
7,0.89449561207601,0.27516177042674,0.0,0.1823301573509,0.50000159179406,0.49999168090707,0.5,0.50000902928864,1727070397751
7,0.89449561207601,0.28183497789508,0.0,0.1823301573509,0.50000159179406,0.49999563707678,0.5,0.50000902928864,1727070398889
7,0.89449561207601,0.28850878015709,0.0,0.1823301573509,0.50000159179406,0.4999988862529,0.5,0.50000902928864,1727070398912
7,0.89449561207601,0.29519096199188,0.0,0.1823301573509,0.50000159179406,0.49999358195318,0.5,0.50000902928864,1727070398951
7,0.89449561207601,0.3056947098138,0.0,0.1823301573509,0.50000159179406,0.49999761675255,0.5,0.50000902928864,1727070399022
7,0.89449561207601,0.31237635783135,0.0,0.1823301573509,0.50000159179406,0.49999301295844,0.5,0.50000902928864,1727070399038
7,0.89449561207601,0.31237635783135,0.0,0.1823301573509,0.50000159179406,0.49999301295844,0.5,0.50000902928864,1727070400844
8,1.0,1.0,0.83333333333333,0.5,0.5,0.5,0.5,0.5,1727070408391
8,1.0,1.0,0.83333333333333,0.49334621265151,0.5,0.5,0.5,0.49999433833447,1727070408543
8,1.0,1.0,0.83333333333333,0.48952812943682,0.5,0.5,0.5,0.49999229725112,1727070408669
8,1.0,1.0,0.83333333333333,0.48287566814648,0.5,0.5,0.5,0.49999905593864,1727070408899
8,1.0,1.0,0.83333333333333,0.48287566814648,0.5,0.5,0.5,0.49999905593864,1727070409056
8,1.0,1.0,0.83333333333333,0.48287566814648,0.5,0.5,0.5,0.49999905593864,1727070410190
8,1.0,0.99334461330724,0.83333333333333,0.48287566814648,0.5,0.49999727216006,0.5,0.49999905593864,1727070410483
8,1.0,0.98004899872524,0.83333333333333,0.48287566814648,0.5,0.49999872487729,0.5,0.49999905593864,1727070410490
8,1.0,0.96674248010133,0.83333333333333,0.48287566814648,0.5,0.49999817911461,0.5,0.49999905593864,1727070410501
8,1.0,0.89807431069125,0.83333333333333,0.48287566814648,0.5,0.50000125452181,0.5,0.49999905593864,1727070410517
8,1.0,0.80952999049781,0.83333333333333,0.48287566814648,0.5,0.49999640250923,0.5,0.49999905593864,1727070410534
8,1.0,0.70652895465732,0.83333333333333,0.48287566814648,0.5,0.49999661216594,0.5,0.49999905593864,1727070410550
8,1.0,0.61407251187299,0.83333333333333,0.48287566814648,0.5,0.49999299833529,0.5,0.49999905593864,1727070410567
8,1.0,0.53876772885926,0.83333333333333,0.48287566814648,0.5,0.50000104979778,0.5,0.49999905593864,1727070410584
8,1.0,0.51109170164214,0.83333333333333,0.48287566814648,0.5,0.50000043901808,0.5,0.49999905593864,1727070410600
8,1.0,0.49679856919978,0.83333333333333,0.48287566814648,0.5,0.50000105629792,0.5,0.49999905593864,1727070410617
8,1.0,0.458632916936,0.83333333333333,0.48287566814648,0.5,0.49999832904836,0.5,0.49999905593864,1727070410634
8,1.0,0.43095566832285,0.83333333333333,0.48287566814648,0.5,0.49999852469991,0.5,0.49999905593864,1727070410650
8,1.0,0.39661940407371,0.83333333333333,0.48287566814648,0.5,0.49999657288169,0.5,0.49999905593864,1727070410667
8,1.0,0.36894258339149,0.83333333333333,0.48287566814648,0.5,0.49999632842496,0.5,0.49999905593864,1727070410684
8,1.0,0.3451338370737,0.83333333333333,0.48287566814648,0.5,0.49999003188241,0.5,0.49999905593864,1727070410700
8,1.0,0.33463209991163,0.83333333333333,0.48287566814648,0.5,0.49999874512101,0.5,0.49999905593864,1727070410717
8,1.0,0.3042036256803,0.83333333333333,0.48287566814648,0.5,0.49999639313052,0.5,0.49999905593864,1727070410734
8,1.0,0.26987337813945,0.83333333333333,0.48287566814648,0.5,0.49998744399691,0.5,0.49999905593864,1727070410750
8,1.0,0.15145165739519,0.83333333333333,0.48287566814648,0.5,0.49999244178305,0.5,0.49999905593864,1727070410767
8,1.0,0.0802791738959,0.83333333333333,0.48287566814648,0.5,0.499996242754,0.5,0.49999905593864,1727070410784
8,1.0,0.07364517512187,0.83333333333333,0.48287566814648,0.5,0.50000166725573,0.5,0.49999905593864,1727070410800
8,1.0,0.08033620921368,0.83333333333333,0.48287566814648,0.5,0.49997808244121,0.5,0.49999905593864,1727070410870
8,1.0,0.0908495038808,0.83333333333333,0.48287566814648,0.5,0.49999458128032,0.5,0.49999905593864,1727070410884
8,1.0,0.15286682758047,0.83333333333333,0.48287566814648,0.5,0.49999276178246,0.5,0.49999905593864,1727070410900
8,1.0,0.18054314546713,0.83333333333333,0.48287566814648,0.5,0.49999400204007,0.5,0.49999905593864,1727070410902
8,1.0,0.18054314546713,0.83333333333333,0.48287566814648,0.5,0.49999400204007,0.5,0.49999905593864,1727070410903
8,1.0,0.18054314546713,0.83333333333333,0.48287566814648,0.5,0.49999400204007,0.5,0.49999905593864,1727070411521
8,1.0,0.17675578466379,0.83333333333333,0.48287566814648,0.5,0.49999749562675,0.5,0.49999905593864,1727070411582
8,1.0,0.17010651296871,0.83333333333333,0.48287566814648,0.5,0.50000154771216,0.5,0.49999905593864,1727070411590
8,1.0,0.15961471519969,0.83333333333333,0.48287566814648,0.5,0.50000090101342,0.5,0.49999905593864,1727070411600
8,1.0,0.12528021208552,0.83333333333333,0.48287566814648,0.5,0.49999516808301,0.5,0.49999905593864,1727070411617
8,1.0,0.08187153483783,0.83333333333333,0.48287566814648,0.5,0.49998339338321,0.5,0.49999905593864,1727070411634
8,1.0,0.01951872823586,0.83333333333333,0.48287566814648,0.5,0.50000889572097,0.5,0.49999905593864,1727070411650
8,1.0,0.0,0.83333333333333,0.48287566814648,0.5,0.5,0.5,0.49999905593864,1727070411667
8,1.0,0.0,0.83333333333333,0.48287566814648,0.5,0.5,0.5,0.49999905593864,1727070411684
8,1.0,0.0,0.83333333333333,0.48287566814648,0.5,0.5,0.5,0.49999905593864,1727070411700
8,1.0,0.0,0.83333333333333,0.48287566814648,0.5,0.5,0.5,0.49999905593864,1727070411717
8,1.0,0.0,0.83333333333333,0.48287566814648,0.5,0.5,0.5,0.49999905593864,1727070411734
8,1.0,0.0,0.83333333333333,0.48287566814648,0.5,0.5,0.5,0.49999905593864,1727070411750
8,1.0,0.0,0.83333333333333,0.48287566814648,0.5,0.5,0.5,0.49999905593864,1727070411767
8,1.0,0.0,0.83333333333333,0.48287566814648,0.5,0.5,0.5,0.49999905593864,1727070411784
8,1.0,0.0,0.83333333333333,0.48287566814648,0.5,0.5,0.5,0.49999905593864,1727070411800
8,1.0,0.0,0.83333333333333,0.48287566814648,0.5,0.5,0.5,0.49999905593864,1727070411817
8,1.0,0.0,0.83333333333333,0.48287566814648,0.5,0.5,0.5,0.49999905593864,1727070411834
8,1.0,0.0,0.83333333333333,0.48287566814648,0.5,0.5,0.5,0.49999905593864,1727070411850
8,1.0,0.0,0.83333333333333,0.48287566814648,0.5,0.5,0.5,0.49999905593864,1727070411867
8,1.0,0.0,0.83333333333333,0.48287566814648,0.5,0.5,0.5,0.49999905593864,1727070411884
8,1.0,0.0,0.83333333333333,0.48287566814648,0.5,0.5,0.5,0.49999905593864,1727070411900
8,1.0,0.0,0.83333333333333,0.48287566814648,0.5,0.5,0.5,0.49999905593864,1727070411917
8,1.0,0.00669142702071,0.83333333333333,0.48287566814648,0.5,0.50000189153186,0.5,0.49999905593864,1727070411994
8,1.0,0.02691730314992,0.83333333333333,0.48287566814648,0.5,0.5000114953419,0.5,0.49999905593864,1727070412002
8,1.0,0.04034276844853,0.83333333333333,0.48287566814648,0.5,0.49999182167288,0.5,0.49999905593864,1727070412010
8,1.0,0.04034276844853,0.83333333333333,0.48287566814648,0.5,0.49999182167288,0.5,0.49999905593864,1727070412010
8,1.0,0.04034276844853,0.83333333333333,0.48287566814648,0.5,0.49999182167288,0.5,0.49999905593864,1727070412993
8,1.0,0.04034276844853,0.83333333333333,0.48287566814648,0.5,0.49999182167288,0.5,0.49999905593864,1727070413000
8,0.98568120403873,0.04034276844853,0.83333333333333,0.48287566814648,0.500001910053,0.49999182167288,0.5,0.49999905593864,1727070413050
8,0.93033731876223,0.04034276844853,0.83333333333333,0.48287566814648,0.49999946621556,0.49999182167288,0.5,0.49999905593864,1727070413067
8,0.84352507858622,0.04034276844853,0.83333333333333,0.48287566814648,0.50000100918985,0.49999182167288,0.5,0.49999905593864,1727070413084
8,0.79485448654696,0.04034276844853,0.83333333333333,0.48287566814648,0.50000439683485,0.49999182167288,0.5,0.49999905593864,1727070413100
8,0.70431360349775,0.04034276844853,0.83333333333333,0.48287566814648,0.50000341502682,0.49999182167288,0.5,0.49999905593864,1727070413117
8,0.56223240889386,0.04034276844853,0.83333333333333,0.48287566814648,0.50000111297378,0.49999182167288,0.5,0.49999905593864,1727070413134
8,0.35817614830931,0.04034276844853,0.83333333333333,0.48287566814648,0.50000627093405,0.49999182167288,0.5,0.49999905593864,1727070413150
8,0.2542433439081,0.04034276844853,0.83333333333333,0.48287566814648,0.49999692767095,0.49999182167288,0.5,0.49999905593864,1727070413167
8,0.17125045799989,0.04034276844853,0.83333333333333,0.48287566814648,0.50000563322902,0.49999182167288,0.5,0.49999905593864,1727070413183
8,0.10860086067049,0.04034276844853,0.83333333333333,0.48287566814648,0.50000132323259,0.49999182167288,0.5,0.49999905593864,1727070413200
8,0.07426053065042,0.04034276844853,0.83333333333333,0.48287566814648,0.49999828645301,0.49999182167288,0.5,0.49999905593864,1727070413217
8,0.04659281840851,0.04034276844853,0.83333333333333,0.48287566814648,0.50001524832352,0.49999182167288,0.5,0.49999905593864,1727070413233
8,0.01226634505665,0.04034276844853,0.83333333333333,0.48287566814648,0.50001010425757,0.49999182167288,0.5,0.49999905593864,1727070413250
8,0.0,0.04034276844853,0.83333333333333,0.48287566814648,0.5,0.49999182167288,0.5,0.49999905593864,1727070413267
8,0.0,0.04034276844853,0.83333333333333,0.48287566814648,0.5,0.49999182167288,0.5,0.49999905593864,1727070413284
8,0.0,0.04034276844853,0.83333333333333,0.48287566814648,0.5,0.49999182167288,0.5,0.49999905593864,1727070413300
8,0.0,0.04034276844853,0.83333333333333,0.48287566814648,0.5,0.49999182167288,0.5,0.49999905593864,1727070413317
8,0.0,0.04034276844853,0.83333333333333,0.48287566814648,0.5,0.49999182167288,0.5,0.49999905593864,1727070413333
8,0.0,0.04034276844853,0.83333333333333,0.48287566814648,0.5,0.49999182167288,0.5,0.49999905593864,1727070413384
8,0.0,0.04034276844853,0.83333333333333,0.48287566814648,0.5,0.49999182167288,0.5,0.49999905593864,1727070413400
8,0.0,0.04034276844853,0.83333333333333,0.48287566814648,0.5,0.49999182167288,0.5,0.49999905593864,1727070413428
8,0.0,0.04034276844853,0.83333333333333,0.48287566814648,0.5,0.49999182167288,0.5,0.49999905593864,1727070413444
8,0.0,0.04034276844853,0.83333333333333,0.48287566814648,0.5,0.49999182167288,0.5,0.49999905593864,1727070413452
8,0.0,0.04034276844853,0.83333333333333,0.48287566814648,0.5,0.49999182167288,0.5,0.49999905593864,1727070413460
8,0.0,0.04034276844853,0.83333333333333,0.48287566814648,0.5,0.49999182167288,0.5,0.49999905593864,1727070413461
8,0.0,0.04034276844853,0.83333333333333,0.48287566814648,0.5,0.49999182167288,0.5,0.49999905593864,1727070414497
8,0.0,0.0337054760918,0.83333333333333,0.48287566814648,0.5,0.50000430680962,0.5,0.49999905593864,1727070414601
8,0.0,0.0204976658523,0.83333333333333,0.48287566814648,0.5,0.4999890790234,0.5,0.49999905593864,1727070414617
8,0.0,-0.0,0.83333333333333,0.48287566814648,0.5,0.5,0.5,0.49999905593864,1727070414633
8,0.0,-0.0,0.83333333333333,0.48287566814648,0.5,0.5,0.5,0.49999905593864,1727070414650
8,0.0,-0.0,0.83333333333333,0.48287566814648,0.5,0.5,0.5,0.49999905593864,1727070414667
8,0.0,-0.0,0.83333333333333,0.48287566814648,0.5,0.5,0.5,0.49999905593864,1727070414683
8,0.0,-0.0,0.83333333333333,0.48287566814648,0.5,0.5,0.5,0.49999905593864,1727070414700
8,0.0,-0.0,0.83333333333333,0.48287566814648,0.5,0.5,0.5,0.49999905593864,1727070414717
8,0.0,-0.0,0.83333333333333,0.48287566814648,0.5,0.5,0.5,0.49999905593864,1727070414733
8,0.0,-0.0,0.83333333333333,0.48287566814648,0.5,0.5,0.5,0.49999905593864,1727070414758
8,0.0,-0.0,0.83333333333333,0.48287566814648,0.5,0.5,0.5,0.49999905593864,1727070414767
8,0.0,-0.0,0.83333333333333,0.48287566814648,0.5,0.5,0.5,0.49999905593864,1727070414783
8,0.0,-0.0,0.83333333333333,0.48287566814648,0.5,0.5,0.5,0.49999905593864,1727070414800
8,0.0,-0.0,0.83333333333333,0.48287566814648,0.5,0.5,0.5,0.49999905593864,1727070414817
8,0.0,-0.0,0.83333333333333,0.48287566814648,0.5,0.5,0.5,0.49999905593864,1727070414833
8,0.0,-0.0,0.83333333333333,0.48287566814648,0.5,0.5,0.5,0.49999905593864,1727070414949
8,0.0,-0.0,0.83333333333333,0.48287566814648,0.5,0.5,0.5,0.49999905593864,1727070414964
8,0.0,-0.0,0.83333333333333,0.48287566814648,0.5,0.5,0.5,0.49999905593864,1727070414972
8,0.0,-0.0,0.83333333333333,0.48287566814648,0.5,0.5,0.5,0.49999905593864,1727070414984
8,0.0,-0.0,0.83333333333333,0.48287566814648,0.5,0.5,0.5,0.49999905593864,1727070415000
8,0.0,-0.0,0.83333333333333,0.48287566814648,0.5,0.5,0.5,0.49999905593864,1727070415017
8,0.0,-0.0,0.83333333333333,0.48287566814648,0.5,0.5,0.5,0.49999905593864,1727070415138
8,0.0,-0.0,0.83333333333333,0.48287566814648,0.5,0.5,0.5,0.49999905593864,1727070416707
8,0.0,-0.0,0.82610810396004,0.48287566814648,0.5,0.5,0.49998364329731,0.49999905593864,1727070416810
8,0.0,-0.0,0.81888423490329,0.48287566814648,0.5,0.5,0.50000234519555,0.49999905593864,1727070416818
8,0.0,-0.0,0.81165779321503,0.48287566814648,0.5,0.5,0.49999355760739,0.49999905593864,1727070416834
8,0.0,-0.0,0.8044376674653,0.48287566814648,0.5,0.5,0.49999395570543,0.49999905593864,1727070416850
8,0.0,-0.0,0.78998932947726,0.48287566814648,0.5,0.5,0.49999426644686,0.49999905593864,1727070416867
8,0.0,-0.0,0.78276805984836,0.48287566814648,0.5,0.5,0.50000048965671,0.49999905593864,1727070416929
8,0.0,-0.0,0.7755397376371,0.48287566814648,0.5,0.5,0.50000100139986,0.49999905593864,1727070417119
8,0.0,-0.0,0.7683127652753,0.48287566814648,0.5,0.5,0.49999456474541,0.49999905593864,1727070418657
8,0.0,-0.0,0.7683127652753,0.48287566814648,0.5,0.5,0.49999456474541,0.49999905593864,1727070419890
9,1.0,1.0,0.66666666666667,0.66666666666667,0.5,0.5,0.5,0.5,1727070423519
9,1.0,1.0,0.66666666666667,0.64948975872269,0.5,0.5,0.5,0.49999843764613,1727070423628
9,1.0,1.0,0.66666666666667,0.62567846688275,0.5,0.5,0.5,0.50000097198294,1727070423636
9,1.0,1.0,0.66666666666667,0.62185968996263,0.5,0.5,0.5,0.49999883108348,1727070423650
9,1.0,1.0,0.66666666666667,0.59140783122623,0.5,0.5,0.5,0.49999505066649,1727070423667
9,1.0,1.0,0.66666666666667,0.57040906049833,0.5,0.5,0.5,0.49999575007996,1727070423683
9,1.0,1.0,0.66666666666667,0.55324536931123,0.5,0.5,0.5,0.49999946151342,1727070423700
9,1.0,1.0,0.66666666666667,0.5255660584127,0.5,0.5,0.5,0.49999774485622,1727070423716
9,1.0,1.0,0.66666666666667,0.51127208182415,0.5,0.5,0.5,0.49999649386146,1727070423733
9,1.0,1.0,0.66666666666667,0.48359818243176,0.5,0.5,0.5,0.49999863402287,1727070423750
9,1.0,1.0,0.66666666666667,0.47309426039436,0.5,0.5,0.5,0.50000148885234,1727070423766
9,1.0,1.0,0.66666666666667,0.43788529739146,0.5,0.5,0.5,0.49999438134814,1727070423783
9,1.0,1.0,0.66666666666667,0.42072098666666,0.5,0.5,0.5,0.49999828182005,1727070423800
9,1.0,1.0,0.66666666666667,0.39972902314605,0.5,0.5,0.5,0.49999199101341,1727070423816
9,1.0,1.0,0.66666666666667,0.37873921459849,0.5,0.5,0.5,0.50000066034327,1727070423833
9,1.0,1.0,0.66666666666667,0.37208995920536,0.5,0.5,0.5,0.4999979186458,1727070423850
9,1.0,1.0,0.66666666666667,0.35410619849444,0.5,0.5,0.5,0.49999863669207,1727070423866
9,1.0,1.0,0.66666666666667,0.3293731194704,0.5,0.5,0.5,0.49998906050269,1727070423883
9,1.0,1.0,0.66666666666667,0.30837957277359,0.5,0.5,0.5,0.49999502105472,1727070423900
9,1.0,1.0,0.66666666666667,0.28740220107983,0.5,0.5,0.5,0.50000225811899,1727070423916
9,1.0,1.0,0.66666666666667,0.27689539382808,0.5,0.5,0.5,0.49998713115809,1727070423933
9,1.0,1.0,0.66666666666667,0.2663979921665,0.5,0.5,0.5,0.49999785634842,1727070423950
9,1.0,1.0,0.66666666666667,0.25590221540656,0.5,0.5,0.5,0.49999403129859,1727070423966
9,1.0,1.0,0.66666666666667,0.24539609531832,0.5,0.5,0.5,0.4999956544537,1727070423983
9,1.0,1.0,0.66666666666667,0.23490074603961,0.5,0.5,0.5,0.49999210212087,1727070424000
9,1.0,1.0,0.66666666666667,0.22439962903652,0.5,0.5,0.5,0.4999995688806,1727070424016
9,1.0,1.0,0.66666666666667,0.22059760742424,0.5,0.5,0.5,0.49999719697418,1727070424072
9,1.0,1.0,0.66666666666667,0.21680666257852,0.5,0.5,0.5,0.50000786891791,1727070424083
9,1.0,1.0,0.66666666666667,0.21015249128483,0.5,0.5,0.5,0.49999837667109,1727070424100
9,1.0,1.0,0.66666666666667,0.20635926233268,0.5,0.5,0.5,0.49998795706015,1727070424581
9,1.0,1.0,0.66666666666667,0.19971773888979,0.5,0.5,0.5,0.49999345585554,1727070424594
9,1.0,1.0,0.66666666666667,0.18921480122723,0.5,0.5,0.5,0.4999992676959,1727070425745
9,1.0,1.0,0.66666666666667,0.18257361469144,0.5,0.5,0.5,0.50000558743954,1727070425981
9,1.0,1.0,0.66666666666667,0.17207173930408,0.5,0.5,0.5,0.49999322871123,1727070426016
9,1.0,1.0,0.66666666666667,0.16157757050048,0.5,0.5,0.5,0.49999056299581,1727070426033
9,1.0,1.0,0.66666666666667,0.16157757050048,0.5,0.5,0.5,0.49999056299581,1727070426574
9,1.0,1.0,0.66666666666667,0.16157757050048,0.5,0.5,0.5,0.49999056299581,1727070428342
9,1.0,1.0,0.66666666666667,0.16157757050048,0.5,0.5,0.5,0.49999056299581,1727070429173
9,1.0,1.0,0.65682003397567,0.16157757050048,0.5,0.5,0.49999184043226,0.49999056299581,1727070429188
9,1.0,1.0,0.65421605229303,0.16157757050048,0.5,0.5,0.49999668649456,0.49999056299581,1727070429199
9,1.0,1.0,0.64699772307982,0.16157757050048,0.5,0.5,0.49998667032654,0.49999056299581,1727070429216
9,1.0,1.0,0.63457835551083,0.16157757050048,0.5,0.5,0.49999378867403,0.49999056299581,1727070429233
9,1.0,1.0,0.62013948440858,0.16157757050048,0.5,0.5,0.49998643310729,0.49999056299581,1727070429249
9,1.0,1.0,0.61029039296049,0.16157757050048,0.5,0.5,0.49999453669764,0.49999056299581,1727070429266
9,1.0,1.0,0.58337447264244,0.16157757050048,0.5,0.5,0.49999693331847,0.49999056299581,1727070429283
9,1.0,1.0,0.55645117940485,0.16157757050048,0.5,0.5,0.49999419962664,0.49999056299581,1727070429299
9,1.0,1.0,0.5204252566644,0.16157757050048,0.5,0.5,0.49998992465501,0.49999056299581,1727070429316
9,1.0,1.0,0.48888470816393,0.16157757050048,0.5,0.5,0.4999891858069,0.49999056299581,1727070429333
9,1.0,1.0,0.47179913599084,0.16157757050048,0.5,0.5,0.49999929591199,0.49999056299581,1727070429349
9,1.0,1.0,0.45015609699399,0.16157757050048,0.5,0.5,0.49999403030512,0.49999056299581,1727070429366
9,1.0,1.0,0.42324710589749,0.16157757050048,0.5,0.5,0.50000677199928,0.49999056299581,1727070429383
9,1.0,1.0,0.40160434821556,0.16157757050048,0.5,0.5,0.49999909690434,0.49999056299581,1727070429399
9,1.0,1.0,0.37469812510754,0.16157757050048,0.5,0.5,0.49998979679261,0.49999056299581,1727070429416
9,1.0,1.0,0.36746925364544,0.16157757050048,0.5,0.5,0.4999951890613,0.49999056299581,1727070429433
9,1.0,1.0,0.34315746065706,0.16157757050048,0.5,0.5,0.49998989534463,0.49999056299581,1727070429449
9,1.0,1.0,0.32607457956596,0.16157757050048,0.5,0.5,0.49997807210232,0.49999056299581,1727070429466
9,1.0,1.0,0.31885391764789,0.16157757050048,0.5,0.5,0.49998355909866,0.49999056299581,1727070429483
9,1.0,1.0,0.30442266087608,0.16157757050048,0.5,0.5,0.49997715908759,0.49999056299581,1727070429499
9,1.0,1.0,0.28998902249565,0.16157757050048,0.5,0.5,0.49999355939963,0.49999056299581,1727070429516
9,1.0,1.0,0.2827615547337,0.16157757050048,0.5,0.5,0.49998603489785,0.49999056299581,1727070429533
9,1.0,1.0,0.26833588032678,0.16157757050048,0.5,0.5,0.50000561542061,0.49999056299581,1727070429550
9,1.0,1.0,0.26110959454416,0.16157757050048,0.5,0.5,0.49998580787142,0.49999056299581,1727070429568
9,1.0,1.0,0.2538879771443,0.16157757050048,0.5,0.5,0.50000206318018,0.49999056299581,1727070429584
9,1.0,1.0,0.24667015551358,0.16157757050048,0.5,0.5,0.4999786894142,0.49999056299581,1727070429656
9,1.0,1.0,0.23944997366302,0.16157757050048,0.5,0.5,0.49997992913093,0.49999056299581,1727070429666
9,1.0,1.0,0.23223005976083,0.16157757050048,0.5,0.5,0.49997829043845,0.49999056299581,1727070429683
9,1.0,1.0,0.2250092040942,0.16157757050048,0.5,0.5,0.49998700502858,0.49999056299581,1727070429699
9,1.0,1.0,0.21778891260895,0.16157757050048,0.5,0.5,0.49998966029158,0.49999056299581,1727070429749
9,1.0,1.0,0.21056188364375,0.16157757050048,0.5,0.5,0.49997589593128,0.49999056299581,1727070431803
9,1.0,1.0,0.20334292534014,0.16157757050048,0.5,0.5,0.49996302841109,0.49999056299581,1727070431889
9,1.0,1.0,0.19350823044384,0.16157757050048,0.5,0.5,0.50000159971442,0.49999056299581,1727070431904
9,1.0,1.0,0.18628872058096,0.16157757050048,0.5,0.5,0.49999528761774,0.49999056299581,1727070431952
9,1.0,1.0,0.17906737397416,0.16157757050048,0.5,0.5,0.50001122564713,0.49999056299581,1727070432024
9,1.0,1.0,0.16922988424306,0.16157757050048,0.5,0.5,0.49998568416759,0.49999056299581,1727070435642
9,1.0,1.0,0.16666685581177,0.16157757050048,0.5,0.5,0.49999586968171,0.49999056299581,1727070435762
9,1.0,1.0,0.16666685581177,0.16157757050048,0.5,0.5,0.49999586968171,0.49999056299581,1727070438034
9,1.0,1.0,0.16666685581177,0.16157757050048,0.5,0.5,0.49999586968171,0.49999056299581,1727070439770
9,0.98949406990469,1.0,0.16666685581177,0.16157757050048,0.50000078383466,0.5,0.49999586968171,0.49999056299581,1727070439832
9,0.95516576694171,1.0,0.16666685581177,0.16157757050048,0.5000054534108,0.5,0.49999586968171,0.49999056299581,1727070439848
9,0.91031772160639,1.0,0.16666685581177,0.16157757050048,0.50000476544838,0.5,0.49999586968171,0.49999056299581,1727070439865
9,0.87882095666123,1.0,0.16666685581177,0.16157757050048,0.50000272144782,0.5,0.49999586968171,0.49999056299581,1727070439882
9,0.83015516923947,1.0,0.16666685581177,0.16157757050048,0.50000067532448,0.5,0.49999586968171,0.49999056299581,1727070439898
9,0.80247601689003,1.0,0.16666685581177,0.16157757050048,0.49999952530309,0.5,0.49999586968171,0.49999056299581,1727070439915
9,0.7576296098004,1.0,0.16666685581177,0.16157757050048,0.49999936561255,0.5,0.49999586968171,0.49999056299581,1727070439932
9,0.72995472596285,1.0,0.16666685581177,0.16157757050048,0.50000049498616,0.5,0.49999586968171,0.49999056299581,1727070439948
9,0.71278638492693,1.0,0.16666685581177,0.16157757050048,0.50000101330841,0.5,0.49999586968171,0.49999056299581,1727070439965
9,0.66128173397007,1.0,0.16666685581177,0.16157757050048,0.50000291060595,0.5,0.49999586968171,0.49999056299581,1727070439982
9,0.63746311092644,1.0,0.16666685581177,0.16157757050048,0.50000097688009,0.5,0.49999586968171,0.49999056299581,1727070439998
9,0.6097891448441,1.0,0.16666685581177,0.16157757050048,0.500002904456,0.5,0.49999586968171,0.49999056299581,1727070440015
9,0.58597144519784,1.0,0.16666685581177,0.16157757050048,0.50000146043019,0.5,0.49999586968171,0.49999056299581,1727070440032
9,0.57547331657222,1.0,0.16666685581177,0.16157757050048,0.50000786651393,0.5,0.49999586968171,0.49999056299581,1727070440048
9,0.54779013109773,1.0,0.16666685581177,0.16157757050048,0.50000381173995,0.5,0.49999586968171,0.49999056299581,1727070440065
9,0.51257581383675,1.0,0.16666685581177,0.16157757050048,0.50000475943509,0.5,0.49999586968171,0.49999056299581,1727070440082
9,0.47823958839769,1.0,0.16666685581177,0.16157757050048,0.50000667671991,0.5,0.49999586968171,0.49999056299581,1727070440099
9,0.45442362848266,1.0,0.16666685581177,0.16157757050048,0.50000645218758,0.5,0.49999586968171,0.49999056299581,1727070440115
9,0.43343143151142,1.0,0.16666685581177,0.16157757050048,0.50000053426629,0.5,0.49999586968171,0.49999056299581,1727070440132
9,0.41626745945987,1.0,0.16666685581177,0.16157757050048,0.50000489955292,0.5,0.49999586968171,0.49999056299581,1727070440148
9,0.38582970935279,1.0,0.16666685581177,0.16157757050048,0.499999080978,0.5,0.49999586968171,0.49999056299581,1727070440165
9,0.32770077132663,1.0,0.16666685581177,0.16157757050048,0.50000807725202,0.5,0.49999586968171,0.49999056299581,1727070440182
9,0.32104726101057,1.0,0.16666685581177,0.16157757050048,0.50000106893346,0.5,0.49999586968171,0.49999056299581,1727070440198
9,0.3105528097459,1.0,0.16666685581177,0.16157757050048,0.49999898064586,0.5,0.49999586968171,0.49999056299581,1727070440215
9,0.31722346317892,1.0,0.16666685581177,0.16157757050048,0.50000785216983,0.5,0.49999586968171,0.49999056299581,1727070440624
9,0.33732234892534,1.0,0.16666685581177,0.16157757050048,0.49999931661668,0.5,0.49999586968171,0.49999056299581,1727070440632
9,0.38812638893581,1.0,0.16666685581177,0.16157757050048,0.50000286151272,0.5,0.49999586968171,0.49999056299581,1727070440648
9,0.44258194638272,1.0,0.16666685581177,0.16157757050048,0.49999787534344,0.5,0.49999586968171,0.49999056299581,1727070440665
9,0.47312879557822,1.0,0.16666685581177,0.16157757050048,0.50000436001952,0.5,0.49999586968171,0.49999056299581,1727070440682
9,0.47980388094043,1.0,0.16666685581177,0.16157757050048,0.5000029318461,0.5,0.49999586968171,0.49999056299581,1727070440698
9,0.49031157646313,1.0,0.16666685581177,0.16157757050048,0.50000289262696,0.5,0.49999586968171,0.49999056299581,1727070440774
9,0.50747987926682,1.0,0.16666685581177,0.16157757050048,0.50000215165036,0.5,0.49999586968171,0.49999056299581,1727070440782
9,0.52465549486741,1.0,0.16666685581177,0.16157757050048,0.50000664807085,0.5,0.49999586968171,0.49999056299581,1727070440798
9,0.53132354215601,1.0,0.16666685581177,0.16157757050048,0.50000032828441,0.5,0.49999586968171,0.49999056299581,1727070440815
9,0.53799833176145,1.0,0.16666685581177,0.16157757050048,0.50000959673726,0.5,0.49999586968171,0.49999056299581,1727070440832
9,0.54466424777282,1.0,0.16666685581177,0.16157757050048,0.50000187968782,0.5,0.49999586968171,0.49999056299581,1727070440848
9,0.54854063013364,1.0,0.16666685581177,0.16157757050048,0.50000149724211,0.5,0.49999586968171,0.49999056299581,1727070440865
9,0.55904972482151,1.0,0.16666685581177,0.16157757050048,0.50000243344803,0.5,0.49999586968171,0.49999056299581,1727070440882
9,0.56572279552195,1.0,0.16666685581177,0.16157757050048,0.4999998098072,0.5,0.49999586968171,0.49999056299581,1727070440899
9,0.57623710568842,1.0,0.16666685581177,0.16157757050048,0.50000422816612,0.5,0.49999586968171,0.49999056299581,1727070440996
9,0.5829071957425,1.0,0.16666685581177,0.16157757050048,0.49999967130703,0.5,0.49999586968171,0.49999056299581,1727070441004
9,0.5895752915458,1.0,0.16666685581177,0.16157757050048,0.50000397996132,0.5,0.49999586968171,0.49999056299581,1727070441020
9,0.59345268489858,1.0,0.16666685581177,0.16157757050048,0.50000426906371,0.5,0.49999586968171,0.49999056299581,1727070441032
9,0.60012341175671,1.0,0.16666685581177,0.16157757050048,0.50000021714896,0.5,0.49999586968171,0.49999056299581,1727070441048
9,0.61728829959049,1.0,0.16666685581177,0.16157757050048,0.49999745207667,0.5,0.49999586968171,0.49999056299581,1727070441065
9,0.6278056011657,1.0,0.16666685581177,0.16157757050048,0.50000351795567,0.5,0.49999586968171,0.49999056299581,1727070441124
9,0.63447114740164,1.0,0.16666685581177,0.16157757050048,0.49999639976934,0.5,0.49999586968171,0.49999056299581,1727070441140
9,0.6278169646179,1.0,0.16666685581177,0.16157757050048,0.50000099234895,0.5,0.49999586968171,0.49999056299581,1727070441354
9,0.6173124349491,1.0,0.16666685581177,0.16157757050048,0.50000301477621,0.5,0.49999586968171,0.49999056299581,1727070441368
9,0.60403331066311,1.0,0.16666685581177,0.16157757050048,0.50000164064374,0.5,0.49999586968171,0.49999056299581,1727070441392
9,0.5973725156054,1.0,0.16666685581177,0.16157757050048,0.50000213722291,0.5,0.49999586968171,0.49999056299581,1727070441408
9,0.58687020225882,1.0,0.16666685581177,0.16157757050048,0.50000570768744,0.5,0.49999586968171,0.49999056299581,1727070441416
9,0.58021726293668,1.0,0.16666685581177,0.16157757050048,0.5000012473511,0.5,0.49999586968171,0.49999056299581,1727070441432
9,0.56304611689085,1.0,0.16666685581177,0.16157757050048,0.49999997494049,0.5,0.49999586968171,0.49999056299581,1727070441448
9,0.55254875513207,1.0,0.16666685581177,0.16157757050048,0.50000707140021,0.5,0.49999586968171,0.49999056299581,1727070441536
9,0.54589555912907,1.0,0.16666685581177,0.16157757050048,0.5000022523179,0.5,0.49999586968171,0.49999056299581,1727070441678
9,0.53539185490009,1.0,0.16666685581177,0.16157757050048,0.50000508198283,0.5,0.49999586968171,0.49999056299581,1727070441726
9,0.52874049351159,1.0,0.16666685581177,0.16157757050048,0.50000143858579,0.5,0.49999586968171,0.49999056299581,1727070441765
9,0.52208870913079,1.0,0.16666685581177,0.16157757050048,0.50000841609969,0.5,0.49999586968171,0.49999056299581,1727070441782
9,0.51543893735713,1.0,0.16666685581177,0.16157757050048,0.500005883312,0.5,0.49999586968171,0.49999056299581,1727070441798
9,0.50878339973545,1.0,0.16666685581177,0.16157757050048,0.4999991167141,0.5,0.49999586968171,0.49999056299581,1727070441884
9,0.50213252609881,1.0,0.16666685581177,0.16157757050048,0.50000692642919,0.5,0.49999586968171,0.49999056299581,1727070441900
9,0.48113794435012,1.0,0.16666685581177,0.16157757050048,0.49999961000391,0.5,0.49999586968171,0.49999056299581,1727070441954
9,0.47448618470201,1.0,0.16666685581177,0.16157757050048,0.50000704801662,0.5,0.49999586968171,0.49999056299581,1727070441970
9,0.46783825461771,1.0,0.16666685581177,0.16157757050048,0.50000574907084,0.5,0.49999586968171,0.49999056299581,1727070441994
9,0.47450618719464,1.0,0.16666685581177,0.16157757050048,0.49999885465075,0.5,0.49999586968171,0.49999056299581,1727070444316
9,0.47837994136348,1.0,0.16666685581177,0.16157757050048,0.49999646211336,0.5,0.49999586968171,0.49999056299581,1727070444338
9,0.48505184169105,1.0,0.16666685581177,0.16157757050048,0.50000426618778,0.5,0.49999586968171,0.49999056299581,1727070444528
9,0.49173211480955,1.0,0.16666685581177,0.16157757050048,0.50000671784026,0.5,0.49999586968171,0.49999056299581,1727070444536
9,0.49560328244104,1.0,0.16666685581177,0.16157757050048,0.50000242716645,0.5,0.49999586968171,0.49999056299581,1727070444782
9,0.50611831985819,1.0,0.16666685581177,0.16157757050048,0.50000774913366,0.5,0.49999586968171,0.49999056299581,1727070444948
9,0.51662897958653,1.0,0.16666685581177,0.16157757050048,0.49999871295891,0.5,0.49999586968171,0.49999056299581,1727070444965
9,0.52329640871269,1.0,0.16666685581177,0.16157757050048,0.50000292385823,0.5,0.49999586968171,0.49999056299581,1727070444982
9,0.52716954846423,1.0,0.16666685581177,0.16157757050048,0.50000022537476,0.5,0.49999586968171,0.49999056299581,1727070445092
9,0.52716954846423,1.0,0.16666685581177,0.16157757050048,0.50000022537476,0.5,0.49999586968171,0.49999056299581,1727070447284
9,0.52716954846423,1.0,0.16666685581177,0.16157757050048,0.50000022537476,0.5,0.49999586968171,0.49999056299581,1727070448307
9,0.52716954846423,0.99334840672462,0.16666685581177,0.16157757050048,0.50000022537476,0.49999559008472,0.49999586968171,0.49999056299581,1727070448924
9,0.52716954846423,0.98669097373226,0.16666685581177,0.16157757050048,0.50000022537476,0.50000059469253,0.49999586968171,0.49999056299581,1727070448932
9,0.52716954846423,0.9535355513945,0.16666685581177,0.16157757050048,0.50000022537476,0.50000133311151,0.49999586968171,0.49999056299581,1727070448948
9,0.52716954846423,0.94023633464187,0.16666685581177,0.16157757050048,0.50000022537476,0.4999974220502,0.49999586968171,0.49999056299581,1727070448964
9,0.52716954846423,0.9269439016647,0.16666685581177,0.16157757050048,0.50000022537476,0.49999745162326,0.49999586968171,0.49999056299581,1727070448981
9,0.52716954846423,0.92028888352054,0.16666685581177,0.16157757050048,0.50000022537476,0.4999943653853,0.49999586968171,0.49999056299581,1727070448998
9,0.52716954846423,0.91362678173961,0.16666685581177,0.16157757050048,0.50000022537476,0.50000188928303,0.49999586968171,0.49999056299581,1727070449015
9,0.52716954846423,0.90033109899773,0.16666685581177,0.16157757050048,0.50000022537476,0.49999615519704,0.49999586968171,0.49999056299581,1727070449031
9,0.52716954846423,0.87650968409198,0.16666685581177,0.16157757050048,0.50000022537476,0.49999902519443,0.49999586968171,0.49999056299581,1727070449048
9,0.52716954846423,0.85269679308938,0.16666685581177,0.16157757050048,0.50000022537476,0.4999977573823,0.49999586968171,0.49999056299581,1727070449065
9,0.52716954846423,0.84603362215547,0.16666685581177,0.16157757050048,0.50000022537476,0.49999856491709,0.49999586968171,0.49999056299581,1727070449082
9,0.52716954846423,0.85270391018568,0.16666685581177,0.16157757050048,0.50000022537476,0.49999419900611,0.49999586968171,0.49999056299581,1727070452852
9,0.52716954846423,0.85937113703002,0.16666685581177,0.16157757050048,0.50000022537476,0.49999905263772,0.49999586968171,0.49999056299581,1727070452868
9,0.52716954846423,0.86604238806168,0.16666685581177,0.16157757050048,0.50000022537476,0.49999426026634,0.49999586968171,0.49999056299581,1727070452980
9,0.52716954846423,0.86604238806168,0.16666685581177,0.16157757050048,0.50000022537476,0.49999426026634,0.49999586968171,0.49999056299581,1727070453732
9,0.52716954846423,0.86604238806168,0.16666685581177,0.16157757050048,0.50000022537476,0.49999426026634,0.49999586968171,0.49999056299581,1727070455783
9,0.5205232261217,0.86604238806168,0.16666685581177,0.16157757050048,0.50000010675543,0.49999426026634,0.49999586968171,0.49999056299581,1727070455894
9,0.51387055532268,0.86604238806168,0.16666685581177,0.16157757050048,0.5000065079695,0.49999426026634,0.49999586968171,0.49999056299581,1727070455931
9,0.50336754316502,0.86604238806168,0.16666685581177,0.16157757050048,0.49999876497824,0.49999426026634,0.49999586968171,0.49999056299581,1727070455948
9,0.49286869579357,0.86604238806168,0.16666685581177,0.16157757050048,0.50000531189106,0.49999426026634,0.49999586968171,0.49999056299581,1727070455998
9,0.48621673982305,0.86604238806168,0.16666685581177,0.16157757050048,0.50000101487085,0.49999426026634,0.49999586968171,0.49999056299581,1727070456014
9,0.47570497859874,0.86604238806168,0.16666685581177,0.16157757050048,0.49999793835357,0.49999426026634,0.49999586968171,0.49999056299581,1727070456068
9,0.46906088837499,0.86604238806168,0.16666685581177,0.16157757050048,0.499999501556,0.49999426026634,0.49999586968171,0.49999056299581,1727070456092
9,0.46906088837499,0.86604238806168,0.16666685581177,0.16157757050048,0.499999501556,0.49999426026634,0.49999586968171,0.49999056299581,1727070459838
10,0.5,0.33333333333333,0.33333333333333,0.16666666666667,0.5,0.5,0.5,0.5,1727070465508
10,0.5,0.33333333333333,0.35311867979884,0.16666666666667,0.5,0.5,0.49999982391019,0.5,1727070465515
10,0.5,0.33333333333333,0.36035763434246,0.16666666666667,0.5,0.5,0.49997794083352,0.5,1727070465530
10,0.5,0.33333333333333,0.3846753531378,0.16666666666667,0.5,0.5,0.50000223531113,0.5,1727070465547
10,0.5,0.33333333333333,0.49878153357003,0.16666666666667,0.5,0.5,0.49998952409859,0.5,1727070465564
10,0.5,0.33333333333333,0.61776416619317,0.16666666666667,0.5,0.5,0.49999475985542,0.5,1727070465580
10,0.5,0.33333333333333,0.77069654025617,0.16666666666667,0.5,0.5,0.49998607468344,0.5,1727070465597
10,0.5,0.33333333333333,0.94059492990686,0.16666666666667,0.5,0.5,0.49999548675878,0.5,1727070465614
10,0.5,0.33333333333333,1.0,0.16666666666667,0.5,0.5,0.5,0.5,1727070465630
10,0.5,0.33333333333333,1.0,0.16666666666667,0.5,0.5,0.5,0.5,1727070465647
10,0.5,0.33333333333333,1.0,0.16666666666667,0.5,0.5,0.5,0.5,1727070465664
10,0.5,0.33333333333333,1.0,0.16666666666667,0.5,0.5,0.5,0.5,1727070465680
10,0.5,0.33333333333333,1.0,0.16666666666667,0.5,0.5,0.5,0.5,1727070465697
10,0.5,0.33333333333333,1.0,0.16666666666667,0.5,0.5,0.5,0.5,1727070465714
10,0.5,0.33333333333333,1.0,0.16666666666667,0.5,0.5,0.5,0.5,1727070465730
10,0.5,0.33333333333333,1.0,0.16666666666667,0.5,0.5,0.5,0.5,1727070465747
10,0.5,0.33333333333333,1.0,0.16666666666667,0.5,0.5,0.5,0.5,1727070465764
10,0.5,0.33333333333333,1.0,0.16666666666667,0.5,0.5,0.5,0.5,1727070465780
10,0.5,0.33333333333333,1.0,0.16666666666667,0.5,0.5,0.5,0.5,1727070465797
10,0.5,0.33333333333333,1.0,0.16666666666667,0.5,0.5,0.5,0.5,1727070465814
10,0.5,0.33333333333333,1.0,0.16666666666667,0.5,0.5,0.5,0.5,1727070465830
10,0.5,0.33333333333333,1.0,0.16666666666667,0.5,0.5,0.5,0.5,1727070465847
10,0.5,0.33333333333333,1.0,0.16666666666667,0.5,0.5,0.5,0.5,1727070465864
10,0.5,0.33333333333333,1.0,0.16666666666667,0.5,0.5,0.5,0.5,1727070465880
10,0.5,0.33333333333333,1.0,0.16666666666667,0.5,0.5,0.5,0.5,1727070465897
10,0.5,0.33333333333333,1.0,0.16666666666667,0.5,0.5,0.5,0.5,1727070465914
10,0.5,0.33333333333333,1.0,0.16666666666667,0.5,0.5,0.5,0.5,1727070465935
10,0.5,0.33333333333333,1.0,0.16666666666667,0.5,0.5,0.5,0.5,1727070466070
10,0.5,0.33333333333333,1.0,0.16666666666667,0.5,0.5,0.5,0.5,1727070466070
10,0.5,0.33333333333333,1.0,0.16666666666667,0.5,0.5,0.5,0.5,1727070467379
10,0.5,0.33333333333333,1.0,0.16666666666667,0.5,0.5,0.5,0.5,1727070468027
10,0.5,0.33333333333333,0.99277256391312,0.16666666666667,0.5,0.5,0.49999491952485,0.5,1727070468138
10,0.5,0.33333333333333,0.98555179868091,0.16666666666667,0.5,0.5,0.49999798304466,0.5,1727070468162
10,0.5,0.33333333333333,0.9829407341496,0.16666666666667,0.5,0.5,0.49999685520349,0.5,1727070468170
10,0.5,0.33333333333333,0.97571107160987,0.16666666666667,0.5,0.5,0.50000299991088,0.5,1727070468288
10,0.5,0.33333333333333,0.97309987990219,0.16666666666667,0.5,0.5,0.50000241930636,0.5,1727070468303
10,0.5,0.33333333333333,0.96588038916017,0.16666666666667,0.5,0.5,0.50000007670441,0.5,1727070468327
10,0.5,0.33333333333333,0.95865460567621,0.16666666666667,0.5,0.5,0.49998948680683,0.5,1727070468400
10,0.5,0.33333333333333,0.95142585916698,0.16666666666667,0.5,0.5,0.49999171054442,0.5,1727070468422
10,0.5,0.33333333333333,0.94420324571979,0.16666666666667,0.5,0.5,0.50000298169828,0.5,1727070468438
10,0.5,0.33333333333333,0.93697608542437,0.16666666666667,0.5,0.5,0.49999830249831,0.5,1727070468454
10,0.5,0.33333333333333,0.92974851337778,0.16666666666667,0.5,0.5,0.49999539737444,0.5,1727070468497
10,0.5,0.33333333333333,0.91990176433779,0.16666666666667,0.5,0.5,0.49999092570203,0.5,1727070468517
10,0.5,0.33333333333333,0.91267467762928,0.16666666666667,0.5,0.5,0.49998574174558,0.5,1727070468564
10,0.5,0.33333333333333,0.90545231946949,0.16666666666667,0.5,0.5,0.49999619416074,0.5,1727070468580
10,0.5,0.33333333333333,0.89822549652012,0.16666666666667,0.5,0.5,0.49998977275067,0.5,1727070468597
10,0.5,0.33333333333333,0.90546251684215,0.16666666666667,0.5,0.5,0.49998705999101,0.5,1727070469286
10,0.5,0.33333333333333,0.91268908740394,0.16666666666667,0.5,0.5,0.49999459729965,0.5,1727070469297
10,0.5,0.33333333333333,0.94423924407038,0.16666666666667,0.5,0.5,0.4999886822994,0.5,1727070469314
10,0.5,0.33333333333333,0.96133050082453,0.16666666666667,0.5,0.5,0.4999935006879,0.5,1727070469330
10,0.5,0.33333333333333,0.96855834980387,0.16666666666667,0.5,0.5,0.49999514925408,0.5,1727070469347
10,0.5,0.33333333333333,0.99026900710571,0.16666666666667,0.5,0.5,0.49998918108432,0.5,1727070469364
10,0.5,0.33333333333333,1.0,0.16666666666667,0.5,0.5,0.5,0.5,1727070469380
10,0.5,0.33333333333333,1.0,0.16666666666667,0.5,0.5,0.5,0.5,1727070469397
10,0.5,0.33333333333333,1.0,0.16666666666667,0.5,0.5,0.5,0.5,1727070469428
10,0.5,0.33333333333333,1.0,0.16666666666667,0.5,0.5,0.5,0.5,1727070469463
10,0.5,0.33333333333333,1.0,0.16666666666667,0.5,0.5,0.5,0.5,1727070469480
10,0.5,0.33333333333333,1.0,0.16666666666667,0.5,0.5,0.5,0.5,1727070469497
10,0.5,0.33333333333333,1.0,0.16666666666667,0.5,0.5,0.5,0.5,1727070469602
10,0.5,0.33333333333333,1.0,0.16666666666667,0.5,0.5,0.5,0.5,1727070469658
10,0.5,0.33333333333333,1.0,0.16666666666667,0.5,0.5,0.5,0.5,1727070469674
10,0.5,0.33333333333333,1.0,0.16666666666667,0.5,0.5,0.5,0.5,1727070469713
10,0.5,0.33333333333333,1.0,0.16666666666667,0.5,0.5,0.5,0.5,1727070469816
10,0.5,0.33333333333333,1.0,0.16666666666667,0.5,0.5,0.5,0.5,1727070469840
10,0.5,0.33333333333333,1.0,0.16666666666667,0.5,0.5,0.5,0.5,1727070469928
10,0.5,0.33333333333333,1.0,0.16666666666667,0.5,0.5,0.5,0.5,1727070469936
10,0.5,0.33333333333333,0.99277239930743,0.16666666666667,0.5,0.5,0.49999561452579,0.5,1727070471432
10,0.5,0.33333333333333,0.98292574187678,0.16666666666667,0.5,0.5,0.49999098328462,0.5,1727070471480
10,0.5,0.33333333333333,0.96583960730123,0.16666666666667,0.5,0.5,0.4999994377328,0.5,1727070471530
10,0.5,0.33333333333333,0.95598369676974,0.16666666666667,0.5,0.5,0.49999937727806,0.5,1727070471590
10,0.5,0.33333333333333,0.94613724254503,0.16666666666667,0.5,0.5,0.49999374311797,0.5,1727070471734
10,0.5,0.33333333333333,0.94613724254503,0.16666666666667,0.5,0.5,0.49999374311797,0.5,1727070472066
10,0.5,0.33333333333333,0.94613724254503,0.16666666666667,0.5,0.5,0.49999374311797,0.5,1727070473935
10,0.5,0.33333333333333,0.94613724254503,0.17334154660191,0.5,0.5,0.49999374311797,0.50000401775493,1727070474046
10,0.5,0.33333333333333,0.94613724254503,0.2002497308379,0.5,0.5,0.49999374311797,0.49998554155147,1727070474064
10,0.5,0.33333333333333,0.94613724254503,0.23394374365821,0.5,0.5,0.49999374311797,0.49998849077558,1727070474080
10,0.5,0.33333333333333,0.94613724254503,0.26082220697268,0.5,0.5,0.49999374311797,0.49999075875432,1727070474097
10,0.5,0.33333333333333,0.94613724254503,0.27420227518824,0.5,0.5,0.49999374311797,0.5000023929239,1727070474113
10,0.5,0.33333333333333,0.94613724254503,0.2808751353514,0.5,0.5,0.49999374311797,0.49999814339523,1727070474130
10,0.5,0.33333333333333,0.94613724254503,0.28755352287399,0.5,0.5,0.49999374311797,0.49999966843566,1727070474147
10,0.5,0.33333333333333,0.94613724254503,0.29422289713634,0.5,0.5,0.49999374311797,0.49999202509926,1727070474163
10,0.5,0.33333333333333,0.94613724254503,0.30090400696723,0.5,0.5,0.49999374311797,0.499996311813,1727070474180
10,0.5,0.33333333333333,0.94613724254503,0.31427957449681,0.5,0.5,0.49999374311797,0.50000259056563,1727070474316
10,0.5,0.33333333333333,0.94613724254503,0.31816413459935,0.5,0.5,0.49999374311797,0.49999505482699,1727070474332
10,0.5,0.33333333333333,0.94613724254503,0.32484023854596,0.5,0.5,0.49999374311797,0.49999432662972,1727070474418
10,0.5,0.33333333333333,0.94613724254503,0.33535143537512,0.5,0.5,0.49999374311797,0.49999772934207,1727070474474
10,0.5,0.33333333333333,0.94613724254503,0.35252456474006,0.5,0.5,0.49999374311797,0.50000136139866,1727070474568
10,0.5,0.33333333333333,0.94613724254503,0.35641263258148,0.5,0.5,0.49999374311797,0.49999749794626,1727070474583
10,0.5,0.33333333333333,0.94613724254503,0.36307607968603,0.5,0.5,0.49999374311797,0.49999924155276,1727070474599
10,0.5,0.33333333333333,0.94613724254503,0.36975408980531,0.5,0.5,0.49999374311797,0.50000021675061,1727070474624
10,0.5,0.33333333333333,0.94613724254503,0.38026617929826,0.5,0.5,0.49999374311797,0.49999060179228,1727070474672
10,0.5,0.33333333333333,0.94613724254503,0.39743591288242,0.5,0.5,0.49999374311797,0.49999127920775,1727070474940
10,0.5,0.33333333333333,0.94613724254503,0.40411393444202,0.5,0.5,0.49999374311797,0.49999229411658,1727070475012
10,0.5,0.33333333333333,0.94613724254503,0.41078559279569,0.5,0.5,0.49999374311797,0.50000081550635,1727070475028
10,0.5,0.33333333333333,0.94613724254503,0.41745823729949,0.5,0.5,0.49999374311797,0.49999727319646,1727070475044
10,0.5,0.33333333333333,0.94613724254503,0.42413001451433,0.5,0.5,0.49999374311797,0.49999309169137,1727070475052
10,0.5,0.33333333333333,0.94613724254503,0.43749677294249,0.5,0.5,0.49999374311797,0.49999124333711,1727070475063
10,0.5,0.33333333333333,0.94613724254503,0.44801342380367,0.5,0.5,0.49999374311797,0.49999845124377,1727070475080
10,0.5,0.33333333333333,0.94613724254503,0.4546847894373,0.5,0.5,0.49999374311797,0.49999411788265,1727070475097
10,0.5,0.33333333333333,0.94613724254503,0.46135048104793,0.5,0.5,0.49999374311797,0.49999739188824,1727070475113
10,0.5,0.33333333333333,0.94613724254503,0.49189942028154,0.5,0.5,0.49999374311797,0.49999385278466,1727070475130
10,0.5,0.33333333333333,0.94613724254503,0.51869763621594,0.5,0.5,0.49999374311797,0.49999278750738,1727070475147
10,0.5,0.33333333333333,0.94613724254503,0.54255107444892,0.5,0.5,0.49999374311797,0.49999807189469,1727070475163
10,0.5,0.33333333333333,0.94613724254503,0.54921934109049,0.5,0.5,0.49999374311797,0.50000272930987,1727070475180
10,0.5,0.33333333333333,0.94613724254503,0.55589111101413,0.5,0.5,0.49999374311797,0.49999918132434,1727070475274
10,0.5,0.33333333333333,0.94613724254503,0.56256166824215,0.5,0.5,0.49999374311797,0.49999486876343,1727070475290
10,0.5,0.33333333333333,0.94613724254503,0.56922671474113,0.5,0.5,0.49999374311797,0.49999727137909,1727070475297
10,0.5,0.33333333333333,0.94613724254503,0.57310245492805,0.5,0.5,0.49999374311797,0.49999649190475,1727070475320
10,0.5,0.33333333333333,0.94613724254503,0.57977586426285,0.5,0.5,0.49999374311797,0.49999418547225,1727070475440
10,0.5,0.33333333333333,0.94613724254503,0.58644627039324,0.5,0.5,0.49999374311797,0.50000007681994,1727070475534
10,0.5,0.33333333333333,0.94613724254503,0.58644627039324,0.5,0.5,0.49999374311797,0.50000007681994,1727070479114
10,0.5,0.33333333333333,0.94613724254503,0.58644627039324,0.5,0.5,0.49999374311797,0.50000007681994,1727070480621
10,0.49335410112395,0.33333333333333,0.94613724254503,0.58644627039324,0.50000018910553,0.5,0.49999374311797,0.50000007681994,1727070480706
10,0.47618826305253,0.33333333333333,0.94613724254503,0.58644627039324,0.50000276934117,0.5,0.49999374311797,0.50000007681994,1727070480714
10,0.45518625732437,0.33333333333333,0.94613724254503,0.58644627039324,0.50000128370119,0.5,0.49999374311797,0.50000007681994,1727070480729
10,0.43419890797182,0.33333333333333,0.94613724254503,0.58644627039324,0.49999912004121,0.5,0.49999374311797,0.50000007681994,1727070480746
10,0.42369549273893,0.33333333333333,0.94613724254503,0.58644627039324,0.50000260652897,0.5,0.49999374311797,0.50000007681994,1727070480763
10,0.41704497363269,0.33333333333333,0.94613724254503,0.58644627039324,0.49999902452462,0.5,0.49999374311797,0.50000007681994,1727070480794
10,0.40654199034747,0.33333333333333,0.94613724254503,0.58644627039324,0.50000296330263,0.5,0.49999374311797,0.50000007681994,1727070480830
10,0.39603813831988,0.33333333333333,0.94613724254503,0.58644627039324,0.50000628876812,0.5,0.49999374311797,0.50000007681994,1727070480846
10,0.3893899105296,0.33333333333333,0.94613724254503,0.58644627039324,0.50000456585622,0.5,0.49999374311797,0.50000007681994,1727070480897
10,0.38557650014598,0.33333333333333,0.94613724254503,0.58644627039324,0.50000630578666,0.5,0.49999374311797,0.50000007681994,1727070480913
10,0.37892967868887,0.33333333333333,0.94613724254503,0.58644627039324,0.50000578719369,0.5,0.49999374311797,0.50000007681994,1727070480930
10,0.37512073477735,0.33333333333333,0.94613724254503,0.58644627039324,0.50001150284249,0.5,0.49999374311797,0.50000007681994,1727070480946
10,0.36846671446476,0.33333333333333,0.94613724254503,0.58644627039324,0.50000461411439,0.5,0.49999374311797,0.50000007681994,1727070480963
10,0.36181596695352,0.33333333333333,0.94613724254503,0.58644627039324,0.50000052476523,0.5,0.49999374311797,0.50000007681994,1727070480980
10,0.35131497029012,0.33333333333333,0.94613724254503,0.58644627039324,0.50000667296521,0.5,0.49999374311797,0.50000007681994,1727070481008
10,0.34750957460417,0.33333333333333,0.94613724254503,0.58644627039324,0.50000173681554,0.5,0.49999374311797,0.50000007681994,1727070481024
10,0.34086482473984,0.33333333333333,0.94613724254503,0.58644627039324,0.50000306638403,0.5,0.49999374311797,0.50000007681994,1727070481040
10,0.33704956137105,0.33333333333333,0.94613724254503,0.58644627039324,0.50000320018144,0.5,0.49999374311797,0.50000007681994,1727070481332
10,0.33040045333249,0.33333333333333,0.94613724254503,0.58644627039324,0.50000043062557,0.5,0.49999374311797,0.50000007681994,1727070481450
10,0.32375519722331,0.33333333333333,0.94613724254503,0.58644627039324,0.50000129825982,0.5,0.49999374311797,0.50000007681994,1727070481594
10,0.31710514040263,0.33333333333333,0.94613724254503,0.58644627039324,0.49999751908428,0.5,0.49999374311797,0.50000007681994,1727070482164
10,0.32377889751584,0.33333333333333,0.94613724254503,0.58644627039324,0.50000928849383,0.5,0.49999374311797,0.50000007681994,1727070482213
10,0.3409551683663,0.33333333333333,0.94613724254503,0.58644627039324,0.5000012335515,0.5,0.49999374311797,0.50000007681994,1727070482230
10,0.36480485024981,0.33333333333333,0.94613724254503,0.58644627039324,0.50000434947663,0.5,0.49999374311797,0.50000007681994,1727070482246
10,0.37147377684635,0.33333333333333,0.94613724254503,0.58644627039324,0.4999972088777,0.5,0.49999374311797,0.50000007681994,1727070482263
10,0.3925148804833,0.33333333333333,0.94613724254503,0.58644627039324,0.50000616801512,0.5,0.49999374311797,0.50000007681994,1727070482279
10,0.40303098197197,0.33333333333333,0.94613724254503,0.58644627039324,0.50000017960924,0.5,0.49999374311797,0.50000007681994,1727070482370
10,0.39921925992227,0.33333333333333,0.94613724254503,0.58644627039324,0.50000329097833,0.5,0.49999374311797,0.50000007681994,1727070482933
10,0.39257080859609,0.33333333333333,0.94613724254503,0.58644627039324,0.50000135378256,0.5,0.49999374311797,0.50000007681994,1727070483360
10,0.38591422274964,0.33333333333333,0.94613724254503,0.58644627039324,0.50000566179371,0.5,0.49999374311797,0.50000007681994,1727070483414
10,0.37836876612191,0.33333333333333,0.94613724254503,0.58644627039324,0.49999959231976,0.5,0.49999374311797,0.50000007681994,1727070483438
10,0.37170964299082,0.33333333333333,0.94613724254503,0.58644627039324,0.5000017298548,0.5,0.49999374311797,0.50000007681994,1727070483446
10,0.361212072053,0.33333333333333,0.94613724254503,0.58644627039324,0.49999701198138,0.5,0.49999374311797,0.50000007681994,1727070483463
10,0.35071169412185,0.33333333333333,0.94613724254503,0.58644627039324,0.50000367283227,0.5,0.49999374311797,0.50000007681994,1727070483479
10,0.34690284360494,0.33333333333333,0.94613724254503,0.58644627039324,0.49999552149306,0.5,0.49999374311797,0.50000007681994,1727070483496
10,0.33640674633011,0.33333333333333,0.94613724254503,0.58644627039324,0.50000634276394,0.5,0.49999374311797,0.50000007681994,1727070483574
10,0.33259054537253,0.33333333333333,0.94613724254503,0.58644627039324,0.50000561177684,0.5,0.49999374311797,0.50000007681994,1727070483620
10,0.32594126104469,0.33333333333333,0.94613724254503,0.58644627039324,0.50000267986953,0.5,0.49999374311797,0.50000007681994,1727070483716
10,0.31544536175217,0.33333333333333,0.94613724254503,0.58644627039324,0.49999922768063,0.5,0.49999374311797,0.50000007681994,1727070483954
10,0.3087975064681,0.33333333333333,0.94613724254503,0.58644627039324,0.49999753979354,0.5,0.49999374311797,0.50000007681994,1727070484508
10,0.30498872322783,0.33333333333333,0.94613724254503,0.58644627039324,0.50000408074935,0.5,0.49999374311797,0.50000007681994,1727070486282
10,0.32603091210286,0.33333333333333,0.94613724254503,0.58644627039324,0.50000013674528,0.5,0.49999374311797,0.50000007681994,1727070486376
10,0.33654388995418,0.33333333333333,0.94613724254503,0.58644627039324,0.50000510249592,0.5,0.49999374311797,0.50000007681994,1727070486413
10,0.34322148403094,0.33333333333333,0.94613724254503,0.58644627039324,0.50000566867239,0.5,0.49999374311797,0.50000007681994,1727070486638
10,0.34989644601865,0.33333333333333,0.94613724254503,0.58644627039324,0.5000038032835,0.5,0.49999374311797,0.50000007681994,1727070486686
10,0.35377773535521,0.33333333333333,0.94613724254503,0.58644627039324,0.50000776579312,0.5,0.49999374311797,0.50000007681994,1727070486758
10,0.34712392270153,0.33333333333333,0.94613724254503,0.58644627039324,0.50000078091331,0.5,0.49999374311797,0.50000007681994,1727070487946
10,0.34048285026678,0.33333333333333,0.94613724254503,0.58644627039324,0.50000553415831,0.5,0.49999374311797,0.50000007681994,1727070487996
10,0.34048285026678,0.33333333333333,0.94613724254503,0.58644627039324,0.50000553415831,0.5,0.49999374311797,0.50000007681994,1727070488444
10,0.34048285026678,0.33333333333333,0.94613724254503,0.58644627039324,0.50000553415831,0.5,0.49999374311797,0.50000007681994,1727070489601
10,0.34048285026678,0.33333333333333,0.94613724254503,0.58644627039324,0.50000553415831,0.5,0.49999374311797,0.50000007681994,1727070491414
10,0.34048285026678,0.33333333333333,0.94613724254503,0.58644627039324,0.50000553415831,0.5,0.49999374311797,0.50000007681994,1727070492079
10,0.34048285026678,0.33333333333333,0.94613724254503,0.58644627039324,0.50000553415831,0.5,0.49999374311797,0.50000007681994,1727070492182
10,0.34048285026678,0.33333333333333,0.94613724254503,0.58644627039324,0.50000553415831,0.5,0.49999374311797,0.50000007681994,1727070492341
10,0.34048285026678,0.34000403199332,0.94613724254503,0.58644627039324,0.50000553415831,0.49999623231066,0.49999374311797,0.50000007681994,1727070492404
10,0.34048285026678,0.33335047275678,0.94613724254503,0.58644627039324,0.50000553415831,0.50000318822581,0.49999374311797,0.50000007681994,1727070492460
10,0.34048285026678,0.32955428830766,0.94613724254503,0.58644627039324,0.50000553415831,0.49999957938001,0.49999374311797,0.50000007681994,1727070492530
10,0.34048285026678,0.31904304647399,0.94613724254503,0.58644627039324,0.50000553415831,0.50000301064332,0.49999374311797,0.50000007681994,1727070492610
10,0.34048285026678,0.3123981003709,0.94613724254503,0.58644627039324,0.50000553415831,0.50000186224141,0.49999374311797,0.50000007681994,1727070495152
10,0.34048285026678,0.3123981003709,0.94613724254503,0.58644627039324,0.50000553415831,0.50000186224141,0.49999374311797,0.50000007681994,1727070495152
10,0.34048285026678,0.3123981003709,0.94613724254503,0.58644627039324,0.50000553415831,0.50000186224141,0.49999374311797,0.50000007681994,1727070495803
10,0.337756442146,0.3123981003709,0.94613724254503,0.58644627039324,0.50000243509787,0.50000186224141,0.49999374311797,0.50000007681994,1727070495810
10,0.33110755170474,0.3123981003709,0.94613724254503,0.58644627039324,0.49999986660212,0.50000186224141,0.49999374311797,0.50000007681994,1727070495896
10,0.3206085432405,0.3123981003709,0.94613724254503,0.58644627039324,0.50000825456195,0.50000186224141,0.49999374311797,0.50000007681994,1727070495920
10,0.31395559008176,0.3123981003709,0.94613724254503,0.58644627039324,0.50000170488139,0.50000186224141,0.49999374311797,0.50000007681994,1727070495962
10,0.30345826803224,0.3123981003709,0.94613724254503,0.58644627039324,0.49999674215014,0.50000186224141,0.49999374311797,0.50000007681994,1727070496054
10,0.29681173123061,0.3123981003709,0.94613724254503,0.58644627039324,0.49999631643088,0.50000186224141,0.49999374311797,0.50000007681994,1727070496078
10,0.29681173123061,0.3123981003709,0.94613724254503,0.58644627039324,0.49999631643088,0.50000186224141,0.49999374311797,0.50000007681994,1727070496380
10,0.29681173123061,0.3123981003709,0.94613724254503,0.58644627039324,0.49999631643088,0.50000186224141,0.49999374311797,0.50000007681994,1727070497157
10,0.29681173123061,0.30575463412225,0.94613724254503,0.58644627039324,0.49999631643088,0.49999921830671,0.49999374311797,0.50000007681994,1727070497266
10,0.29681173123061,0.29910372770183,0.94613724254503,0.58644627039324,0.49999631643088,0.5000039806766,0.49999374311797,0.50000007681994,1727070497282
10,0.29681173123061,0.29245855665095,0.94613724254503,0.58644627039324,0.49999631643088,0.5000030305722,0.49999374311797,0.50000007681994,1727070497295
10,0.29681173123061,0.28196267440764,0.94613724254503,0.58644627039324,0.49999631643088,0.50000679506129,0.49999374311797,0.50000007681994,1727070497312
10,0.29681173123061,0.25554347641414,0.94613724254503,0.58644627039324,0.49999631643088,0.50001130893171,0.49999374311797,0.50000007681994,1727070497329
10,0.29681173123061,0.25174594157247,0.94613724254503,0.58644627039324,0.49999631643088,0.50000868574154,0.49999374311797,0.50000007681994,1727070497346
10,0.29681173123061,0.24510015875702,0.94613724254503,0.58644627039324,0.49999631643088,0.50000838916049,0.49999374311797,0.50000007681994,1727070497362
10,0.29681173123061,0.23459904061065,0.94613724254503,0.58644627039324,0.49999631643088,0.50000109149865,0.49999374311797,0.50000007681994,1727070497379
10,0.29681173123061,0.22794619212763,0.94613724254503,0.58644627039324,0.49999631643088,0.50000882923037,0.49999374311797,0.50000007681994,1727070497395
10,0.29681173123061,0.23184418114326,0.94613724254503,0.58644627039324,0.49999631643088,0.5000022571795,0.49999374311797,0.50000007681994,1727070499326
10,0.29681173123061,0.2385181896608,0.94613724254503,0.58644627039324,0.49999631643088,0.500005515646,0.49999374311797,0.50000007681994,1727070499365
10,0.29681173123061,0.24519833250825,0.94613724254503,0.58644627039324,0.49999631643088,0.50000185650244,0.49999374311797,0.50000007681994,1727070499419
10,0.29681173123061,0.25187305247051,0.94613724254503,0.58644627039324,0.49999631643088,0.50000425203115,0.49999374311797,0.50000007681994,1727070499428
10,0.29681173123061,0.25855000164886,0.94613724254503,0.58644627039324,0.49999631643088,0.50000416790744,0.49999374311797,0.50000007681994,1727070499452
10,0.29681173123061,0.26906477667343,0.94613724254503,0.58644627039324,0.49999631643088,0.50001290145205,0.49999374311797,0.50000007681994,1727070499507
10,0.29681173123061,0.26906477667343,0.94613724254503,0.58644627039324,0.49999631643088,0.50001290145205,0.49999374311797,0.50000007681994,1727070501059
10,0.29681173123061,0.26906477667343,0.94613724254503,0.58644627039324,0.49999631643088,0.50001290145205,0.49999374311797,0.50000007681994,1727070502320
10,0.30069800554491,0.26906477667343,0.94613724254503,0.58644627039324,0.50000570437034,0.50001290145205,0.49999374311797,0.50000007681994,1727070502359
10,0.30737669733393,0.26906477667343,0.94613724254503,0.58644627039324,0.50000738553247,0.50001290145205,0.49999374311797,0.50000007681994,1727070502437
10,0.31404690491536,0.26906477667343,0.94613724254503,0.58644627039324,0.50000073413415,0.50001290145205,0.49999374311797,0.50000007681994,1727070502453
10,0.32071973136569,0.26906477667343,0.94613724254503,0.58644627039324,0.49999676810845,0.50001290145205,0.49999374311797,0.50000007681994,1727070502469
10,0.31691648164544,0.26906477667343,0.94613724254503,0.58644627039324,0.50000854764941,0.50001290145205,0.49999374311797,0.50000007681994,1727070504370
10,0.31310996652374,0.26906477667343,0.94613724254503,0.58644627039324,0.50000222663464,0.50001290145205,0.49999374311797,0.50000007681994,1727070504450
10,0.31310996652374,0.26906477667343,0.94613724254503,0.58644627039324,0.50000222663464,0.50001290145205,0.49999374311797,0.50000007681994,1727070504956
10,0.31310996652374,0.26906477667343,0.94613724254503,0.58644627039324,0.50000222663464,0.50001290145205,0.49999374311797,0.50000007681994,1727070509114
10,0.31310996652374,0.26906477667343,0.94613724254503,0.5797908964197,0.50000222663464,0.50001290145205,0.49999374311797,0.49999395139663,1727070509202
10,0.31310996652374,0.26906477667343,0.94613724254503,0.58366308632761,0.50000222663464,0.50001290145205,0.49999374311797,0.50000102365457,1727070509518
10,0.31310996652374,0.26906477667343,0.94613724254503,0.57701213380748,0.50000222663464,0.50001290145205,0.49999374311797,0.49999783284257,1727070509684
10,0.31310996652374,0.26906477667343,0.94613724254503,0.57319402702809,0.50000222663464,0.50001290145205,0.49999374311797,0.49999599963567,1727070509692
10,0.31310996652374,0.26906477667343,0.94613724254503,0.57319402702809,0.50000222663464,0.50001290145205,0.49999374311797,0.49999599963567,1727070509692
11,1.0,0.5,0.5,0.66666666666667,0.5,0.5,0.5,0.5,1727070523305
11,0.99616714502711,0.5,0.5,0.66666666666667,0.49999907722633,0.5,0.5,0.5,1727070523439
11,0.98565874319034,0.5,0.5,0.66666666666667,0.49999875279936,0.5,0.5,0.5,1727070523455
11,0.97900529689037,0.5,0.5,0.66666666666667,0.49999547466404,0.5,0.5,0.5,1727070523471
11,0.97517917454211,0.5,0.5,0.66666666666667,0.49999755162678,0.5,0.5,0.5,1727070523479
11,0.96852714758867,0.5,0.5,0.66666666666667,0.50000184179263,0.5,0.5,0.5,1727070523494
11,0.9580187270441,0.5,0.5,0.66666666666667,0.50000152545371,0.5,0.5,0.5,1727070523510
11,0.94752232818827,0.5,0.5,0.66666666666667,0.49999965528897,0.5,0.5,0.5,1727070523527
11,0.94085754595138,0.5,0.5,0.66666666666667,0.49999815159463,0.5,0.5,0.5,1727070523543
11,0.93702584976236,0.5,0.5,0.66666666666667,0.49999771509022,0.5,0.5,0.5,1727070523560
11,0.93037437421366,0.5,0.5,0.66666666666667,0.49999521655016,0.5,0.5,0.5,1727070523577
11,0.92371931837489,0.5,0.5,0.66666666666667,0.49999823450353,0.5,0.5,0.5,1727070523605
11,0.91321250484856,0.5,0.5,0.66666666666667,0.49999863507371,0.5,0.5,0.5,1727070523653
11,0.90656237042773,0.5,0.5,0.66666666666667,0.49999672969797,0.5,0.5,0.5,1727070523707
11,0.90273314766995,0.5,0.5,0.66666666666667,0.49999745848243,0.5,0.5,0.5,1727070523723
11,0.89607962402087,0.5,0.5,0.66666666666667,0.50000129930574,0.5,0.5,0.5,1727070523804
11,0.89225332541307,0.5,0.5,0.66666666666667,0.49999603582124,0.5,0.5,0.5,1727070523811
11,0.88174578927589,0.5,0.5,0.66666666666667,0.49999607509483,0.5,0.5,0.5,1727070523828
11,0.87509037482247,0.5,0.5,0.66666666666667,0.49999905283407,0.5,0.5,0.5,1727070523851
11,0.87509037482247,0.5,0.5,0.66666666666667,0.49999905283407,0.5,0.5,0.5,1727070524128
11,0.87509037482247,0.5,0.5,0.66666666666667,0.49999905283407,0.5,0.5,0.5,1727070525373
11,0.87509037482247,0.49618370141019,0.5,0.66666666666667,0.49999905283407,0.50000067530367,0.5,0.5,1727070525497
11,0.87509037482247,0.47901690381182,0.5,0.66666666666667,0.49999905283407,0.49999885108749,0.5,0.5,1727070525510
11,0.87509037482247,0.47236371257578,0.5,0.66666666666667,0.49999905283407,0.49999246967825,0.5,0.5,1727070525527
11,0.87509037482247,0.45519236290661,0.5,0.66666666666667,0.49999905283407,0.49999394289391,0.5,0.5,1727070525543
11,0.87509037482247,0.43802026502434,0.5,0.66666666666667,0.49999905283407,0.49999608920337,0.5,0.5,1727070525560
11,0.87509037482247,0.42085472801731,0.5,0.66666666666667,0.49999905283407,0.49999295349933,0.5,0.5,1727070525577
11,0.87509037482247,0.38652406629131,0.5,0.66666666666667,0.49999905283407,0.49999914305336,0.5,0.5,1727070525593
11,0.87509037482247,0.3693573740225,0.5,0.66666666666667,0.49999905283407,0.49999685962552,0.5,0.5,1727070525610
11,0.87509037482247,0.3521850000148,0.5,0.66666666666667,0.49999905283407,0.49999964785284,0.5,0.5,1727070525627
11,0.87509037482247,0.34168784351726,0.5,0.66666666666667,0.49999905283407,0.49998982447275,0.5,0.5,1727070525643
11,0.87509037482247,0.32451434518488,0.5,0.66666666666667,0.49999905283407,0.49999361562259,0.5,0.5,1727070525660
11,0.87509037482247,0.30734917269883,0.5,0.66666666666667,0.49999905283407,0.49998940457143,0.5,0.5,1727070525677
11,0.87509037482247,0.2730076989687,0.5,0.66666666666667,0.49999905283407,0.49999188414712,0.5,0.5,1727070525693
11,0.87509037482247,0.25584023478258,0.5,0.66666666666667,0.49999905283407,0.49998968327227,0.5,0.5,1727070525710
11,0.87509037482247,0.22817035831868,0.5,0.66666666666667,0.49999905283407,0.49999869993956,0.5,0.5,1727070525727
11,0.87509037482247,0.21100299010091,0.5,0.66666666666667,0.49999905283407,0.49999642404215,0.5,0.5,1727070525744
11,0.87509037482247,0.18719488770294,0.5,0.66666666666667,0.49999905283407,0.49998704604294,0.5,0.5,1727070525760
11,0.87509037482247,0.17669883582183,0.5,0.66666666666667,0.49999905283407,0.49999156515802,0.5,0.5,1727070525777
11,0.87509037482247,0.16619901332428,0.5,0.66666666666667,0.49999905283407,0.50000130702616,0.5,0.5,1727070525794
11,0.87509037482247,0.15955824049118,0.5,0.66666666666667,0.49999905283407,0.49999408455114,0.5,0.5,1727070525810
11,0.87509037482247,0.14238411628138,0.5,0.66666666666667,0.49999905283407,0.50000070127718,0.5,0.5,1727070525827
11,0.87509037482247,0.13574266052123,0.5,0.66666666666667,0.49999905283407,0.49999399854727,0.5,0.5,1727070525843
11,0.87509037482247,0.11477316961957,0.5,0.66666666666667,0.49999905283407,0.49999404671631,0.5,0.5,1727070525860
11,0.87509037482247,0.10427284951893,0.5,0.66666666666667,0.49999905283407,0.50000633939205,0.5,0.5,1727070525925
11,0.87509037482247,0.09763266156944,0.5,0.66666666666667,0.49999905283407,0.49999699884324,0.5,0.5,1727070525941
11,0.87509037482247,0.09099102152941,0.5,0.66666666666667,0.49999905283407,0.49998964230281,0.5,0.5,1727070525949
11,0.87509037482247,0.09768139306288,0.5,0.66666666666667,0.49999905283407,0.4999929118232,0.5,0.5,1727070526733
11,0.87509037482247,0.10436155060235,0.5,0.66666666666667,0.49999905283407,0.49998801317549,0.5,0.5,1727070526744
11,0.87509037482247,0.10826520228049,0.5,0.66666666666667,0.49999905283407,0.49999436181414,0.5,0.5,1727070526765
11,0.87509037482247,0.11878422006611,0.5,0.66666666666667,0.49999905283407,0.50000059099741,0.5,0.5,1727070526777
11,0.87509037482247,0.12546459681057,0.5,0.66666666666667,0.49999905283407,0.49999550915328,0.5,0.5,1727070526793
11,0.87509037482247,0.13598778870309,0.5,0.66666666666667,0.49999905283407,0.49999546737012,0.5,0.5,1727070526810
11,0.87509037482247,0.14267049525933,0.5,0.66666666666667,0.49999905283407,0.4999874242584,0.5,0.5,1727070526827
11,0.87509037482247,0.14934623237257,0.5,0.66666666666667,0.49999905283407,0.49998927178675,0.5,0.5,1727070526891
11,0.87509037482247,0.15602694294509,0.5,0.66666666666667,0.49999905283407,0.49998430544802,0.5,0.5,1727070526899
11,0.87509037482247,0.16271108550469,0.5,0.66666666666667,0.49999905283407,0.49999546713165,0.5,0.5,1727070526923
11,0.87509037482247,0.1666082995134,0.5,0.66666666666667,0.49999905283407,0.49998901667011,0.5,0.5,1727070526931
11,0.87509037482247,0.1666082995134,0.5,0.66666666666667,0.49999905283407,0.49998901667011,0.5,0.5,1727070527731
12,0.33333333333333,0.16666666666667,0.33333333333333,0.16666666666667,0.5,0.5,0.5,0.5,1727070532097
12,0.33333333333333,0.16666666666667,0.34056893950329,0.16666666666667,0.5,0.5,0.50000540506999,0.5,1727070532119
12,0.33333333333333,0.16666666666667,0.36755317121099,0.16666666666667,0.5,0.5,0.49997770564508,0.5,1727070532160
12,0.33333333333333,0.16666666666667,0.38733831074528,0.16666666666667,0.5,0.5,0.49998153488177,0.5,1727070532177
12,0.33333333333333,0.16666666666667,0.40442884395559,0.16666666666667,0.5,0.5,0.49999644158521,0.5,1727070532193
12,0.33333333333333,0.16666666666667,0.42615562546233,0.16666666666667,0.5,0.5,0.49998737551575,0.5,1727070532210
12,0.33333333333333,0.16666666666667,0.44324794866029,0.16666666666667,0.5,0.5,0.49998775508216,0.5,1727070532226
12,0.33333333333333,0.16666666666667,0.45048237055968,0.16666666666667,0.5,0.5,0.50000276566069,0.5,1727070532245
12,0.33333333333333,0.16666666666667,0.47479585034862,0.16666666666667,0.5,0.5,0.4999946319301,0.5,1727070532293
12,0.33333333333333,0.16666666666667,0.48466737281758,0.16666666666667,0.5,0.5,0.50000022416764,0.5,1727070532310
12,0.33333333333333,0.16666666666667,0.49914949083605,0.16666666666667,0.5,0.5,0.49999241473342,0.5,1727070532333
12,0.33333333333333,0.16666666666667,0.50637832879429,0.16666666666667,0.5,0.5,0.49998822017559,0.5,1727070532343
12,0.33333333333333,0.16666666666667,0.51625133705433,0.16666666666667,0.5,0.5,0.49998348994081,0.5,1727070532360
12,0.33333333333333,0.16666666666667,0.54057265107574,0.16666666666667,0.5,0.5,0.49997896072225,0.5,1727070532376
12,0.33333333333333,0.16666666666667,0.5477991053693,0.16666666666667,0.5,0.5,0.49999078334646,0.5,1727070532427
12,0.33333333333333,0.16666666666667,0.55767000718885,0.16666666666667,0.5,0.5,0.49999994936383,0.5,1727070532443
12,0.33333333333333,0.16666666666667,0.57215296360389,0.16666666666667,0.5,0.5,0.49998748731974,0.5,1727070532460
12,0.33333333333333,0.16666666666667,0.58662507033481,0.16666666666667,0.5,0.5,0.49999216291902,0.5,1727070532477
12,0.33333333333333,0.16666666666667,0.6037098914159,0.16666666666667,0.5,0.5,0.4999881719283,0.5,1727070532493
12,0.33333333333333,0.16666666666667,0.61358021826891,0.16666666666667,0.5,0.5,0.50000026793255,0.5,1727070532510
12,0.33333333333333,0.16666666666667,0.62081796190419,0.16666666666667,0.5,0.5,0.49999222273888,0.5,1727070532527
12,0.33333333333333,0.16666666666667,0.63069154423444,0.16666666666667,0.5,0.5,0.49998464194477,0.5,1727070532555
12,0.33333333333333,0.16666666666667,0.63791750797134,0.16666666666667,0.5,0.5,0.49999811748517,0.5,1727070532569
12,0.33333333333333,0.16666666666667,0.6451551959296,0.16666666666667,0.5,0.5,0.49999063480005,0.5,1727070532577
12,0.33333333333333,0.16666666666667,0.6523827933447,0.16666666666667,0.5,0.5,0.49999434674855,0.5,1727070532593
12,0.33333333333333,0.16666666666667,0.66225529873002,0.16666666666667,0.5,0.5,0.49999319973122,0.5,1727070532610
12,0.33333333333333,0.16666666666667,0.66948453355772,0.16666666666667,0.5,0.5,0.49998747825725,0.5,1727070532633
12,0.33333333333333,0.16666666666667,0.6767201625433,0.16666666666667,0.5,0.5,0.49999199174003,0.5,1727070532824
12,0.33333333333333,0.16666666666667,0.68394858903131,0.16666666666667,0.5,0.5,0.4999909097274,0.5,1727070532839
12,0.33333333333333,0.16666666666667,0.69118447068421,0.16666666666667,0.5,0.5,0.49999391882862,0.5,1727070532877
12,0.33333333333333,0.16666666666667,0.69384582254081,0.16666666666667,0.5,0.5,0.4999888912214,0.5,1727070532893
12,0.33333333333333,0.16666666666667,0.70107275636629,0.16666666666667,0.5,0.5,0.49999608752272,0.5,1727070533616
12,0.33333333333333,0.16666666666667,0.69384620354564,0.16666666666667,0.5,0.5,0.4999867730735,0.5,1727070533660
12,0.33333333333333,0.16666666666667,0.68662500150811,0.16666666666667,0.5,0.5,0.49999319857629,0.5,1727070533677
12,0.33333333333333,0.16666666666667,0.6793953318445,0.16666666666667,0.5,0.5,0.50000131412334,0.5,1727070533703
12,0.33333333333333,0.16666666666667,0.67217686414474,0.16666666666667,0.5,0.5,0.49999239558864,0.5,1727070533743
12,0.33333333333333,0.16666666666667,0.66494883221201,0.16666666666667,0.5,0.5,0.49999124048937,0.5,1727070533797
12,0.33333333333333,0.16666666666667,0.65772985360134,0.16666666666667,0.5,0.5,0.49998505337511,0.5,1727070533870
12,0.33333333333333,0.16666666666667,0.65772985360134,0.16666666666667,0.5,0.5,0.49998505337511,0.5,1727070535429
12,0.33333333333333,0.16666666666667,0.65772985360134,0.16666666666667,0.5,0.5,0.49998505337511,0.5,1727070536792
12,0.33333333333333,0.16666666666667,0.65050107125501,0.16666666666667,0.5,0.5,0.49998819344503,0.5,1727070536982
12,0.33333333333333,0.16666666666667,0.65050107125501,0.16666666666667,0.5,0.5,0.49998819344503,0.5,1727070537393
12,0.33333333333333,0.16666666666667,0.65050107125501,0.16666666666667,0.5,0.5,0.49998819344503,0.5,1727070539984
12,0.33333333333333,0.16666666666667,0.65050107125501,0.16666666666667,0.5,0.5,0.49998819344503,0.5,1727070540967
12,0.33333333333333,0.16666666666667,0.65050107125501,0.16666666666667,0.5,0.5,0.49998819344503,0.5,1727070541807
12,0.32668831435251,0.16666666666667,0.65050107125501,0.16666666666667,0.50001089031725,0.5,0.49998819344503,0.5,1727070541844
12,0.2847731258764,0.16666666666667,0.65050107125501,0.16666666666667,0.50000401568896,0.5,0.49998819344503,0.5,1727070541859
12,0.23720710885088,0.16666666666667,0.65050107125501,0.16666666666667,0.50000804443389,0.5,0.49998819344503,0.5,1727070541876
12,0.19236113058119,0.16666666666667,0.65050107125501,0.16666666666667,0.50000907879099,0.5,0.49998819344503,0.5,1727070541893
12,0.11262459402313,0.16666666666667,0.65050107125501,0.16666666666667,0.5000140017836,0.5,0.49998819344503,0.5,1727070541909
12,0.02946507890299,0.16666666666667,0.65050107125501,0.16666666666667,0.50000698457042,0.5,0.49998819344503,0.5,1727070541926
12,0.0,0.16666666666667,0.65050107125501,0.16666666666667,0.5,0.5,0.49998819344503,0.5,1727070541943
12,0.0,0.16666666666667,0.65050107125501,0.16666666666667,0.5,0.5,0.49998819344503,0.5,1727070541959
12,0.0,0.16666666666667,0.65050107125501,0.16666666666667,0.5,0.5,0.49998819344503,0.5,1727070541976
12,0.0,0.16666666666667,0.65050107125501,0.16666666666667,0.5,0.5,0.49998819344503,0.5,1727070541993
12,0.0,0.16666666666667,0.65050107125501,0.16666666666667,0.5,0.5,0.49998819344503,0.5,1727070542185
12,0.0,0.16666666666667,0.65050107125501,0.16666666666667,0.5,0.5,0.49998819344503,0.5,1727070542906
12,0.0,0.18006019823189,0.65050107125501,0.16666666666667,0.5,0.50000171814949,0.49998819344503,0.5,1727070542953
12,0.0,0.19722721318991,0.65050107125501,0.16666666666667,0.5,0.50000438379116,0.49998819344503,0.5,1727070542961
12,0.0,0.2039099774308,0.65050107125501,0.16666666666667,0.5,0.4999972244423,0.49998819344503,0.5,1727070542976
12,0.0,0.23159624214545,0.65050107125501,0.16666666666667,0.5,0.49998668979763,0.49998819344503,0.5,1727070542993
12,0.0,0.26890007878783,0.65050107125501,0.16666666666667,0.5,0.49999174326814,0.49998819344503,0.5,1727070543009
12,0.0,0.30992652666754,0.65050107125501,0.16666666666667,0.5,0.49999660322962,0.49998819344503,0.5,1727070543026
12,0.0,0.35477667734016,0.65050107125501,0.16666666666667,0.5,0.49999321154165,0.49998819344503,0.5,1727070543043
12,0.0,0.37863432922416,0.65050107125501,0.16666666666667,0.5,0.49999687779477,0.49998819344503,0.5,1727070543059
12,0.0,0.40630949369975,0.65050107125501,0.16666666666667,0.5,0.49999848675203,0.49998819344503,0.5,1727070543076
12,0.0,0.41968129553162,0.65050107125501,0.16666666666667,0.5,0.4999964002907,0.49998819344503,0.5,1727070543093
12,0.0,0.43019348348092,0.65050107125501,0.16666666666667,0.5,0.49999281200529,0.49998819344503,0.5,1727070543109
12,0.0,0.44070780258074,0.65050107125501,0.16666666666667,0.5,0.49999991197914,0.49998819344503,0.5,1727070543126
12,0.0,0.4645524812459,0.65050107125501,0.16666666666667,0.5,0.50000105312546,0.49998819344503,0.5,1727070543143
12,0.0,0.48559391888977,0.65050107125501,0.16666666666667,0.5,0.49999302702175,0.49998819344503,0.5,1727070543159
12,0.0,0.50943509333879,0.65050107125501,0.16666666666667,0.5,0.49999686082007,0.49998819344503,0.5,1727070543176
12,0.0,0.53711860677599,0.65050107125501,0.16666666666667,0.5,0.49999235509394,0.49998819344503,0.5,1727070543193
12,0.0,0.55429005584266,0.65050107125501,0.16666666666667,0.5,0.4999909977085,0.49998819344503,0.5,1727070543209
12,0.0,0.59913532727277,0.65050107125501,0.16666666666667,0.5,0.49999204607873,0.49998819344503,0.5,1727070543226
12,0.0,0.62681278080662,0.65050107125501,0.16666666666667,0.5,0.5000016372432,0.49998819344503,0.5,1727070543243
12,0.0,0.63732188759631,0.65050107125501,0.16666666666667,0.5,0.50000073897689,0.49998819344503,0.5,1727070543259
12,0.0,0.64783433402165,0.65050107125501,0.16666666666667,0.5,0.49999781098716,0.49998819344503,0.5,1727070543276
12,0.0,0.64118840769166,0.65050107125501,0.16666666666667,0.5,0.49999765391136,0.49998819344503,0.5,1727070543366
12,0.0,0.61074106757239,0.65050107125501,0.16666666666667,0.5,0.49999833076275,0.49998819344503,0.5,1727070543376
12,0.0,0.5697514884402,0.65050107125501,0.16666666666667,0.5,0.50000158569556,0.49998819344503,0.5,1727070543393
12,0.0,0.48126374615142,0.65050107125501,0.16666666666667,0.5,0.49999833553537,0.49998819344503,0.5,1727070543405
12,0.0,0.48126374615142,0.65050107125501,0.16666666666667,0.5,0.49999833553537,0.49998819344503,0.5,1727070543405
12,0.0,0.48126374615142,0.65050107125501,0.16666666666667,0.5,0.49999833553537,0.49998819344503,0.5,1727070543500
12,0.0,0.48126374615142,0.65050107125501,0.16666666666667,0.5,0.49999833553537,0.49998819344503,0.5,1727070543555
12,0.0,0.48126374615142,0.65050107125501,0.16666666666667,0.5,0.49999833553537,0.49998819344503,0.5,1727070543770
12,0.0,0.48792740382512,0.65050107125501,0.16666666666667,0.5,0.49999676723785,0.49998819344503,0.5,1727070543777
12,0.0,0.5089690338098,0.65050107125501,0.16666666666667,0.5,0.5000001430749,0.49998819344503,0.5,1727070543793
12,0.0,0.53664947425286,0.65050107125501,0.16666666666667,0.5,0.49999767287094,0.49998819344503,0.5,1727070543809
12,0.0,0.55768308869912,0.65050107125501,0.16666666666667,0.5,0.49999579131787,0.49998819344503,0.5,1727070543826
12,0.0,0.58535906598762,0.65050107125501,0.16666666666667,0.5,0.4999965549638,0.49998819344503,0.5,1727070543843
12,0.0,0.65404599571388,0.65050107125501,0.16666666666667,0.5,0.50000009643634,0.49998819344503,0.5,1727070543859
12,0.0,0.72273344103537,0.65050107125501,0.16666666666667,0.5,0.50000284553887,0.49998819344503,0.5,1727070543876
12,0.0,0.79141981764241,0.65050107125501,0.16666666666667,0.5,0.49999765315185,0.49998819344503,0.5,1727070543893
12,0.0,0.81147020317587,0.65050107125501,0.16666666666667,0.5,0.49999549954308,0.49998819344503,0.5,1727070543909
12,0.0,0.81534127251836,0.65050107125501,0.16666666666667,0.5,0.49999854527953,0.49998819344503,0.5,1727070543926
12,0.0,0.8220107914333,0.65050107125501,0.16666666666667,0.5,0.49999445003816,0.49998819344503,0.5,1727070543943
12,0.0,0.87352036395314,0.65050107125501,0.16666666666667,0.5,0.50000133129699,0.49998819344503,0.5,1727070543959
12,0.0,0.90119824650188,0.65050107125501,0.16666666666667,0.5,0.50000083978102,0.49998819344503,0.5,1727070543976
12,0.0,0.95939361280303,0.65050107125501,0.16666666666667,0.5,0.49999589833239,0.49998819344503,0.5,1727070543993
12,0.0,1.0,0.65050107125501,0.16666666666667,0.5,0.5,0.49998819344503,0.5,1727070544009
12,0.0,1.0,0.65050107125501,0.16666666666667,0.5,0.5,0.49998819344503,0.5,1727070544026
12,0.0,1.0,0.65050107125501,0.16666666666667,0.5,0.5,0.49998819344503,0.5,1727070544043
12,0.0,1.0,0.65050107125501,0.16666666666667,0.5,0.5,0.49998819344503,0.5,1727070544059
12,0.0,1.0,0.65050107125501,0.16666666666667,0.5,0.5,0.49998819344503,0.5,1727070544076
12,0.0,1.0,0.65050107125501,0.16666666666667,0.5,0.5,0.49998819344503,0.5,1727070544092
12,0.0,1.0,0.65050107125501,0.16666666666667,0.5,0.5,0.49998819344503,0.5,1727070544109
12,0.0,1.0,0.65050107125501,0.16666666666667,0.5,0.5,0.49998819344503,0.5,1727070544126
12,0.0,1.0,0.65050107125501,0.16666666666667,0.5,0.5,0.49998819344503,0.5,1727070544142
12,0.0,1.0,0.65050107125501,0.16666666666667,0.5,0.5,0.49998819344503,0.5,1727070544159
12,0.0,1.0,0.65050107125501,0.16666666666667,0.5,0.5,0.49998819344503,0.5,1727070544176
12,0.0,1.0,0.65050107125501,0.16666666666667,0.5,0.5,0.49998819344503,0.5,1727070544193
12,0.0,1.0,0.65050107125501,0.16666666666667,0.5,0.5,0.49998819344503,0.5,1727070544209
12,0.0,1.0,0.65050107125501,0.16666666666667,0.5,0.5,0.49998819344503,0.5,1727070544226
12,0.0,1.0,0.65050107125501,0.16666666666667,0.5,0.5,0.49998819344503,0.5,1727070544243
12,0.0,1.0,0.65050107125501,0.16666666666667,0.5,0.5,0.49998819344503,0.5,1727070544259
12,0.0,1.0,0.65050107125501,0.16666666666667,0.5,0.5,0.49998819344503,0.5,1727070544276
12,0.0,1.0,0.65050107125501,0.16666666666667,0.5,0.5,0.49998819344503,0.5,1727070544339
12,0.0,1.0,0.65050107125501,0.16666666666667,0.5,0.5,0.49998819344503,0.5,1727070544387
12,0.0,1.0,0.65050107125501,0.16666666666667,0.5,0.5,0.49998819344503,0.5,1727070544529
12,0.0,1.0,0.65050107125501,0.16666666666667,0.5,0.5,0.49998819344503,0.5,1727070544553
12,0.0,1.0,0.65050107125501,0.16666666666667,0.5,0.5,0.49998819344503,0.5,1727070544719
12,0.0,1.0,0.65050107125501,0.16666666666667,0.5,0.5,0.49998819344503,0.5,1727070546527
12,0.0,1.0,0.65050107125501,0.17334356244082,0.5,0.5,0.49998819344503,0.50000664299506,1727070546635
12,0.0,1.0,0.65050107125501,0.20768475919419,0.5,0.5,0.49998819344503,0.49999090702394,1727070546676
12,0.0,1.0,0.65050107125501,0.24202878076357,0.5,0.5,0.49998819344503,0.49999777187791,1727070546692
12,0.0,1.0,0.65050107125501,0.24870463080556,0.5,0.5,0.49998819344503,0.49999661543888,1727070546709
12,0.0,1.0,0.65050107125501,0.2658781161455,0.5,0.5,0.49998819344503,0.50000127505495,1727070546726
12,0.0,1.0,0.65050107125501,0.29355365522111,0.5,0.5,0.49998819344503,0.4999998063361,1727070546743
12,0.0,1.0,0.65050107125501,0.33084586907595,0.5,0.5,0.49998819344503,0.49999972970102,1727070546759
12,0.0,1.0,0.65050107125501,0.3613976257334,0.5,0.5,0.49998819344503,0.49999785899943,1727070546776
12,0.0,1.0,0.65050107125501,0.42938221904811,0.5,0.5,0.49998819344503,0.49999805533572,1727070546792
12,0.0,1.0,0.65050107125501,0.48691837452444,0.5,0.5,0.49998819344503,0.49999648187489,1727070546809
12,0.0,1.0,0.65050107125501,0.56840421543003,0.5,0.5,0.49998819344503,0.49999247571249,1727070546826
12,0.0,1.0,0.65050107125501,0.67025461816823,0.5,0.5,0.49998819344503,0.49999585401435,1727070546842
12,0.0,1.0,0.65050107125501,0.76520917192197,0.5,0.5,0.49998819344503,0.4999966260737,1727070546859
12,0.0,1.0,0.65050107125501,0.82633908651679,0.5,0.5,0.49998819344503,0.50000032013011,1727070546876
12,0.0,1.0,0.65050107125501,0.84350657424011,0.5,0.5,0.49998819344503,0.49999943628776,1727070546892
12,0.0,1.0,0.65050107125501,0.85685933967303,0.5,0.5,0.49998819344503,0.49999890477859,1727070546909
12,0.0,1.0,0.65050107125501,0.86737199784955,0.5,0.5,0.49998819344503,0.50000136532034,1727070546975
12,0.0,1.0,0.65050107125501,0.88072600426467,0.5,0.5,0.49998819344503,0.50000142733722,1727070546993
12,0.0,1.0,0.65050107125501,0.89789154191101,0.5,0.5,0.49998819344503,0.49999963219747,1727070547009
12,0.0,1.0,0.65050107125501,0.91793339874953,0.5,0.5,0.49998819344503,0.49999761008301,1727070547026
12,0.0,1.0,0.65050107125501,0.94561085791756,0.5,0.5,0.49998819344503,0.49999791261442,1727070547042
12,0.0,1.0,0.65050107125501,0.95228042033883,0.5,0.5,0.49998819344503,0.50000160373621,1727070547059
12,0.0,1.0,0.65050107125501,0.95894946192085,0.5,0.5,0.49998819344503,0.49999800061465,1727070547076
12,0.0,1.0,0.65050107125501,0.96561011535748,0.5,0.5,0.49998819344503,0.49999761017437,1727070547092
12,0.0,1.0,0.65050107125501,0.97228199077498,0.5,0.5,0.49998819344503,0.49999534639089,1727070547109
12,0.0,1.0,0.65050107125501,0.98945145757563,0.5,0.5,0.49998819344503,0.49999551584598,1727070547126
12,0.0,1.0,0.65050107125501,0.99612038357949,0.5,0.5,0.49998819344503,0.49999880836658,1727070547142
12,0.0,1.0,0.65050107125501,1.0,0.5,0.5,0.49998819344503,0.5,1727070547159
12,0.0,1.0,0.65050107125501,1.0,0.5,0.5,0.49998819344503,0.5,1727070547412
12,0.0,1.0,0.65050107125501,1.0,0.5,0.5,0.49998819344503,0.5,1727070547426
12,0.0,1.0,0.65050107125501,1.0,0.5,0.5,0.49998819344503,0.5,1727070547442
12,0.0,1.0,0.65050107125501,1.0,0.5,0.5,0.49998819344503,0.5,1727070547459
12,0.0,1.0,0.65050107125501,1.0,0.5,0.5,0.49998819344503,0.5,1727070547476
12,0.0,1.0,0.65050107125501,1.0,0.5,0.5,0.49998819344503,0.5,1727070547492
12,0.0,1.0,0.65050107125501,1.0,0.5,0.5,0.49998819344503,0.5,1727070547509
12,0.0,1.0,0.65050107125501,1.0,0.5,0.5,0.49998819344503,0.5,1727070547526
12,0.0,1.0,0.65050107125501,1.0,0.5,0.5,0.49998819344503,0.5,1727070547542
12,0.0,1.0,0.65050107125501,1.0,0.5,0.5,0.49998819344503,0.5,1727070547559
12,0.0,1.0,0.65050107125501,1.0,0.5,0.5,0.49998819344503,0.5,1727070547576
12,0.0,1.0,0.65050107125501,1.0,0.5,0.5,0.49998819344503,0.5,1727070547592
12,0.0,1.0,0.65050107125501,1.0,0.5,0.5,0.49998819344503,0.5,1727070547609
12,0.0,1.0,0.65050107125501,1.0,0.5,0.5,0.49998819344503,0.5,1727070547659
12,0.0,1.0,0.65050107125501,1.0,0.5,0.5,0.49998819344503,0.5,1727070547676
12,0.0,1.0,0.65050107125501,1.0,0.5,0.5,0.49998819344503,0.5,1727070547693
12,0.0,1.0,0.65050107125501,0.99334106406836,0.5,0.5,0.49998819344503,0.50000115402722,1727070547888
12,0.0,1.0,0.65050107125501,0.98668159899544,0.5,0.5,0.49998819344503,0.49999522591545,1727070547903
12,0.0,1.0,0.65050107125501,0.98002478515637,0.5,0.5,0.49998819344503,0.49999731778101,1727070547911
12,0.0,1.0,0.65050107125501,0.97337446905824,0.5,0.5,0.49998819344503,0.49999542742569,1727070547926
12,0.0,1.0,0.65050107125501,0.956208109122,0.5,0.5,0.49998819344503,0.49999667454255,1727070547942
12,0.0,1.0,0.65050107125501,0.94955025043436,0.5,0.5,0.49998819344503,0.49999834735973,1727070547959
12,0.0,1.0,0.65050107125501,0.91908660476395,0.5,0.5,0.49998819344503,0.49999731055706,1727070547976
12,0.0,1.0,0.65050107125501,0.90858605830372,0.5,0.5,0.49998819344503,0.50000068663251,1727070547992
12,0.0,1.0,0.65050107125501,0.88476312047173,0.5,0.5,0.49998819344503,0.49999703128651,1727070548009
12,0.0,1.0,0.65050107125501,0.86759813070981,0.5,0.5,0.49998819344503,0.49999907784922,1727070548026
12,0.0,1.0,0.65050107125501,0.84377103152511,0.5,0.5,0.49998819344503,0.50000090769318,1727070548042
12,0.0,1.0,0.65050107125501,0.82660254761132,0.5,0.5,0.49998819344503,0.50000130463301,1727070548059
12,0.0,1.0,0.65050107125501,0.81995196385487,0.5,0.5,0.49998819344503,0.49999903008156,1727070548076
12,0.0,1.0,0.65050107125501,0.81329582325801,0.5,0.5,0.49998819344503,0.5000018228529,1727070548092
12,0.0,1.0,0.65050107125501,0.80000167173939,0.5,0.5,0.49998819344503,0.50000087778714,1727070548109
12,0.0,1.0,0.65050107125501,0.78569059549993,0.5,0.5,0.49998819344503,0.49999908854882,1727070548133
12,0.0,1.0,0.65050107125501,0.76852198396856,0.5,0.5,0.49998819344503,0.49999940838043,1727070548149
12,0.0,1.0,0.65050107125501,0.76186837063425,0.5,0.5,0.49998819344503,0.5000037225889,1727070548159
12,0.0,1.0,0.65050107125501,0.75136027909861,0.5,0.5,0.49998819344503,0.49999507138231,1727070548176
12,0.0,1.0,0.65050107125501,0.74470829250683,0.5,0.5,0.49998819344503,0.50000033266748,1727070548192
12,0.0,1.0,0.65050107125501,0.73805409969527,0.5,0.5,0.49998819344503,0.49999584920305,1727070548917
12,0.0,1.0,0.65050107125501,0.74471957373983,0.5,0.5,0.49998819344503,0.49999805833996,1727070548959
12,0.0,1.0,0.65050107125501,0.75139127303748,0.5,0.5,0.49998819344503,0.49999519525112,1727070548976
12,0.0,1.0,0.65050107125501,0.75805853144807,0.5,0.5,0.49998819344503,0.49999835539884,1727070548992
12,0.0,1.0,0.65050107125501,0.76473045975214,0.5,0.5,0.49998819344503,0.49999565242008,1727070549011
12,0.0,1.0,0.65050107125501,0.77140208831081,0.5,0.5,0.49998819344503,0.50000112722081,1727070549026
12,0.0,1.0,0.65050107125501,0.79815377367269,0.5,0.5,0.49998819344503,0.4999999618749,1727070549042
12,0.0,1.0,0.65050107125501,0.82971373738782,0.5,0.5,0.49998819344503,0.49999523099235,1727070549059
12,0.0,1.0,0.65050107125501,0.85354977489399,0.5,0.5,0.49998819344503,0.49999796601418,1727070549076
12,0.0,1.0,0.65050107125501,0.86022166645382,0.5,0.5,0.49998819344503,0.49999547961373,1727070549092
12,0.0,1.0,0.65050107125501,0.86689303182671,0.5,0.5,0.49998819344503,0.50000035745251,1727070549142
12,0.0,1.0,0.65050107125501,0.87356287479884,0.5,0.5,0.49998819344503,0.49999688114163,1727070549159
12,0.0,1.0,0.65050107125501,0.88407529469308,0.5,0.5,0.49998819344503,0.49999920836357,1727070549176
12,0.0,1.0,0.65050107125501,0.89073789805393,0.5,0.5,0.49998819344503,0.49999972766285,1727070549192
12,0.0,1.0,0.65050107125501,0.89741649428946,0.5,0.5,0.49998819344503,0.50000053319372,1727070549209
12,0.0,1.0,0.65050107125501,0.93174889310265,0.5,0.5,0.49998819344503,0.49999768921966,1727070549226
12,0.0,1.0,0.65050107125501,0.9765977908623,0.5,0.5,0.49998819344503,0.49999900704058,1727070549242
12,0.0,1.0,0.65050107125501,1.0,0.5,0.5,0.49998819344503,0.5,1727070549259
12,0.0,1.0,0.65050107125501,1.0,0.5,0.5,0.49998819344503,0.5,1727070549276
12,0.0,1.0,0.65050107125501,1.0,0.5,0.5,0.49998819344503,0.5,1727070549292
12,0.0,1.0,0.65050107125501,1.0,0.5,0.5,0.49998819344503,0.5,1727070549448
12,0.0,1.0,0.65050107125501,1.0,0.5,0.5,0.49998819344503,0.5,1727070549459
12,0.0,1.0,0.65050107125501,1.0,0.5,0.5,0.49998819344503,0.5,1727070549476
12,0.0,1.0,0.65050107125501,1.0,0.5,0.5,0.49998819344503,0.5,1727070549492
12,0.0,1.0,0.65050107125501,1.0,0.5,0.5,0.49998819344503,0.5,1727070549509
12,0.0,1.0,0.65050107125501,1.0,0.5,0.5,0.49998819344503,0.5,1727070549526
12,0.0,1.0,0.65050107125501,1.0,0.5,0.5,0.49998819344503,0.5,1727070549542
12,0.0,1.0,0.65050107125501,0.99333746820378,0.5,0.5,0.49998819344503,0.49999955952896,1727070549764
12,0.0,1.0,0.65050107125501,0.98668254170845,0.5,0.5,0.49998819344503,0.49999564619374,1727070549787
12,0.0,1.0,0.65050107125501,0.98002547507451,0.5,0.5,0.49998819344503,0.49999762702199,1727070549795
12,0.0,1.0,0.65050107125501,0.96952689963411,0.5,0.5,0.49998819344503,0.50000172818651,1727070549809
12,0.0,1.0,0.65050107125501,0.96286872580224,0.5,0.5,0.49998819344503,0.49999627379339,1727070549827
12,0.0,1.0,0.65050107125501,0.95621337529972,0.5,0.5,0.49998819344503,0.49999908159361,1727070549883
12,0.0,1.0,0.65050107125501,0.9523876642888,0.5,0.5,0.49998819344503,0.50000139800858,1727070549892
12,0.0,1.0,0.65050107125501,0.94573614975356,0.5,0.5,0.49998819344503,0.49999893408403,1727070549909
12,0.0,1.0,0.65050107125501,0.9324269335135,0.5,0.5,0.49998819344503,0.49999821152337,1727070549926
12,0.0,1.0,0.65050107125501,0.92860749660522,0.5,0.5,0.49998819344503,0.49999631014327,1727070549942
12,0.0,1.0,0.65050107125501,0.92194579625,0.5,0.5,0.49998819344503,0.49999621300776,1727070549961
12,0.0,1.0,0.65050107125501,0.91144980071704,0.5,0.5,0.49998819344503,0.50000173113313,1727070549977
12,0.0,1.0,0.65050107125501,0.90093736480291,0.5,0.5,0.49998819344503,0.49999947463509,1727070549992
12,0.0,1.0,0.65050107125501,0.89428965694188,0.5,0.5,0.49998819344503,0.4999987228445,1727070550009
12,0.0,1.0,0.65050107125501,0.88377718070994,0.5,0.5,0.49998819344503,0.49999638469048,1727070550033
12,0.0,1.0,0.65050107125501,0.87712544154141,0.5,0.5,0.49998819344503,0.50000115664319,1727070550076
12,0.0,1.0,0.65050107125501,0.85995725082958,0.5,0.5,0.49998819344503,0.50000169114184,1727070550092
12,0.0,1.0,0.65050107125501,0.8427846927308,0.5,0.5,0.49998819344503,0.50000003902249,1727070550109
12,0.0,1.0,0.65050107125501,0.83227910448715,0.5,0.5,0.49998819344503,0.49999327407942,1727070550126
12,0.0,1.0,0.65050107125501,0.82177800924823,0.5,0.5,0.49998819344503,0.4999966017612,1727070550199
12,0.0,1.0,0.65050107125501,0.81795497113819,0.5,0.5,0.49998819344503,0.50000058077005,1727070550209
12,0.0,1.0,0.65050107125501,0.81130100164029,0.5,0.5,0.49998819344503,0.49999652430168,1727070550311
12,0.0,1.0,0.65050107125501,0.80079032935271,0.5,0.5,0.49998819344503,0.49999492599494,1727070550359
12,0.0,1.0,0.65050107125501,0.80466016596392,0.5,0.5,0.49998819344503,0.4999992825198,1727070553076
12,0.0,1.0,0.65050107125501,0.80466016596392,0.5,0.5,0.49998819344503,0.4999992825198,1727070553699
13,0.5,0.33333333333333,0.33333333333333,0.16666666666667,0.5,0.5,0.5,0.5,1727070557098
13,0.5,0.33333333333333,0.34321578370809,0.16666666666667,0.5,0.5,0.4999808637514,0.5,1727070557105
13,0.5,0.33333333333333,0.35308830390347,0.16666666666667,0.5,0.5,0.49997922062125,0.5,1727070557113
13,0.5,0.33333333333333,0.37017976766458,0.16666666666667,0.5,0.5,0.49998714108307,0.5,1727070557129
13,0.5,0.33333333333333,0.3944930711371,0.16666666666667,0.5,0.5,0.49998001901422,0.5,1727070557142
13,0.5,0.33333333333333,0.42349487794221,0.16666666666667,0.5,0.5,0.49998968701161,0.5,1727070557159
13,0.5,0.33333333333333,0.5302718158113,0.16666666666667,0.5,0.5,0.49999797534494,0.5,1727070557175
13,0.5,0.33333333333333,0.70289836649614,0.16666666666667,0.5,0.5,0.49999534638638,0.5,1727070557192
13,0.5,0.33333333333333,0.93606820432482,0.16666666666667,0.5,0.5,0.49999492562679,0.5,1727070557209
13,0.5,0.33333333333333,1.0,0.16666666666667,0.5,0.5,0.5,0.5,1727070557225
13,0.5,0.33333333333333,1.0,0.16666666666667,0.5,0.5,0.5,0.5,1727070557242
13,0.5,0.33333333333333,1.0,0.16666666666667,0.5,0.5,0.5,0.5,1727070557258
13,0.5,0.33333333333333,1.0,0.16666666666667,0.5,0.5,0.5,0.5,1727070557533
13,0.5,0.33333333333333,1.0,0.16666666666667,0.5,0.5,0.5,0.5,1727070559014
13,0.5,0.33333333333333,1.0,0.17335205833127,0.5,0.5,0.5,0.50001770692847,1727070559061
13,0.5,0.33333333333333,1.0,0.18003347339203,0.5,0.5,0.5,0.50000346689448,1727070559075
13,0.5,0.33333333333333,1.0,0.23429883565311,0.5,0.5,0.5,0.50000743145566,1727070559092
13,0.5,0.33333333333333,1.0,0.37230896271014,0.5,0.5,0.5,0.50000112550096,1727070559108
13,0.5,0.33333333333333,1.0,0.7172694902698,0.5,0.5,0.5,0.5000045324035,1727070559125
13,0.5,0.33333333333333,1.0,0.96500614469101,0.5,0.5,0.5,0.50000278825164,1727070559142
13,0.5,0.33333333333333,1.0,1.0,0.5,0.5,0.5,0.5,1727070559158
13,0.5,0.33333333333333,1.0,0.99334536428276,0.5,0.5,0.5,0.50000306083811,1727070559364
13,0.5,0.33333333333333,1.0,0.98669169867871,0.5,0.5,0.5,0.49999972849595,1727070559380
13,0.5,0.33333333333333,1.0,0.98003502258783,0.5,0.5,0.5,0.50000190644758,1727070559393
13,0.5,0.33333333333333,1.0,0.95348431215075,0.5,0.5,0.5,0.5000033850094,1727070559409
13,0.5,0.33333333333333,1.0,0.91374276009222,0.5,0.5,0.5,0.50000203645985,1727070559426
13,0.5,0.33333333333333,1.0,0.90709252380605,0.5,0.5,0.5,0.50000010297339,1727070559443
13,0.5,0.33333333333333,1.0,0.90043359631364,0.5,0.5,0.5,0.50000135483857,1727070559459
13,0.5,0.33333333333333,1.0,0.89377962276277,0.5,0.5,0.5,0.50000500917969,1727070559476
13,0.5,0.33333333333333,1.0,0.86723511871401,0.5,0.5,0.5,0.50000214636486,1727070559493
13,0.5,0.33333333333333,1.0,0.82094396225711,0.5,0.5,0.5,0.50000283180318,1727070559509
13,0.5,0.33333333333333,1.0,0.75098803221704,0.5,0.5,0.5,0.50000188193794,1727070559526
13,0.5,0.33333333333333,1.0,0.65988159669272,0.5,0.5,0.5,0.50000283190391,1727070559543
13,0.5,0.33333333333333,1.0,0.56881748588519,0.5,0.5,0.5,0.50000141483336,1727070559559
13,0.5,0.33333333333333,1.0,0.49352668722214,0.5,0.5,0.5,0.50000267705327,1727070559576
13,0.5,0.33333333333333,1.0,0.44202510219416,0.5,0.5,0.5,0.50000774187154,1727070559593
13,0.5,0.33333333333333,1.0,0.4182085466374,0.5,0.5,0.5,0.50000705168789,1727070559609
13,0.5,0.33333333333333,1.0,0.40103826459829,0.5,0.5,0.5,0.50000634740691,1727070559626
13,0.5,0.33333333333333,1.0,0.39438528715728,0.5,0.5,0.5,0.50000057476116,1727070559643
13,0.5,0.33333333333333,1.0,0.38111657846207,0.5,0.5,0.5,0.50000776272137,1727070559659
13,0.5,0.33333333333333,1.0,0.37061111630382,0.5,0.5,0.5,0.49999620817909,1727070559676
13,0.5,0.33333333333333,1.0,0.3772870049725,0.5,0.5,0.5,0.50000886105624,1727070559854
13,0.5,0.33333333333333,1.0,0.39065302493412,0.5,0.5,0.5,0.50000591306434,1727070559862
13,0.5,0.33333333333333,1.0,0.4050848886052,0.5,0.5,0.5,0.50000670388997,1727070559876
13,0.5,0.33333333333333,1.0,0.44610244737493,0.5,0.5,0.5,0.49999584588934,1727070559893
13,0.5,0.33333333333333,1.0,0.47378453072825,0.5,0.5,0.5,0.49999993551464,1727070559909
13,0.5,0.33333333333333,1.0,0.50812441212632,0.5,0.5,0.5,0.5000009709962,1727070559926
13,0.5,0.33333333333333,1.0,0.51864002610427,0.5,0.5,0.5,0.50000663974221,1727070559943
13,0.5,0.33333333333333,1.0,0.54247970798923,0.5,0.5,0.5,0.50000193746498,1727070559959
13,0.5,0.33333333333333,1.0,0.56633290906824,0.5,0.5,0.5,0.50000664034832,1727070559976
13,0.5,0.33333333333333,1.0,0.59686889192134,0.5,0.5,0.5,0.50000478724511,1727070559993
13,0.5,0.33333333333333,1.0,0.64838692658812,0.5,0.5,0.5,0.50000141835624,1727070560009
13,0.5,0.33333333333333,1.0,0.68561997704843,0.5,0.5,0.5,0.50000270616172,1727070560026
13,0.5,0.33333333333333,1.0,0.69613632099324,0.5,0.5,0.5,0.49999875266931,1727070560043
13,0.5,0.33333333333333,1.0,0.70280694474293,0.5,0.5,0.5,0.50000401847698,1727070561043
13,0.5,0.33333333333333,1.0,0.69898140299398,0.5,0.5,0.5,0.49999813369913,1727070561170
13,0.5,0.33333333333333,1.0,0.69232771333267,0.5,0.5,0.5,0.5000027126279,1727070562373
13,0.5,0.33333333333333,1.0,0.67903886022289,0.5,0.5,0.5,0.50000480151207,1727070562409
13,0.5,0.33333333333333,1.0,0.67238691776222,0.5,0.5,0.5,0.50000137617605,1727070562428
13,0.5,0.33333333333333,1.0,0.66187849393866,0.5,0.5,0.5,0.50000094975507,1727070562443
13,0.5,0.33333333333333,1.0,0.65522269446126,0.5,0.5,0.5,0.50000445208,1727070562459
13,0.5,0.33333333333333,1.0,0.64472180701459,0.5,0.5,0.5,0.49999921748035,1727070562476
13,0.5,0.33333333333333,1.0,0.63806314271889,0.5,0.5,0.5,0.50000099595752,1727070562493
13,0.5,0.33333333333333,1.0,0.64473818956633,0.5,0.5,0.5,0.49999983241345,1727070562746
13,0.5,0.33333333333333,1.0,0.65140877785819,0.5,0.5,0.5,0.50000536879505,1727070562792
13,0.5,0.33333333333333,1.0,0.65807501513794,0.5,0.5,0.5,0.49999884161301,1727070562809
13,0.5,0.33333333333333,1.0,0.65807501513794,0.5,0.5,0.5,0.49999884161301,1727070564336
13,0.5,0.33333333333333,1.0,0.65807501513794,0.5,0.5,0.5,0.49999884161301,1727070565455
13,0.49618108195231,0.33333333333333,1.0,0.65807501513794,0.49999738925991,0.5,0.5,0.49999884161301,1727070565819
13,0.49236315826804,0.33333333333333,1.0,0.65807501513794,0.49999549014535,0.5,0.5,0.49999884161301,1727070565834
13,0.48571139397707,0.33333333333333,1.0,0.65807501513794,0.49999124498703,0.5,0.5,0.49999884161301,1727070565858
13,0.47521051602883,0.33333333333333,1.0,0.65807501513794,0.49999629873619,0.5,0.5,0.49999884161301,1727070565874
13,0.46856296586318,0.33333333333333,1.0,0.65807501513794,0.49999519314398,0.5,0.5,0.49999884161301,1727070565909
13,0.45426785982273,0.33333333333333,1.0,0.65807501513794,0.49999290490887,0.5,0.5,0.49999884161301,1727070565926
13,0.44761218230141,0.33333333333333,1.0,0.65807501513794,0.49999746918186,0.5,0.5,0.49999884161301,1727070565942
13,0.43711267404179,0.33333333333333,1.0,0.65807501513794,0.49999165286315,0.5,0.5,0.49999884161301,1727070565959
13,0.419944196947,0.33333333333333,1.0,0.65807501513794,0.49999205919035,0.5,0.5,0.49999884161301,1727070565976
13,0.4056629950908,0.33333333333333,1.0,0.65807501513794,0.50000122483879,0.5,0.5,0.49999884161301,1727070565992
13,0.39900979534484,0.33333333333333,1.0,0.65807501513794,0.49999525195033,0.5,0.5,0.49999884161301,1727070566048
13,0.39519769525539,0.33333333333333,1.0,0.65807501513794,0.49999803056786,0.5,0.5,0.49999884161301,1727070566059
13,0.38854652100733,0.33333333333333,1.0,0.65807501513794,0.49999367536665,0.5,0.5,0.49999884161301,1727070566076
13,0.37804893892434,0.33333333333333,1.0,0.65807501513794,0.50000244486191,0.5,0.5,0.49999884161301,1727070566092
13,0.36754987479142,0.33333333333333,1.0,0.65807501513794,0.49999645449013,0.5,0.5,0.49999884161301,1727070566109
13,0.36373955985228,0.33333333333333,1.0,0.65807501513794,0.50000098662693,0.5,0.5,0.49999884161301,1727070566380
13,0.35708371849264,0.33333333333333,1.0,0.65807501513794,0.49999219961762,0.5,0.5,0.49999884161301,1727070566426
13,0.34281143914183,0.33333333333333,1.0,0.65807501513794,0.49999633061069,0.5,0.5,0.49999884161301,1727070568337
13,0.34669225991284,0.33333333333333,1.0,0.65807501513794,0.49999995585289,0.5,0.5,0.49999884161301,1727070569042
13,0.34669225991284,0.33333333333333,1.0,0.65807501513794,0.49999995585289,0.5,0.5,0.49999884161301,1727070569500
13,0.34669225991284,0.33333333333333,1.0,0.65807501513794,0.49999995585289,0.5,0.5,0.49999884161301,1727070571966
13,0.34669225991284,0.33333333333333,1.0,0.65807501513794,0.49999995585289,0.5,0.5,0.49999884161301,1727070572995
13,0.34004285734525,0.33333333333333,1.0,0.65807501513794,0.49999691978668,0.5,0.5,0.49999884161301,1727070573136
13,0.3362266138442,0.33333333333333,1.0,0.65807501513794,0.49999609197647,0.5,0.5,0.49999884161301,1727070573144
13,0.32958486453941,0.33333333333333,1.0,0.65807501513794,0.50000023700791,0.5,0.5,0.49999884161301,1727070573168
13,0.32577464538487,0.33333333333333,1.0,0.65807501513794,0.49999045327052,0.5,0.5,0.49999884161301,1727070573176
13,0.31912940706385,0.33333333333333,1.0,0.65807501513794,0.49999122869651,0.5,0.5,0.49999884161301,1727070573318
13,0.315320178948,0.33333333333333,1.0,0.65807501513794,0.49999717374542,0.5,0.5,0.49999884161301,1727070573532
13,0.315320178948,0.33333333333333,1.0,0.65807501513794,0.49999717374542,0.5,0.5,0.49999884161301,1727070573778
13,0.315320178948,0.33333333333333,1.0,0.65807501513794,0.49999717374542,0.5,0.5,0.49999884161301,1727070579433
13,0.30867266826535,0.33333333333333,1.0,0.65807501513794,0.49999580111273,0.5,0.5,0.49999884161301,1727070579536
13,0.30867266826535,0.33333333333333,1.0,0.65807501513794,0.49999580111273,0.5,0.5,0.49999884161301,1727070580090
14,0.66666666666667,0.16666666666667,0.0,0.33333333333333,0.5,0.5,0.5,0.5,1727070586437
14,0.66666666666667,0.16666666666667,0.01450802134321,0.33333333333333,0.5,0.5,0.49994955388151,0.5,1727070586492
14,0.66666666666667,0.16666666666667,0.02902180975666,0.33333333333333,0.5,0.5,0.49995141072119,0.5,1727070586508
14,0.66666666666667,0.16666666666667,0.05603482719897,0.33333333333333,0.5,0.5,0.49996814703972,0.5,1727070586525
14,0.66666666666667,0.16666666666667,0.08304668862549,0.33333333333333,0.5,0.5,0.50000038199321,0.5,1727070586541
14,0.66666666666667,0.16666666666667,0.09028415429325,0.33333333333333,0.5,0.5,0.49998407761078,0.5,1727070586558
14,0.66666666666667,0.16666666666667,0.12184059989558,0.33333333333333,0.5,0.5,0.49999274343419,0.5,1727070586575
14,0.66666666666667,0.16666666666667,0.13893274578564,0.33333333333333,0.5,0.5,0.49999557622086,0.5,1727070586591
14,0.66666666666667,0.16666666666667,0.15602692671133,0.33333333333333,0.5,0.5,0.4999718712775,0.5,1727070586608
14,0.66666666666667,0.16666666666667,0.21011067184025,0.33333333333333,0.5,0.5,0.49998707964177,0.5,1727070586625
14,0.66666666666667,0.16666666666667,0.23442335002897,0.33333333333333,0.5,0.5,0.49998438020358,0.5,1727070586641
14,0.66666666666667,0.16666666666667,0.27135100772349,0.33333333333333,0.5,0.5,0.49997855218789,0.5,1727070586658
14,0.66666666666667,0.16666666666667,0.28584067243853,0.33333333333333,0.5,0.5,0.49997448037277,0.5,1727070586675
14,0.66666666666667,0.16666666666667,0.30032009007095,0.33333333333333,0.5,0.5,0.49999027445492,0.5,1727070586691
14,0.66666666666667,0.16666666666667,0.31019384233826,0.33333333333333,0.5,0.5,0.49997679921757,0.5,1727070586708
14,0.66666666666667,0.16666666666667,0.31742950938521,0.33333333333333,0.5,0.5,0.49998395470762,0.5,1727070586725
14,0.66666666666667,0.16666666666667,0.32730961436895,0.33333333333333,0.5,0.5,0.49998764982329,0.5,1727070586741
14,0.66666666666667,0.16666666666667,0.34178887756226,0.33333333333333,0.5,0.5,0.50000338458232,0.5,1727070586770
14,0.66666666666667,0.16666666666667,0.34445757540575,0.33333333333333,0.5,0.5,0.50000277418384,0.5,1727070586778
14,0.66666666666667,0.16666666666667,0.35169594905531,0.33333333333333,0.5,0.5,0.4999856062725,0.5,1727070586794
14,0.66666666666667,0.16666666666667,0.35893363023811,0.33333333333333,0.5,0.5,0.49997481375641,0.5,1727070586810
14,0.66666666666667,0.16666666666667,0.36616837303578,0.33333333333333,0.5,0.5,0.49998929725263,0.5,1727070586826
14,0.66666666666667,0.16666666666667,0.37603973746497,0.33333333333333,0.5,0.5,0.4999972685413,0.5,1727070586841
14,0.66666666666667,0.16666666666667,0.38327728011822,0.33333333333333,0.5,0.5,0.49998790525998,0.5,1727070586858
14,0.66666666666667,0.16666666666667,0.39050597162648,0.33333333333333,0.5,0.5,0.4999842025529,0.5,1727070586874
14,0.66666666666667,0.16666666666667,0.40038734669073,0.33333333333333,0.5,0.5,0.49997723205934,0.5,1727070586904
14,0.66666666666667,0.16666666666667,0.4076203479453,0.33333333333333,0.5,0.5,0.50000467209019,0.5,1727070586912
14,0.66666666666667,0.16666666666667,0.41749261544014,0.33333333333333,0.5,0.5,0.50000482185172,0.5,1727070586928
14,0.66666666666667,0.16666666666667,0.43196647273415,0.33333333333333,0.5,0.5,0.49999672053872,0.5,1727070586944
14,0.66666666666667,0.16666666666667,0.43463609561155,0.33333333333333,0.5,0.5,0.49998912681045,0.5,1727070586958
14,0.66666666666667,0.16666666666667,0.44187121265559,0.33333333333333,0.5,0.5,0.49999903777854,0.5,1727070586975
14,0.66666666666667,0.16666666666667,0.45174374260991,0.33333333333333,0.5,0.5,0.49999729695541,0.5,1727070586991
14,0.66666666666667,0.16666666666667,0.46162583225497,0.33333333333333,0.5,0.5,0.49998547536395,0.5,1727070587008
14,0.66666666666667,0.16666666666667,0.4787096836896,0.33333333333333,0.5,0.5,0.49998793866893,0.5,1727070587024
14,0.66666666666667,0.16666666666667,0.49318889736414,0.33333333333333,0.5,0.5,0.50000081197088,0.5,1727070587041
14,0.66666666666667,0.16666666666667,0.50041901311992,0.33333333333333,0.5,0.5,0.49998756827855,0.5,1727070587058
14,0.66666666666667,0.16666666666667,0.50308663381497,0.33333333333333,0.5,0.5,0.4999946476618,0.5,1727070587074
14,0.66666666666667,0.16666666666667,0.5103158544558,0.33333333333333,0.5,0.5,0.49998781255608,0.5,1727070587091
14,0.66666666666667,0.16666666666667,0.51755157901824,0.33333333333333,0.5,0.5,0.49999260546864,0.5,1727070587108
14,0.66666666666667,0.16666666666667,0.52478769215276,0.33333333333333,0.5,0.5,0.49999467728095,0.5,1727070587158
14,0.66666666666667,0.16666666666667,0.53466054879881,0.33333333333333,0.5,0.5,0.49999099061374,0.5,1727070587260
14,0.66666666666667,0.16666666666667,0.54453241266804,0.33333333333333,0.5,0.5,0.49999395203491,0.5,1727070587308
14,0.66666666666667,0.16666666666667,0.5517607893806,0.33333333333333,0.5,0.5,0.49999299971466,0.5,1727070587325
14,0.66666666666667,0.16666666666667,0.5544290029382,0.33333333333333,0.5,0.5,0.49999574206913,0.5,1727070587341
14,0.66666666666667,0.16666666666667,0.55708818469836,0.33333333333333,0.5,0.5,0.50000396537017,0.5,1727070587958
14,0.66666666666667,0.16666666666667,0.54986243495242,0.33333333333333,0.5,0.5,0.49998777698329,0.5,1727070587982
14,0.66666666666667,0.16666666666667,0.54532620349496,0.33333333333333,0.5,0.5,0.49999560424888,0.5,1727070588006
14,0.66666666666667,0.16666666666667,0.54079156437289,0.33333333333333,0.5,0.5,0.49999295548601,0.5,1727070588041
14,0.66666666666667,0.16666666666667,0.54345962273286,0.33333333333333,0.5,0.5,0.49999676224553,0.5,1727070588679
14,0.66666666666667,0.16666666666667,0.53623131664332,0.33333333333333,0.5,0.5,0.4999972878825,0.5,1727070588758
14,0.66666666666667,0.16666666666667,0.53169663246275,0.33333333333333,0.5,0.5,0.49999492052368,0.5,1727070588808
14,0.66666666666667,0.16666666666667,0.53169663246275,0.33333333333333,0.5,0.5,0.49999492052368,0.5,1727070592544
14,0.66666666666667,0.16666666666667,0.53169663246275,0.33333333333333,0.5,0.5,0.49999492052368,0.5,1727070594255
14,0.66666666666667,0.16666666666667,0.53169663246275,0.32005945525652,0.5,0.5,0.49999492052368,0.49999798524198,1727070594270
14,0.66666666666667,0.16666666666667,0.53169663246275,0.31341485837933,0.5,0.5,0.49999492052368,0.49999948505223,1727070594278
14,0.66666666666667,0.16666666666667,0.53169663246275,0.30291446017528,0.5,0.5,0.49999492052368,0.500006748446,1727070594291
14,0.66666666666667,0.16666666666667,0.53169663246275,0.26194923657972,0.5,0.5,0.49999492052368,0.5000116038277,1727070594307
14,0.66666666666667,0.16666666666667,0.53169663246275,0.176132184602,0.5,0.5,0.49999492052368,0.50001178345318,1727070594324
14,0.66666666666667,0.16666666666667,0.53169663246275,0.04120887191917,0.5,0.5,0.49999492052368,0.50001679660568,1727070594341
14,0.66666666666667,0.16666666666667,0.53169663246275,0.0,0.5,0.5,0.49999492052368,0.5,1727070594357
14,0.66666666666667,0.16666666666667,0.53169663246275,0.0,0.5,0.5,0.49999492052368,0.5,1727070594374
14,0.66666666666667,0.16666666666667,0.53169663246275,0.0,0.5,0.5,0.49999492052368,0.5,1727070594391
14,0.66666666666667,0.16666666666667,0.53169663246275,0.0,0.5,0.5,0.49999492052368,0.5,1727070594407
14,0.66666666666667,0.16666666666667,0.53169663246275,0.0,0.5,0.5,0.49999492052368,0.5,1727070594424
14,0.66666666666667,0.16666666666667,0.53169663246275,0.0,0.5,0.5,0.49999492052368,0.5,1727070594441
14,0.66666666666667,0.16666666666667,0.53169663246275,0.0,0.5,0.5,0.49999492052368,0.5,1727070594525
14,0.66666666666667,0.16666666666667,0.53169663246275,0.0,0.5,0.5,0.49999492052368,0.5,1727070594610
14,0.66666666666667,0.16666666666667,0.53169663246275,0.0,0.5,0.5,0.49999492052368,0.5,1727070594626
14,0.66666666666667,0.16666666666667,0.53169663246275,0.0,0.5,0.5,0.49999492052368,0.5,1727070594641
14,0.66666666666667,0.16666666666667,0.53169663246275,0.0,0.5,0.5,0.49999492052368,0.5,1727070594658
14,0.66666666666667,0.16666666666667,0.53169663246275,0.0,0.5,0.5,0.49999492052368,0.5,1727070594714
14,0.66666666666667,0.16666666666667,0.53169663246275,0.0,0.5,0.5,0.49999492052368,0.5,1727070594714
14,0.66666666666667,0.16666666666667,0.53169663246275,0.0,0.5,0.5,0.49999492052368,0.5,1727070598437
14,0.66000555959356,0.16666666666667,0.53169663246275,0.0,0.49999404747797,0.5,0.49999492052368,0.5,1727070598713
14,0.65335559359035,0.16666666666667,0.53169663246275,0.0,0.50000106648136,0.5,0.49999492052368,0.5,1727070598950
14,0.6428546182099,0.16666666666667,0.53169663246275,0.0,0.49999572680758,0.5,0.49999492052368,0.5,1727070598998
14,0.6362024439141,0.16666666666667,0.53169663246275,0.0,0.50000152041988,0.5,0.49999492052368,0.5,1727070599014
14,0.62189366074594,0.16666666666667,0.53169663246275,0.0,0.49999112732828,0.5,0.49999492052368,0.5,1727070599030
14,0.611394484141,0.16666666666667,0.53169663246275,0.0,0.49999646961326,0.5,0.49999492052368,0.5,1727070599046
14,0.6047389831397,0.16666666666667,0.53169663246275,0.0,0.50000033644635,0.5,0.49999492052368,0.5,1727070599062
14,0.60092266231327,0.16666666666667,0.53169663246275,0.0,0.49999973136645,0.5,0.49999492052368,0.5,1727070599074
14,0.59427253018491,0.16666666666667,0.53169663246275,0.0,0.49999713134052,0.5,0.49999492052368,0.5,1727070599091
14,0.58761520111653,0.16666666666667,0.53169663246275,0.0,0.49999987921878,0.5,0.49999492052368,0.5,1727070599107
14,0.58379653281338,0.16666666666667,0.53169663246275,0.0,0.4999977074005,0.5,0.49999492052368,0.5,1727070599124
14,0.57714213984031,0.16666666666667,0.53169663246275,0.0,0.50000245175825,0.5,0.49999492052368,0.5,1727070599140
14,0.56663734871816,0.16666666666667,0.53169663246275,0.0,0.49999405546393,0.5,0.49999492052368,0.5,1727070599191
14,0.55998128904025,0.16666666666667,0.53169663246275,0.0,0.49999773585998,0.5,0.49999492052368,0.5,1727070599212
14,0.55332881318114,0.16666666666667,0.53169663246275,0.0,0.49999337826715,0.5,0.49999492052368,0.5,1727070599257
14,0.54951589048449,0.16666666666667,0.53169663246275,0.0,0.49999504437964,0.5,0.49999492052368,0.5,1727070599274
14,0.56392324369904,0.16666666666667,0.53169663246275,0.0,0.50000011296941,0.5,0.49999492052368,0.5,1727070599726
14,0.57443411566498,0.16666666666667,0.53169663246275,0.0,0.4999919496135,0.5,0.49999492052368,0.5,1727070599774
14,0.58779741845408,0.16666666666667,0.53169663246275,0.0,0.49999830116261,0.5,0.49999492052368,0.5,1727070599791
14,0.6049641484456,0.16666666666667,0.53169663246275,0.0,0.49999672262906,0.5,0.49999492052368,0.5,1727070599807
14,0.61163783412329,0.16666666666667,0.53169663246275,0.0,0.49999467652091,0.5,0.49999492052368,0.5,1727070599824
14,0.61550754260502,0.16666666666667,0.53169663246275,0.0,0.49999990463929,0.5,0.49999492052368,0.5,1727070599854
14,0.62217921075708,0.16666666666667,0.53169663246275,0.0,0.49999658358015,0.5,0.49999492052368,0.5,1727070603251
14,0.62604925825777,0.16666666666667,0.53169663246275,0.0,0.50000195371526,0.5,0.49999492052368,0.5,1727070603419
14,0.62992260006697,0.16666666666667,0.53169663246275,0.0,0.49999970121849,0.5,0.49999492052368,0.5,1727070603497
14,0.6404272839438,0.16666666666667,0.53169663246275,0.0,0.49999784200157,0.5,0.49999492052368,0.5,1727070603726
14,0.64430356585142,0.16666666666667,0.53169663246275,0.0,0.49999745608044,0.5,0.49999492052368,0.5,1727070604138
14,0.64430356585142,0.16666666666667,0.53169663246275,0.0,0.49999745608044,0.5,0.49999492052368,0.5,1727070604400
14,0.64430356585142,0.16666666666667,0.53169663246275,0.0,0.49999745608044,0.5,0.49999492052368,0.5,1727070605177
14,0.64430356585142,0.1705707892914,0.53169663246275,0.0,0.49999745608044,0.49999795692477,0.49999492052368,0.5,1727070605334
14,0.64430356585142,0.17446564826499,0.53169663246275,0.0,0.49999745608044,0.49999466187719,0.49999492052368,0.5,1727070605350
14,0.64430356585142,0.18114446617048,0.53169663246275,0.0,0.49999745608044,0.49999232155417,0.49999492052368,0.5,1727070605366
14,0.64430356585142,0.18782721360798,0.53169663246275,0.0,0.49999745608044,0.49998510454389,0.49999492052368,0.5,1727070605390
14,0.64430356585142,0.19834420325066,0.53169663246275,0.0,0.49999745608044,0.49999293943132,0.49999492052368,0.5,1727070605407
14,0.64430356585142,0.20501601543121,0.53169663246275,0.0,0.49999745608044,0.49999923566011,0.49999492052368,0.5,1727070605508
14,0.64430356585142,0.20891538329776,0.53169663246275,0.0,0.49999745608044,0.4999907602722,0.49999492052368,0.5,1727070605524
14,0.64430356585142,0.21942774604022,0.53169663246275,0.0,0.49999745608044,0.50000355065102,0.49999492052368,0.5,1727070605540
14,0.64430356585142,0.22610674694611,0.53169663246275,0.0,0.49999745608044,0.50000109472363,0.49999492052368,0.5,1727070605557
14,0.64430356585142,0.23000047530744,0.53169663246275,0.0,0.49999745608044,0.49999945406163,0.49999492052368,0.5,1727070605574
14,0.64430356585142,0.23668177141303,0.53169663246275,0.0,0.49999745608044,0.49999450765676,0.49999492052368,0.5,1727070605590
14,0.64430356585142,0.24335080783389,0.53169663246275,0.0,0.49999745608044,0.5000033953838,0.49999492052368,0.5,1727070605607
14,0.64430356585142,0.25002699371982,0.53169663246275,0.0,0.49999745608044,0.50000416287711,0.49999492052368,0.5,1727070605623
14,0.64430356585142,0.2671961905478,0.53169663246275,0.0,0.49999745608044,0.5000040608646,0.49999492052368,0.5,1727070605640
14,0.64430356585142,0.2738785057605,0.53169663246275,0.0,0.49999745608044,0.49999833438716,0.49999492052368,0.5,1727070605657
14,0.64430356585142,0.28055207525559,0.53169663246275,0.0,0.49999745608044,0.50000184024893,0.49999492052368,0.5,1727070605674
14,0.64430356585142,0.29106780157079,0.53169663246275,0.0,0.49999745608044,0.49999361812621,0.49999492052368,0.5,1727070605698
14,0.64430356585142,0.29774529942921,0.53169663246275,0.0,0.49999745608044,0.49999311738709,0.49999492052368,0.5,1727070605722
14,0.64430356585142,0.30441437214242,0.53169663246275,0.0,0.49999745608044,0.50000100683855,0.49999492052368,0.5,1727070605757
14,0.64430356585142,0.3149331797828,0.53169663246275,0.0,0.49999745608044,0.49999014045896,0.49999492052368,0.5,1727070605774
14,0.64430356585142,0.32159980673664,0.53169663246275,0.0,0.49999745608044,0.50000018640956,0.49999492052368,0.5,1727070605790
14,0.64430356585142,0.33212254772544,0.53169663246275,0.0,0.49999745608044,0.50000050120378,0.49999492052368,0.5,1727070605807
14,0.64430356585142,0.33879619966886,0.53169663246275,0.0,0.49999745608044,0.5000035585057,0.49999492052368,0.5,1727070605824
14,0.64430356585142,0.34930753346067,0.53169663246275,0.0,0.49999745608044,0.50000014613029,0.49999492052368,0.5,1727070605840
14,0.64430356585142,0.36268063218823,0.53169663246275,0.0,0.49999745608044,0.49999666230974,0.49999492052368,0.5,1727070605857
14,0.64430356585142,0.37319577337757,0.53169663246275,0.0,0.49999745608044,0.50000373921304,0.49999492052368,0.5,1727070605880
14,0.64430356585142,0.37986754994537,0.53169663246275,0.0,0.49999745608044,0.4999947381009,0.49999492052368,0.5,1727070605896
14,0.64430356585142,0.3903784689333,0.53169663246275,0.0,0.49999745608044,0.50000529174831,0.49999492052368,0.5,1727070605907
14,0.64430356585142,0.40375738686078,0.53169663246275,0.0,0.49999745608044,0.49999701404176,0.49999492052368,0.5,1727070605924
14,0.64430356585142,0.40762825598417,0.53169663246275,0.0,0.49999745608044,0.50000210700548,0.49999492052368,0.5,1727070605940
14,0.64430356585142,0.4277137900843,0.53169663246275,0.0,0.49999745608044,0.49999503938767,0.49999492052368,0.5,1727070605957
14,0.64430356585142,0.43822774103716,0.53169663246275,0.0,0.49999745608044,0.5000024258422,0.49999492052368,0.5,1727070605973
14,0.64430356585142,0.44490049854191,0.53169663246275,0.0,0.49999745608044,0.49999350145352,0.49999492052368,0.5,1727070605992
14,0.64430356585142,0.45157197442798,0.53169663246275,0.0,0.49999745608044,0.49999784390277,0.49999492052368,0.5,1727070606007
14,0.64430356585142,0.4687487519306,0.53169663246275,0.0,0.49999745608044,0.49999210659221,0.49999492052368,0.5,1727070606030
14,0.64430356585142,0.47925998465949,0.53169663246275,0.0,0.49999745608044,0.5000011746926,0.49999492052368,0.5,1727070606073
14,0.64430356585142,0.48592792923893,0.53169663246275,0.0,0.49999745608044,0.49999636483558,0.49999492052368,0.5,1727070606090
14,0.64430356585142,0.49644289788378,0.53169663246275,0.0,0.49999745608044,0.50000240488249,0.49999492052368,0.5,1727070606107
14,0.64430356585142,0.50311214709268,0.53169663246275,0.0,0.49999745608044,0.49999673880008,0.49999492052368,0.5,1727070606123
14,0.64430356585142,0.50978679087006,0.53169663246275,0.0,0.49999745608044,0.49999842138951,0.49999492052368,0.5,1727070606183
14,0.64430356585142,0.513657542702,0.53169663246275,0.0,0.49999745608044,0.50000288477423,0.49999492052368,0.5,1727070606190
14,0.64430356585142,0.52702551453728,0.53169663246275,0.0,0.49999745608044,0.49999281245419,0.49999492052368,0.5,1727070606207
14,0.64430356585142,0.54419272633192,0.53169663246275,0.0,0.49999745608044,0.49999436938683,0.49999492052368,0.5,1727070606224
14,0.64430356585142,0.55086413752605,0.53169663246275,0.0,0.49999745608044,0.49999821075949,0.49999492052368,0.5,1727070606284
14,0.64430356585142,0.55473601449535,0.53169663246275,0.0,0.49999745608044,0.50000167648299,0.49999492052368,0.5,1727070606300
14,0.64430356585142,0.56140855589751,0.53169663246275,0.0,0.49999745608044,0.49999418652271,0.49999492052368,0.5,1727070606308
14,0.64430356585142,0.57857795863441,0.53169663246275,0.0,0.49999745608044,0.49999419256115,0.49999492052368,0.5,1727070606324
14,0.64430356585142,0.58524454738327,0.53169663246275,0.0,0.49999745608044,0.50000106039565,0.49999492052368,0.5,1727070606340
14,0.64430356585142,0.59192296997315,0.53169663246275,0.0,0.49999745608044,0.50000007003559,0.49999492052368,0.5,1727070606357
14,0.64430356585142,0.59858786877731,0.53169663246275,0.0,0.49999745608044,0.49999788626692,0.49999492052368,0.5,1727070606790
14,0.64430356585142,0.60246324429854,0.53169663246275,0.0,0.49999745608044,0.49999889675372,0.49999492052368,0.5,1727070606807
14,0.64430356585142,0.60633253821307,0.53169663246275,0.0,0.49999745608044,0.50000381359354,0.49999492052368,0.5,1727070606823
14,0.64430356585142,0.603583335024,0.53169663246275,0.0,0.49999745608044,0.50000082698432,0.49999492052368,0.5,1727070606846
14,0.64430356585142,0.60745488575279,0.53169663246275,0.0,0.49999745608044,0.49999438554219,0.49999492052368,0.5,1727070606903
14,0.64430356585142,0.60079916494423,0.53169663246275,0.0,0.49999745608044,0.50000054112708,0.49999492052368,0.5,1727070606918
14,0.64430356585142,0.60467700067188,0.53169663246275,0.0,0.49999745608044,0.49999994994564,0.49999492052368,0.5,1727070606926
14,0.64430356585142,0.59801811961905,0.53169663246275,0.0,0.49999745608044,0.49999822187091,0.49999492052368,0.5,1727070606942
14,0.64430356585142,0.59136581658044,0.53169663246275,0.0,0.49999745608044,0.50000223724589,0.49999492052368,0.5,1727070607052
14,0.64430356585142,0.58471430529849,0.53169663246275,0.0,0.49999745608044,0.49999563212461,0.49999492052368,0.5,1727070607068
14,0.64430356585142,0.57806388479452,0.53169663246275,0.0,0.49999745608044,0.49999843780098,0.49999492052368,0.5,1727070607084
14,0.64430356585142,0.57047552277635,0.53169663246275,0.0,0.49999745608044,0.50000094094994,0.49999492052368,0.5,1727070607092
14,0.64430356585142,0.56382544808335,0.53169663246275,0.0,0.49999745608044,0.50000360483392,0.49999492052368,0.5,1727070607107
14,0.64430356585142,0.55717386931195,0.53169663246275,0.0,0.49999745608044,0.49999683171088,0.49999492052368,0.5,1727070607123
14,0.64430356585142,0.54666915063406,0.53169663246275,0.0,0.49999745608044,0.49999473206163,0.49999492052368,0.5,1727070607202
14,0.64430356585142,0.54001557776673,0.53169663246275,0.0,0.49999745608044,0.4999998652053,0.49999492052368,0.5,1727070607218
14,0.64430356585142,0.52951120299046,0.53169663246275,0.0,0.49999745608044,0.49999751698323,0.49999492052368,0.5,1727070607234
14,0.64430356585142,0.52285834713052,0.53169663246275,0.0,0.49999745608044,0.50000227658048,0.49999492052368,0.5,1727070608573
14,0.64430356585142,0.51904744963751,0.53169663246275,0.0,0.49999745608044,0.49999907104954,0.49999492052368,0.5,1727070608591
14,0.64430356585142,0.52571589630616,0.53169663246275,0.0,0.49999745608044,0.49999416913662,0.49999492052368,0.5,1727070608607
14,0.64430356585142,0.54955934996681,0.53169663246275,0.0,0.49999745608044,0.49999620490009,0.49999492052368,0.5,1727070608624
14,0.64430356585142,0.56007401046919,0.53169663246275,0.0,0.49999745608044,0.50000198229516,0.49999492052368,0.5,1727070608640
14,0.64430356585142,0.57059311575799,0.53169663246275,0.0,0.49999745608044,0.49999428889507,0.49999492052368,0.5,1727070608657
14,0.64430356585142,0.57725962925653,0.53169663246275,0.0,0.49999745608044,0.50000127239409,0.49999492052368,0.5,1727070608676
14,0.64430356585142,0.58393157926127,0.53169663246275,0.0,0.49999745608044,0.49999437894326,0.49999492052368,0.5,1727070608690
14,0.64430356585142,0.59060141792897,0.53169663246275,0.0,0.49999745608044,0.499999070017,0.49999492052368,0.5,1727070608707
14,0.64430356585142,0.60777142914938,0.53169663246275,0.0,0.49999745608044,0.49999858700126,0.49999492052368,0.5,1727070608723
14,0.64430356585142,0.62494451827638,0.53169663246275,0.0,0.49999745608044,0.49999618347142,0.49999492052368,0.5,1727070608740
14,0.64430356585142,0.63161176988057,0.53169663246275,0.0,0.49999745608044,0.50000226052916,0.49999492052368,0.5,1727070608757
14,0.64430356585142,0.63828283301212,0.53169663246275,0.0,0.49999745608044,0.49999633189535,0.49999492052368,0.5,1727070609555
14,0.64430356585142,0.64495747245645,0.53169663246275,0.0,0.49999745608044,0.49999776605695,0.49999492052368,0.5,1727070609674
14,0.64430356585142,0.63166092255962,0.53169663246275,0.0,0.49999745608044,0.50000038514192,0.49999492052368,0.5,1727070610585
14,0.64430356585142,0.63166092255962,0.53169663246275,0.0,0.49999745608044,0.50000038514192,0.49999492052368,0.5,1727070610585
14,0.64430356585142,0.63166092255962,0.53169663246275,0.0,0.49999745608044,0.50000038514192,0.49999492052368,0.5,1727070612525
14,0.64430356585142,0.63166092255962,0.53169663246275,0.0,0.49999745608044,0.50000038514192,0.49999492052368,0.5,1727070613309
14,0.65097754590905,0.63166092255962,0.53169663246275,0.0,0.49999567401955,0.50000038514192,0.49999492052368,0.5,1727070613388
14,0.65764170234251,0.63166092255962,0.53169663246275,0.0,0.49999729602044,0.50000038514192,0.49999492052368,0.5,1727070613396
14,0.67867790429773,0.63166092255962,0.53169663246275,0.0,0.50000058252199,0.50000038514192,0.49999492052368,0.5,1727070613406
14,0.71218416218952,0.63166092255962,0.53169663246275,0.0,0.49999974032039,0.50000038514192,0.49999492052368,0.5,1727070613423
14,0.7255348391747,0.63166092255962,0.53169663246275,0.0,0.49999795279983,0.50000038514192,0.49999492052368,0.5,1727070613440
14,0.74558394059346,0.63166092255962,0.53169663246275,0.0,0.49999962631787,0.50000038514192,0.49999492052368,0.5,1727070613456
14,0.76275515765867,0.63166092255962,0.53169663246275,0.0,0.50000071396364,0.50000038514192,0.49999492052368,0.5,1727070613473
14,0.7694226374184,0.63166092255962,0.53169663246275,0.0,0.49999560210955,0.50000038514192,0.49999492052368,0.5,1727070613490
14,0.79045273881375,0.63166092255962,0.53169663246275,0.0,0.49999533711938,0.50000038514192,0.49999492052368,0.5,1727070613507
14,0.80096590865463,0.63166092255962,0.53169663246275,0.0,0.49999825724246,0.50000038514192,0.49999492052368,0.5,1727070613523
14,0.81813900111336,0.63166092255962,0.53169663246275,0.0,0.50000027850611,0.50000038514192,0.49999492052368,0.5,1727070613540
14,0.83530867154916,0.63166092255962,0.53169663246275,0.0,0.50000049744742,0.50000038514192,0.49999492052368,0.5,1727070613556
14,0.8419776593936,0.63166092255962,0.53169663246275,0.0,0.49999648798405,0.50000038514192,0.49999492052368,0.5,1727070613573
14,0.85248538902407,0.63166092255962,0.53169663246275,0.0,0.49999654012127,0.50000038514192,0.49999492052368,0.5,1727070613590
14,0.8591565687657,0.63166092255962,0.53169663246275,0.0,0.50000135332922,0.50000038514192,0.49999492052368,0.5,1727070613642
14,0.86582004031793,0.63166092255962,0.53169663246275,0.0,0.49999469881436,0.50000038514192,0.49999492052368,0.5,1727070614378
14,0.86200177791839,0.63166092255962,0.53169663246275,0.0,0.50000088148919,0.50000038514192,0.49999492052368,0.5,1727070614423
14,0.85817219773002,0.63166092255962,0.53169663246275,0.0,0.50000147609775,0.50000038514192,0.49999492052368,0.5,1727070614482
14,0.85434224183074,0.63166092255962,0.53169663246275,0.0,0.4999942066783,0.50000038514192,0.49999492052368,0.5,1727070614523
14,0.84768729322321,0.63166092255962,0.53169663246275,0.0,0.49999748141037,0.50000038514192,0.49999492052368,0.5,1727070614540
14,0.84386164608821,0.63166092255962,0.53169663246275,0.0,0.5000000542461,0.50000038514192,0.49999492052368,0.5,1727070614556
14,0.8333672390007,0.63166092255962,0.53169663246275,0.0,0.49999898638261,0.50000038514192,0.49999492052368,0.5,1727070614573
14,0.82285861907814,0.63166092255962,0.53169663246275,0.0,0.49999849976399,0.50000038514192,0.49999492052368,0.5,1727070614600
14,0.80185803011649,0.63166092255962,0.53169663246275,0.0,0.49999816110822,0.50000038514192,0.49999492052368,0.5,1727070614616
14,0.79802622729504,0.63166092255962,0.53169663246275,0.0,0.49999761064925,0.50000038514192,0.49999492052368,0.5,1727070614624
14,0.78752125600848,0.63166092255962,0.53169663246275,0.0,0.49999903238309,0.50000038514192,0.49999492052368,0.5,1727070614648
14,0.78087284831362,0.63166092255962,0.53169663246275,0.0,0.49999782074361,0.50000038514192,0.49999492052368,0.5,1727070614656
14,0.77036833445399,0.63166092255962,0.53169663246275,0.0,0.49999951569984,0.50000038514192,0.49999492052368,0.5,1727070614673
14,0.7598639175832,0.63166092255962,0.53169663246275,0.0,0.50000129886607,0.50000038514192,0.49999492052368,0.5,1727070614723
14,0.76653626823071,0.63166092255962,0.53169663246275,0.0,0.49999881043656,0.50000038514192,0.49999492052368,0.5,1727070616153
14,0.77039488260608,0.63166092255962,0.53169663246275,0.0,0.49999723502188,0.50000038514192,0.49999492052368,0.5,1727070616190
14,0.78091419158449,0.63166092255962,0.53169663246275,0.0,0.50000347578429,0.50000038514192,0.49999492052368,0.5,1727070616240
14,0.78477595786932,0.63166092255962,0.53169663246275,0.0,0.49999538726724,0.50000038514192,0.49999492052368,0.5,1727070616310
14,0.79144820490481,0.63166092255962,0.53169663246275,0.0,0.50000108580295,0.50000038514192,0.49999492052368,0.5,1727070616326
14,0.79531183714195,0.63166092255962,0.53169663246275,0.0,0.49999407179086,0.50000038514192,0.49999492052368,0.5,1727070616762
14,0.78865919162456,0.63166092255962,0.53169663246275,0.0,0.49999875427901,0.50000038514192,0.49999492052368,0.5,1727070616920
14,0.78200444442376,0.63166092255962,0.53169663246275,0.0,0.49999415539877,0.50000038514192,0.49999492052368,0.5,1727070616977
14,0.77817570034582,0.63166092255962,0.53169663246275,0.0,0.49999521956644,0.50000038514192,0.49999492052368,0.5,1727070617040
14,0.77152509956482,0.63166092255962,0.53169663246275,0.0,0.49999278837275,0.50000038514192,0.49999492052368,0.5,1727070617143
14,0.76770278581894,0.63166092255962,0.53169663246275,0.0,0.49999734196342,0.50000038514192,0.49999492052368,0.5,1727070617156
14,0.75719661534784,0.63166092255962,0.53169663246275,0.0,0.49999814727578,0.50000038514192,0.49999492052368,0.5,1727070617182
14,0.75054312832155,0.63166092255962,0.53169663246275,0.0,0.49999409414649,0.50000038514192,0.49999492052368,0.5,1727070617268
14,0.74389017617251,0.63166092255962,0.53169663246275,0.0,0.49999881760693,0.50000038514192,0.49999492052368,0.5,1727070618751
14,0.75056537372534,0.63166092255962,0.53169663246275,0.0,0.49999787470048,0.50000038514192,0.49999492052368,0.5,1727070618868
14,0.75056537372534,0.63166092255962,0.53169663246275,0.0,0.49999787470048,0.50000038514192,0.49999492052368,0.5,1727070620032
15,1.0,0.5,0.16666666666667,0.5,0.5,0.5,0.5,0.5,1727070633712
15,1.0,0.5,0.16666666666667,0.4895016697937,0.5,0.5,0.5,0.5000069798167,1727070633798
15,1.0,0.5,0.16666666666667,0.47520393665676,0.5,0.5,0.5,0.50000299280043,1727070633814
15,1.0,0.5,0.16666666666667,0.45803802052367,0.5,0.5,0.5,0.50000564636413,1727070633822
15,1.0,0.5,0.16666666666667,0.4303599697254,0.5,0.5,0.5,0.50000496222155,1727070633838
15,1.0,0.5,0.16666666666667,0.40269155262261,0.5,0.5,0.5,0.49999936219207,1727070633855
15,1.0,0.5,0.16666666666667,0.3855227526839,0.5,0.5,0.5,0.49999971871595,1727070633872
15,1.0,0.5,0.16666666666667,0.37501526960701,0.5,0.5,0.5,0.49999989855057,1727070633888
15,1.0,0.5,0.16666666666667,0.35402899404308,0.5,0.5,0.5,0.49999837969238,1727070633905
15,1.0,0.5,0.16666666666667,0.33975725735766,0.5,0.5,0.5,0.50000318892791,1727070633922
15,1.0,0.5,0.16666666666667,0.32258482692403,0.5,0.5,0.5,0.50000020368646,1727070633938
15,1.0,0.5,0.16666666666667,0.31208070005598,0.5,0.5,0.5,0.50000370472665,1727070633955
15,1.0,0.5,0.16666666666667,0.29491556348094,0.5,0.5,0.5,0.50000796379305,1727070633972
15,1.0,0.5,0.16666666666667,0.28441847928656,0.5,0.5,0.5,0.50000319259164,1727070633988
15,1.0,0.5,0.16666666666667,0.26724938215549,0.5,0.5,0.5,0.50000344100634,1727070634005
15,1.0,0.5,0.16666666666667,0.25297791987516,0.5,0.5,0.5,0.50000952435729,1727070634022
15,1.0,0.5,0.16666666666667,0.23199655379733,0.5,0.5,0.5,0.4999960580769,1727070634038
15,1.0,0.5,0.16666666666667,0.21483574587541,0.5,0.5,0.5,0.50000590265088,1727070634055
15,1.0,0.5,0.16666666666667,0.19102504745193,0.5,0.5,0.5,0.5000120795441,1727070634072
15,1.0,0.5,0.16666666666667,0.17385746519457,0.5,0.5,0.5,0.50001471307211,1727070634122
15,1.0,0.5,0.16666666666667,0.15287732774288,0.5,0.5,0.5,0.50000055377646,1727070634138
15,1.0,0.5,0.16666666666667,0.14623249490322,0.5,0.5,0.5,0.50000240114678,1727070634155
15,1.0,0.5,0.16666666666667,0.13573861269279,0.5,0.5,0.5,0.50000021604195,1727070634172
15,1.0,0.5,0.16666666666667,0.11857103189626,0.5,0.5,0.5,0.50000269422316,1727070634194
15,1.0,0.5,0.16666666666667,0.11478169391193,0.5,0.5,0.5,0.49999558449767,1727070634205
15,1.0,0.5,0.16666666666667,0.10814345090841,0.5,0.5,0.5,0.50000768065816,1727070634222
15,1.0,0.5,0.16666666666667,0.09764668617924,0.5,0.5,0.5,0.50000084422071,1727070634240
15,1.0,0.5,0.16666666666667,0.09386658688363,0.5,0.5,0.5,0.50000809422684,1727070634478
15,1.0,0.5,0.16666666666667,0.10054829702381,0.5,0.5,0.5,0.50001546880112,1727070634582
15,1.0,0.5,0.16666666666667,0.10723147527215,0.5,0.5,0.5,0.50000108966013,1727070634622
15,1.0,0.5,0.16666666666667,0.11391039282065,0.5,0.5,0.5,0.50000409130669,1727070634652
15,1.0,0.5,0.16666666666667,0.12058889145848,0.5,0.5,0.5,0.50000636154666,1727070634660
15,1.0,0.5,0.16666666666667,0.13399385130617,0.5,0.5,0.5,0.50001326065497,1727070634676
15,1.0,0.5,0.16666666666667,0.13790181874514,0.5,0.5,0.5,0.50001351810312,1727070634826
15,1.0,0.5,0.16666666666667,0.13790181874514,0.5,0.5,0.5,0.50001351810312,1727070636190
15,1.0,0.5,0.16666666666667,0.13790181874514,0.5,0.5,0.5,0.50001351810312,1727070636793
15,1.0,0.5,0.18842587226583,0.13790181874514,0.5,0.5,0.49998800801808,0.50001351810312,1727070636846
15,1.0,0.5,0.21017741293826,0.13790181874514,0.5,0.5,0.49997279158197,0.50001351810312,1727070636855
15,1.0,0.5,0.24173541671091,0.13790181874514,0.5,0.5,0.49996344222545,0.50001351810312,1727070636872
15,1.0,0.5,0.27328966522094,0.13790181874514,0.5,0.5,0.49999287485433,0.50001351810312,1727070636888
15,1.0,0.5,0.29760290814322,0.13790181874514,0.5,0.5,0.4999848182024,0.50001351810312,1727070636905
15,1.0,0.5,0.33640438197379,0.13790181874514,0.5,0.5,0.49998658289189,0.50001351810312,1727070636922
15,1.0,0.5,0.35349582691617,0.13790181874514,0.5,0.5,0.49999467752123,0.50001351810312,1727070636938
15,1.0,0.5,0.36337654650563,0.13790181874514,0.5,0.5,0.49999272492243,0.50001351810312,1727070636955
15,1.0,0.5,0.37060690580951,0.13790181874514,0.5,0.5,0.49997474633305,0.50001351810312,1727070636972
15,1.0,0.5,0.39492562390744,0.13790181874514,0.5,0.5,0.49999064451592,0.50001351810312,1727070636988
15,1.0,0.5,0.41201828037158,0.13790181874514,0.5,0.5,0.49998831609576,0.50001351810312,1727070637005
15,1.0,0.5,0.42189170857121,0.13790181874514,0.5,0.5,0.49997964062358,0.50001351810312,1727070637022
15,1.0,0.5,0.44887091460569,0.13790181874514,0.5,0.5,0.49999389227712,0.50001351810312,1727070637038
15,1.0,0.5,0.45609934593387,0.13790181874514,0.5,0.5,0.49999240568444,0.50001351810312,1727070637055
15,1.0,0.5,0.47587499470338,0.13790181874514,0.5,0.5,0.50000479931686,0.50001351810312,1727070637072
15,1.0,0.5,0.48311434165563,0.13790181874514,0.5,0.5,0.4999837225341,0.50001351810312,1727070637088
15,1.0,0.5,0.50020492569551,0.13790181874514,0.5,0.5,0.49999632081189,0.50001351810312,1727070637105
15,1.0,0.5,0.50743316501206,0.13790181874514,0.5,0.5,0.49999624198542,0.50001351810312,1727070637122
15,1.0,0.5,0.53175475718737,0.13790181874514,0.5,0.5,0.49998939786546,0.50001351810312,1727070637138
15,1.0,0.5,0.53898103642707,0.13790181874514,0.5,0.5,0.5000024214438,0.50001351810312,1727070637155
15,1.0,0.5,0.56070814168915,0.13790181874514,0.5,0.5,0.49999260424729,0.50001351810312,1727070637172
15,1.0,0.5,0.57779973801003,0.13790181874514,0.5,0.5,0.49999742168142,0.50001351810312,1727070637188
15,1.0,0.5,0.59488623924245,0.13790181874514,0.5,0.5,0.49998284798773,0.50001351810312,1727070637205
15,1.0,0.5,0.61465486847997,0.13790181874514,0.5,0.5,0.49998639201286,0.50001351810312,1727070637222
15,1.0,0.5,0.62189041824306,0.13790181874514,0.5,0.5,0.49999167511651,0.50001351810312,1727070637238
15,1.0,0.5,0.62912014520645,0.13790181874514,0.5,0.5,0.49998276610504,0.50001351810312,1727070637255
15,1.0,0.5,0.63899262828212,0.13790181874514,0.5,0.5,0.49998184937699,0.50001351810312,1727070637272
15,1.0,0.5,0.64886307153737,0.13790181874514,0.5,0.5,0.49999286038533,0.50001351810312,1727070637288
15,1.0,0.5,0.65608977423668,0.13790181874514,0.5,0.5,0.50000172081982,0.50001351810312,1727070637305
15,1.0,0.5,0.66596385734191,0.13790181874514,0.5,0.5,0.49999146069715,0.50001351810312,1727070637322
15,1.0,0.5,0.68043747325411,0.13790181874514,0.5,0.5,0.49998709203468,0.50001351810312,1727070637338
15,1.0,0.5,0.68309732497895,0.13790181874514,0.5,0.5,0.49999046187412,0.50001351810312,1727070637388
15,1.0,0.5,0.69032511977118,0.13790181874514,0.5,0.5,0.49999292396172,0.50001351810312,1727070637408
15,1.0,0.5,0.70019699850545,0.13790181874514,0.5,0.5,0.49999529806337,0.50001351810312,1727070637686
15,1.0,0.5,0.68845802994119,0.13790181874514,0.5,0.5,0.49999674408431,0.50001351810312,1727070638067
15,1.0,0.5,0.68123058294796,0.13790181874514,0.5,0.5,0.49999234694086,0.50001351810312,1727070638082
15,1.0,0.5,0.67401160829203,0.13790181874514,0.5,0.5,0.49998625502436,0.50001351810312,1727070638090
15,1.0,0.5,0.65956429888154,0.13790181874514,0.5,0.5,0.499980554267,0.50001351810312,1727070638106
15,1.0,0.5,0.65234215355439,0.13790181874514,0.5,0.5,0.49999265938181,0.50001351810312,1727070638122
15,1.0,0.5,0.63790044714076,0.13790181874514,0.5,0.5,0.5000021884889,0.50001351810312,1727070638138
15,1.0,0.5,0.63067270672988,0.13790181874514,0.5,0.5,0.49999933182017,0.50001351810312,1727070638155
15,1.0,0.5,0.61623341892853,0.13790181874514,0.5,0.5,0.49999455959385,0.50001351810312,1727070638171
15,1.0,0.5,0.60901264378601,0.13790181874514,0.5,0.5,0.4999990234894,0.50001351810312,1727070638224
15,1.0,0.5,0.60178555830915,0.13790181874514,0.5,0.5,0.49999200851185,0.50001351810312,1727070638272
15,1.0,0.5,0.59724394816302,0.13790181874514,0.5,0.5,0.49998199240435,0.50001351810312,1727070638336
15,1.0,0.5,0.59002115481077,0.13790181874514,0.5,0.5,0.49999905593237,0.50001351810312,1727070638374
15,1.0,0.5,0.58279277727882,0.13790181874514,0.5,0.5,0.5000000222378,0.50001351810312,1727070638390
15,1.0,0.5,0.57557332088644,0.13790181874514,0.5,0.5,0.49999633285171,0.50001351810312,1727070638438
15,1.0,0.5,0.56834650183237,0.13790181874514,0.5,0.5,0.49998729920718,0.50001351810312,1727070638676
15,1.0,0.5,0.57101228172746,0.13790181874514,0.5,0.5,0.50000555873388,0.50001351810312,1727070638688
15,1.0,0.5,0.56646911127153,0.13790181874514,0.5,0.5,0.50000526810203,0.50001351810312,1727070638874
15,1.0,0.5,0.55925092734506,0.13790181874514,0.5,0.5,0.49999330024951,0.50001351810312,1727070639311
15,1.0,0.5,0.55925092734506,0.13790181874514,0.5,0.5,0.49999330024951,0.50001351810312,1727070639998
15,1.0,0.5,0.55925092734506,0.13790181874514,0.5,0.5,0.49999330024951,0.50001351810312,1727070641155
15,1.0,0.5,0.55202328348651,0.13790181874514,0.5,0.5,0.49998945169621,0.50001351810312,1727070641306
15,1.0,0.5,0.54480380593153,0.13790181874514,0.5,0.5,0.49998566323809,0.50001351810312,1727070641322
15,1.0,0.5,0.53757534183595,0.13790181874514,0.5,0.5,0.49998713881191,0.50001351810312,1727070641372
15,1.0,0.5,0.53035350120323,0.13790181874514,0.5,0.5,0.49999914851124,0.50001351810312,1727070641421
15,1.0,0.5,0.52312638164399,0.13790181874514,0.5,0.5,0.4999916523082,0.50001351810312,1727070641438
15,1.0,0.5,0.51590526073118,0.13790181874514,0.5,0.5,0.49999900032524,0.50001351810312,1727070641455
15,1.0,0.5,0.51590526073118,0.13790181874514,0.5,0.5,0.49999900032524,0.50001351810312,1727070641946
15,1.0,0.5,0.51590526073118,0.13790181874514,0.5,0.5,0.49999900032524,0.50001351810312,1727070643389
15,1.0,0.5,0.50867775508461,0.13790181874514,0.5,0.5,0.49999403024509,0.50001351810312,1727070643546
15,1.0,0.5,0.50145884737123,0.13790181874514,0.5,0.5,0.49998608820266,0.50001351810312,1727070643950
15,1.0,0.5,0.49423224514199,0.13790181874514,0.5,0.5,0.49997452692869,0.50001351810312,1727070644046
15,1.0,0.5,0.48700872733954,0.13790181874514,0.5,0.5,0.49999905993405,0.50001351810312,1727070644055
15,1.0,0.5,0.48248260003338,0.13790181874514,0.5,0.5,0.49999388755024,0.50001351810312,1727070644156
15,1.0,0.5,0.48248260003338,0.13790181874514,0.5,0.5,0.49999388755024,0.50001351810312,1727070645424
15,1.0,0.5,0.48248260003338,0.13790181874514,0.5,0.5,0.49999388755024,0.50001351810312,1727070647911
15,1.0,0.5,0.48248260003338,0.13790181874514,0.5,0.5,0.49999388755024,0.50001351810312,1727070648608
15,1.0,0.5,0.48248260003338,0.13790181874514,0.5,0.5,0.49999388755024,0.50001351810312,1727070648860
15,1.0,0.5,0.48248260003338,0.13790181874514,0.5,0.5,0.49999388755024,0.50001351810312,1727070650088
15,1.0,0.5,0.48248260003338,0.13790181874514,0.5,0.5,0.49999388755024,0.50001351810312,1727070651959
15,1.0,0.5,0.48248260003338,0.13790181874514,0.5,0.5,0.49999388755024,0.50001351810312,1727070652180
15,1.0,0.5,0.48248260003338,0.13790181874514,0.5,0.5,0.49999388755024,0.50001351810312,1727070652188
15,1.0,0.5,0.48248260003338,0.13790181874514,0.5,0.5,0.49999388755024,0.50001351810312,1727070652205
15,1.0,0.5,0.48248260003338,0.13790181874514,0.5,0.5,0.49999388755024,0.50001351810312,1727070652258
15,1.0,0.5,0.48248260003338,0.13790181874514,0.5,0.5,0.49999388755024,0.50001351810312,1727070652271
15,1.0,0.5,0.48248260003338,0.13790181874514,0.5,0.5,0.49999388755024,0.50001351810312,1727070652288
15,1.0,0.5,0.48248260003338,0.13790181874514,0.5,0.5,0.49999388755024,0.50001351810312,1727070652304
15,1.0,0.5,0.48248260003338,0.13790181874514,0.5,0.5,0.49999388755024,0.50001351810312,1727070652321
15,1.0,0.5,0.48248260003338,0.13790181874514,0.5,0.5,0.49999388755024,0.50001351810312,1727070652338
15,1.0,0.5,0.48248260003338,0.13790181874514,0.5,0.5,0.49999388755024,0.50001351810312,1727070652354
15,1.0,0.5,0.48248260003338,0.13790181874514,0.5,0.5,0.49999388755024,0.50001351810312,1727070652371
15,1.0,0.5,0.48248260003338,0.13790181874514,0.5,0.5,0.49999388755024,0.50001351810312,1727070652400
15,1.0,0.5,0.48248260003338,0.13790181874514,0.5,0.5,0.49999388755024,0.50001351810312,1727070652416
15,1.0,0.5,0.48248260003338,0.13790181874514,0.5,0.5,0.49999388755024,0.50001351810312,1727070652488
15,1.0,0.5,0.48248260003338,0.13790181874514,0.5,0.5,0.49999388755024,0.50001351810312,1727070652710
15,1.0,0.5,0.48248260003338,0.13790181874514,0.5,0.5,0.49999388755024,0.50001351810312,1727070654555
15,1.0,0.50667241341799,0.48248260003338,0.13790181874514,0.5,0.50000328584429,0.49999388755024,0.50001351810312,1727070654586
15,1.0,0.51334007280229,0.48248260003338,0.13790181874514,0.5,0.4999988362513,0.49999388755024,0.50001351810312,1727070654594
15,1.0,0.52001150488027,0.48248260003338,0.13790181874514,0.5,0.50000277789598,0.49999388755024,0.50001351810312,1727070654604
15,1.0,0.54385861697274,0.48248260003338,0.13790181874514,0.5,0.50000202895343,0.49999388755024,0.50001351810312,1727070654621
15,1.0,0.56769905300957,0.48248260003338,0.13790181874514,0.5,0.50000582500749,0.49999388755024,0.50001351810312,1727070654637
15,1.0,0.6087254128672,0.48248260003338,0.13790181874514,0.5,0.49999850025066,0.49999388755024,0.50001351810312,1727070654654
15,1.0,0.62313149760538,0.48248260003338,0.13790181874514,0.5,0.5000043973017,0.49999388755024,0.50001351810312,1727070654671
15,1.0,0.64697759323361,0.48248260003338,0.13790181874514,0.5,0.50000431618342,0.49999388755024,0.50001351810312,1727070654687
15,1.0,0.66702878125819,0.48248260003338,0.13790181874514,0.5,0.50000119519378,0.49999388755024,0.50001351810312,1727070654704
15,1.0,0.68420230443361,0.48248260003338,0.13790181874514,0.5,0.49999864001587,0.49999388755024,0.50001351810312,1727070654721
15,1.0,0.71097238544368,0.48248260003338,0.13790181874514,0.5,0.49999819010175,0.49999388755024,0.50001351810312,1727070654737
15,1.0,0.72814136725303,0.48248260003338,0.13790181874514,0.5,0.49999836219625,0.49999388755024,0.50001351810312,1727070654754
15,1.0,0.73481394672723,0.48248260003338,0.13790181874514,0.5,0.50000080497389,0.49999388755024,0.50001351810312,1727070654771
15,1.0,0.7548598626591,0.48248260003338,0.13790181874514,0.5,0.50000091945016,0.49999388755024,0.50001351810312,1727070654787
15,1.0,0.7720278675382,0.48248260003338,0.13790181874514,0.5,0.50000156530736,0.49999388755024,0.50001351810312,1727070654804
15,1.0,0.79306103232791,0.48248260003338,0.13790181874514,0.5,0.5000002675262,0.49999388755024,0.50001351810312,1727070654821
15,1.0,0.81023151645092,0.48248260003338,0.13790181874514,0.5,0.49999961143953,0.49999388755024,0.50001351810312,1727070654838
15,1.0,0.83028336588195,0.48248260003338,0.13790181874514,0.5,0.50000456351119,0.49999388755024,0.50001351810312,1727070654854
15,1.0,0.85411850757774,0.48248260003338,0.13790181874514,0.5,0.50000228165166,0.49999388755024,0.50001351810312,1727070654871
15,1.0,0.87796929335533,0.48248260003338,0.13790181874514,0.5,0.49999996940918,0.49999388755024,0.50001351810312,1727070654888
15,1.0,0.91897817137959,0.48248260003338,0.13790181874514,0.5,0.50000303920936,0.49999388755024,0.50001351810312,1727070654904
15,1.0,0.9505365244073,0.48248260003338,0.13790181874514,0.5,0.50000088959948,0.49999388755024,0.50001351810312,1727070654921
15,1.0,1.0,0.48248260003338,0.13790181874514,0.5,0.5,0.49999388755024,0.50001351810312,1727070654937
15,1.0,1.0,0.48248260003338,0.13790181874514,0.5,0.5,0.49999388755024,0.50001351810312,1727070654954
15,1.0,1.0,0.48248260003338,0.13790181874514,0.5,0.5,0.49999388755024,0.50001351810312,1727070654971
15,1.0,1.0,0.48248260003338,0.13790181874514,0.5,0.5,0.49999388755024,0.50001351810312,1727070654987
15,1.0,1.0,0.48248260003338,0.13790181874514,0.5,0.5,0.49999388755024,0.50001351810312,1727070655004
15,1.0,1.0,0.48248260003338,0.13790181874514,0.5,0.5,0.49999388755024,0.50001351810312,1727070655021
15,1.0,1.0,0.48248260003338,0.13790181874514,0.5,0.5,0.49999388755024,0.50001351810312,1727070655037
15,1.0,1.0,0.48248260003338,0.13790181874514,0.5,0.5,0.49999388755024,0.50001351810312,1727070655054
15,1.0,1.0,0.48248260003338,0.13790181874514,0.5,0.5,0.49999388755024,0.50001351810312,1727070655071
15,1.0,1.0,0.48248260003338,0.13790181874514,0.5,0.5,0.49999388755024,0.50001351810312,1727070655087
15,1.0,1.0,0.48248260003338,0.13790181874514,0.5,0.5,0.49999388755024,0.50001351810312,1727070655109
15,1.0,1.0,0.48248260003338,0.13790181874514,0.5,0.5,0.49999388755024,0.50001351810312,1727070655121
15,1.0,1.0,0.48248260003338,0.13790181874514,0.5,0.5,0.49999388755024,0.50001351810312,1727070655137
15,1.0,1.0,0.48248260003338,0.13790181874514,0.5,0.5,0.49999388755024,0.50001351810312,1727070655154
15,1.0,1.0,0.48248260003338,0.13790181874514,0.5,0.5,0.49999388755024,0.50001351810312,1727070655171
15,1.0,1.0,0.48248260003338,0.13790181874514,0.5,0.5,0.49999388755024,0.50001351810312,1727070655196
15,1.0,1.0,0.48248260003338,0.13790181874514,0.5,0.5,0.49999388755024,0.50001351810312,1727070655220
15,1.0,1.0,0.48248260003338,0.13790181874514,0.5,0.5,0.49999388755024,0.50001351810312,1727070655271
15,1.0,1.0,0.48248260003338,0.13790181874514,0.5,0.5,0.49999388755024,0.50001351810312,1727070655287
15,1.0,1.0,0.48248260003338,0.13790181874514,0.5,0.5,0.49999388755024,0.50001351810312,1727070655394
15,1.0,1.0,0.48248260003338,0.13790181874514,0.5,0.5,0.49999388755024,0.50001351810312,1727070656940
15,1.0,0.98282581858228,0.48248260003338,0.13790181874514,0.5,0.50000221396841,0.49999388755024,0.50001351810312,1727070656962
15,1.0,0.96952769089796,0.48248260003338,0.13790181874514,0.5,0.50000486924085,0.49999388755024,0.50001351810312,1727070656971
15,1.0,0.95623041933814,0.48248260003338,0.13790181874514,0.5,0.50000015992459,0.49999388755024,0.50001351810312,1727070656987
15,1.0,0.9429342859004,0.48248260003338,0.13790181874514,0.5,0.50000192982237,0.49999388755024,0.50001351810312,1727070657004
15,1.0,0.93910841387005,0.48248260003338,0.13790181874514,0.5,0.49999966544838,0.49999388755024,0.50001351810312,1727070657054
15,1.0,0.93244384058387,0.48248260003338,0.13790181874514,0.5,0.50000107858719,0.49999388755024,0.50001351810312,1727070657071
15,1.0,0.91914625674268,0.48248260003338,0.13790181874514,0.5,0.50000357890738,0.49999388755024,0.50001351810312,1727070657087
15,1.0,0.89532439960908,0.48248260003338,0.13790181874514,0.5,0.500006769055,0.49999388755024,0.50001351810312,1727070657104
15,1.0,0.88866989273238,0.48248260003338,0.13790181874514,0.5,0.50000340400333,0.49999388755024,0.50001351810312,1727070657120
15,1.0,0.87150080999438,0.48248260003338,0.13790181874514,0.5,0.50000338334315,0.49999388755024,0.50001351810312,1727070657137
15,1.0,0.86484859052277,0.48248260003338,0.13790181874514,0.5,0.49999879498457,0.49999388755024,0.50001351810312,1727070657159
15,1.0,0.85434316682672,0.48248260003338,0.13790181874514,0.5,0.50000533152313,0.49999388755024,0.50001351810312,1727070657171
15,1.0,0.84768626064058,0.48248260003338,0.13790181874514,0.5,0.50000303722249,0.49999388755024,0.50001351810312,1727070657187
15,1.0,0.83051846024304,0.48248260003338,0.13790181874514,0.5,0.50000235563853,0.49999388755024,0.50001351810312,1727070657204
15,1.0,0.82386624141834,0.48248260003338,0.13790181874514,0.5,0.4999975854776,0.49999388755024,0.50001351810312,1727070657221
15,1.0,0.81336018922043,0.48248260003338,0.13790181874514,0.5,0.50000468785107,0.49999388755024,0.50001351810312,1727070657288
15,1.0,0.81336018922043,0.48248260003338,0.13790181874514,0.5,0.50000468785107,0.49999388755024,0.50001351810312,1727070657858
15,1.0,0.81336018922043,0.48248260003338,0.13790181874514,0.5,0.50000468785107,0.49999388755024,0.50001351810312,1727070661936
15,1.0,0.8172295721356,0.48248260003338,0.13790181874514,0.5,0.50000061841737,0.49999388755024,0.50001351810312,1727070662308
15,1.0,0.81057042110691,0.48248260003338,0.13790181874514,0.5,0.50000737879608,0.49999388755024,0.50001351810312,1727070662586
15,1.0,0.8039165341825,0.48248260003338,0.13790181874514,0.5,0.50000342266728,0.49999388755024,0.50001351810312,1727070662605
15,1.0,0.79726455143828,0.48248260003338,0.13790181874514,0.5,0.49999841382928,0.49999388755024,0.50001351810312,1727070662620
15,1.0,0.79061055355092,0.48248260003338,0.13790181874514,0.5,0.50000255956226,0.49999388755024,0.50001351810312,1727070662637
15,1.0,0.78678158841251,0.48248260003338,0.13790181874514,0.5,0.50000160965245,0.49999388755024,0.50001351810312,1727070662654
15,1.0,0.79065972707037,0.48248260003338,0.13790181874514,0.5,0.50000095965332,0.49999388755024,0.50001351810312,1727070663124
15,1.0,0.79731978814551,0.48248260003338,0.13790181874514,0.5,0.50000173127545,0.49999388755024,0.50001351810312,1727070663172
15,1.0,0.80399285697373,0.48248260003338,0.13790181874514,0.5,0.50000373642115,0.49999388755024,0.50001351810312,1727070663228
15,1.0,0.81065691317651,0.48248260003338,0.13790181874514,0.5,0.50000240422245,0.49999388755024,0.50001351810312,1727070663270
15,1.0,0.81065691317651,0.48248260003338,0.13790181874514,0.5,0.50000240422245,0.49999388755024,0.50001351810312,1727070663624
16,0.33333333333333,0.66666666666667,-0.0,0.66666666666667,0.5,0.5,0.5,0.5,1727070669145
16,0.33333333333333,0.66666666666667,-0.0,0.66666666666667,0.5,0.5,0.5,0.5,1727070670617
16,0.33333333333333,0.66666666666667,0.01450748207011,0.66666666666667,0.5,0.5,0.49996025117565,0.5,1727070670632
16,0.33333333333333,0.66666666666667,0.02902113486353,0.66666666666667,0.5,0.5,0.49996410192902,0.5,1727070670639
16,0.33333333333333,0.66666666666667,0.06057641515273,0.66666666666667,0.5,0.5,0.49999619438435,0.5,1727070670653
16,0.33333333333333,0.66666666666667,0.17237533208501,0.66666666666667,0.5,0.5,0.49996056721323,0.5,1727070670670
16,0.33333333333333,0.66666666666667,0.32554219883455,0.66666666666667,0.5,0.5,0.49998071253219,0.5,1727070670687
16,0.33333333333333,0.66666666666667,0.51548056518895,0.66666666666667,0.5,0.5,0.49999231239654,0.5,1727070670703
16,0.33333333333333,0.66666666666667,0.84869869826776,0.66666666666667,0.5,0.5,0.49999696228701,0.5,1727070670720
16,0.33333333333333,0.66666666666667,1.0,0.66666666666667,0.5,0.5,0.5,0.5,1727070670736
16,0.33333333333333,0.66666666666667,1.0,0.66666666666667,0.5,0.5,0.5,0.5,1727070670753
16,0.33333333333333,0.66666666666667,1.0,0.66666666666667,0.5,0.5,0.5,0.5,1727070670770
16,0.33333333333333,0.66666666666667,1.0,0.66666666666667,0.5,0.5,0.5,0.5,1727070670787
16,0.33333333333333,0.66666666666667,1.0,0.66666666666667,0.5,0.5,0.5,0.5,1727070670803
16,0.33333333333333,0.66666666666667,1.0,0.66666666666667,0.5,0.5,0.5,0.5,1727070670820
16,0.33333333333333,0.66666666666667,1.0,0.66666666666667,0.5,0.5,0.5,0.5,1727070670837
16,0.33333333333333,0.66666666666667,1.0,0.66666666666667,0.5,0.5,0.5,0.5,1727070670853
16,0.33333333333333,0.66666666666667,1.0,0.66666666666667,0.5,0.5,0.5,0.5,1727070670870
16,0.33333333333333,0.66666666666667,1.0,0.66666666666667,0.5,0.5,0.5,0.5,1727070670886
16,0.33333333333333,0.66666666666667,1.0,0.66666666666667,0.5,0.5,0.5,0.5,1727070670903
16,0.33333333333333,0.66666666666667,1.0,0.66666666666667,0.5,0.5,0.5,0.5,1727070670920
16,0.33333333333333,0.66666666666667,1.0,0.66666666666667,0.5,0.5,0.5,0.5,1727070671028
16,0.33333333333333,0.66666666666667,1.0,0.66666666666667,0.5,0.5,0.5,0.5,1727070672218
16,0.33333333333333,0.66666666666667,1.0,0.65337947419759,0.5,0.5,0.5,0.50000625151175,1727070672224
16,0.33333333333333,0.66666666666667,1.0,0.63238146101562,0.5,0.5,0.5,0.49999802908844,1727070672237
16,0.33333333333333,0.66666666666667,1.0,0.56277732221012,0.5,0.5,0.5,0.50000548863466,1727070672253
16,0.33333333333333,0.66666666666667,1.0,0.47600060586715,0.5,0.5,0.5,0.50000046009887,1727070672270
16,0.33333333333333,0.66666666666667,1.0,0.37513299929582,0.5,0.5,0.5,0.49999518263066,1727070672286
16,0.33333333333333,0.66666666666667,1.0,0.21237174353144,0.5,0.5,0.5,0.50000299619779,1727070672303
16,0.33333333333333,0.66666666666667,1.0,0.0,0.5,0.5,0.5,0.5,1727070672320
16,0.33333333333333,0.66666666666667,1.0,0.0,0.5,0.5,0.5,0.5,1727070672336
16,0.33333333333333,0.66666666666667,1.0,0.0,0.5,0.5,0.5,0.5,1727070672353
16,0.33333333333333,0.66666666666667,1.0,0.0,0.5,0.5,0.5,0.5,1727070672370
16,0.33333333333333,0.66666666666667,1.0,0.0,0.5,0.5,0.5,0.5,1727070672386
16,0.33333333333333,0.66666666666667,1.0,0.0,0.5,0.5,0.5,0.5,1727070672403
16,0.33333333333333,0.66666666666667,1.0,0.0,0.5,0.5,0.5,0.5,1727070672420
16,0.33333333333333,0.66666666666667,1.0,0.0,0.5,0.5,0.5,0.5,1727070672436
16,0.33333333333333,0.66666666666667,1.0,0.0,0.5,0.5,0.5,0.5,1727070672453
16,0.33333333333333,0.66666666666667,1.0,0.0,0.5,0.5,0.5,0.5,1727070672470
16,0.33333333333333,0.66666666666667,1.0,0.0,0.5,0.5,0.5,0.5,1727070672486
16,0.33333333333333,0.66666666666667,1.0,0.0,0.5,0.5,0.5,0.5,1727070672503
16,0.33333333333333,0.66666666666667,1.0,0.0,0.5,0.5,0.5,0.5,1727070672515
16,0.33333333333333,0.66666666666667,1.0,0.0,0.5,0.5,0.5,0.5,1727070673683
16,0.32005857074099,0.66666666666667,1.0,0.0,0.4999971297835,0.5,0.5,0.5,1727070673720
16,0.27448699702858,0.66666666666667,1.0,0.0,0.49999441754078,0.5,0.5,0.5,1727070673736
16,0.20867110000778,0.66666666666667,1.0,0.0,0.499993000577,0.5,0.5,0.5,1727070673753
16,0.04647666546299,0.66666666666667,1.0,0.0,0.49999952094041,0.5,0.5,0.5,1727070673770
16,0.0,0.66666666666667,1.0,0.0,0.5,0.5,0.5,0.5,1727070673786
16,0.0,0.66666666666667,1.0,0.0,0.5,0.5,0.5,0.5,1727070673803
16,0.0,0.66666666666667,1.0,0.0,0.5,0.5,0.5,0.5,1727070673820
16,0.0,0.66666666666667,1.0,0.0,0.5,0.5,0.5,0.5,1727070673836
16,0.0,0.66666666666667,1.0,0.0,0.5,0.5,0.5,0.5,1727070673853
16,0.0,0.66666666666667,1.0,0.0,0.5,0.5,0.5,0.5,1727070673870
16,0.0,0.66666666666667,1.0,0.0,0.5,0.5,0.5,0.5,1727070673958
16,0.0,0.66666666666667,1.0,0.0,0.5,0.5,0.5,0.5,1727070676019
16,0.0,0.68383009811723,1.0,0.0,0.5,0.50000039622236,0.5,0.5,1727070676096
16,0.0,0.70100224183312,1.0,0.0,0.5,0.49999870033233,0.5,0.5,1727070676104
16,0.0,0.82121126948748,1.0,0.0,0.5,0.50000211796728,0.5,0.5,1727070676120
16,0.0,1.0,1.0,0.0,0.5,0.5,0.5,0.5,1727070676136
16,0.0,1.0,1.0,0.0,0.5,0.5,0.5,0.5,1727070676153
16,0.0,1.0,1.0,0.0,0.5,0.5,0.5,0.5,1727070676170
16,0.0,1.0,1.0,0.0,0.5,0.5,0.5,0.5,1727070676186
16,0.0,1.0,1.0,0.0,0.5,0.5,0.5,0.5,1727070676203
16,0.0,1.0,1.0,0.0,0.5,0.5,0.5,0.5,1727070676220
16,0.0,1.0,1.0,0.0,0.5,0.5,0.5,0.5,1727070676644
17,0.0,0.0,0.5,0.66666666666667,0.5,0.5,0.5,0.5,1727070680429
17,0.0,0.0,0.50266939120277,0.66666666666667,0.5,0.5,0.49999295400475,0.5,1727070680460
17,0.0,0.0,0.50533109792898,0.66666666666667,0.5,0.5,0.49998420979713,0.5,1727070680503
17,0.0,0.0,0.51981060204539,0.66666666666667,0.5,0.5,0.49999472824438,0.5,1727070680519
17,0.0,0.0,0.53428206569944,0.66666666666667,0.5,0.5,0.50000388488847,0.5,1727070680536
17,0.0,0.0,0.54685778458166,0.66666666666667,0.5,0.5,0.4999903296787,0.5,1727070680553
17,0.0,0.0,0.55409447050628,0.66666666666667,0.5,0.5,0.49998860864324,0.5,1727070680580
17,0.0,0.0,0.56132435967543,0.66666666666667,0.5,0.5,0.49997793350887,0.5,1727070680682
17,0.0,0.0,0.56855900624941,0.66666666666667,0.5,0.5,0.49998942519447,0.5,1727070680698
17,0.0,0.0,0.58303110248975,0.66666666666667,0.5,0.5,0.4999941533925,0.5,1727070680706
17,0.0,0.0,0.59025907875184,0.66666666666667,0.5,0.5,0.4999957437043,0.5,1727070680719
17,0.0,0.0,0.61923874663579,0.66666666666667,0.5,0.5,0.49998810721486,0.5,1727070680736
17,0.0,0.0,0.66274710799654,0.66666666666667,0.5,0.5,0.49998946496086,0.5,1727070680753
17,0.0,0.0,0.72080103799959,0.66666666666667,0.5,0.5,0.49999582689819,0.5,1727070680770
17,0.0,0.0,0.88592023057981,0.66666666666667,0.5,0.5,0.49999767055254,0.5,1727070680786
17,0.0,0.0,1.0,0.66666666666667,0.5,0.5,0.5,0.5,1727070680803
17,0.0,0.0,1.0,0.66666666666667,0.5,0.5,0.5,0.5,1727070680819
17,0.0,0.0,1.0,0.66666666666667,0.5,0.5,0.5,0.5,1727070680836
17,0.0,0.0,1.0,0.66666666666667,0.5,0.5,0.5,0.5,1727070680853
17,0.0,0.0,1.0,0.66666666666667,0.5,0.5,0.5,0.5,1727070680869
17,0.0,0.0,1.0,0.66666666666667,0.5,0.5,0.5,0.5,1727070680887
17,0.0,0.0,1.0,0.66666666666667,0.5,0.5,0.5,0.5,1727070680903
17,0.0,0.0,1.0,0.66666666666667,0.5,0.5,0.5,0.5,1727070680927
17,0.0,0.0,1.0,0.66666666666667,0.5,0.5,0.5,0.5,1727070680936
17,0.0,0.0,1.0,0.66666666666667,0.5,0.5,0.5,0.5,1727070680953
17,0.0,0.0,1.0,0.66666666666667,0.5,0.5,0.5,0.5,1727070680984
17,0.0,0.0,1.0,0.66666666666667,0.5,0.5,0.5,0.5,1727070681070
17,0.0,0.0,0.99277345950359,0.66666666666667,0.5,0.5,0.49999113816312,0.5,1727070681784
17,0.0,0.0,0.98555349184866,0.66666666666667,0.5,0.5,0.49999079235969,0.5,1727070681792
17,0.0,0.0,0.97832206123922,0.66666666666667,0.5,0.5,0.50000444131598,0.5,1727070681806
17,0.0,0.0,0.97109630709468,0.66666666666667,0.5,0.5,0.49999385900253,0.5,1727070681822
17,0.0,0.0,0.95665708334904,0.66666666666667,0.5,0.5,0.49999008910761,0.5,1727070681846
17,0.0,0.0,0.94942986345526,0.66666666666667,0.5,0.5,0.49998564162145,0.5,1727070681862
17,0.0,0.0,0.94219996234933,0.66666666666667,0.5,0.5,0.49999294094626,0.5,1727070681878
17,0.0,0.0,0.93497772283003,0.66666666666667,0.5,0.5,0.50000265154474,0.5,1727070681926
17,0.0,0.0,0.92775264776147,0.66666666666667,0.5,0.5,0.49998864335494,0.5,1727070681974
17,0.0,0.0,0.9205245439876,0.66666666666667,0.5,0.5,0.4999880393452,0.5,1727070682020
17,0.0,0.0,0.91792020240747,0.66666666666667,0.5,0.5,0.49999339966492,0.5,1727070682036
17,0.0,0.0,0.91069177410996,0.66666666666667,0.5,0.5,0.49999428725577,0.5,1727070682188
17,0.0,0.0,0.90807953957117,0.66666666666667,0.5,0.5,0.49999837948489,0.5,1727070682218
17,0.0,0.0,0.90085998722107,0.66666666666667,0.5,0.5,0.49999616010271,0.5,1727070682354
17,0.0,0.0,0.89363324917832,0.66666666666667,0.5,0.5,0.49998932312454,0.5,1727070682378
17,0.0,0.0,0.88640586300411,0.66666666666667,0.5,0.5,0.49998539189269,0.5,1727070682400
17,0.0,0.0,0.87196293792684,0.66666666666667,0.5,0.5,0.49999853891596,0.5,1727070682528
17,0.0,0.0,0.86473447147192,0.66666666666667,0.5,0.5,0.49999967604711,0.5,1727070682647
17,0.0,0.0,0.8575164828641,0.66666666666667,0.5,0.5,0.49998996947857,0.5,1727070682860
17,0.0,0.0,0.85028819103426,0.66666666666667,0.5,0.5,0.49999023245001,0.5,1727070682903
17,0.0,0.0,0.84305752974332,0.66666666666667,0.5,0.5,0.50000187357233,0.5,1727070682972
17,0.0,0.0,0.83583916852343,0.66666666666667,0.5,0.5,0.49999378842537,0.5,1727070683938
17,0.0,0.0,0.83849144808169,0.66666666666667,0.5,0.5,0.49999370179704,0.5,1727070683962
17,0.0,0.0,0.84114366683227,0.66666666666667,0.5,0.5,0.49999390801017,0.5,1727070683984
17,0.0,0.0,0.84838114147271,0.66666666666667,0.5,0.5,0.49998885662825,0.5,1727070684019
17,0.0,0.0,0.85560700076893,0.66666666666667,0.5,0.5,0.50000014707028,0.5,1727070684048
17,0.0,0.0,0.86284385031417,0.66666666666667,0.5,0.5,0.4999980681583,0.5,1727070684096
17,0.0,0.0,0.8556185445364,0.66666666666667,0.5,0.5,0.49998421111191,0.5,1727070686170
17,0.0,0.0,0.84838666732171,0.66666666666667,0.5,0.5,0.50000156478811,0.5,1727070686266
17,0.0,0.0,0.84116830141229,0.66666666666667,0.5,0.5,0.49999353963986,0.5,1727070686408
17,0.0,0.0,0.84116830141229,0.66666666666667,0.5,0.5,0.49999353963986,0.5,1727070687984
17,0.0,0.0,0.84116830141229,0.66666666666667,0.5,0.5,0.49999353963986,0.5,1727070691279
17,0.00393030202294,0.0,0.84116830141229,0.66666666666667,0.49998228411215,0.5,0.49999353963986,0.5,1727070691342
17,0.01062549807765,0.0,0.84116830141229,0.66666666666667,0.49998884933052,0.5,0.49999353963986,0.5,1727070691386
17,0.0173109518975,0.0,0.84116830141229,0.66666666666667,0.50000672289095,0.5,0.49999353963986,0.5,1727070691405
17,0.02399613114424,0.0,0.84116830141229,0.66666666666667,0.49999221515652,0.5,0.49999353963986,0.5,1727070691421
17,0.03068489271004,0.0,0.84116830141229,0.66666666666667,0.49998543522602,0.5,0.49999353963986,0.5,1727070691436
17,0.03737841274527,0.0,0.84116830141229,0.66666666666667,0.49998810033578,0.5,0.49999353963986,0.5,1727070691452
17,0.04406410667443,0.0,0.84116830141229,0.66666666666667,0.50000481503134,0.5,0.49999353963986,0.5,1727070691469
17,0.05074520096537,0.0,0.84116830141229,0.66666666666667,0.49998415148419,0.5,0.49999353963986,0.5,1727070691486
17,0.05742904989008,0.0,0.84116830141229,0.66666666666667,0.49999691661173,0.5,0.49999353963986,0.5,1727070691502
17,0.07085104292602,0.0,0.84116830141229,0.66666666666667,0.50000840104547,0.5,0.49999353963986,0.5,1727070691519
17,0.07752968828901,0.0,0.84116830141229,0.66666666666667,0.49998523197229,0.5,0.49999353963986,0.5,1727070691535
17,0.08421494312484,0.0,0.84116830141229,0.66666666666667,0.49999927170662,0.5,0.49999353963986,0.5,1727070691556
17,0.0909029296337,0.0,0.84116830141229,0.66666666666667,0.49999229749671,0.5,0.49999353963986,0.5,1727070691644
17,0.09757875865798,0.0,0.84116830141229,0.66666666666667,0.49999071004305,0.5,0.49999353963986,0.5,1727070691652
17,0.10426641459247,0.0,0.84116830141229,0.66666666666667,0.49998364603712,0.5,0.49999353963986,0.5,1727070691669
17,0.1109476398793,0.0,0.84116830141229,0.66666666666667,0.49999052020865,0.5,0.49999353963986,0.5,1727070691686
17,0.11762357636679,0.0,0.84116830141229,0.66666666666667,0.49998921275202,0.5,0.49999353963986,0.5,1727070691778
17,0.12430984070362,0.0,0.84116830141229,0.66666666666667,0.50000316441491,0.5,0.49999353963986,0.5,1727070691802
17,0.13099596736801,0.0,0.84116830141229,0.66666666666667,0.49999416447759,0.5,0.49999353963986,0.5,1727070691826
17,0.13767508545344,0.0,0.84116830141229,0.66666666666667,0.49999738663698,0.5,0.49999353963986,0.5,1727070691904
17,0.14435268519852,0.0,0.84116830141229,0.66666666666667,0.49999837691345,0.5,0.49999353963986,0.5,1727070692000
17,0.15103150902168,0.0,0.84116830141229,0.66666666666667,0.50000101704717,0.5,0.49999353963986,0.5,1727070692086
17,0.16154896789785,0.0,0.84116830141229,0.66666666666667,0.49999346486315,0.5,0.49999353963986,0.5,1727070692190
17,0.17206889239463,0.0,0.84116830141229,0.66666666666667,0.49998950986135,0.5,0.49999353963986,0.5,1727070692412
17,0.17596695215543,0.0,0.84116830141229,0.66666666666667,0.4999970507882,0.5,0.49999353963986,0.5,1727070692506
17,0.18264293503577,0.0,0.84116830141229,0.66666666666667,0.49999589817557,0.5,0.49999353963986,0.5,1727070692634
17,0.18932471508343,0.0,0.84116830141229,0.66666666666667,0.50000205580185,0.5,0.49999353963986,0.5,1727070692728
17,0.19600539437575,0.0,0.84116830141229,0.66666666666667,0.50000666823599,0.5,0.49999353963986,0.5,1727070693346
17,0.20268084471087,0.0,0.84116830141229,0.66666666666667,0.5000047762281,0.5,0.49999353963986,0.5,1727070694256
17,0.20936570491202,0.0,0.84116830141229,0.66666666666667,0.49999576827481,0.5,0.49999353963986,0.5,1727070694360
17,0.21986990474106,0.0,0.84116830141229,0.66666666666667,0.49999176490989,0.5,0.49999353963986,0.5,1727070694432
17,0.22654914390589,0.0,0.84116830141229,0.66666666666667,0.49999455986978,0.5,0.49999353963986,0.5,1727070694558
17,0.22654914390589,0.0,0.84116830141229,0.66666666666667,0.49999455986978,0.5,0.49999353963986,0.5,1727070695128
17,0.22654914390589,0.0,0.84116830141229,0.66666666666667,0.49999455986978,0.5,0.49999353963986,0.5,1727070696205
17,0.2344291067811,0.0,0.84116830141229,0.66666666666667,0.49999810796447,0.5,0.49999353963986,0.5,1727070696228
17,0.24494763645299,0.0,0.84116830141229,0.66666666666667,0.49999308291541,0.5,0.49999353963986,0.5,1727070696269
17,0.25161939775772,0.0,0.84116830141229,0.66666666666667,0.49998750158904,0.5,0.49999353963986,0.5,1727070696285
17,0.25829556893111,0.0,0.84116830141229,0.66666666666667,0.50000353733798,0.5,0.49999353963986,0.5,1727070696302
17,0.26497477938067,0.0,0.84116830141229,0.66666666666667,0.50000594029928,0.5,0.49999353963986,0.5,1727070696319
17,0.27164268223959,0.0,0.84116830141229,0.66666666666667,0.49999633082335,0.5,0.49999353963986,0.5,1727070696335
17,0.27832264832859,0.0,0.84116830141229,0.66666666666667,0.49999955274195,0.5,0.49999353963986,0.5,1727070696352
17,0.28499372955688,0.0,0.84116830141229,0.66666666666667,0.49999353808642,0.5,0.49999353963986,0.5,1727070696369
17,0.28499372955688,0.0,0.84116830141229,0.66666666666667,0.49999353808642,0.5,0.49999353963986,0.5,1727070696776
17,0.28499372955688,0.0,0.84116830141229,0.66666666666667,0.49999353808642,0.5,0.49999353963986,0.5,1727070699041
17,0.28499372955688,0.00670193088896,0.84116830141229,0.66666666666667,0.49999353808642,0.49997933200892,0.49999353963986,0.5,1727070699080
17,0.28499372955688,0.01339101252164,0.84116830141229,0.66666666666667,0.49999353808642,0.49998660959546,0.49999353963986,0.5,1727070699088
17,0.28499372955688,0.02007737360468,0.84116830141229,0.66666666666667,0.49999353808642,0.49996767486841,0.49999353963986,0.5,1727070699102
17,0.28499372955688,0.02676610735395,0.84116830141229,0.66666666666667,0.49999353808642,0.49997557539096,0.49999353963986,0.5,1727070699119
17,0.28499372955688,0.05063534253887,0.84116830141229,0.66666666666667,0.49999353808642,0.4999916131268,0.49999353963986,0.5,1727070699135
17,0.28499372955688,0.07170022940745,0.84116830141229,0.66666666666667,0.49999353808642,0.49998642384394,0.49999353963986,0.5,1727070699152
17,0.28499372955688,0.09937546149777,0.84116830141229,0.66666666666667,0.49999353808642,0.49999016768247,0.49999353963986,0.5,1727070699169
17,0.28499372955688,0.10990180273319,0.84116830141229,0.66666666666667,0.49999353808642,0.49998545473415,0.49999353963986,0.5,1727070699185
17,0.28499372955688,0.12707228403039,0.84116830141229,0.66666666666667,0.49999353808642,0.49998428865044,0.49999353963986,0.5,1727070699202
17,0.28499372955688,0.1375880889433,0.84116830141229,0.66666666666667,0.49999353808642,0.49999505900603,0.49999353963986,0.5,1727070699218
17,0.28499372955688,0.15864320029466,0.84116830141229,0.66666666666667,0.49999353808642,0.49998322847415,0.49999353963986,0.5,1727070699235
17,0.28499372955688,0.16915705225646,0.84116830141229,0.66666666666667,0.49999353808642,0.49999578292974,0.49999353963986,0.5,1727070699252
17,0.28499372955688,0.18255012974488,0.84116830141229,0.66666666666667,0.49999353808642,0.49998512775753,0.49999353963986,0.5,1727070699268
17,0.28499372955688,0.19972214641176,0.84116830141229,0.66666666666667,0.49999353808642,0.49998228034217,0.49999353963986,0.5,1727070699285
17,0.28499372955688,0.2235752285221,0.84116830141229,0.66666666666667,0.49999353808642,0.49999301752446,0.49999353963986,0.5,1727070699302
17,0.28499372955688,0.24074600578515,0.84116830141229,0.66666666666667,0.49999353808642,0.49999152443321,0.49999353963986,0.5,1727070699318
17,0.28499372955688,0.25791815401518,0.84116830141229,0.66666666666667,0.49999353808642,0.49998864419051,0.49999353963986,0.5,1727070699335
17,0.28499372955688,0.28177714734257,0.84116830141229,0.66666666666667,0.49999353808642,0.49999179237994,0.49999353963986,0.5,1727070699352
17,0.28499372955688,0.29894665831342,0.84116830141229,0.66666666666667,0.49999353808642,0.49999176767434,0.49999353963986,0.5,1727070699368
17,0.28499372955688,0.31611258766118,0.84116830141229,0.66666666666667,0.49999353808642,0.49999523249258,0.49999353963986,0.5,1727070699385
17,0.28499372955688,0.32000674218713,0.84116830141229,0.66666666666667,0.49999353808642,0.49999347875215,0.49999353963986,0.5,1727070699444
17,0.28499372955688,0.32667498621643,0.84116830141229,0.66666666666667,0.49999353808642,0.49998714335252,0.49999353963986,0.5,1727070699460
17,0.28499372955688,0.33334770883245,0.84116830141229,0.66666666666667,0.49999353808642,0.49999126029496,0.49999353963986,0.5,1727070699476
17,0.28499372955688,0.34778029111652,0.84116830141229,0.66666666666667,0.49999353808642,0.49998979914471,0.49999353963986,0.5,1727070699500
17,0.28499372955688,0.35829791867469,0.84116830141229,0.66666666666667,0.49999353808642,0.49999491451172,0.49999353963986,0.5,1727070699535
17,0.28499372955688,0.37546988010125,0.84116830141229,0.66666666666667,0.49999353808642,0.49999264716509,0.49999353963986,0.5,1727070699552
17,0.28499372955688,0.39931784819724,0.84116830141229,0.66666666666667,0.49999353808642,0.49999137676441,0.49999353963986,0.5,1727070699568
17,0.28499372955688,0.40982567272756,0.84116830141229,0.66666666666667,0.49999353808642,0.49999140361013,0.49999353963986,0.5,1727070699585
17,0.28499372955688,0.42034481369686,0.84116830141229,0.66666666666667,0.49999353808642,0.49999477563953,0.49999353963986,0.5,1727070699602
17,0.28499372955688,0.43085909502761,0.84116830141229,0.66666666666667,0.49999353808642,0.49998952084994,0.49999353963986,0.5,1727070699634
17,0.28499372955688,0.43472650162268,0.84116830141229,0.66666666666667,0.49999353808642,0.49999724249859,0.49999353963986,0.5,1727070699642
17,0.28499372955688,0.44140650998633,0.84116830141229,0.66666666666667,0.49999353808642,0.49999480893242,0.49999353963986,0.5,1727070699652
17,0.28499372955688,0.47574981996216,0.84116830141229,0.66666666666667,0.49999353808642,0.49999137139182,0.49999353963986,0.5,1727070699669
17,0.28499372955688,0.52059487508812,0.84116830141229,0.66666666666667,0.49999353808642,0.49999265962098,0.49999353963986,0.5,1727070699685
17,0.28499372955688,0.56457817570851,0.84116830141229,0.66666666666667,0.49999353808642,0.49999394583041,0.49999353963986,0.5,1727070699702
17,0.28499372955688,0.58561072771883,0.84116830141229,0.66666666666667,0.49999353808642,0.4999929219569,0.49999353963986,0.5,1727070699719
17,0.28499372955688,0.62285373981035,0.84116830141229,0.66666666666667,0.49999353808642,0.49999520841235,0.49999353963986,0.5,1727070699735
17,0.28499372955688,0.64388691402791,0.84116830141229,0.66666666666667,0.49999353808642,0.49999383782266,0.49999353963986,0.5,1727070699752
17,0.28499372955688,0.66773395312922,0.84116830141229,0.66666666666667,0.49999353808642,0.49999346612945,0.49999353963986,0.5,1727070699768
17,0.28499372955688,0.6744103255274,0.84116830141229,0.66666666666667,0.49999353808642,0.49999384174877,0.49999353963986,0.5,1727070699791
17,0.28499372955688,0.68107012209656,0.84116830141229,0.66666666666667,0.49999353808642,0.49999491724774,0.49999353963986,0.5,1727070700308
17,0.28499372955688,0.68494248436171,0.84116830141229,0.66666666666667,0.49999353808642,0.49999762777166,0.49999353963986,0.5,1727070700318
17,0.28499372955688,0.68613434788503,0.84116830141229,0.66666666666667,0.49999353808642,0.49999336206972,0.49999353963986,0.5,1727070700332
17,0.28499372955688,0.68613434788503,0.84116830141229,0.66666666666667,0.49999353808642,0.49999336206972,0.49999353963986,0.5,1727070700332
17,0.28499372955688,0.68613434788503,0.84116830141229,0.66666666666667,0.49999353808642,0.49999336206972,0.49999353963986,0.5,1727070703135
17,0.28499372955688,0.68613434788503,0.84116830141229,0.66666666666667,0.49999353808642,0.49999336206972,0.49999353963986,0.5,1727070706675
17,0.29167750925401,0.68613434788503,0.84116830141229,0.66666666666667,0.5000005966212,0.49999336206972,0.49999353963986,0.5,1727070706794
17,0.29834893296856,0.68613434788503,0.84116830141229,0.66666666666667,0.49999506010697,0.49999336206972,0.49999353963986,0.5,1727070706802
17,0.30502826354089,0.68613434788503,0.84116830141229,0.66666666666667,0.49999751100917,0.49999336206972,0.49999353963986,0.5,1727070707618
17,0.29838220318255,0.68613434788503,0.84116830141229,0.66666666666667,0.49999757483431,0.49999336206972,0.49999353963986,0.5,1727070708854
17,0.29456756358625,0.68613434788503,0.84116830141229,0.66666666666667,0.4999983121164,0.49999336206972,0.49999353963986,0.5,1727070709130
17,0.29077049838644,0.68613434788503,0.84116830141229,0.66666666666667,0.50000129236651,0.49999336206972,0.49999353963986,0.5,1727070709138
17,0.28411822080935,0.68613434788503,0.84116830141229,0.66666666666667,0.49999498740214,0.49999336206972,0.49999353963986,0.5,1727070709360
17,0.28411822080935,0.68613434788503,0.84116830141229,0.66666666666667,0.49999498740214,0.49999336206972,0.49999353963986,0.5,1727070709724
17,0.28411822080935,0.68613434788503,0.84116830141229,0.66666666666667,0.49999498740214,0.49999336206972,0.49999353963986,0.5,1727070712156
17,0.28411822080935,0.68613434788503,0.84116830141229,0.66666666666667,0.49999498740214,0.49999336206972,0.49999353963986,0.5,1727070713620
18,0.33333333333333,0.33333333333333,0.16666666666667,0.33333333333333,0.5,0.5,0.5,0.5,1727070722515
18,0.33333333333333,0.33333333333333,0.17390509303008,0.33333333333333,0.5,0.5,0.49997330834591,0.5,1727070722546
18,0.33333333333333,0.33333333333333,0.18114257920697,0.33333333333333,0.5,0.5,0.49996064526376,0.5,1727070722554
18,0.33333333333333,0.33333333333333,0.18837692105204,0.33333333333333,0.5,0.5,0.49998603548453,0.5,1727070722567
18,0.33333333333333,0.33333333333333,0.21741217492724,0.33333333333333,0.5,0.5,0.49999170038735,0.5,1727070722584
18,0.33333333333333,0.33333333333333,0.27328354090351,0.33333333333333,0.5,0.5,0.49997220166571,0.5,1727070722601
18,0.33333333333333,0.33333333333333,0.31209118411407,0.33333333333333,0.5,0.5,0.49999373906778,0.5,1727070722617
18,0.33333333333333,0.33333333333333,0.37027137038975,0.33333333333333,0.5,0.5,0.4999739723638,0.5,1727070722634
18,0.33333333333333,0.33333333333333,0.41383538655596,0.33333333333333,0.5,0.5,0.49998978676847,0.5,1727070722651
18,0.33333333333333,0.33333333333333,0.44282171180568,0.33333333333333,0.5,0.5,0.4999920323325,0.5,1727070722667
18,0.33333333333333,0.33333333333333,0.46260059013656,0.33333333333333,0.5,0.5,0.49998088632375,0.5,1727070722684
18,0.33333333333333,0.33333333333333,0.46983653017174,0.33333333333333,0.5,0.5,0.49998449584736,0.5,1727070722701
18,0.33333333333333,0.33333333333333,0.48692826926833,0.33333333333333,0.5,0.5,0.49998907870703,0.5,1727070722717
18,0.33333333333333,0.33333333333333,0.51124137279991,0.33333333333333,0.5,0.5,0.49998436518574,0.5,1727070722734
18,0.33333333333333,0.33333333333333,0.52571913112521,0.33333333333333,0.5,0.5,0.50000660986984,0.5,1727070722751
18,0.33333333333333,0.33333333333333,0.53559176628996,0.33333333333333,0.5,0.5,0.50000425692286,0.5,1727070722767
18,0.33333333333333,0.33333333333333,0.5500659097404,0.33333333333333,0.5,0.5,0.49999548491024,0.5,1727070722784
18,0.33333333333333,0.33333333333333,0.56453732579744,0.33333333333333,0.5,0.5,0.50000459462721,0.5,1727070722801
18,0.33333333333333,0.33333333333333,0.5790127251864,0.33333333333333,0.5,0.5,0.49998817353704,0.5,1727070722817
18,0.33333333333333,0.33333333333333,0.59348742256998,0.33333333333333,0.5,0.5,0.49997668339027,0.5,1727070722834
18,0.33333333333333,0.33333333333333,0.603354938222,0.33333333333333,0.5,0.5,0.50000634300955,0.5,1727070722884
18,0.33333333333333,0.33333333333333,0.60601843055359,0.33333333333333,0.5,0.5,0.49998764007243,0.5,1727070724684
18,0.33333333333333,0.33333333333333,0.61325187958691,0.33333333333333,0.5,0.5,0.5000057348821,0.5,1727070724708
18,0.33333333333333,0.33333333333333,0.62312618003961,0.33333333333333,0.5,0.5,0.49999361972012,0.5,1727070724732
18,0.33333333333333,0.33333333333333,0.63035507510013,0.33333333333333,0.5,0.5,0.4999896656134,0.5,1727070724866
18,0.33333333333333,0.33333333333333,0.63758957039662,0.33333333333333,0.5,0.5,0.50000106242626,0.5,1727070726190
18,0.33333333333333,0.33333333333333,0.64481921300728,0.33333333333333,0.5,0.5,0.4999927284004,0.5,1727070726268
18,0.33333333333333,0.33333333333333,0.65469144278743,0.33333333333333,0.5,0.5,0.49999318797248,0.5,1727070726292
18,0.33333333333333,0.33333333333333,0.66191947730554,0.33333333333333,0.5,0.5,0.49999432575539,0.5,1727070726404
18,0.33333333333333,0.33333333333333,0.66458208500191,0.33333333333333,0.5,0.5,0.49998193103488,0.5,1727070726417
18,0.33333333333333,0.33333333333333,0.67181672154099,0.33333333333333,0.5,0.5,0.49999216127039,0.5,1727070726490
18,0.33333333333333,0.33333333333333,0.67904619710208,0.33333333333333,0.5,0.5,0.49998514712654,0.5,1727070726506
18,0.33333333333333,0.33333333333333,0.68627938606891,0.33333333333333,0.5,0.5,0.50000330728951,0.5,1727070726522
18,0.33333333333333,0.33333333333333,0.69351040463911,0.33333333333333,0.5,0.5,0.49998773386858,0.5,1727070726534
18,0.33333333333333,0.33333333333333,0.70074538314677,0.33333333333333,0.5,0.5,0.49999572138971,0.5,1727070726550
18,0.33333333333333,0.33333333333333,0.70074538314677,0.33333333333333,0.5,0.5,0.49999572138971,0.5,1727070728382
18,0.33333333333333,0.33333333333333,0.70074538314677,0.33333333333333,0.5,0.5,0.49999572138971,0.5,1727070731757
18,0.33333333333333,0.33333333333333,0.70074538314677,0.33333333333333,0.5,0.5,0.49999572138971,0.5,1727070732960
18,0.33333333333333,0.33333333333333,0.70074538314677,0.33333333333333,0.5,0.5,0.49999572138971,0.5,1727070733825
18,0.32952599229674,0.33333333333333,0.70074538314677,0.33333333333333,0.50000277352246,0.5,0.49999572138971,0.5,1727070733934
18,0.32199041889548,0.33333333333333,0.70074538314677,0.33333333333333,0.50000559386612,0.5,0.49999572138971,0.5,1727070733950
18,0.30100434744437,0.33333333333333,0.70074538314677,0.33333333333333,0.50000434999942,0.5,0.49999572138971,0.5,1727070733967
18,0.29719963867555,0.33333333333333,0.70074538314677,0.33333333333333,0.49999963594886,0.5,0.49999572138971,0.5,1727070733983
18,0.28669507809866,0.33333333333333,0.70074538314677,0.33333333333333,0.50000284594331,0.5,0.49999572138971,0.5,1727070734000
18,0.26571097357382,0.33333333333333,0.70074538314677,0.33333333333333,0.50000350788516,0.5,0.49999572138971,0.5,1727070734017
18,0.25521237844515,0.33333333333333,0.70074538314677,0.33333333333333,0.49999671941891,0.5,0.49999572138971,0.5,1727070734033
18,0.23804059067948,0.33333333333333,0.70074538314677,0.33333333333333,0.49999371539904,0.5,0.49999572138971,0.5,1727070734050
18,0.21706203099092,0.33333333333333,0.70074538314677,0.33333333333333,0.50000058139101,0.5,0.49999572138971,0.5,1727070734067
18,0.21041788345347,0.33333333333333,0.70074538314677,0.33333333333333,0.5000029922391,0.5,0.49999572138971,0.5,1727070734083
18,0.19991526527616,0.33333333333333,0.70074538314677,0.33333333333333,0.50000927993539,0.5,0.49999572138971,0.5,1727070734100
18,0.19612417026332,0.33333333333333,0.70074538314677,0.33333333333333,0.50000135117053,0.5,0.49999572138971,0.5,1727070734117
18,0.18947220843527,0.33333333333333,0.70074538314677,0.33333333333333,0.49999408535333,0.5,0.49999572138971,0.5,1727070734140
18,0.1856790639287,0.33333333333333,0.70074538314677,0.33333333333333,0.50000270913281,0.5,0.49999572138971,0.5,1727070734164
18,0.1790390368681,0.33333333333333,0.70074538314677,0.33333333333333,0.50001062414444,0.5,0.49999572138971,0.5,1727070734656
18,0.16854094828116,0.33333333333333,0.70074538314677,0.33333333333333,0.50000327569331,0.5,0.49999572138971,0.5,1727070734667
18,0.16106019134669,0.33333333333333,0.70074538314677,0.33333333333333,0.49999819319957,0.5,0.49999572138971,0.5,1727070734683
18,0.15056400886978,0.33333333333333,0.70074538314677,0.33333333333333,0.50001398771526,0.5,0.49999572138971,0.5,1727070734700
18,0.1439225236535,0.33333333333333,0.70074538314677,0.33333333333333,0.49999922565094,0.5,0.49999572138971,0.5,1727070734717
18,0.14012775907421,0.33333333333333,0.70074538314677,0.33333333333333,0.50000661680686,0.5,0.49999572138971,0.5,1727070734774
18,0.11916049908879,0.33333333333333,0.70074538314677,0.33333333333333,0.50000993590666,0.5,0.49999572138971,0.5,1727070734817
18,0.10591860188849,0.33333333333333,0.70074538314677,0.33333333333333,0.49999306801886,0.5,0.49999572138971,0.5,1727070736612
18,0.10591860188849,0.33333333333333,0.70074538314677,0.33333333333333,0.49999306801886,0.5,0.49999572138971,0.5,1727070736612
18,0.10591860188849,0.33333333333333,0.70074538314677,0.33333333333333,0.49999306801886,0.5,0.49999572138971,0.5,1727070737413
18,0.10591860188849,0.33333333333333,0.70074538314677,0.32952080524074,0.49999306801886,0.5,0.49999572138971,0.49999783882662,1727070737474
18,0.10591860188849,0.33333333333333,0.70074538314677,0.31625629255798,0.49999306801886,0.5,0.49999572138971,0.4999948923788,1727070737498
18,0.10591860188849,0.33333333333333,0.70074538314677,0.30575446873078,0.49999306801886,0.5,0.49999572138971,0.50000061761912,1727070737514
18,0.10591860188849,0.33333333333333,0.70074538314677,0.28858075950361,0.49999306801886,0.5,0.49999572138971,0.49999605284606,1727070737550
18,0.10591860188849,0.33333333333333,0.70074538314677,0.28477301576448,0.49999306801886,0.5,0.49999572138971,0.49998804122745,1727070737566
18,0.10591860188849,0.33333333333333,0.70074538314677,0.2781315700596,0.49999306801886,0.5,0.49999572138971,0.49999280580841,1727070737585
18,0.10591860188849,0.33333333333333,0.70074538314677,0.27432826509916,0.49999306801886,0.5,0.49999572138971,0.50000545533564,1727070737704
18,0.10591860188849,0.33333333333333,0.70074538314677,0.27432826509916,0.49999306801886,0.5,0.49999572138971,0.50000545533564,1727070737998
18,0.10591860188849,0.33333333333333,0.70074538314677,0.27432826509916,0.49999306801886,0.5,0.49999572138971,0.50000545533564,1727070741491
18,0.1125996036625,0.33333333333333,0.70074538314677,0.27432826509916,0.49999939737277,0.5,0.49999572138971,0.50000545533564,1727070741578
18,0.11928383220223,0.33333333333333,0.70074538314677,0.27432826509916,0.50001031506984,0.5,0.49999572138971,0.50000545533564,1727070741656
18,0.12980244753877,0.33333333333333,0.70074538314677,0.27432826509916,0.50000355289294,0.5,0.49999572138971,0.50000545533564,1727070741671
18,0.14031835493347,0.33333333333333,0.70074538314677,0.27432826509916,0.49999333012514,0.5,0.49999572138971,0.50000545533564,1727070741683
18,0.14700037831376,0.33333333333333,0.70074538314677,0.27432826509916,0.50000052537792,0.5,0.49999572138971,0.50000545533564,1727070741700
18,0.16416610913874,0.33333333333333,0.70074538314677,0.27432826509916,0.49999584454841,0.5,0.49999572138971,0.50000545533564,1727070741716
18,0.16416610913874,0.33333333333333,0.70074538314677,0.27432826509916,0.49999584454841,0.5,0.49999572138971,0.50000545533564,1727070742290
18,0.16416610913874,0.33333333333333,0.70074538314677,0.27432826509916,0.49999584454841,0.5,0.49999572138971,0.50000545533564,1727070743281
18,0.16416610913874,0.32952627309196,0.70074538314677,0.27432826509916,0.49999584454841,0.49999695934631,0.49999572138971,0.50000545533564,1727070743304
18,0.16416610913874,0.34396108047645,0.70074538314677,0.27432826509916,0.49999584454841,0.4999932849421,0.49999572138971,0.50000545533564,1727070743319
18,0.16416610913874,0.35063199922689,0.70074538314677,0.27432826509916,0.49999584454841,0.49999887096888,0.49999572138971,0.50000545533564,1727070743333
18,0.16416610913874,0.39275851224291,0.70074538314677,0.27432826509916,0.49999584454841,0.49999599764672,0.49999572138971,0.50000545533564,1727070743349
18,0.16416610913874,0.47974393239074,0.70074538314677,0.27432826509916,0.49999584454841,0.49999586672112,0.49999572138971,0.50000545533564,1727070743366
18,0.16416610913874,0.56560162245925,0.70074538314677,0.27432826509916,0.49999584454841,0.49999890325333,0.49999572138971,0.50000545533564,1727070743383
18,0.16416610913874,0.83303722387807,0.70074538314677,0.27432826509916,0.49999584454841,0.49999671421262,0.49999572138971,0.50000545533564,1727070743400
18,0.16416610913874,0.99999952569334,0.70074538314677,0.27432826509916,0.49999584454841,0.50000020919924,0.49999572138971,0.50000545533564,1727070743416
18,0.16416610913874,0.99999952569334,0.70074538314677,0.27432826509916,0.49999584454841,0.50000020919924,0.49999572138971,0.50000545533564,1727070743433
18,0.16416610913874,0.99999952569334,0.70074538314677,0.27432826509916,0.49999584454841,0.50000020919924,0.49999572138971,0.50000545533564,1727070743450
18,0.16416610913874,0.99999952569334,0.70074538314677,0.27432826509916,0.49999584454841,0.50000020919924,0.49999572138971,0.50000545533564,1727070743874
18,0.16416610913874,0.99999952569334,0.70074538314677,0.27432826509916,0.49999584454841,0.50000020919924,0.49999572138971,0.50000545533564,1727070745648
18,0.16416610913874,0.99334684848919,0.70074538314677,0.27432826509916,0.49999584454841,0.49999628103523,0.49999572138971,0.50000545533564,1727070745683
18,0.16416610913874,0.98669477013253,0.70074538314677,0.27432826509916,0.49999584454841,0.49999890222383,0.49999572138971,0.50000545533564,1727070745700
18,0.16416610913874,0.98003338020198,0.70074538314677,0.27432826509916,0.49999584454841,0.49999882970376,0.49999572138971,0.50000545533564,1727070745752
18,0.16416610913874,0.97338352991603,0.70074538314677,0.27432826509916,0.49999584454841,0.50000048917631,0.49999572138971,0.50000545533564,1727070745782
18,0.16416610913874,0.96672543082775,0.70074538314677,0.27432826509916,0.49999584454841,0.49999893338689,0.49999572138971,0.50000545533564,1727070745870
18,0.16416610913874,0.96672543082775,0.70074538314677,0.27432826509916,0.49999584454841,0.49999893338689,0.49999572138971,0.50000545533564,1727070746076
18,0.16416610913874,0.96672543082775,0.70074538314677,0.27432826509916,0.49999584454841,0.49999893338689,0.49999572138971,0.50000545533564,1727070748889
18,0.16416610913874,0.97059355575819,0.70074538314677,0.27432826509916,0.49999584454841,0.49999596173491,0.49999572138971,0.50000545533564,1727070748912
18,0.16416610913874,0.97726427457299,0.70074538314677,0.27432826509916,0.49999584454841,0.49999877084598,0.49999572138971,0.50000545533564,1727070748926
18,0.16416610913874,0.99443186786009,0.70074538314677,0.27432826509916,0.49999584454841,0.49999951326702,0.49999572138971,0.50000545533564,1727070748942
18,0.16416610913874,0.99999952569334,0.70074538314677,0.27432826509916,0.49999584454841,0.50000020919924,0.49999572138971,0.50000545533564,1727070748950
18,0.16416610913874,0.99999952569334,0.70074538314677,0.27432826509916,0.49999584454841,0.50000020919924,0.49999572138971,0.50000545533564,1727070748966
18,0.16416610913874,0.99999952569334,0.70074538314677,0.27432826509916,0.49999584454841,0.50000020919924,0.49999572138971,0.50000545533564,1727070748982
18,0.16416610913874,0.99999952569334,0.70074538314677,0.27432826509916,0.49999584454841,0.50000020919924,0.49999572138971,0.50000545533564,1727070748999
18,0.16416610913874,0.99999952569334,0.70074538314677,0.27432826509916,0.49999584454841,0.50000020919924,0.49999572138971,0.50000545533564,1727070749016
18,0.16416610913874,0.99999952569334,0.70074538314677,0.27432826509916,0.49999584454841,0.50000020919924,0.49999572138971,0.50000545533564,1727070749033
18,0.16416610913874,0.99999952569334,0.70074538314677,0.27432826509916,0.49999584454841,0.50000020919924,0.49999572138971,0.50000545533564,1727070749049
18,0.16416610913874,0.99999952569334,0.70074538314677,0.27432826509916,0.49999584454841,0.50000020919924,0.49999572138971,0.50000545533564,1727070749066
18,0.16416610913874,0.99999952569334,0.70074538314677,0.27432826509916,0.49999584454841,0.50000020919924,0.49999572138971,0.50000545533564,1727070749083
18,0.16416610913874,0.99999952569334,0.70074538314677,0.27432826509916,0.49999584454841,0.50000020919924,0.49999572138971,0.50000545533564,1727070749099
18,0.16416610913874,0.99999952569334,0.70074538314677,0.27432826509916,0.49999584454841,0.50000020919924,0.49999572138971,0.50000545533564,1727070749116
18,0.16416610913874,0.99999952569334,0.70074538314677,0.27432826509916,0.49999584454841,0.50000020919924,0.49999572138971,0.50000545533564,1727070749132
18,0.16416610913874,0.99999952569334,0.70074538314677,0.27432826509916,0.49999584454841,0.50000020919924,0.49999572138971,0.50000545533564,1727070749149
18,0.16416610913874,0.99999952569334,0.70074538314677,0.27432826509916,0.49999584454841,0.50000020919924,0.49999572138971,0.50000545533564,1727070749166
18,0.16416610913874,0.99999952569334,0.70074538314677,0.27432826509916,0.49999584454841,0.50000020919924,0.49999572138971,0.50000545533564,1727070749172
18,0.16416610913874,0.99999952569334,0.70074538314677,0.27432826509916,0.49999584454841,0.50000020919924,0.49999572138971,0.50000545533564,1727070749172
19,0.33333333333333,0.66666666666667,0.83333333333333,0.16666666666667,0.5,0.5,0.5,0.5,1727070752214
19,0.33333333333333,0.66666666666667,0.82610672869506,0.16666666666667,0.5,0.5,0.49999034919739,0.5,1727070752284
19,0.33333333333333,0.66666666666667,0.81166393513816,0.16666666666667,0.5,0.5,0.5000036604307,0.5,1727070752300
19,0.33333333333333,0.66666666666667,0.77560707359422,0.16666666666667,0.5,0.5,0.49999154601331,0.5,1727070752316
19,0.33333333333333,0.66666666666667,0.75395256574171,0.16666666666667,0.5,0.5,0.50000486494395,0.5,1727070752332
19,0.33333333333333,0.66666666666667,0.72509848955164,0.16666666666667,0.5,0.5,0.4999968647834,0.5,1727070752349
19,0.33333333333333,0.66666666666667,0.71065007616059,0.16666666666667,0.5,0.5,0.49999765681009,0.5,1727070752366
19,0.33333333333333,0.66666666666667,0.7034299575938,0.16666666666667,0.5,0.5,0.49999808859678,0.5,1727070752382
19,0.33333333333333,0.66666666666667,0.69620267185711,0.16666666666667,0.5,0.5,0.49999287703093,0.5,1727070752399
19,0.33333333333333,0.66666666666667,0.6817639755353,0.16666666666667,0.5,0.5,0.49998500955604,0.5,1727070752416
19,0.33333333333333,0.66666666666667,0.67453294091306,0.16666666666667,0.5,0.5,0.50000085057932,0.5,1727070752432
19,0.33333333333333,0.66666666666667,0.66731408948352,0.16666666666667,0.5,0.5,0.49999407614616,0.5,1727070753814
19,0.33333333333333,0.66666666666667,0.67454500192204,0.16666666666667,0.5,0.5,0.49997885801005,0.5,1727070753849
19,0.33333333333333,0.66666666666667,0.68901488911347,0.16666666666667,0.5,0.5,0.49999555946201,0.5,1727070753866
19,0.33333333333333,0.66666666666667,0.71073275008394,0.16666666666667,0.5,0.5,0.4999932106483,0.5,1727070753883
19,0.33333333333333,0.66666666666667,0.71796722836814,0.16666666666667,0.5,0.5,0.500003726871,0.5,1727070753899
19,0.33333333333333,0.66666666666667,0.72062139157902,0.16666666666667,0.5,0.5,0.4999934193267,0.5,1727070753916
19,0.33333333333333,0.66666666666667,0.71340188429951,0.16666666666667,0.5,0.5,0.49999048546893,0.5,1727070756918
19,0.33333333333333,0.66666666666667,0.70617306291873,0.16666666666667,0.5,0.5,0.49999369801379,0.5,1727070756933
19,0.33333333333333,0.66666666666667,0.69895227388341,0.16666666666667,0.5,0.5,0.49999780908934,0.5,1727070756949
19,0.33333333333333,0.66666666666667,0.69172643723328,0.16666666666667,0.5,0.5,0.499984496442,0.5,1727070757068
19,0.33333333333333,0.66666666666667,0.69172643723328,0.16666666666667,0.5,0.5,0.499984496442,0.5,1727070759080
19,0.33333333333333,0.66666666666667,0.69172643723328,0.16666666666667,0.5,0.5,0.499984496442,0.5,1727070761385
19,0.33333333333333,0.66666666666667,0.69172643723328,0.15341479148612,0.5,0.5,0.499984496442,0.49999918939662,1727070761448
19,0.33333333333333,0.66666666666667,0.69172643723328,0.10191791994489,0.5,0.5,0.499984496442,0.49999192084904,1727070761466
19,0.33333333333333,0.66666666666667,0.69172643723328,0.00557435158665,0.5,0.5,0.499984496442,0.5000110466688,1727070761482
19,0.33333333333333,0.66666666666667,0.69172643723328,0.0,0.5,0.5,0.499984496442,0.5,1727070761499
19,0.33333333333333,0.66666666666667,0.69172643723328,0.0,0.5,0.5,0.499984496442,0.5,1727070761515
19,0.33333333333333,0.66666666666667,0.69172643723328,0.0,0.5,0.5,0.499984496442,0.5,1727070761532
19,0.33333333333333,0.66666666666667,0.69172643723328,0.0,0.5,0.5,0.499984496442,0.5,1727070761549
19,0.33333333333333,0.66666666666667,0.69172643723328,0.0,0.5,0.5,0.499984496442,0.5,1727070761630
19,0.33333333333333,0.66666666666667,0.69172643723328,0.0,0.5,0.5,0.499984496442,0.5,1727070761630
19,0.33333333333333,0.66666666666667,0.69172643723328,0.0,0.5,0.5,0.499984496442,0.5,1727070763729
19,0.35343352469396,0.66666666666667,0.69172643723328,0.0,0.5000025175355,0.5,0.499984496442,0.5,1727070763750
19,0.38703660524167,0.66666666666667,0.69172643723328,0.0,0.50000505081891,0.5,0.499984496442,0.5,1727070763765
19,0.43780517716127,0.66666666666667,0.69172643723328,0.0,0.50000414988886,0.5,0.499984496442,0.5,1727070763782
19,0.5647290610126,0.66666666666667,0.69172643723328,0.0,0.50000404944119,0.5,0.499984496442,0.5,1727070763799
19,0.77657247387468,0.66666666666667,0.69172643723328,0.0,0.50000174173461,0.5,0.499984496442,0.5,1727070763815
19,1.0,0.66666666666667,0.69172643723328,0.0,0.5,0.5,0.499984496442,0.5,1727070763832
19,1.0,0.66666666666667,0.69172643723328,0.0,0.5,0.5,0.499984496442,0.5,1727070763848
19,1.0,0.66666666666667,0.69172643723328,0.0,0.5,0.5,0.499984496442,0.5,1727070763865
19,1.0,0.66666666666667,0.69172643723328,0.0,0.5,0.5,0.499984496442,0.5,1727070763882
19,1.0,0.66666666666667,0.69172643723328,0.0,0.5,0.5,0.499984496442,0.5,1727070763898
19,1.0,0.66666666666667,0.69172643723328,0.0,0.5,0.5,0.499984496442,0.5,1727070763915
19,1.0,0.66666666666667,0.69172643723328,0.0,0.5,0.5,0.499984496442,0.5,1727070763932
19,1.0,0.66666666666667,0.69172643723328,0.0,0.5,0.5,0.499984496442,0.5,1727070763949
19,1.0,0.66666666666667,0.69172643723328,0.0,0.5,0.5,0.499984496442,0.5,1727070763965
19,1.0,0.66666666666667,0.69172643723328,0.0,0.5,0.5,0.499984496442,0.5,1727070763982
19,1.0,0.66666666666667,0.69172643723328,0.0,0.5,0.5,0.499984496442,0.5,1727070763998
19,1.0,0.66666666666667,0.69172643723328,0.0,0.5,0.5,0.499984496442,0.5,1727070764015
19,1.0,0.66666666666667,0.69172643723328,0.0,0.5,0.5,0.499984496442,0.5,1727070764032
19,1.0,0.66666666666667,0.69172643723328,0.0,0.5,0.5,0.499984496442,0.5,1727070764062
19,1.0,0.66666666666667,0.69172643723328,0.0,0.5,0.5,0.499984496442,0.5,1727070764098
19,1.0,0.66666666666667,0.69172643723328,0.0,0.5,0.5,0.499984496442,0.5,1727070764172
19,1.0,0.66666666666667,0.69172643723328,0.0,0.5,0.5,0.499984496442,0.5,1727070766113
19,1.0,0.66666666666667,0.69172643723328,0.0,0.5,0.5,0.499984496442,0.5,1727070767255
19,1.0,0.66666666666667,0.69172643723328,0.0,0.5,0.5,0.499984496442,0.5,1727070768149
19,1.0,0.66666666666667,0.69172643723328,0.0,0.5,0.5,0.499984496442,0.5,1727070768972
19,1.0,0.65617099396254,0.69172643723328,0.0,0.5,0.49999892724536,0.499984496442,0.5,1727070769015
19,1.0,0.6523490543652,0.69172643723328,0.0,0.5,0.49999352787036,0.499984496442,0.5,1727070769044
19,1.0,0.64183753084415,0.69172643723328,0.0,0.5,0.49999582001426,0.499984496442,0.5,1727070769051
19,1.0,0.63802226725809,0.69172643723328,0.0,0.5,0.49999572691469,0.499984496442,0.5,1727070769098
19,1.0,0.62751839622462,0.69172643723328,0.0,0.5,0.49999327493678,0.499984496442,0.5,1727070769115
19,1.0,0.61034884154518,0.69172643723328,0.0,0.5,0.49999334829563,0.499984496442,0.5,1727070769131
19,1.0,0.60652672343388,0.69172643723328,0.0,0.5,0.49999765281658,0.499984496442,0.5,1727070769148
19,1.0,0.58271300945064,0.69172643723328,0.0,0.5,0.4999964795897,0.499984496442,0.5,1727070769165
19,1.0,0.56941953078501,0.69172643723328,0.0,0.5,0.49999721034083,0.499984496442,0.5,1727070769181
19,1.0,0.52182158097592,0.69172643723328,0.0,0.5,0.49999557381123,0.499984496442,0.5,1727070769198
19,1.0,0.48365082627554,0.69172643723328,0.0,0.5,0.49999648873482,0.499984496442,0.5,1727070769215
19,1.0,0.44660727091532,0.69172643723328,0.0,0.5,0.49999424545373,0.499984496442,0.5,1727070769231
19,1.0,0.40843511965767,0.69172643723328,0.0,0.5,0.49999635725168,0.499984496442,0.5,1727070769249
19,1.0,0.34370964883671,0.69172643723328,0.0,0.5,0.49999818313489,0.499984496442,0.5,1727070769265
19,1.0,0.33320555911154,0.69172643723328,0.0,0.5,0.49999474474492,0.499984496442,0.5,1727070769281
19,1.0,0.32270965419452,0.69172643723328,0.0,0.5,0.49999811135666,0.499984496442,0.5,1727070769298
19,1.0,0.30943613430496,0.69172643723328,0.0,0.5,0.49999471268392,0.499984496442,0.5,1727070769315
19,1.0,0.29616313373607,0.69172643723328,0.0,0.5,0.49999062459988,0.499984496442,0.5,1727070769331
19,1.0,0.28566857181283,0.69172643723328,0.0,0.5,0.49999276104385,0.499984496442,0.5,1727070769348
19,1.0,0.27901698759685,0.69172643723328,0.0,0.5,0.49999832941173,0.499984496442,0.5,1727070769365
19,1.0,0.26184952948088,0.69172643723328,0.0,0.5,0.4999963640039,0.499984496442,0.5,1727070769381
19,1.0,0.25519976722529,0.69172643723328,0.0,0.5,0.50000025402903,0.499984496442,0.5,1727070769398
19,1.0,0.24469954445856,0.69172643723328,0.0,0.5,0.49999193484485,0.499984496442,0.5,1727070769415
19,1.0,0.2380474042764,0.69172643723328,0.0,0.5,0.49999858743636,0.499984496442,0.5,1727070769431
19,1.0,0.23140404775075,0.69172643723328,0.0,0.5,0.49999536431228,0.499984496442,0.5,1727070769482
19,1.0,0.22476251305667,0.69172643723328,0.0,0.5,0.49998993539017,0.499984496442,0.5,1727070769542
19,1.0,0.21811719367053,0.69172643723328,0.0,0.5,0.49998880972913,0.499984496442,0.5,1727070769582
19,1.0,0.22478721308846,0.69172643723328,0.0,0.5,0.49999698351626,0.499984496442,0.5,1727070770508
19,1.0,0.23146684357543,0.69172643723328,0.0,0.5,0.49999392511187,0.499984496442,0.5,1727070770596
19,1.0,0.24198228049782,0.69172643723328,0.0,0.5,0.50000261654051,0.499984496442,0.5,1727070770612
19,1.0,0.25249955750218,0.69172643723328,0.0,0.5,0.49999204572421,0.499984496442,0.5,1727070770628
19,1.0,0.25917932623799,0.69172643723328,0.0,0.5,0.49998906887026,0.499984496442,0.5,1727070770706
19,1.0,0.269695974669,0.69172643723328,0.0,0.5,0.49999610982592,0.499984496442,0.5,1727070770802
19,1.0,0.269695974669,0.69172643723328,0.0,0.5,0.49999610982592,0.499984496442,0.5,1727070771220
19,1.0,0.269695974669,0.69172643723328,0.0,0.5,0.49999610982592,0.499984496442,0.5,1727070773273
19,1.0,0.28020425070593,0.69172643723328,0.0,0.5,0.4999955799414,0.499984496442,0.5,1727070773320
19,1.0,0.2907236536787,0.69172643723328,0.0,0.5,0.49999941193254,0.499984496442,0.5,1727070773365
19,1.0,0.30515913467219,0.69172643723328,0.0,0.5,0.4999947479773,0.499984496442,0.5,1727070773415
19,1.0,0.31183189254884,0.69172643723328,0.0,0.5,0.49999889768186,0.499984496442,0.5,1727070773486
19,1.0,0.31183189254884,0.69172643723328,0.0,0.5,0.49999889768186,0.499984496442,0.5,1727070775094
20,0.33333333333333,0.66666666666667,0.0,0.66666666666667,0.5,0.5,0.5,0.5,1727070781737
20,0.33333333333333,0.66666666666667,0.00479174250112,0.66666666666667,0.5,0.5,0.49993768766259,0.5,1727070781752
20,0.33333333333333,0.66666666666667,0.01203457636874,0.66666666666667,0.5,0.5,0.49997467151032,0.5,1727070781764
20,0.33333333333333,0.66666666666667,0.01927186796159,0.66666666666667,0.5,0.5,0.49995815114499,0.5,1727070781781
20,0.33333333333333,0.66666666666667,0.05083596263645,0.66666666666667,0.5,0.5,0.49998094724459,0.5,1727070781798
20,0.33333333333333,0.66666666666667,0.08503672284555,0.66666666666667,0.5,0.5,0.49998721787427,0.5,1727070781814
20,0.33333333333333,0.66666666666667,0.20925915147581,0.66666666666667,0.5,0.5,0.49998909107542,0.5,1727070781831
20,0.33333333333333,0.66666666666667,0.4307734131191,0.66666666666667,0.5,0.5,0.49998057572936,0.5,1727070781847
20,0.33333333333333,0.66666666666667,0.65905557320554,0.66666666666667,0.5,0.5,0.49998743955373,0.5,1727070781864
20,0.33333333333333,0.66666666666667,0.90858861418531,0.66666666666667,0.5,0.5,0.49999138887419,0.5,1727070781881
20,0.33333333333333,0.66666666666667,1.0,0.66666666666667,0.5,0.5,0.5,0.5,1727070781897
20,0.33333333333333,0.66666666666667,1.0,0.66666666666667,0.5,0.5,0.5,0.5,1727070781914
20,0.33333333333333,0.66666666666667,1.0,0.66666666666667,0.5,0.5,0.5,0.5,1727070781931
20,0.33333333333333,0.66666666666667,1.0,0.66666666666667,0.5,0.5,0.5,0.5,1727070781948
20,0.33333333333333,0.66666666666667,1.0,0.66666666666667,0.5,0.5,0.5,0.5,1727070781964
20,0.33333333333333,0.66666666666667,1.0,0.66666666666667,0.5,0.5,0.5,0.5,1727070782212
20,0.33333333333333,0.66666666666667,1.0,0.66666666666667,0.5,0.5,0.5,0.5,1727070783567
20,0.33333333333333,0.66666666666667,1.0,0.64949281079813,0.5,0.5,0.5,0.50000030837019,1727070783654
20,0.33333333333333,0.66666666666667,1.0,0.63620040500819,0.5,0.5,0.5,0.50000025196641,1727070783664
20,0.33333333333333,0.66666666666667,1.0,0.52658878961441,0.5,0.5,0.5,0.49999204131649,1727070783681
20,0.33333333333333,0.66666666666667,1.0,0.31819707840155,0.5,0.5,0.5,0.49999716513316,1727070783698
20,0.33333333333333,0.66666666666667,1.0,0.00981555236509,0.5,0.5,0.5,0.50000035596494,1727070783714
20,0.33333333333333,0.66666666666667,1.0,0.0,0.5,0.5,0.5,0.5,1727070783731
20,0.33333333333333,0.66666666666667,1.0,0.0,0.5,0.5,0.5,0.5,1727070783748
20,0.33333333333333,0.66666666666667,1.0,0.0,0.5,0.5,0.5,0.5,1727070783764
20,0.33333333333333,0.66666666666667,1.0,0.0,0.5,0.5,0.5,0.5,1727070783781
20,0.33333333333333,0.66666666666667,1.0,0.0,0.5,0.5,0.5,0.5,1727070783797
20,0.33333333333333,0.66666666666667,1.0,0.0,0.5,0.5,0.5,0.5,1727070783814
20,0.33333333333333,0.66666666666667,1.0,0.0,0.5,0.5,0.5,0.5,1727070783831
20,0.33333333333333,0.66666666666667,1.0,0.0,0.5,0.5,0.5,0.5,1727070783848
20,0.33333333333333,0.66666666666667,1.0,0.0,0.5,0.5,0.5,0.5,1727070783897
20,0.33333333333333,0.66666666666667,1.0,0.0,0.5,0.5,0.5,0.5,1727070783914
20,0.33333333333333,0.66666666666667,1.0,0.0,0.5,0.5,0.5,0.5,1727070783922
20,0.33333333333333,0.66666666666667,1.0,0.0,0.5,0.5,0.5,0.5,1727070783922
20,0.33333333333333,0.66666666666667,1.0,0.0,0.5,0.5,0.5,0.5,1727070786085
20,0.32006060714339,0.66666666666667,1.0,0.0,0.49999909928399,0.5,0.5,0.5,1727070786108
20,0.313418317091,0.66666666666667,1.0,0.0,0.50000286955022,0.5,0.5,0.5,1727070786115
20,0.30291866547783,0.66666666666667,1.0,0.0,0.50001094158345,0.5,0.5,0.5,1727070786131
20,0.25534643470121,0.66666666666667,1.0,0.0,0.50000869863356,0.5,0.5,0.5,1727070786147
20,0.17234446141724,0.66666666666667,1.0,0.0,0.50000783222942,0.5,0.5,0.5,1727070786164
20,0.12372639045676,0.66666666666667,1.0,0.0,0.50000488818616,0.5,0.5,0.5,1727070786181
20,0.04074602438529,0.66666666666667,1.0,0.0,0.50001434103161,0.5,0.5,0.5,1727070786197
20,0.0,0.66666666666667,1.0,0.0,0.5,0.5,0.5,0.5,1727070786214
20,0.0,0.66666666666667,1.0,0.0,0.5,0.5,0.5,0.5,1727070786231
20,0.0,0.66666666666667,1.0,0.0,0.5,0.5,0.5,0.5,1727070786247
20,0.0,0.66666666666667,1.0,0.0,0.5,0.5,0.5,0.5,1727070786264
20,0.0,0.66666666666667,1.0,0.0,0.5,0.5,0.5,0.5,1727070786345
20,0.0,0.66666666666667,1.0,0.0,0.5,0.5,0.5,0.5,1727070787527
20,0.0,0.67718273975146,1.0,0.0,0.5,0.50000111530456,0.5,0.5,1727070787547
20,0.0,0.71266708074563,1.0,0.0,0.5,0.49999682588247,0.5,0.5,1727070787564
20,0.0,0.76139129050435,1.0,0.0,0.5,0.49999636126751,0.5,0.5,1727070787581
20,0.0,0.77855740284409,1.0,0.0,0.5,0.49999809353859,0.5,0.5,1727070787597
20,0.0,0.92643720777219,1.0,0.0,0.5,0.49999698262632,0.5,0.5,1727070787614
20,0.0,1.0,1.0,0.0,0.5,0.5,0.5,0.5,1727070787630
20,0.0,1.0,1.0,0.0,0.5,0.5,0.5,0.5,1727070787647
20,0.0,1.0,1.0,0.0,0.5,0.5,0.5,0.5,1727070787664
20,0.0,1.0,1.0,0.0,0.5,0.5,0.5,0.5,1727070787796
21,0.66666666666667,0.5,0.66666666666667,0.16666666666667,0.5,0.5,0.5,0.5,1727070792912
21,0.66666666666667,0.5,0.66666666666667,0.16666666666667,0.5,0.5,0.5,0.5,1727070794344
21,0.66666666666667,0.5,0.66666666666667,0.16666666666667,0.5,0.5,0.5,0.5,1727070795542
21,0.66666666666667,0.5,0.6739038957207,0.16666666666667,0.5,0.5,0.49999360707494,0.5,1727070795556
21,0.66666666666667,0.5,0.68836874060611,0.16666666666667,0.5,0.5,0.49999251364165,0.5,1727070795563
21,0.66666666666667,0.5,0.71733957070692,0.16666666666667,0.5,0.5,0.49998928391795,0.5,1727070795580
21,0.66666666666667,0.5,0.78045514787241,0.16666666666667,0.5,0.5,0.4999815419917,0.5,1727070795597
21,0.66666666666667,0.5,0.88495447984125,0.16666666666667,0.5,0.5,0.49999676591288,0.5,1727070795613
21,0.66666666666667,0.5,1.0,0.16666666666667,0.5,0.5,0.5,0.5,1727070795630
21,0.66666666666667,0.5,1.0,0.16666666666667,0.5,0.5,0.5,0.5,1727070795647
21,0.66666666666667,0.5,1.0,0.16666666666667,0.5,0.5,0.5,0.5,1727070795663
21,0.66666666666667,0.5,1.0,0.16666666666667,0.5,0.5,0.5,0.5,1727070795928
21,0.66666666666667,0.5,1.0,0.16666666666667,0.5,0.5,0.5,0.5,1727070797473
21,0.66666666666667,0.5,1.0,0.1733514331312,0.5,0.5,0.5,0.50001689276758,1727070797584
21,0.66666666666667,0.5,1.0,0.18003320894305,0.5,0.5,0.5,0.50000312785747,1727070797630
21,0.66666666666667,0.5,1.0,0.18671063500379,0.5,0.5,0.5,0.50000371502648,1727070797647
21,0.66666666666667,0.5,1.0,0.19338440837639,0.5,0.5,0.5,0.4999997425944,1727070797672
21,0.66666666666667,0.5,1.0,0.20006358715954,0.5,0.5,0.5,0.50000250965768,1727070797680
21,0.66666666666667,0.5,1.0,0.20395929333207,0.5,0.5,0.5,0.50000661552866,1727070797697
21,0.66666666666667,0.5,1.0,0.2144766240296,0.5,0.5,0.5,0.49999964503396,1727070797713
21,0.66666666666667,0.5,1.0,0.24215393708849,0.5,0.5,0.5,0.50000010186832,1727070797730
21,0.66666666666667,0.5,1.0,0.2593232361215,0.5,0.5,0.5,0.50000017232799,1727070797747
21,0.66666666666667,0.5,1.0,0.27649538383874,0.5,0.5,0.5,0.50000322123766,1727070797830
21,0.66666666666667,0.5,1.0,0.28038456687321,0.5,0.5,0.5,0.49999994957295,1727070797848
21,0.66666666666667,0.5,1.0,0.28706704993353,0.5,0.5,0.5,0.50000565781968,1727070797884
21,0.66666666666667,0.5,1.0,0.29757052125589,0.5,0.5,0.5,0.50000129934375,1727070797956
21,0.66666666666667,0.5,1.0,0.30425210148312,0.5,0.5,0.5,0.50000591625774,1727070797964
21,0.66666666666667,0.5,1.0,0.30813606660143,0.5,0.5,0.5,0.49999763427057,1727070797980
21,0.66666666666667,0.5,1.0,0.31481422546647,0.5,0.5,0.5,0.49999886852611,1727070798044
21,0.66666666666667,0.5,1.0,0.31869651146858,0.5,0.5,0.5,0.50000407539074,1727070798060
21,0.66666666666667,0.5,1.0,0.32537399068433,0.5,0.5,0.5,0.50000456099019,1727070799842
21,0.66666666666667,0.5,1.0,0.32537399068433,0.5,0.5,0.5,0.50000456099019,1727070800206
21,0.66666666666667,0.5,1.0,0.32537399068433,0.5,0.5,0.5,0.50000456099019,1727070802241
21,0.66666666666667,0.5,1.0,0.32537399068433,0.5,0.5,0.5,0.50000456099019,1727070803130
21,0.66666666666667,0.49618041815759,1.0,0.32537399068433,0.5,0.50000689027855,0.5,0.50000456099019,1727070803144
21,0.66666666666667,0.47901054738204,1.0,0.32537399068433,0.5,0.50000753658058,0.5,0.50000456099019,1727070803152
21,0.66666666666667,0.45912221005365,1.0,0.32537399068433,0.5,0.50000466106186,0.5,0.50000456099019,1727070803163
21,0.66666666666667,0.31689262415742,1.0,0.32537399068433,0.5,0.50000467964296,0.5,0.50000456099019,1727070803180
21,0.66666666666667,0.09784268035774,1.0,0.32537399068433,0.5,0.499989249138,0.5,0.50000456099019,1727070803197
21,0.66666666666667,1.28206114e-06,1.0,0.32537399068433,0.5,0.50000848193951,0.5,0.50000456099019,1727070803213
21,0.66666666666667,1.28206114e-06,1.0,0.32537399068433,0.5,0.50000848193951,0.5,0.50000456099019,1727070803230
21,0.66666666666667,1.28206114e-06,1.0,0.32537399068433,0.5,0.50000848193951,0.5,0.50000456099019,1727070803396
21,0.66666666666667,1.28206114e-06,1.0,0.32537399068433,0.5,0.50000848193951,0.5,0.50000456099019,1727070804205
21,0.66000890139675,1.28206114e-06,1.0,0.32537399068433,0.49999607213734,0.50000848193951,0.5,0.50000456099019,1727070804458
21,0.6495057468642,1.28206114e-06,1.0,0.32537399068433,0.49999880759003,0.50000848193951,0.5,0.50000456099019,1727070804497
21,0.63233905025648,1.28206114e-06,1.0,0.32537399068433,0.50000036785996,0.50000848193951,0.5,0.50000456099019,1727070804522
21,0.62851690434429,1.28206114e-06,1.0,0.32537399068433,0.49999612628392,0.50000848193951,0.5,0.50000456099019,1727070804530
21,0.6218637076269,1.28206114e-06,1.0,0.32537399068433,0.50000137168574,0.50000848193951,0.5,0.50000456099019,1727070804547
21,0.61521189232245,1.28206114e-06,1.0,0.32537399068433,0.49999777464533,0.50000848193951,0.5,0.50000456099019,1727070804563
21,0.59804644607092,1.28206114e-06,1.0,0.32537399068433,0.5000001899801,0.50000848193951,0.5,0.50000456099019,1727070804580
21,0.58753409853309,1.28206114e-06,1.0,0.32537399068433,0.49999712793426,0.50000848193951,0.5,0.50000456099019,1727070804597
21,0.57703489356309,1.28206114e-06,1.0,0.32537399068433,0.50000274941449,0.50000848193951,0.5,0.50000456099019,1727070804613
21,0.57038627903923,1.28206114e-06,1.0,0.32537399068433,0.500001118035,0.50000848193951,0.5,0.50000456099019,1727070804630
21,0.56656710928674,1.28206114e-06,1.0,0.32537399068433,0.49999856761916,0.50000848193951,0.5,0.50000456099019,1727070804647
21,0.55327746571058,1.28206114e-06,1.0,0.32537399068433,0.50000037243621,0.50000848193951,0.5,0.50000456099019,1727070804663
21,0.5255999770857,1.28206114e-06,1.0,0.32537399068433,0.49999998371154,0.50000848193951,0.5,0.50000456099019,1727070804680
21,0.51510122409537,1.28206114e-06,1.0,0.32537399068433,0.49999533902541,0.50000848193951,0.5,0.50000456099019,1727070804697
21,0.50844849711863,1.28206114e-06,1.0,0.32537399068433,0.50000170336309,0.50000848193951,0.5,0.50000456099019,1727070804713
21,0.50462722075134,1.28206114e-06,1.0,0.32537399068433,0.49999740748708,0.50000848193951,0.5,0.50000456099019,1727070804730
21,0.49412810434639,1.28206114e-06,1.0,0.32537399068433,0.50000372484333,0.50000848193951,0.5,0.50000456099019,1727070804752
21,0.48362277252446,1.28206114e-06,1.0,0.32537399068433,0.49999399034026,0.50000848193951,0.5,0.50000456099019,1727070804763
21,0.47312537067347,1.28206114e-06,1.0,0.32537399068433,0.50000174881185,0.50000848193951,0.5,0.50000456099019,1727070804780
21,0.45212478893033,1.28206114e-06,1.0,0.32537399068433,0.49998926383378,0.50000848193951,0.5,0.50000456099019,1727070804797
21,0.44162909028527,1.28206114e-06,1.0,0.32537399068433,0.49999866163586,0.50000848193951,0.5,0.50000456099019,1727070804813
21,0.4244607364385,1.28206114e-06,1.0,0.32537399068433,0.49999934439693,0.50000848193951,0.5,0.50000456099019,1727070804830
21,0.42064589940144,1.28206114e-06,1.0,0.32537399068433,0.4999997908244,0.50000848193951,0.5,0.50000456099019,1727070804854
21,0.410140478127,1.28206114e-06,1.0,0.32537399068433,0.49998883540004,0.50000848193951,0.5,0.50000456099019,1727070804878
21,0.40349191848098,1.28206114e-06,1.0,0.32537399068433,0.49999967163562,0.50000848193951,0.5,0.50000456099019,1727070804894
21,0.39299125793421,1.28206114e-06,1.0,0.32537399068433,0.49999250415251,0.50000848193951,0.5,0.50000456099019,1727070804934
21,0.38248616849479,1.28206114e-06,1.0,0.32537399068433,0.49999464854318,0.50000848193951,0.5,0.50000456099019,1727070804958
21,0.34431760052474,1.28206114e-06,1.0,0.32537399068433,0.49999491971755,0.50000848193951,0.5,0.50000456099019,1727070804997
21,0.33767144356025,1.28206114e-06,1.0,0.32537399068433,0.49999485933744,0.50000848193951,0.5,0.50000456099019,1727070805092
21,0.33386283026,1.28206114e-06,1.0,0.32537399068433,0.50000121981661,0.50000848193951,0.5,0.50000456099019,1727070805100
21,0.32721137408643,1.28206114e-06,1.0,0.32537399068433,0.49999616930099,0.50000848193951,0.5,0.50000456099019,1727070805113
21,0.32341523270196,1.28206114e-06,1.0,0.32537399068433,0.49999985393782,0.50000848193951,0.5,0.50000456099019,1727070805130
21,0.31960296709222,1.28206114e-06,1.0,0.32537399068433,0.50000287189907,0.50000848193951,0.5,0.50000456099019,1727070805210
21,0.3129478732798,1.28206114e-06,1.0,0.32537399068433,0.49999415039297,0.50000848193951,0.5,0.50000456099019,1727070805218
21,0.30630754293723,1.28206114e-06,1.0,0.32537399068433,0.49999985196636,0.50000848193951,0.5,0.50000456099019,1727070805242
21,0.29580214574269,1.28206114e-06,1.0,0.32537399068433,0.50000216746887,0.50000848193951,0.5,0.50000456099019,1727070805306
21,0.28529635621374,1.28206114e-06,1.0,0.32537399068433,0.49998832434014,0.50000848193951,0.5,0.50000456099019,1727070805384
21,0.29197724803173,1.28206114e-06,1.0,0.32537399068433,0.49999250550881,0.50000848193951,0.5,0.50000456099019,1727070806304
21,0.29865980511033,1.28206114e-06,1.0,0.32537399068433,0.49999825821549,0.50000848193951,0.5,0.50000456099019,1727070806366
21,0.31308883317423,1.28206114e-06,1.0,0.32537399068433,0.49999659804261,0.50000848193951,0.5,0.50000456099019,1727070806414
21,0.30644068293836,1.28206114e-06,1.0,0.32537399068433,0.4999945793423,0.50000848193951,0.5,0.50000456099019,1727070806762
21,0.29979632686627,1.28206114e-06,1.0,0.32537399068433,0.49999631662317,0.50000848193951,0.5,0.50000456099019,1727070806781
21,0.29314243246381,1.28206114e-06,1.0,0.32537399068433,0.50000403077185,0.50000848193951,0.5,0.50000456099019,1727070806797
21,0.28649656531014,1.28206114e-06,1.0,0.32537399068433,0.50000437532093,0.50000848193951,0.5,0.50000456099019,1727070806826
21,0.27984634396237,1.28206114e-06,1.0,0.32537399068433,0.50000019782452,0.50000848193951,0.5,0.50000456099019,1727070806898
21,0.27984634396237,1.28206114e-06,1.0,0.32537399068433,0.50000019782452,0.50000848193951,0.5,0.50000456099019,1727070807144
22,0.0,0.16666666666667,-0.0,0.0,0.5,0.5,0.5,0.5,1727070812467
22,0.0,0.16666666666667,0.00724715968288,0.0,0.5,0.5,0.49994598558841,0.5,1727070812512
22,0.0,0.16666666666667,0.01448248199467,0.0,0.5,0.5,0.49996901870664,0.5,1727070812531
22,0.0,0.16666666666667,0.03158248749942,0.0,0.5,0.5,0.49998045395959,0.5,1727070812546
22,0.0,0.16666666666667,0.04608255835507,0.0,0.5,0.5,0.49993364864032,0.5,1727070812563
22,0.0,0.16666666666667,0.07040018921976,0.0,0.5,0.5,0.49998657276379,0.5,1727070812580
22,0.0,0.16666666666667,0.0874948198355,0.0,0.5,0.5,0.4999515195284,0.5,1727070812596
22,0.0,0.16666666666667,0.10198835205859,0.0,0.5,0.5,0.50001081049846,0.5,1727070812613
22,0.0,0.16666666666667,0.12899700434622,0.0,0.5,0.5,0.49996719241346,0.5,1727070812630
22,0.0,0.16666666666667,0.13623274411059,0.0,0.5,0.5,0.49997689678695,0.5,1727070812646
22,0.0,0.16666666666667,0.14889599312201,0.0,0.5,0.5,0.49998376637956,0.5,1727070812663
22,0.0,0.16666666666667,0.16338557700688,0.0,0.5,0.5,0.49997933157348,0.5,1727070812680
22,0.0,0.16666666666667,0.17604070936584,0.0,0.5,0.5,0.49998483685005,0.5,1727070812713
22,0.0,0.16666666666667,0.18327757263569,0.0,0.5,0.5,0.49997958694246,0.5,1727070812730
22,0.0,0.16666666666667,0.19315736440542,0.0,0.5,0.5,0.49998820658075,0.5,1727070812746
22,0.0,0.16666666666667,0.20039461206859,0.0,0.5,0.5,0.49997862380641,0.5,1727070812763
22,0.0,0.16666666666667,0.20763075197409,0.0,0.5,0.5,0.49998204552835,0.5,1727070812779
22,0.0,0.16666666666667,0.21751230265422,0.0,0.5,0.5,0.49997042305078,0.5,1727070812796
22,0.0,0.16666666666667,0.22474778357001,0.0,0.5,0.5,0.49998112976924,0.5,1727070812813
22,0.0,0.16666666666667,0.23462837519452,0.0,0.5,0.5,0.49998032018592,0.5,1727070812830
22,0.0,0.16666666666667,0.24450686945122,0.0,0.5,0.5,0.50000179809253,0.5,1727070812846
22,0.0,0.16666666666667,0.25439075948562,0.0,0.5,0.5,0.49996630199927,0.5,1727070812863
22,0.0,0.16666666666667,0.26162364513961,0.0,0.5,0.5,0.50000291209297,0.5,1727070812884
22,0.0,0.16666666666667,0.26886147257903,0.0,0.5,0.5,0.49998852525938,0.5,1727070812908
22,0.0,0.16666666666667,0.27874105865205,0.0,0.5,0.5,0.49999762410772,0.5,1727070812980
22,0.0,0.16666666666667,0.28597774008439,0.0,0.5,0.5,0.49999498760998,0.5,1727070813090
22,0.0,0.16666666666667,0.28865527525981,0.0,0.5,0.5,0.4999880106504,0.5,1727070813164
22,0.0,0.16666666666667,0.29589190253693,0.0,0.5,0.5,0.49998607005777,0.5,1727070813179
22,0.0,0.16666666666667,0.30577207530337,0.0,0.5,0.5,0.49998923081988,0.5,1727070813196
22,0.0,0.16666666666667,0.31300263071437,0.0,0.5,0.5,0.49996763005646,0.5,1727070813266
22,0.0,0.16666666666667,0.32023670828676,0.0,0.5,0.5,0.49998949238938,0.5,1727070813296
22,0.0,0.16666666666667,0.32291370349577,0.0,0.5,0.5,0.49998790377967,0.5,1727070813313
22,0.0,0.16666666666667,0.33014938534668,0.0,0.5,0.5,0.49999463009938,0.5,1727070813384
22,0.0,0.16666666666667,0.33738767110382,0.0,0.5,0.5,0.49997792969973,0.5,1727070813478
22,0.0,0.16666666666667,0.33738767110382,0.0,0.5,0.5,0.49997792969973,0.5,1727070817074
22,0.0,0.16666666666667,0.33738767110382,0.0,0.5,0.5,0.49997792969973,0.5,1727070818945
22,0.0,0.16666666666667,0.33738767110382,0.0,0.5,0.5,0.49997792969973,0.5,1727070820339
22,0.0,0.16666666666667,0.33738767110382,0.0,0.5,0.5,0.49997792969973,0.5,1727070820925
22,0.0,0.17718195605387,0.33738767110382,0.0,0.5,0.50000343218477,0.49997792969973,0.5,1727070820986
22,0.0,0.18107458622946,0.33738767110382,0.0,0.5,0.50000298874661,0.49997792969973,0.5,1727070820996
22,0.0,0.2021284112355,0.33738767110382,0.0,0.5,0.50001225546282,0.49997792969973,0.5,1727070821012
22,0.0,0.22317665505393,0.33738767110382,0.0,0.5,0.50000927512498,0.49997792969973,0.5,1727070821029
22,0.0,0.24034846250377,0.33738767110382,0.0,0.5,0.50000605317953,0.49997792969973,0.5,1727070821046
22,0.0,0.26139970198232,0.33738767110382,0.0,0.5,0.50000032128634,0.49997792969973,0.5,1727070821062
22,0.0,0.27191251171997,0.33738767110382,0.0,0.5,0.49999490896052,0.49997792969973,0.5,1727070821079
22,0.0,0.27858478168184,0.33738767110382,0.0,0.5,0.49999982654732,0.49997792969973,0.5,1727070821096
22,0.0,0.29963141263256,0.33738767110382,0.0,0.5,0.49999935461129,0.49997792969973,0.5,1727070821256
22,0.0,0.30630344265063,0.33738767110382,0.0,0.5,0.50000421166138,0.49997792969973,0.5,1727070821272
22,0.0,0.31298582779884,0.33738767110382,0.0,0.5,0.49999881268994,0.49997792969973,0.5,1727070821280
22,0.0,0.31686701153604,0.33738767110382,0.0,0.5,0.50000963988856,0.49997792969973,0.5,1727070821296
22,0.0,0.32738608278729,0.33738767110382,0.0,0.5,0.49999859882122,0.49997792969973,0.5,1727070821312
22,0.0,0.34455495539072,0.33738767110382,0.0,0.5,0.4999989714086,0.49997792969973,0.5,1727070821329
22,0.0,0.36840094995423,0.33738767110382,0.0,0.5,0.4999991530785,0.49997792969973,0.5,1727070821346
22,0.0,0.38944184932302,0.33738767110382,0.0,0.5,0.5000037113783,0.49997792969973,0.5,1727070821362
22,0.0,0.40661698570933,0.33738767110382,0.0,0.5,0.49999865564091,0.49997792969973,0.5,1727070821379
22,0.0,0.41713297742835,0.33738767110382,0.0,0.5,0.50000453215874,0.49997792969973,0.5,1727070821396
22,0.0,0.43049629674299,0.33738767110382,0.0,0.5,0.49999676812822,0.49997792969973,0.5,1727070821446
22,0.0,0.44766313730143,0.33738767110382,0.0,0.5,0.49999873651582,0.49997792969973,0.5,1727070821462
22,0.0,0.46483692905403,0.33738767110382,0.0,0.5,0.50000711477706,0.49997792969973,0.5,1727070821479
22,0.0,0.46871489633639,0.33738767110382,0.0,0.5,0.50000627537067,0.49997792969973,0.5,1727070821496
22,0.0,0.47538436390036,0.33738767110382,0.0,0.5,0.50000019114081,0.49997792969973,0.5,1727070821512
22,0.0,0.48590023500131,0.33738767110382,0.0,0.5,0.5000055869468,0.49997792969973,0.5,1727070821562
22,0.0,0.49256737942066,0.33738767110382,0.0,0.5,0.50000137455863,0.49997792969973,0.5,1727070821579
22,0.0,0.50308316687879,0.33738767110382,0.0,0.5,0.50000669196315,0.49997792969973,0.5,1727070821596
22,0.0,0.5069563819424,0.33738767110382,0.0,0.5,0.49999815306043,0.49997792969973,0.5,1727070821612
22,0.0,0.5069563819424,0.33738767110382,0.0,0.5,0.49999815306043,0.49997792969973,0.5,1727070823110
23,0.5,0.66666666666667,0.66666666666667,1.0,0.5,0.5,0.5,0.5,1727070827973
23,0.5,0.66666666666667,0.66666666666667,1.0,0.5,0.5,0.5,0.5,1727070829035
23,0.5,0.66666666666667,0.66666666666667,0.98670149235465,0.5,0.5,0.5,0.4999972360217,1727070829136
23,0.5,0.66666666666667,0.66666666666667,0.95235914763448,0.5,0.5,0.5,0.49999537648023,1727070829145
23,0.5,0.66666666666667,0.66666666666667,0.89034755280653,0.5,0.5,0.5,0.49999695732464,1727070829162
23,0.5,0.66666666666667,0.66666666666667,0.86266822867093,0.5,0.5,0.5,0.49999569190222,1727070829179
23,0.5,0.66666666666667,0.66666666666667,0.82168481800717,0.5,0.5,0.5,0.49999614692255,1727070829195
23,0.5,0.66666666666667,0.66666666666667,0.79689363329325,0.5,0.5,0.5,0.50000069810524,1727070829212
23,0.5,0.66666666666667,0.66666666666667,0.77306850416051,0.5,0.5,0.5,0.49999546306213,1727070829229
23,0.5,0.66666666666667,0.66666666666667,0.75590316899473,0.5,0.5,0.5,0.49999752080015,1727070829245
23,0.5,0.66666666666667,0.66666666666667,0.72822746851444,0.5,0.5,0.5,0.49999813971562,1727070829262
23,0.5,0.66666666666667,0.66666666666667,0.68337506324327,0.5,0.5,0.5,0.49999435770174,1727070829279
23,0.5,0.66666666666667,0.66666666666667,0.6385314363904,0.5,0.5,0.5,0.49999564092836,1727070829295
23,0.5,0.66666666666667,0.66666666666667,0.58039663319531,0.5,0.5,0.5,0.49999776466101,1727070829312
23,0.5,0.66666666666667,0.66666666666667,0.54995079820383,0.5,0.5,0.5,0.49999789934081,1727070829329
23,0.5,0.66666666666667,0.66666666666667,0.49081719115464,0.5,0.5,0.5,0.50000134445699,1727070829345
23,0.5,0.66666666666667,0.66666666666667,0.45647643552714,0.5,0.5,0.5,0.49999961951977,1727070829362
23,0.5,0.66666666666667,0.66666666666667,0.37065786464159,0.5,0.5,0.5,0.49999673655131,1727070829379
23,0.5,0.66666666666667,0.66666666666667,0.27047508279054,0.5,0.5,0.5,0.49999805062005,1727070829395
23,0.5,0.66666666666667,0.66666666666667,0.24948664487776,0.5,0.5,0.5,0.49999374942416,1727070829412
23,0.5,0.66666666666667,0.66666666666667,0.23231754400774,0.5,0.5,0.5,0.49999367540754,1727070829429
23,0.5,0.66666666666667,0.66666666666667,0.21133803056907,0.5,0.5,0.5,0.49999948496358,1727070829445
23,0.5,0.66666666666667,0.66666666666667,0.15600004376967,0.5,0.5,0.5,0.50000005943711,1727070829462
23,0.5,0.66666666666667,0.66666666666667,0.12831995869249,0.5,0.5,0.5,0.49999545576977,1727070829479
23,0.5,0.66666666666667,0.66666666666667,0.10734905511078,0.5,0.5,0.5,0.49999260821789,1727070829495
23,0.5,0.66666666666667,0.66666666666667,0.07301458333421,0.5,0.5,0.5,0.49999863235383,1727070829512
23,0.5,0.66666666666667,0.66666666666667,0.05585158791814,0.5,0.5,0.5,0.49998206302654,1727070829529
23,0.5,0.66666666666667,0.66666666666667,0.01491182536877,0.5,0.5,0.5,0.499976583337,1727070829545
23,0.5,0.66666666666667,0.66666666666667,0.0,0.5,0.5,0.5,0.5,1727070829562
23,0.5,0.66666666666667,0.66666666666667,0.0,0.5,0.5,0.5,0.5,1727070829579
23,0.5,0.66666666666667,0.66666666666667,0.0,0.5,0.5,0.5,0.5,1727070829595
23,0.5,0.66666666666667,0.66666666666667,0.0,0.5,0.5,0.5,0.5,1727070829612
23,0.5,0.66666666666667,0.66666666666667,0.0,0.5,0.5,0.5,0.5,1727070829629
23,0.5,0.66666666666667,0.66666666666667,0.0,0.5,0.5,0.5,0.5,1727070829645
23,0.5,0.66666666666667,0.66666666666667,0.0,0.5,0.5,0.5,0.5,1727070829662
23,0.5,0.66666666666667,0.66666666666667,0.0,0.5,0.5,0.5,0.5,1727070829679
23,0.5,0.66666666666667,0.66666666666667,0.0,0.5,0.5,0.5,0.5,1727070829695
23,0.5,0.66666666666667,0.66666666666667,0.0,0.5,0.5,0.5,0.5,1727070829712
23,0.5,0.66666666666667,0.66666666666667,0.0,0.5,0.5,0.5,0.5,1727070829729
23,0.5,0.66666666666667,0.66666666666667,0.0,0.5,0.5,0.5,0.5,1727070829779
23,0.5,0.66666666666667,0.66666666666667,0.0,0.5,0.5,0.5,0.5,1727070829810
23,0.5,0.66666666666667,0.66666666666667,0.0,0.5,0.5,0.5,0.5,1727070829826
23,0.5,0.66666666666667,0.66666666666667,0.0,0.5,0.5,0.5,0.5,1727070829888
23,0.5,0.66666666666667,0.66666666666667,0.0,0.5,0.5,0.5,0.5,1727070829929
23,0.5,0.66666666666667,0.66666666666667,0.0,0.5,0.5,0.5,0.5,1727070829945
23,0.5,0.66666666666667,0.66666666666667,0.0,0.5,0.5,0.5,0.5,1727070829963
23,0.5,0.66666666666667,0.66666666666667,0.0,0.5,0.5,0.5,0.5,1727070829979
23,0.5,0.66666666666667,0.66666666666667,0.0,0.5,0.5,0.5,0.5,1727070829995
23,0.5,0.66666666666667,0.66666666666667,0.0,0.5,0.5,0.5,0.5,1727070830012
23,0.5,0.66666666666667,0.66666666666667,0.0,0.5,0.5,0.5,0.5,1727070830029
23,0.5,0.66666666666667,0.66666666666667,0.0,0.5,0.5,0.5,0.5,1727070830045
23,0.5,0.66666666666667,0.66666666666667,0.0,0.5,0.5,0.5,0.5,1727070830062
23,0.5,0.66666666666667,0.66666666666667,0.0,0.5,0.5,0.5,0.5,1727070830079
23,0.5,0.66666666666667,0.66666666666667,0.0,0.5,0.5,0.5,0.5,1727070830095
23,0.5,0.66666666666667,0.66666666666667,0.0,0.5,0.5,0.5,0.5,1727070830112
23,0.5,0.66666666666667,0.66666666666667,0.0,0.5,0.5,0.5,0.5,1727070830129
23,0.5,0.66666666666667,0.66666666666667,0.0,0.5,0.5,0.5,0.5,1727070830145
23,0.5,0.66666666666667,0.66666666666667,0.0,0.5,0.5,0.5,0.5,1727070830162
23,0.5,0.66666666666667,0.66666666666667,0.0,0.5,0.5,0.5,0.5,1727070830179
23,0.5,0.66666666666667,0.66666666666667,0.0,0.5,0.5,0.5,0.5,1727070830206
23,0.5,0.66666666666667,0.66666666666667,0.0,0.5,0.5,0.5,0.5,1727070830206
23,0.5,0.66666666666667,0.66666666666667,0.0,0.5,0.5,0.5,0.5,1727070830927
23,0.5,0.66666666666667,0.65943584027902,0.0,0.5,0.5,0.50001325976312,0.5,1727070831014
23,0.5,0.66666666666667,0.64499570159235,0.0,0.5,0.5,0.5000138542868,0.5,1727070831029
23,0.5,0.66666666666667,0.62335053028997,0.0,0.5,0.5,0.50002280532318,0.5,1727070831046
23,0.5,0.66666666666667,0.60170005753836,0.0,0.5,0.5,0.50001443953536,0.5,1727070831062
23,0.5,0.66666666666667,0.57738906207801,0.0,0.5,0.5,0.50000615200831,0.5,1727070831079
23,0.5,0.66666666666667,0.56294896189527,0.0,0.5,0.5,0.50000643174357,0.5,1727070831095
23,0.5,0.66666666666667,0.55572270425441,0.0,0.5,0.5,0.49999369080787,0.5,1727070831112
23,0.5,0.66666666666667,0.54849834540413,0.0,0.5,0.5,0.50002203562971,0.5,1727070831129
23,0.5,0.66666666666667,0.5340585963101,0.0,0.5,0.5,0.5000202684772,0.5,1727070831145
23,0.5,0.66666666666667,0.5196186570484,0.0,0.5,0.5,0.50001973162998,0.5,1727070831162
23,0.5,0.66666666666667,0.50517939758109,0.0,0.5,0.5,0.50001445063231,0.5,1727070831188
23,0.5,0.66666666666667,0.49795841736588,0.0,0.5,0.5,0.50002120822379,0.5,1727070831212
23,0.5,0.66666666666667,0.49073193475386,0.0,0.5,0.5,0.50000908699053,0.5,1727070831229
23,0.5,0.66666666666667,0.48351298181037,0.0,0.5,0.5,0.50000142220938,0.5,1727070831245
23,0.5,0.66666666666667,0.47628422495704,0.0,0.5,0.5,0.50000529433362,0.5,1727070831295
23,0.5,0.66666666666667,0.46906107907668,0.0,0.5,0.5,0.50002803571088,0.5,1727070831312
23,0.5,0.66666666666667,0.46183625891853,0.0,0.5,0.5,0.50000323663423,0.5,1727070831329
23,0.5,0.66666666666667,0.44475293482058,0.0,0.5,0.5,0.49999710678721,0.5,1727070831345
23,0.5,0.66666666666667,0.43753087874843,0.0,0.5,0.5,0.50001248709753,0.5,1727070831362
23,0.5,0.66666666666667,0.43030960544073,0.0,0.5,0.5,0.5000221565185,0.5,1727070831379
23,0.5,0.66666666666667,0.42046520426548,0.0,0.5,0.5,0.49999637113278,0.5,1727070831395
23,0.5,0.66666666666667,0.40603298699268,0.0,0.5,0.5,0.49999892665718,0.5,1727070831412
23,0.5,0.66666666666667,0.38894746832715,0.0,0.5,0.5,0.50001016894597,0.5,1727070831429
23,0.5,0.66666666666667,0.38172033130927,0.0,0.5,0.5,0.50000126573256,0.5,1727070831479
23,0.5,0.66666666666667,0.37449934549912,0.0,0.5,0.5,0.50000925366281,0.5,1727070831495
23,0.5,0.66666666666667,0.36006686958666,0.0,0.5,0.5,0.50001453120317,0.5,1727070831512
23,0.5,0.66666666666667,0.3528382380527,0.0,0.5,0.5,0.50001826267427,0.5,1727070831529
23,0.5,0.66666666666667,0.33840770600273,0.0,0.5,0.5,0.50000662013173,0.5,1727070831545
23,0.5,0.66666666666667,0.33118560337695,0.0,0.5,0.5,0.50002535356606,0.5,1727070831562
23,0.5,0.66666666666667,0.32395968576377,0.0,0.5,0.5,0.5000045970209,0.5,1727070831616
23,0.5,0.66666666666667,0.31673924423315,0.0,0.5,0.5,0.50000840211591,0.5,1727070831629
23,0.5,0.66666666666667,0.31415226965362,0.0,0.5,0.5,0.50001033806129,0.5,1727070831645
23,0.5,0.66666666666667,0.3043122019924,0.0,0.5,0.5,0.50001540872819,0.5,1727070831670
23,0.5,0.66666666666667,0.29709212452468,0.0,0.5,0.5,0.50001600130985,0.5,1727070831822
23,0.5,0.66666666666667,0.30432995308544,0.0,0.5,0.5,0.50000235322912,0.5,1727070832970
23,0.5,0.66666666666667,0.31156567026196,0.0,0.5,0.5,0.5000087860147,0.5,1727070833080
23,0.5,0.66666666666667,0.31879409345518,0.0,0.5,0.5,0.50000682629585,0.5,1727070833912
23,0.5,0.66666666666667,0.32347608825164,0.0,0.5,0.5,0.50001031533314,0.5,1727070834062
23,0.5,0.66666666666667,0.33071109831493,0.0,0.5,0.5,0.50002282655295,0.5,1727070834086
23,0.5,0.66666666666667,0.33794909489441,0.0,0.5,0.5,0.50000837517058,0.5,1727070835440
23,0.5,0.66666666666667,0.32810752980825,0.0,0.5,0.5,0.50002679575527,0.5,1727070835504
23,0.5,0.66666666666667,0.31367788389849,0.0,0.5,0.5,0.50000661145699,0.5,1727070835606
23,0.5,0.66666666666667,0.30644802170401,0.0,0.5,0.5,0.50002215648254,0.5,1727070835893
23,0.5,0.66666666666667,0.29661091380532,0.0,0.5,0.5,0.49999909797034,0.5,1727070836026
23,0.5,0.66666666666667,0.28938969138547,0.0,0.5,0.5,0.50001061908443,0.5,1727070836748
23,0.5,0.66666666666667,0.29662447176942,0.0,0.5,0.5,0.50002611135645,0.5,1727070836992
23,0.5,0.66666666666667,0.30386267836429,0.0,0.5,0.5,0.50000873787934,0.5,1727070837029
23,0.5,0.66666666666667,0.31109026304981,0.0,0.5,0.5,0.50001459369993,0.5,1727070837096
23,0.5,0.66666666666667,0.31832605047568,0.0,0.5,0.5,0.500020145608,0.5,1727070837112
23,0.5,0.66666666666667,0.32556295689369,0.0,0.5,0.5,0.50001535598164,0.5,1727070837128
23,0.5,0.66666666666667,0.33280113844851,0.0,0.5,0.5,0.49999920443815,0.5,1727070837178
23,0.5,0.66666666666667,0.34002802291322,0.0,0.5,0.5,0.50001111710874,0.5,1727070837228
23,0.5,0.66666666666667,0.34726389809611,0.0,0.5,0.5,0.50001567110078,0.5,1727070839566
23,0.5,0.66666666666667,0.34467879665222,0.0,0.5,0.5,0.50000101096427,0.5,1727070839718
23,0.5,0.66666666666667,0.33745738995524,0.0,0.5,0.5,0.50001325895277,0.5,1727070840050
23,0.5,0.66666666666667,0.33023773163079,0.0,0.5,0.5,0.50001000039604,0.5,1727070840208
23,0.5,0.66666666666667,0.33023773163079,0.0,0.5,0.5,0.50001000039604,0.5,1727070842092
23,0.5,0.66666666666667,0.33023773163079,0.0,0.5,0.5,0.50001000039604,0.5,1727070843543
23,0.50667591640987,0.66666666666667,0.33023773163079,0.0,0.49999926652251,0.5,0.50001000039604,0.5,1727070843598
23,0.52674228405268,0.66666666666667,0.33023773163079,0.0,0.50000271320473,0.5,0.50001000039604,0.5,1727070843612
23,0.58791586695541,0.66666666666667,0.33023773163079,0.0,0.50000537871682,0.5,0.50001000039604,0.5,1727070843628
23,0.70373147211466,0.66666666666667,0.33023773163079,0.0,0.50000485304831,0.5,0.50001000039604,0.5,1727070843645
23,0.87069532970704,0.66666666666667,0.33023773163079,0.0,0.50000148668713,0.5,0.50001000039604,0.5,1727070843655
23,0.87069532970704,0.66666666666667,0.33023773163079,0.0,0.50000148668713,0.5,0.50001000039604,0.5,1727070843655
23,0.87069532970704,0.66666666666667,0.33023773163079,0.0,0.50000148668713,0.5,0.50001000039604,0.5,1727070844913
23,0.8773645994811,0.66666666666667,0.33023773163079,0.0,0.50000525882275,0.5,0.50001000039604,0.5,1727070844968
23,0.88403048491963,0.66666666666667,0.33023773163079,0.0,0.4999998617771,0.5,0.50001000039604,0.5,1727070844978
23,0.88403048491963,0.66666666666667,0.33023773163079,0.0,0.4999998617771,0.5,0.50001000039604,0.5,1727070845087
23,0.88403048491963,0.66666666666667,0.33023773163079,0.0,0.4999998617771,0.5,0.50001000039604,0.5,1727070846275
23,0.88789912474701,0.66666666666667,0.33023773163079,0.0,0.50000330296016,0.5,0.50001000039604,0.5,1727070846322
23,0.89840468836908,0.66666666666667,0.33023773163079,0.0,0.50000225080205,0.5,0.50001000039604,0.5,1727070846330
23,0.911755636368,0.66666666666667,0.33023773163079,0.0,0.50000084957326,0.5,0.50001000039604,0.5,1727070846345
23,0.96913887176126,0.66666666666667,0.33023773163079,0.0,0.50000018551426,0.5,0.50001000039604,0.5,1727070846361
23,1.0,0.66666666666667,0.33023773163079,0.0,0.5,0.5,0.50001000039604,0.5,1727070846378
23,1.0,0.66666666666667,0.33023773163079,0.0,0.5,0.5,0.50001000039604,0.5,1727070846395
23,1.0,0.66666666666667,0.33023773163079,0.0,0.5,0.5,0.50001000039604,0.5,1727070846411
23,1.0,0.66666666666667,0.33023773163079,0.0,0.5,0.5,0.50001000039604,0.5,1727070846428
23,1.0,0.66666666666667,0.33023773163079,0.0,0.5,0.5,0.50001000039604,0.5,1727070846444
23,1.0,0.66666666666667,0.33023773163079,0.0,0.5,0.5,0.50001000039604,0.5,1727070846461
23,1.0,0.66666666666667,0.33023773163079,0.0,0.5,0.5,0.50001000039604,0.5,1727070846478
23,1.0,0.66666666666667,0.33023773163079,0.0,0.5,0.5,0.50001000039604,0.5,1727070846495
23,1.0,0.66666666666667,0.33023773163079,0.0,0.5,0.5,0.50001000039604,0.5,1727070846511
23,1.0,0.66666666666667,0.33023773163079,0.0,0.5,0.5,0.50001000039604,0.5,1727070846528
23,1.0,0.66666666666667,0.33023773163079,0.0,0.5,0.5,0.50001000039604,0.5,1727070846544
23,1.0,0.66666666666667,0.33023773163079,0.0,0.5,0.5,0.50001000039604,0.5,1727070846561
23,1.0,0.66666666666667,0.33023773163079,0.0,0.5,0.5,0.50001000039604,0.5,1727070846578
23,1.0,0.66666666666667,0.33023773163079,0.0,0.5,0.5,0.50001000039604,0.5,1727070846594
23,1.0,0.66666666666667,0.33023773163079,0.0,0.5,0.5,0.50001000039604,0.5,1727070846624
23,1.0,0.66666666666667,0.33023773163079,0.0,0.5,0.5,0.50001000039604,0.5,1727070846638
23,1.0,0.66666666666667,0.33023773163079,0.0,0.5,0.5,0.50001000039604,0.5,1727070846686
23,1.0,0.66666666666667,0.33023773163079,0.0,0.5,0.5,0.50001000039604,0.5,1727070846710
23,1.0,0.66666666666667,0.33023773163079,0.0,0.5,0.5,0.50001000039604,0.5,1727070846744
23,1.0,0.66666666666667,0.33023773163079,0.0,0.5,0.5,0.50001000039604,0.5,1727070846761
23,1.0,0.66666666666667,0.33023773163079,0.0,0.5,0.5,0.50001000039604,0.5,1727070846798
23,1.0,0.66666666666667,0.33023773163079,0.0,0.5,0.5,0.50001000039604,0.5,1727070848113
23,1.0,0.66666666666667,0.33023773163079,0.0,0.5,0.5,0.50001000039604,0.5,1727070848216
23,1.0,0.66666666666667,0.33023773163079,0.0,0.5,0.5,0.50001000039604,0.5,1727070848228
23,1.0,0.66666666666667,0.33023773163079,0.0,0.5,0.5,0.50001000039604,0.5,1727070848245
23,1.0,0.66666666666667,0.33023773163079,0.0,0.5,0.5,0.50001000039604,0.5,1727070848261
23,1.0,0.66666666666667,0.33023773163079,0.0,0.5,0.5,0.50001000039604,0.5,1727070848278
23,1.0,0.66666666666667,0.33023773163079,0.0,0.5,0.5,0.50001000039604,0.5,1727070848294
23,1.0,0.66666666666667,0.33023773163079,0.0,0.5,0.5,0.50001000039604,0.5,1727070848311
23,1.0,0.66666666666667,0.33023773163079,0.0,0.5,0.5,0.50001000039604,0.5,1727070848328
23,1.0,0.66666666666667,0.33023773163079,0.0,0.5,0.5,0.50001000039604,0.5,1727070848344
23,1.0,0.66666666666667,0.33023773163079,0.0,0.5,0.5,0.50001000039604,0.5,1727070848394
23,1.0,0.66666666666667,0.33023773163079,0.0,0.5,0.5,0.50001000039604,0.5,1727070848411
23,1.0,0.66666666666667,0.33023773163079,0.0,0.5,0.5,0.50001000039604,0.5,1727070848428
23,1.0,0.66666666666667,0.33023773163079,0.0,0.5,0.5,0.50001000039604,0.5,1727070848444
23,1.0,0.66666666666667,0.33023773163079,0.0,0.5,0.5,0.50001000039604,0.5,1727070848444
23,1.0,0.66666666666667,0.33023773163079,0.0,0.5,0.5,0.50001000039604,0.5,1727070849183
23,1.0,0.99334353191426,0.33023773163079,0.0,0.5,0.49999775167306,0.50001000039604,0.5,1727070849292
23,1.0,0.98669318203383,0.33023773163079,0.0,0.5,0.49999961021075,0.50001000039604,0.5,1727070849300
23,1.0,0.98003313802315,0.33023773163079,0.0,0.5,0.49999893825363,0.50001000039604,0.5,1727070849311
23,1.0,0.9562116824852,0.33023773163079,0.0,0.5,0.50000169215104,0.50001000039604,0.5,1727070849328
23,1.0,0.93238726647492,0.33023773163079,0.0,0.5,0.49999876383803,0.50001000039604,0.5,1727070849344
23,1.0,0.92573763030255,0.33023773163079,0.0,0.5,0.50000038978461,0.50001000039604,0.5,1727070849361
23,1.0,0.88089240107762,0.33023773163079,0.0,0.5,0.4999999544731,0.50001000039604,0.5,1727070849378
23,1.0,0.83060467793017,0.33023773163079,0.0,0.5,0.49999761330279,0.50001000039604,0.5,1727070849394
23,1.0,0.73546457720313,0.33023773163079,0.0,0.5,0.4999982999438,0.50001000039604,0.5,1727070849411
23,1.0,0.66806982157016,0.33023773163079,0.0,0.5,0.4999950257484,0.50001000039604,0.5,1727070849428
23,1.0,0.60330875383314,0.33023773163079,0.0,0.5,0.49999931414098,0.50001000039604,0.5,1727070849444
23,1.0,0.58614229426139,0.33023773163079,0.0,0.5,0.49999747281136,0.50001000039604,0.5,1727070849461
23,1.0,0.53462970803369,0.33023773163079,0.0,0.5,0.50000074566226,0.50001000039604,0.5,1727070849478
23,1.0,0.48703894223032,0.33023773163079,0.0,0.5,0.4999938863441,0.50001000039604,0.5,1727070849494
23,1.0,0.41174477793655,0.33023773163079,0.0,0.5,0.49999473753731,0.50001000039604,0.5,1727070849511
23,1.0,0.34447768051754,0.33023773163079,0.0,0.5,0.49999929753661,0.50001000039604,0.5,1727070849528
23,1.0,0.28635509195464,0.33023773163079,0.0,0.5,0.49999871941979,0.50001000039604,0.5,1727070849544
23,1.0,0.2691812943503,0.33023773163079,0.0,0.5,0.50000352667582,0.50001000039604,0.5,1727070849561
23,1.0,0.25868395786519,0.33023773163079,0.0,0.5,0.49999237547588,0.50001000039604,0.5,1727070849611
23,1.0,0.2415118922144,0.33023773163079,0.0,0.5,0.49999528897122,0.50001000039604,0.5,1727070849628
23,1.0,0.23101881184157,0.33023773163079,0.0,0.5,0.49999607182387,0.50001000039604,0.5,1727070849645
23,1.0,0.21384442418438,0.33023773163079,0.0,0.5,0.50000205588998,0.50001000039604,0.5,1727070849661
23,1.0,0.20334311974033,0.33023773163079,0.0,0.5,0.49999433498208,0.50001000039604,0.5,1727070849680
23,1.0,0.19670272024112,0.33023773163079,0.0,0.5,0.49998714868638,0.50001000039604,0.5,1727070849694
23,1.0,0.17687010513347,0.33023773163079,0.0,0.5,0.49998893565525,0.50001000039604,0.5,1727070849711
23,1.0,0.16636827158007,0.33023773163079,0.0,0.5,0.50000127009895,0.50001000039604,0.5,1727070849728
23,1.0,0.15972347271146,0.33023773163079,0.0,0.5,0.49999946742247,0.50001000039604,0.5,1727070850448
23,1.0,0.15972347271146,0.33023773163079,0.0,0.5,0.49999946742247,0.50001000039604,0.5,1727070850456
24,0.33333333333333,0.33333333333333,0.16666666666667,0.83333333333333,0.5,0.5,0.5,0.5,1727070854639
24,0.33333333333333,0.33333333333333,0.17390451715131,0.83333333333333,0.5,0.5,0.49998043657869,0.5,1727070854654
24,0.33333333333333,0.33333333333333,0.18114129348237,0.83333333333333,0.5,0.5,0.49997629261657,0.5,1727070854662
24,0.33333333333333,0.33333333333333,0.18837708716704,0.83333333333333,0.5,0.5,0.49998404716629,0.5,1727070854677
24,0.33333333333333,0.33333333333333,0.21741214065378,0.83333333333333,0.5,0.5,0.49999208514537,0.5,1727070854694
24,0.33333333333333,0.33333333333333,0.23915584997022,0.83333333333333,0.5,0.5,0.49997378460303,0.5,1727070854711
24,0.33333333333333,0.33333333333333,0.2900706578089,0.83333333333333,0.5,0.5,0.49999574173568,0.5,1727070854727
24,0.33333333333333,0.33333333333333,0.31181383189051,0.83333333333333,0.5,0.5,0.49998466524643,0.5,1727070854744
24,0.33333333333333,0.33333333333333,0.36514579725825,0.83333333333333,0.5,0.5,0.49998354661502,0.5,1727070854761
24,0.33333333333333,0.33333333333333,0.46505585329415,0.83333333333333,0.5,0.5,0.4999848536459,0.5,1727070854777
24,0.33333333333333,0.33333333333333,0.5478635249651,0.83333333333333,0.5,0.5,0.49999780968711,0.5,1727070854794
24,0.33333333333333,0.33333333333333,0.57218454579561,0.83333333333333,0.5,0.5,0.4999949020896,0.5,1727070854811
24,0.33333333333333,0.33333333333333,0.58927033781372,0.83333333333333,0.5,0.5,0.4999847162678,0.5,1727070854827
24,0.33333333333333,0.33333333333333,0.65238294431688,0.83333333333333,0.5,0.5,0.49999346886418,0.5,1727070854844
24,0.33333333333333,0.33333333333333,0.67215145832371,0.83333333333333,0.5,0.5,0.49999721997063,0.5,1727070854861
24,0.33333333333333,0.33333333333333,0.67938157944074,0.83333333333333,0.5,0.5,0.49998652420584,0.5,1727070854877
24,0.33333333333333,0.33333333333333,0.69385348319695,0.83333333333333,0.5,0.5,0.49999181179255,0.5,1727070854894
24,0.33333333333333,0.33333333333333,0.70108163973905,0.83333333333333,0.5,0.5,0.49999223996122,0.5,1727070854924
24,0.33333333333333,0.33333333333333,0.71095552932342,0.83333333333333,0.5,0.5,0.49998361445388,0.5,1727070854930
24,0.33333333333333,0.33333333333333,0.71818919739207,0.83333333333333,0.5,0.5,0.49999859091447,0.5,1727070854944
24,0.33333333333333,0.33333333333333,0.72541829710066,0.83333333333333,0.5,0.5,0.49999388440079,0.5,1727070854961
24,0.33333333333333,0.33333333333333,0.73265301051863,0.83333333333333,0.5,0.5,0.50000298290445,0.5,1727070854977
24,0.33333333333333,0.33333333333333,0.74711967307739,0.83333333333333,0.5,0.5,0.49999225248526,0.5,1727070854994
24,0.33333333333333,0.33333333333333,0.75435489926233,0.83333333333333,0.5,0.5,0.49999848715526,0.5,1727070855738
24,0.33333333333333,0.33333333333333,0.757008091218,0.83333333333333,0.5,0.5,0.4999936268696,0.5,1727070855754
24,0.33333333333333,0.33333333333333,0.74978713285515,0.83333333333333,0.5,0.5,0.49999841709702,0.5,1727070855850
24,0.33333333333333,0.33333333333333,0.7452362594974,0.83333333333333,0.5,0.5,0.49999559906734,0.5,1727070855894
24,0.33333333333333,0.33333333333333,0.74789670473534,0.83333333333333,0.5,0.5,0.49999560655856,0.5,1727070855944
24,0.33333333333333,0.33333333333333,0.74334556871663,0.83333333333333,0.5,0.5,0.49999415777907,0.5,1727070855961
24,0.33333333333333,0.33333333333333,0.73611741977393,0.83333333333333,0.5,0.5,0.49999372158066,0.5,1727070855977
24,0.33333333333333,0.33333333333333,0.72889760728606,0.83333333333333,0.5,0.5,0.49999247241387,0.5,1727070856008
24,0.33333333333333,0.33333333333333,0.7243459484251,0.83333333333333,0.5,0.5,0.49999379645921,0.5,1727070856044
24,0.33333333333333,0.33333333333333,0.71980392938451,0.83333333333333,0.5,0.5,0.499987266839,0.5,1727070856061
24,0.33333333333333,0.33333333333333,0.72245650757417,0.83333333333333,0.5,0.5,0.49998557630671,0.5,1727070856077
24,0.33333333333333,0.33333333333333,0.7152358437278,0.83333333333333,0.5,0.5,0.49998887667321,0.5,1727070856127
24,0.33333333333333,0.33333333333333,0.70348962618234,0.83333333333333,0.5,0.5,0.49998506427673,0.5,1727070856340
24,0.33333333333333,0.33333333333333,0.69894297096852,0.83333333333333,0.5,0.5,0.50000398528697,0.5,1727070856356
24,0.33333333333333,0.33333333333333,0.69439292461571,0.83333333333333,0.5,0.5,0.49999644729986,0.5,1727070856364
24,0.33333333333333,0.33333333333333,0.68985069631936,0.83333333333333,0.5,0.5,0.49999089064736,0.5,1727070856411
24,0.33333333333333,0.33333333333333,0.6754095186851,0.83333333333333,0.5,0.5,0.49999700759319,0.5,1727070856428
24,0.33333333333333,0.33333333333333,0.67806944854207,0.83333333333333,0.5,0.5,0.49999992556061,0.5,1727070856444
24,0.33333333333333,0.33333333333333,0.67352582660787,0.83333333333333,0.5,0.5,0.50000220612512,0.5,1727070856461
24,0.33333333333333,0.33333333333333,0.66630014499047,0.83333333333333,0.5,0.5,0.49998767086034,0.5,1727070856511
24,0.33333333333333,0.33333333333333,0.66895999839661,0.83333333333333,0.5,0.5,0.49999108126933,0.5,1727070857822
24,0.33333333333333,0.33333333333333,0.67162241392779,0.83333333333333,0.5,0.5,0.49997988472861,0.5,1727070857861
24,0.33333333333333,0.33333333333333,0.67162241392779,0.83333333333333,0.5,0.5,0.49997988472861,0.5,1727070858368
24,0.33333333333333,0.33333333333333,0.67162241392779,0.83333333333333,0.5,0.5,0.49997988472861,0.5,1727070859359
24,0.33333333333333,0.33333333333333,0.67162241392779,0.82951461579362,0.5,0.5,0.49997988472861,0.50000353595374,1727070859374
24,0.33333333333333,0.33333333333333,0.67162241392779,0.82190001074523,0.5,0.5,0.49997988472861,0.50000396203985,1727070859382
24,0.33333333333333,0.33333333333333,0.67162241392779,0.80382742891188,0.5,0.5,0.49997988472861,0.50000630117975,1727070859394
24,0.33333333333333,0.33333333333333,0.67162241392779,0.77529253611012,0.5,0.5,0.49997988472861,0.50000012282674,1727070859410
24,0.33333333333333,0.33333333333333,0.67162241392779,0.6982644785698,0.5,0.5,0.49997988472861,0.50000170940266,1727070859427
24,0.33333333333333,0.33333333333333,0.67162241392779,0.57968009869374,0.5,0.5,0.49997988472861,0.50000211022079,1727070859444
24,0.33333333333333,0.33333333333333,0.67162241392779,0.41650827721023,0.5,0.5,0.49997988472861,0.50000048382544,1727070859460
24,0.33333333333333,0.33333333333333,0.67162241392779,0.10141477436212,0.5,0.5,0.49997988472861,0.49999904258332,1727070859477
24,0.33333333333333,0.33333333333333,0.67162241392779,0.0,0.5,0.5,0.49997988472861,0.5,1727070859494
24,0.33333333333333,0.33333333333333,0.67162241392779,0.0,0.5,0.5,0.49997988472861,0.5,1727070859511
24,0.33333333333333,0.33333333333333,0.67162241392779,0.0,0.5,0.5,0.49997988472861,0.5,1727070859527
24,0.33333333333333,0.33333333333333,0.67162241392779,0.0,0.5,0.5,0.49997988472861,0.5,1727070859544
24,0.33333333333333,0.33333333333333,0.67162241392779,0.0,0.5,0.5,0.49997988472861,0.5,1727070859594
24,0.33333333333333,0.33333333333333,0.67162241392779,0.0,0.5,0.5,0.49997988472861,0.5,1727070859610
24,0.33333333333333,0.33333333333333,0.67162241392779,0.0,0.5,0.5,0.49997988472861,0.5,1727070859627
24,0.33333333333333,0.33333333333333,0.67162241392779,0.0,0.5,0.5,0.49997988472861,0.5,1727070859644
24,0.33333333333333,0.33333333333333,0.67162241392779,0.0,0.5,0.5,0.49997988472861,0.5,1727070859660
24,0.33333333333333,0.33333333333333,0.67162241392779,0.0,0.5,0.5,0.49997988472861,0.5,1727070859690
24,0.33333333333333,0.33333333333333,0.67162241392779,0.0,0.5,0.5,0.49997988472861,0.5,1727070859727
24,0.33333333333333,0.33333333333333,0.67162241392779,0.0,0.5,0.5,0.49997988472861,0.5,1727070859744
24,0.33333333333333,0.33333333333333,0.67162241392779,0.0,0.5,0.5,0.49997988472861,0.5,1727070859760
24,0.33333333333333,0.33333333333333,0.67162241392779,0.0,0.5,0.5,0.49997988472861,0.5,1727070859896
24,0.33333333333333,0.33333333333333,0.67162241392779,0.0,0.5,0.5,0.49997988472861,0.5,1727070860959
24,0.34000526656401,0.33333333333333,0.67162241392779,0.0,0.50000492131979,0.5,0.49997988472861,0.5,1727070861076
24,0.35338105521898,0.33333333333333,0.67162241392779,0.0,0.49999674695765,0.5,0.49997988472861,0.5,1727070861095
24,0.37054824471648,0.33333333333333,0.67162241392779,0.0,0.49999502337009,0.5,0.49997988472861,0.5,1727070861110
24,0.40489263698149,0.33333333333333,0.67162241392779,0.0,0.50000027721584,0.5,0.49997988472861,0.5,1727070861127
24,0.43256765959374,0.33333333333333,0.67162241392779,0.0,0.49999873091738,0.5,0.49997988472861,0.5,1727070861143
24,0.4497330899712,0.33333333333333,0.67162241392779,0.0,0.49999576766613,0.5,0.49997988472861,0.5,1727070861160
24,0.46691505416642,0.33333333333333,0.67162241392779,0.0,0.50000566147759,0.5,0.49997988472861,0.5,1727070861177
24,0.47358323487365,0.33333333333333,0.67162241392779,0.0,0.49999894812953,0.5,0.49997988472861,0.5,1727070861193
24,0.48409202002434,0.33333333333333,0.67162241392779,0.0,0.49999978395127,0.5,0.49997988472861,0.5,1727070861210
24,0.49076297588377,0.33333333333333,0.67162241392779,0.0,0.49999534465936,0.5,0.49997988472861,0.5,1727070861227
24,0.50127734906943,0.33333333333333,0.67162241392779,0.0,0.5000003126169,0.5,0.49997988472861,0.5,1727070861243
24,0.52512973698554,0.33333333333333,0.67162241392779,0.0,0.50000473711621,0.5,0.49997988472861,0.5,1727070861260
24,0.53180203375841,0.33333333333333,0.67162241392779,0.0,0.50000143421129,0.5,0.49997988472861,0.5,1727070861277
24,0.53847268577685,0.33333333333333,0.67162241392779,0.0,0.49999703712243,0.5,0.49997988472861,0.5,1727070861293
24,0.54514248954784,0.33333333333333,0.67162241392779,0.0,0.50000279290331,0.5,0.49997988472861,0.5,1727070861310
24,0.55181060385435,0.33333333333333,0.67162241392779,0.0,0.49999671272205,0.5,0.49997988472861,0.5,1727070861327
24,0.5689818314584,0.33333333333333,0.67162241392779,0.0,0.49999812589266,0.5,0.49997988472861,0.5,1727070861343
24,0.58904831036282,0.33333333333333,0.67162241392779,0.0,0.50000141702139,0.5,0.49997988472861,0.5,1727070861360
24,0.59571993452808,0.33333333333333,0.67162241392779,0.0,0.49999795145628,0.5,0.49997988472861,0.5,1727070861377
24,0.62625382164885,0.33333333333333,0.67162241392779,0.0,0.49999514466249,0.5,0.49997988472861,0.5,1727070861393
24,0.63961261333314,0.33333333333333,0.67162241392779,0.0,0.49999828252352,0.5,0.49997988472861,0.5,1727070861410
24,0.6596728568974,0.33333333333333,0.67162241392779,0.0,0.49999753559326,0.5,0.49997988472861,0.5,1727070861427
24,0.66633814172537,0.33333333333333,0.67162241392779,0.0,0.49999980757957,0.5,0.49997988472861,0.5,1727070861443
24,0.67969236180818,0.33333333333333,0.67162241392779,0.0,0.50000003209193,0.5,0.49997988472861,0.5,1727070861460
24,0.69685875661811,0.33333333333333,0.67162241392779,0.0,0.49999838021099,0.5,0.49997988472861,0.5,1727070861477
24,0.71021614777705,0.33333333333333,0.67162241392779,0.0,0.50000043818573,0.5,0.49997988472861,0.5,1727070861493
24,0.73027702261206,0.33333333333333,0.67162241392779,0.0,0.5000000559807,0.5,0.49997988472861,0.5,1727070861510
24,0.74078064623614,0.33333333333333,0.67162241392779,0.0,0.49999779132983,0.5,0.49997988472861,0.5,1727070861527
24,0.75413519860381,0.33333333333333,0.67162241392779,0.0,0.49999820845728,0.5,0.49997988472861,0.5,1727070861543
24,0.76080787635025,0.33333333333333,0.67162241392779,0.0,0.49999590473247,0.5,0.49997988472861,0.5,1727070861593
24,0.76747116197257,0.33333333333333,0.67162241392779,0.0,0.49999687827386,0.5,0.49997988472861,0.5,1727070861610
24,0.77414738985934,0.33333333333333,0.67162241392779,0.0,0.49999652438163,0.5,0.49997988472861,0.5,1727070861627
24,0.78465426233471,0.33333333333333,0.67162241392779,0.0,0.49999612281727,0.5,0.49997988472861,0.5,1727070861643
24,0.79132490025301,0.33333333333333,0.67162241392779,0.0,0.50000096536075,0.5,0.49997988472861,0.5,1727070861660
24,0.79799392494043,0.33333333333333,0.67162241392779,0.0,0.49999680402808,0.5,0.49997988472861,0.5,1727070861710
24,0.81134413203061,0.33333333333333,0.67162241392779,0.0,0.49999495386574,0.5,0.49997988472861,0.5,1727070861727
24,0.81801335364167,0.33333333333333,0.67162241392779,0.0,0.49999895157223,0.5,0.49997988472861,0.5,1727070861743
24,0.82467876892072,0.33333333333333,0.67162241392779,0.0,0.50000094694969,0.5,0.49997988472861,0.5,1727070861814
24,0.81802621424504,0.33333333333333,0.67162241392779,0.0,0.499997648656,0.5,0.49997988472861,0.5,1727070862082
24,0.81136648207437,0.33333333333333,0.67162241392779,0.0,0.49999857218445,0.5,0.49997988472861,0.5,1727070862093
24,0.80471839577072,0.33333333333333,0.67162241392779,0.0,0.49999755303743,0.5,0.49997988472861,0.5,1727070862110
24,0.77703967748266,0.33333333333333,0.67162241392779,0.0,0.4999965233962,0.5,0.49997988472861,0.5,1727070862127
24,0.75322301990823,0.33333333333333,0.67162241392779,0.0,0.49999574129492,0.5,0.49997988472861,0.5,1727070862143
24,0.72940080015792,0.33333333333333,0.67162241392779,0.0,0.50000045042858,0.5,0.49997988472861,0.5,1727070862160
24,0.71889841785006,0.33333333333333,0.67162241392779,0.0,0.4999947225792,0.5,0.49997988472861,0.5,1727070862177
24,0.71224589412846,0.33333333333333,0.67162241392779,0.0,0.49999985119205,0.5,0.49997988472861,0.5,1727070862193
24,0.70559487082768,0.33333333333333,0.67162241392779,0.0,0.49999704072979,0.5,0.49997988472861,0.5,1727070862225
24,0.68459677326261,0.33333333333333,0.67162241392779,0.0,0.49999809651112,0.5,0.49997988472861,0.5,1727070862239
24,0.66359917062328,0.33333333333333,0.67162241392779,0.0,0.49999949949667,0.5,0.49997988472861,0.5,1727070862255
24,0.65694170358635,0.33333333333333,0.67162241392779,0.0,0.50000197083633,0.5,0.49997988472861,0.5,1727070862271
24,0.65029191069458,0.33333333333333,0.67162241392779,0.0,0.4999997568829,0.5,0.49997988472861,0.5,1727070862287
24,0.64646051125468,0.33333333333333,0.67162241392779,0.0,0.49999936826118,0.5,0.49997988472861,0.5,1727070862336
24,0.63980767315859,0.33333333333333,0.67162241392779,0.0,0.49999522193925,0.5,0.49997988472861,0.5,1727070862344
24,0.62263994021117,0.33333333333333,0.67162241392779,0.0,0.49999607425647,0.5,0.49997988472861,0.5,1727070862367
24,0.62263994021117,0.33333333333333,0.67162241392779,0.0,0.49999607425647,0.5,0.49997988472861,0.5,1727070862834
24,0.62263994021117,0.33333333333333,0.67162241392779,0.0,0.49999607425647,0.5,0.49997988472861,0.5,1727070863501
24,0.62263994021117,0.33333333333333,0.67162241392779,0.0,0.49999607425647,0.5,0.49997988472861,0.5,1727070864301
24,0.62263994021117,0.33333333333333,0.67162241392779,0.0,0.49999607425647,0.5,0.49997988472861,0.5,1727070864847
24,0.62263994021117,0.32006692668428,0.67162241392779,0.0,0.49999607425647,0.49999478889574,0.49997988472861,0.5,1727070864910
24,0.62263994021117,0.30289712299462,0.67162241392779,0.0,0.49999607425647,0.49999519836265,0.49997988472861,0.5,1727070864927
24,0.62263994021117,0.2685568928319,0.67162241392779,0.0,0.49999607425647,0.49999676077981,0.49997988472861,0.5,1727070864943
24,0.62263994021117,0.22502820678111,0.67162241392779,0.0,0.49999607425647,0.5000029740419,0.49997988472861,0.5,1727070864960
24,0.62263994021117,0.18407078749951,0.67162241392779,0.0,0.49999607425647,0.49998825250642,0.49997988472861,0.5,1727070864977
24,0.62263994021117,0.16424594043588,0.67162241392779,0.0,0.49999607425647,0.50000028403238,0.49997988472861,0.5,1727070864993
24,0.62263994021117,0.15759939923226,0.67162241392779,0.0,0.49999607425647,0.50000081261333,0.49997988472861,0.5,1727070865010
24,0.62263994021117,0.140431225131,0.67162241392779,0.0,0.49999607425647,0.49999935622242,0.49997988472861,0.5,1727070865027
24,0.62263994021117,0.13664193192056,0.67162241392779,0.0,0.49999607425647,0.50000602023131,0.49997988472861,0.5,1727070865060
24,0.62263994021117,0.13000037463238,0.67162241392779,0.0,0.49999607425647,0.49999945645946,0.49997988472861,0.5,1727070865091
24,0.62263994021117,0.11950801081073,0.67162241392779,0.0,0.49999607425647,0.4999995247738,0.49997988472861,0.5,1727070865107
24,0.62263994021117,0.11285868696525,0.67162241392779,0.0,0.49999607425647,0.50000433258029,0.49997988472861,0.5,1727070865115
24,0.62263994021117,0.10236054830566,0.67162241392779,0.0,0.49999607425647,0.50001358526861,0.49997988472861,0.5,1727070865139
24,0.62263994021117,0.09186724912255,0.67162241392779,0.0,0.49999607425647,0.49999079044972,0.49997988472861,0.5,1727070865176
24,0.62263994021117,0.10238461364393,0.67162241392779,0.0,0.49999607425647,0.50000000272344,0.49997988472861,0.5,1727070866114
24,0.62263994021117,0.11290430815275,0.67162241392779,0.0,0.49999607425647,0.50000514125981,0.49997988472861,0.5,1727070866184
24,0.62263994021117,0.11958728921662,0.67162241392779,0.0,0.49999607425647,0.49999601133735,0.49997988472861,0.5,1727070866226
24,0.62263994021117,0.11958728921662,0.67162241392779,0.0,0.49999607425647,0.49999601133735,0.49997988472861,0.5,1727070867666
24,0.62263994021117,0.11958728921662,0.67162241392779,0.0,0.49999607425647,0.49999601133735,0.49997988472861,0.5,1727070869029
24,0.62651208366664,0.11958728921662,0.67162241392779,0.0,0.49999308519222,0.49999601133735,0.49997988472861,0.5,1727070869218
24,0.63318013266345,0.11958728921662,0.67162241392779,0.0,0.49999720164022,0.49999601133735,0.49997988472861,0.5,1727070869266
24,0.64369750599862,0.11958728921662,0.67162241392779,0.0,0.50000320687222,0.49999601133735,0.49997988472861,0.5,1727070869424
24,0.65421124724185,0.11958728921662,0.67162241392779,0.0,0.49999747729825,0.49999601133735,0.49997988472861,0.5,1727070869558
24,0.66087745141064,0.11958728921662,0.67162241392779,0.0,0.50000031978572,0.49999601133735,0.49997988472861,0.5,1727070869654
24,0.65422246740916,0.11958728921662,0.67162241392779,0.0,0.49999493814706,0.49999601133735,0.49997988472861,0.5,1727070870106
24,0.64372108824541,0.11958728921662,0.67162241392779,0.0,0.49999877320134,0.49999601133735,0.49997988472861,0.5,1727070870216
24,0.64372108824541,0.11958728921662,0.67162241392779,0.0,0.49999877320134,0.49999601133735,0.49997988472861,0.5,1727070870470
24,0.64372108824541,0.11958728921662,0.67162241392779,0.0,0.49999877320134,0.49999601133735,0.49997988472861,0.5,1727070871111
24,0.64372108824541,0.13010817999151,0.67162241392779,0.0,0.49999877320134,0.49999929263783,0.49997988472861,0.5,1727070871840
24,0.64372108824541,0.14061992731587,0.67162241392779,0.0,0.49999877320134,0.49999358835268,0.49997988472861,0.5,1727070871934
24,0.64372108824541,0.14061992731587,0.67162241392779,0.0,0.49999877320134,0.49999358835268,0.49997988472861,0.5,1727070872765
25,0.66666666666667,0.5,0.83333333333333,0.0,0.5,0.5,0.5,0.5,1727070879031
25,0.66666666666667,0.5,0.83333333333333,0.0,0.5,0.5,0.5,0.5,1727070879894
25,0.66666666666667,0.5,0.83333333333333,0.0,0.5,0.5,0.5,0.5,1727070880925
25,0.66666666666667,0.5,0.83333333333333,0.0,0.5,0.5,0.5,0.5,1727070881955
25,0.66666666666667,0.5,0.83333333333333,0.0,0.5,0.5,0.5,0.5,1727070882777
25,0.66666666666667,0.5,0.83333333333333,0.0,0.5,0.5,0.5,0.5,1727070883758
25,0.66666666666667,0.5,0.82348544234959,0.0,0.5,0.5,0.49999898642594,0.5,1727070883894
25,0.66666666666667,0.5,0.81626018557059,0.0,0.5,0.5,0.49998438296161,0.5,1727070883917
25,0.66666666666667,0.5,0.80903561524448,0.0,0.5,0.5,0.50000673850321,0.5,1727070883925
25,0.66666666666667,0.5,0.79458854850369,0.0,0.5,0.5,0.50000083877246,0.5,1727070883942
25,0.66666666666667,0.5,0.7702773171865,0.0,0.5,0.5,0.49999500709938,0.5,1727070883959
25,0.66666666666667,0.5,0.74861817724423,0.0,0.5,0.5,0.49998979816651,0.5,1727070883975
25,0.66666666666667,0.5,0.72430534974084,0.0,0.5,0.5,0.49999201232043,0.5,1727070883992
25,0.66666666666667,0.5,0.69545015698592,0.0,0.5,0.5,0.49998956605783,0.5,1727070884009
25,0.66666666666667,0.5,0.66128039535035,0.0,0.5,0.5,0.49999763437694,0.5,1727070884025
25,0.66666666666667,0.5,0.61805956328156,0.0,0.5,0.5,0.49999051997611,0.5,1727070884042
25,0.66666666666667,0.5,0.57483530858831,0.0,0.5,0.5,0.50000443327307,0.5,1727070884059
25,0.66666666666667,0.5,0.5432957665212,0.0,0.5,0.5,0.49999766481853,0.5,1727070884075
25,0.66666666666667,0.5,0.53607752728903,0.0,0.5,0.5,0.499985643652,0.5,1727070884092
25,0.66666666666667,0.5,0.51443272959991,0.0,0.5,0.5,0.49999250629156,0.5,1727070884109
25,0.66666666666667,0.5,0.50720303266084,0.0,0.5,0.5,0.50000264976832,0.5,1727070884131
25,0.66666666666667,0.5,0.49998331382573,0.0,0.5,0.5,0.50000045000497,0.5,1727070884155
25,0.66666666666667,0.5,0.48290114924511,0.0,0.5,0.5,0.49998627269851,0.5,1727070884169
25,0.66666666666667,0.5,0.47567179201088,0.0,0.5,0.5,0.49999433835905,0.5,1727070884185
25,0.66666666666667,0.5,0.46845302360088,0.0,0.5,0.5,0.4999850171582,0.5,1727070884226
25,0.66666666666667,0.5,0.46122366959122,0.0,0.5,0.5,0.49999321010158,0.5,1727070884242
25,0.66666666666667,0.5,0.4540042107213,0.0,0.5,0.5,0.49998883227738,0.5,1727070884259
25,0.66666666666667,0.5,0.44678456071867,0.0,0.5,0.5,0.4999858030971,0.5,1727070884276
25,0.66666666666667,0.5,0.43955587869988,0.0,0.5,0.5,0.49998914818033,0.5,1727070884292
25,0.66666666666667,0.5,0.43233536734683,0.0,0.5,0.5,0.49999268203657,0.5,1727070884309
25,0.66666666666667,0.5,0.4251083854489,0.0,0.5,0.5,0.49998295838462,0.5,1727070884368
25,0.66666666666667,0.5,0.41788780317752,0.0,0.5,0.5,0.49998705889585,0.5,1727070887116
25,0.66666666666667,0.5,0.41066827127732,0.0,0.5,0.5,0.49998290675819,0.5,1727070887221
25,0.66666666666667,0.5,0.40343906896403,0.0,0.5,0.5,0.49999058270076,0.5,1727070887260
25,0.66666666666667,0.5,0.39621708876977,0.0,0.5,0.5,0.50000625711077,0.5,1727070887370
25,0.66666666666667,0.5,0.38899843618371,0.0,0.5,0.5,0.49999496025184,0.5,1727070887409
25,0.66666666666667,0.5,0.38177126583896,0.0,0.5,0.5,0.49998616077184,0.5,1727070887498
25,0.66666666666667,0.5,0.37454927971784,0.0,0.5,0.5,0.50000237754735,0.5,1727070889738
25,0.66666666666667,0.5,0.36732262842635,0.0,0.5,0.5,0.49998904691042,0.5,1727070889794
25,0.66666666666667,0.5,0.36010210639676,0.0,0.5,0.5,0.49999308978518,0.5,1727070889842
25,0.66666666666667,0.5,0.35026283893154,0.0,0.5,0.5,0.49999049444894,0.5,1727070889859
25,0.66666666666667,0.5,0.34304225270358,0.0,0.5,0.5,0.49999523928571,0.5,1727070889875
25,0.66666666666667,0.5,0.33581647377215,0.0,0.5,0.5,0.49997329013151,0.5,1727070889928
25,0.66666666666667,0.5,0.33322924416639,0.0,0.5,0.5,0.49997730129208,0.5,1727070889942
25,0.66666666666667,0.5,0.31879564320714,0.0,0.5,0.5,0.49999252939882,0.5,1727070891750
25,0.66666666666667,0.5,0.32603333965508,0.0,0.5,0.5,0.49998089431992,0.5,1727070891838
25,0.66666666666667,0.5,0.32870916081763,0.0,0.5,0.5,0.49999000650034,0.5,1727070891916
25,0.66666666666667,0.5,0.33594724939644,0.0,0.5,0.5,0.4999750879828,0.5,1727070892820
25,0.66666666666667,0.5,0.34582006324306,0.0,0.5,0.5,0.49997093449856,0.5,1727070892905
25,0.66666666666667,0.5,0.35305482970194,0.0,0.5,0.5,0.49998557352611,0.5,1727070893508
25,0.66666666666667,0.5,0.36029026399454,0.0,0.5,0.5,0.49999412373998,0.5,1727070893526
25,0.66666666666667,0.5,0.36029026399454,0.0,0.5,0.5,0.49999412373998,0.5,1727070894094
25,0.66666666666667,0.5,0.36029026399454,0.0,0.5,0.5,0.49999412373998,0.5,1727070897667
25,0.67053171959612,0.5,0.36029026399454,0.0,0.49999596208137,0.5,0.49999412373998,0.5,1727070897982
25,0.66671319179952,0.5,0.36029026399454,0.0,0.50000330749653,0.5,0.49999412373998,0.5,1727070898134
25,0.66289196380813,0.5,0.36029026399454,0.0,0.49999979231578,0.5,0.49999412373998,0.5,1727070898142
25,0.65623192201193,0.5,0.36029026399454,0.0,0.49999134168441,0.5,0.49999412373998,0.5,1727070898191
25,0.65241553663901,0.5,0.36029026399454,0.0,0.50000009287851,0.5,0.49999412373998,0.5,1727070898208
25,0.64191465526231,0.5,0.36029026399454,0.0,0.50000430408121,0.5,0.49999412373998,0.5,1727070898258
25,0.63808541921717,0.5,0.36029026399454,0.0,0.4999957235867,0.5,0.49999412373998,0.5,1727070898275
25,0.62092120235364,0.5,0.36029026399454,0.0,0.49999881332009,0.5,0.49999412373998,0.5,1727070898291
25,0.61041314708156,0.5,0.36029026399454,0.0,0.49999856624971,0.5,0.49999412373998,0.5,1727070898323
25,0.60376760253126,0.5,0.36029026399454,0.0,0.49999894854882,0.5,0.49999412373998,0.5,1727070898358
25,0.59994821258207,0.5,0.36029026399454,0.0,0.49999634571341,0.5,0.49999412373998,0.5,1727070898375
25,0.59329445102869,0.5,0.36029026399454,0.0,0.50000140126947,0.5,0.49999412373998,0.5,1727070898391
25,0.57899396759699,0.5,0.36029026399454,0.0,0.4999959880985,0.5,0.49999412373998,0.5,1727070898408
25,0.57233562860801,0.5,0.36029026399454,0.0,0.49999810068141,0.5,0.49999412373998,0.5,1727070898425
25,0.56183972331203,0.5,0.36029026399454,0.0,0.49999563295086,0.5,0.49999412373998,0.5,1727070898450
25,0.55518283069624,0.5,0.36029026399454,0.0,0.49999877797858,0.5,0.49999412373998,0.5,1727070898465
25,0.54853580310937,0.5,0.36029026399454,0.0,0.49999816455367,0.5,0.49999412373998,0.5,1727070898475
25,0.54471303893741,0.5,0.36029026399454,0.0,0.49999303617419,0.5,0.49999412373998,0.5,1727070898492
25,0.52754843140229,0.5,0.36029026399454,0.0,0.49999616060902,0.5,0.49999412373998,0.5,1727070898508
25,0.51704011277891,0.5,0.36029026399454,0.0,0.49999565782906,0.5,0.49999412373998,0.5,1727070898525
25,0.51038963168061,0.5,0.36029026399454,0.0,0.49999248231845,0.5,0.49999412373998,0.5,1727070898545
25,0.49988549393147,0.5,0.36029026399454,0.0,0.49999499039663,0.5,0.49999412373998,0.5,1727070898592
25,0.49323069963794,0.5,0.36029026399454,0.0,0.49999994837599,0.5,0.49999412373998,0.5,1727070898608
25,0.48942224412009,0.5,0.36029026399454,0.0,0.50000511458418,0.5,0.49999412373998,0.5,1727070898658
25,0.48276936662161,0.5,0.36029026399454,0.0,0.50000010221407,0.5,0.49999412373998,0.5,1727070898736
25,0.47895157191961,0.5,0.36029026399454,0.0,0.49999827992452,0.5,0.49999412373998,0.5,1727070898743
25,0.47229954442322,0.5,0.36029026399454,0.0,0.49999378073454,0.5,0.49999412373998,0.5,1727070898758
25,0.46848825071713,0.5,0.36029026399454,0.0,0.49999688689452,0.5,0.49999412373998,0.5,1727070898789
25,0.46182945939676,0.5,0.36029026399454,0.0,0.49999898550202,0.5,0.49999412373998,0.5,1727070898825
25,0.45518426919075,0.5,0.36029026399454,0.0,0.49999972933782,0.5,0.49999412373998,0.5,1727070900716
25,0.45518426919075,0.5,0.36029026399454,0.0,0.49999972933782,0.5,0.49999412373998,0.5,1727070901388
25,0.45518426919075,0.5,0.36029026399454,0.0,0.49999972933782,0.5,0.49999412373998,0.5,1727070902221
25,0.45518426919075,0.50667352434236,0.36029026399454,0.0,0.49999972933782,0.50000247639426,0.49999412373998,0.5,1727070902742
25,0.45518426919075,0.51718126186956,0.36029026399454,0.0,0.49999972933782,0.50000240997947,0.49999412373998,0.5,1727070902774
25,0.45518426919075,0.52385397773919,0.36029026399454,0.0,0.49999972933782,0.50000538661246,0.49999412373998,0.5,1727070902825
25,0.45518426919075,0.544889388699,0.36029026399454,0.0,0.49999972933782,0.50000202459154,0.49999412373998,0.5,1727070902841
25,0.45518426919075,0.55539849189285,0.36029026399454,0.0,0.49999972933782,0.50000103236268,0.49999412373998,0.5,1727070902900
25,0.45518426919075,0.56207184156321,0.36029026399454,0.0,0.49999972933782,0.50000344992663,0.49999412373998,0.5,1727070902923
25,0.45518426919075,0.56873828309403,0.36029026399454,0.0,0.49999972933782,0.50000012016245,0.49999412373998,0.5,1727070903036
25,0.45518426919075,0.57541036526568,0.36029026399454,0.0,0.49999972933782,0.50000335265396,0.49999412373998,0.5,1727070903084
25,0.45518426919075,0.57928469539765,0.36029026399454,0.0,0.49999972933782,0.50000506084882,0.49999412373998,0.5,1727070903092
25,0.45518426919075,0.58595176251496,0.36029026399454,0.0,0.49999972933782,0.50000137420708,0.49999412373998,0.5,1727070903170
25,0.45518426919075,0.59262414516676,0.36029026399454,0.0,0.49999972933782,0.50000433413009,0.49999412373998,0.5,1727070903186
25,0.45518426919075,0.60042399716446,0.36029026399454,0.0,0.49999972933782,0.50000439032858,0.49999412373998,0.5,1727070903193
25,0.45518426919075,0.60709571224434,0.36029026399454,0.0,0.49999972933782,0.49999781001508,0.49999412373998,0.5,1727070903208
25,0.45518426919075,0.61097061522753,0.36029026399454,0.0,0.49999972933782,0.4999991134522,0.49999412373998,0.5,1727070903622
25,0.45518426919075,0.61097061522753,0.36029026399454,0.0,0.49999972933782,0.4999991134522,0.49999412373998,0.5,1727070903622
25,0.45518426919075,0.61097061522753,0.36029026399454,0.0,0.49999972933782,0.4999991134522,0.49999412373998,0.5,1727070906228
25,0.45518426919075,0.61764290725024,0.36029026399454,0.0,0.49999972933782,0.50000206299532,0.49999412373998,0.5,1727070906496
25,0.45518426919075,0.61764290725024,0.36029026399454,0.0,0.49999972933782,0.50000206299532,0.49999412373998,0.5,1727070906892
26,0.33333333333333,0.33333333333333,0.16666666666667,0.83333333333333,0.5,0.5,0.5,0.5,1727070913047
26,0.33333333333333,0.33333333333333,0.16666666666667,0.82283051394388,0.5,0.5,0.5,0.49999986880772,1727070913070
26,0.33333333333333,0.33333333333333,0.16666666666667,0.79803669629969,0.5,0.5,0.5,0.49999502476724,1727070913077
26,0.33333333333333,0.33333333333333,0.16666666666667,0.75231920752728,0.5,0.5,0.5,0.49999787162505,1727070913091
26,0.33333333333333,0.33333333333333,0.16666666666667,0.65505126011477,0.5,0.5,0.5,0.49999373874107,1727070913107
26,0.33333333333333,0.33333333333333,0.16666666666667,0.54735524408772,0.5,0.5,0.5,0.50000096659687,1727070913124
26,0.33333333333333,0.33333333333333,0.16666666666667,0.38446215040935,0.5,0.5,0.5,0.50000053176457,1727070913141
26,0.33333333333333,0.33333333333333,0.16666666666667,0.10468462083104,0.5,0.5,0.5,0.49998805134547,1727070913157
26,0.33333333333333,0.33333333333333,0.16666666666667,0.0,0.5,0.5,0.5,0.5,1727070913174
26,0.33333333333333,0.33333333333333,0.16666666666667,0.0,0.5,0.5,0.5,0.5,1727070913191
26,0.33333333333333,0.33333333333333,0.16666666666667,0.0,0.5,0.5,0.5,0.5,1727070913207
26,0.33333333333333,0.33333333333333,0.16666666666667,0.0,0.5,0.5,0.5,0.5,1727070913227
26,0.33333333333333,0.33333333333333,0.16666666666667,0.0,0.5,0.5,0.5,0.5,1727070913241
26,0.33333333333333,0.33333333333333,0.16666666666667,0.0,0.5,0.5,0.5,0.5,1727070913257
26,0.33333333333333,0.33333333333333,0.16666666666667,0.0,0.5,0.5,0.5,0.5,1727070913274
26,0.33333333333333,0.33333333333333,0.16666666666667,0.0,0.5,0.5,0.5,0.5,1727070913291
26,0.33333333333333,0.33333333333333,0.16666666666667,0.0,0.5,0.5,0.5,0.5,1727070913307
26,0.33333333333333,0.33333333333333,0.16666666666667,0.0,0.5,0.5,0.5,0.5,1727070913324
26,0.33333333333333,0.33333333333333,0.16666666666667,0.0,0.5,0.5,0.5,0.5,1727070913425
26,0.33333333333333,0.33333333333333,0.16666666666667,0.0,0.5,0.5,0.5,0.5,1727070915192
26,0.33333333333333,0.33333333333333,0.16936165114964,0.0,0.5,0.5,0.49997578922949,0.5,1727070915215
26,0.33333333333333,0.33333333333333,0.17659938991391,0.0,0.5,0.5,0.49995984244437,0.5,1727070915257
26,0.33333333333333,0.33333333333333,0.18383295786981,0.0,0.5,0.5,0.49999487210442,0.5,1727070915274
26,0.33333333333333,0.33333333333333,0.19832342246211,0.0,0.5,0.5,0.49998011610224,0.5,1727070915291
26,0.33333333333333,0.33333333333333,0.21281359972492,0.0,0.5,0.5,0.49996954190699,0.5,1727070915307
26,0.33333333333333,0.33333333333333,0.22729389631097,0.0,0.5,0.5,0.49997823942328,0.5,1727070915324
26,0.33333333333333,0.33333333333333,0.24438645024681,0.0,0.5,0.5,0.49997663861149,0.5,1727070915341
26,0.33333333333333,0.33333333333333,0.26147843876724,0.0,0.5,0.5,0.49998094522218,0.5,1727070915357
26,0.33333333333333,0.33333333333333,0.26871245270869,0.0,0.5,0.5,0.50000543764988,0.5,1727070915374
26,0.33333333333333,0.33333333333333,0.28319527770665,0.0,0.5,0.5,0.49998736612662,0.5,1727070915391
26,0.33333333333333,0.33333333333333,0.30493832724186,0.0,0.5,0.5,0.49997765832335,0.5,1727070915407
26,0.33333333333333,0.33333333333333,0.31941971615106,0.0,0.5,0.5,0.49997467675387,0.5,1727070915424
26,0.33333333333333,0.33333333333333,0.34115047312407,0.0,0.5,0.5,0.50000248084025,0.5,1727070915441
26,0.33333333333333,0.33333333333333,0.34838986987325,0.0,0.5,0.5,0.49997625029214,0.5,1727070915457
26,0.33333333333333,0.33333333333333,0.37738975748248,0.0,0.5,0.5,0.50000285430131,0.5,1727070915474
26,0.33333333333333,0.33333333333333,0.39187159340292,0.0,0.5,0.5,0.49999598641893,0.5,1727070915491
26,0.33333333333333,0.33333333333333,0.40634566456834,0.0,0.5,0.5,0.49998605400609,0.5,1727070915507
26,0.33333333333333,0.33333333333333,0.43533984177291,0.0,0.5,0.5,0.49999103955226,0.5,1727070915524
26,0.33333333333333,0.33333333333333,0.45707250151762,0.0,0.5,0.5,0.49999966194296,0.5,1727070915541
26,0.33333333333333,0.33333333333333,0.46430368295256,0.0,0.5,0.5,0.4999779320123,0.5,1727070915557
26,0.33333333333333,0.33333333333333,0.49329664341825,0.0,0.5,0.5,0.49999143494805,0.5,1727070915574
26,0.33333333333333,0.33333333333333,0.51502329330661,0.0,0.5,0.5,0.49998446701022,0.5,1727070915591
26,0.33333333333333,0.33333333333333,0.5440004505287,0.0,0.5,0.5,0.49999311036095,0.5,1727070915607
26,0.33333333333333,0.33333333333333,0.55123618129729,0.0,0.5,0.5,0.49999761332292,0.5,1727070915624
26,0.33333333333333,0.33333333333333,0.55846806288632,0.0,0.5,0.5,0.49997388854425,0.5,1727070915643
26,0.33333333333333,0.33333333333333,0.56570084594013,0.0,0.5,0.5,0.49999744387628,0.5,1727070915659
26,0.33333333333333,0.33333333333333,0.5729315841014,0.0,0.5,0.5,0.49998142821523,0.5,1727070915707
26,0.33333333333333,0.33333333333333,0.58016591114068,0.0,0.5,0.5,0.49999474851302,0.5,1727070915786
26,0.33333333333333,0.33333333333333,0.58739615598293,0.0,0.5,0.5,0.49998212397397,0.5,1727070915801
26,0.33333333333333,0.33333333333333,0.59463092356832,0.0,0.5,0.5,0.49999247332998,0.5,1727070915874
26,0.33333333333333,0.33333333333333,0.60450116073404,0.0,0.5,0.5,0.50000519899625,0.5,1727070915891
26,0.33333333333333,0.33333333333333,0.61897567300933,0.0,0.5,0.5,0.49999487976559,0.5,1727070915924
26,0.33333333333333,0.33333333333333,0.62620250034592,0.0,0.5,0.5,0.50000327938665,0.5,1727070915952
26,0.33333333333333,0.33333333333333,0.63343965287478,0.0,0.5,0.5,0.49999883536272,0.5,1727070915991
26,0.33333333333333,0.33333333333333,0.64067026403205,0.0,0.5,0.5,0.49998477462575,0.5,1727070916008
26,0.33333333333333,0.33333333333333,0.65053925202102,0.0,0.5,0.5,0.50000421269684,0.5,1727070916024
26,0.33333333333333,0.33333333333333,0.65777736462775,0.0,0.5,0.5,0.49999433077753,0.5,1727070916041
26,0.33333333333333,0.33333333333333,0.66500794689755,0.0,0.5,0.5,0.49998084536963,0.5,1727070918029
26,0.33333333333333,0.33333333333333,0.6676679477547,0.0,0.5,0.5,0.49998343721678,0.5,1727070918328
26,0.33333333333333,0.33333333333333,0.6631249394287,0.0,0.5,0.5,0.49998213563767,0.5,1727070918400
26,0.33333333333333,0.33333333333333,0.65589666683735,0.0,0.5,0.5,0.499982281095,0.5,1727070918440
26,0.33333333333333,0.33333333333333,0.65135322538824,0.0,0.5,0.5,0.49998347807757,0.5,1727070918496
26,0.33333333333333,0.33333333333333,0.64413096077683,0.0,0.5,0.5,0.49999641805331,0.5,1727070918574
26,0.33333333333333,0.33333333333333,0.64413096077683,0.0,0.5,0.5,0.49999641805331,0.5,1727070918994
26,0.33333333333333,0.33333333333333,0.64413096077683,0.0,0.5,0.5,0.49999641805331,0.5,1727070923581
26,0.33333333333333,0.33333333333333,0.64413096077683,0.0,0.5,0.5,0.49999641805331,0.5,1727070925085
26,0.33333333333333,0.33333333333333,0.65136091665331,0.0,0.5,0.5,0.49998635816811,0.5,1727070925226
26,0.33333333333333,0.33333333333333,0.65859366268015,0.0,0.5,0.5,0.50000762016471,0.5,1727070925290
26,0.33333333333333,0.33333333333333,0.66582503772303,0.0,0.5,0.5,0.4999894993979,0.5,1727070925448
26,0.33333333333333,0.33333333333333,0.66848568319395,0.0,0.5,0.5,0.49998838129644,0.5,1727070925528
26,0.33333333333333,0.33333333333333,0.67114480701863,0.0,0.5,0.5,0.49999593757839,0.5,1727070925573
26,0.33333333333333,0.33333333333333,0.67114480701863,0.0,0.5,0.5,0.49999593757839,0.5,1727070927754
26,0.33333333333333,0.33333333333333,0.67114480701863,0.0,0.5,0.5,0.49999593757839,0.5,1727070930169
26,0.34000758092743,0.33333333333333,0.67114480701863,0.0,0.50000708393508,0.5,0.49999593757839,0.5,1727070930319
26,0.35338837612451,0.33333333333333,0.67114480701863,0.0,0.50000343626504,0.5,0.49999593757839,0.5,1727070930335
26,0.36006014222396,0.33333333333333,0.67114480701863,0.0,0.49999873817951,0.5,0.49999593757839,0.5,1727070930341
26,0.36672893223156,0.33333333333333,0.67114480701863,0.0,0.50000523438334,0.5,0.49999593757839,0.5,1727070930356
26,0.38389644341735,0.33333333333333,0.67114480701863,0.0,0.50000359702639,0.5,0.49999593757839,0.5,1727070930373
26,0.40775262605639,0.33333333333333,0.67114480701863,0.0,0.49999897731282,0.5,0.49999593757839,0.5,1727070930390
26,0.42111112956052,0.33333333333333,0.67114480701863,0.0,0.50000282375761,0.5,0.49999593757839,0.5,1727070930406
26,0.44496893119894,0.33333333333333,0.67114480701863,0.0,0.49999976234651,0.5,0.49999593757839,0.5,1727070930423
26,0.46504797659484,0.33333333333333,0.67114480701863,0.0,0.50000140540723,0.5,0.49999593757839,0.5,1727070930440
26,0.48512128823557,0.33333333333333,0.67114480701863,0.0,0.49999865851324,0.5,0.49999593757839,0.5,1727070930456
26,0.50228942254371,0.33333333333333,0.67114480701863,0.0,0.49999788556532,0.5,0.49999593757839,0.5,1727070930473
26,0.52236310372301,0.33333333333333,0.67114480701863,0.0,0.50000660823278,0.5,0.49999593757839,0.5,1727070930490
26,0.54620620414008,0.33333333333333,0.67114480701863,0.0,0.50000429601939,0.5,0.49999593757839,0.5,1727070930506
26,0.56627947977776,0.33333333333333,0.67114480701863,0.0,0.50000172683786,0.5,0.49999593757839,0.5,1727070930523
26,0.58634389198343,0.33333333333333,0.67114480701863,0.0,0.50000357981691,0.5,0.49999593757839,0.5,1727070930540
26,0.59301380767657,0.33333333333333,0.67114480701863,0.0,0.49999896868568,0.5,0.49999593757839,0.5,1727070930556
26,0.59968489668878,0.33333333333333,0.67114480701863,0.0,0.50000517377176,0.5,0.49999593757839,0.5,1727070930587
26,0.60355847231728,0.33333333333333,0.67114480701863,0.0,0.50000298812017,0.5,0.49999593757839,0.5,1727070930595
26,0.61022085711456,0.33333333333333,0.67114480701863,0.0,0.50000350740591,0.5,0.49999593757839,0.5,1727070930606
26,0.62358223116138,0.33333333333333,0.67114480701863,0.0,0.4999984952856,0.5,0.49999593757839,0.5,1727070930623
26,0.63025089992178,0.33333333333333,0.67114480701863,0.0,0.50000297261416,0.5,0.49999593757839,0.5,1727070930640
26,0.63692247086197,0.33333333333333,0.67114480701863,0.0,0.49999962326019,0.5,0.49999593757839,0.5,1727070930656
26,0.64359015250599,0.33333333333333,0.67114480701863,0.0,0.50000341629978,0.5,0.49999593757839,0.5,1727070930673
26,0.65026257586395,0.33333333333333,0.67114480701863,0.0,0.50000063531443,0.5,0.49999593757839,0.5,1727070930690
26,0.66077777999366,0.33333333333333,0.67114480701863,0.0,0.50000517516694,0.5,0.49999593757839,0.5,1727070930707
26,0.66744472356597,0.33333333333333,0.67114480701863,0.0,0.49999914048772,0.5,0.49999593757839,0.5,1727070930723
26,0.69128654747014,0.33333333333333,0.67114480701863,0.0,0.50000563717506,0.5,0.49999593757839,0.5,1727070930740
26,0.70180086925064,0.33333333333333,0.67114480701863,0.0,0.50000050351179,0.5,0.49999593757839,0.5,1727070930756
26,0.70846667690414,0.33333333333333,0.67114480701863,0.0,0.50000295573066,0.5,0.49999593757839,0.5,1727070930806
26,0.71513865432048,0.33333333333333,0.67114480701863,0.0,0.50000011012539,0.5,0.49999593757839,0.5,1727070930823
26,0.72180537686653,0.33333333333333,0.67114480701863,0.0,0.50000305042475,0.5,0.49999593757839,0.5,1727070930840
26,0.72567973830199,0.33333333333333,0.67114480701863,0.0,0.50000159080294,0.5,0.49999593757839,0.5,1727070930856
26,0.7323453386437,0.33333333333333,0.67114480701863,0.0,0.50000385968382,0.5,0.49999593757839,0.5,1727070930873
26,0.73901413765982,0.33333333333333,0.67114480701863,0.0,0.49999930488072,0.5,0.49999593757839,0.5,1727070930897
26,0.74568327494975,0.33333333333333,0.67114480701863,0.0,0.50000351714986,0.5,0.49999593757839,0.5,1727070930906
26,0.75619808413993,0.33333333333333,0.67114480701863,0.0,0.49999895023719,0.5,0.49999593757839,0.5,1727070930923
26,0.77337118897756,0.33333333333333,0.67114480701863,0.0,0.50000105496076,0.5,0.49999593757839,0.5,1727070930940
26,0.77337118897756,0.33333333333333,0.67114480701863,0.0,0.50000105496076,0.5,0.49999593757839,0.5,1727070931189
26,0.77337118897756,0.33333333333333,0.67114480701863,0.0,0.50000105496076,0.5,0.49999593757839,0.5,1727070931817
26,0.76670776422994,0.33333333333333,0.67114480701863,0.0,0.50000003900117,0.5,0.49999593757839,0.5,1727070931864
26,0.76005912465178,0.33333333333333,0.67114480701863,0.0,0.49999868244977,0.5,0.49999593757839,0.5,1727070931888
26,0.75340570275322,0.33333333333333,0.67114480701863,0.0,0.50000313341815,0.5,0.49999593757839,0.5,1727070931895
26,0.74674974804076,0.33333333333333,0.67114480701863,0.0,0.50000624285391,0.5,0.49999593757839,0.5,1727070931940
26,0.73624670208834,0.33333333333333,0.67114480701863,0.0,0.50000030647679,0.5,0.49999593757839,0.5,1727070931956
26,0.72958649455455,0.33333333333333,0.67114480701863,0.0,0.50000105763027,0.5,0.49999593757839,0.5,1727070931973
26,0.7124202552881,0.33333333333333,0.67114480701863,0.0,0.50000279019517,0.5,0.49999593757839,0.5,1727070931990
26,0.70576760208349,0.33333333333333,0.67114480701863,0.0,0.49999906050202,0.5,0.49999593757839,0.5,1727070932006
26,0.69526651633986,0.33333333333333,0.67114480701863,0.0,0.50000290335653,0.5,0.49999593757839,0.5,1727070932023
26,0.68860584812477,0.33333333333333,0.67114480701863,0.0,0.50000343513396,0.5,0.49999593757839,0.5,1727070932073
26,0.68860584812477,0.33333333333333,0.67114480701863,0.0,0.50000343513396,0.5,0.49999593757839,0.5,1727070932330
26,0.68860584812477,0.33333333333333,0.67114480701863,0.0,0.50000343513396,0.5,0.49999593757839,0.5,1727070933218
26,0.68860584812477,0.32667898207149,0.67114480701863,0.0,0.50000343513396,0.49999803151743,0.49999593757839,0.5,1727070933306
26,0.68860584812477,0.32003761562229,0.67114480701863,0.0,0.50000343513396,0.49999337832139,0.49999593757839,0.5,1727070933323
26,0.68860584812477,0.31338369920285,0.67114480701863,0.0,0.50000343513396,0.50000089657828,0.49999593757839,0.5,1727070933343
26,0.68860584812477,0.30674265088068,0.67114480701863,0.0,0.50000343513396,0.49999585140003,0.49999593757839,0.5,1727070933356
26,0.68860584812477,0.30008577409977,0.67114480701863,0.0,0.50000343513396,0.49999112899876,0.49999593757839,0.5,1727070933373
26,0.68860584812477,0.28292502109316,0.67114480701863,0.0,0.50000343513396,0.49998207288457,0.49999593757839,0.5,1727070933390
26,0.68860584812477,0.27627056941336,0.67114480701863,0.0,0.50000343513396,0.49999053906722,0.49999593757839,0.5,1727070933406
26,0.68860584812477,0.2657726124031,0.67114480701863,0.0,0.50000343513396,0.49999638524736,0.49999593757839,0.5,1727070933423
26,0.68860584812477,0.25251579431254,0.67114480701863,0.0,0.50000343513396,0.49999111101094,0.49999593757839,0.5,1727070933440
26,0.68860584812477,0.24200584012035,0.67114480701863,0.0,0.50000343513396,0.49999345572662,0.49999593757839,0.5,1727070933456
26,0.68860584812477,0.22874309047625,0.67114480701863,0.0,0.50000343513396,0.49999466924299,0.49999593757839,0.5,1727070933473
26,0.68860584812477,0.21824652869053,0.67114480701863,0.0,0.50000343513396,0.49999955864588,0.49999593757839,0.5,1727070933490
26,0.68860584812477,0.20108811993713,0.67114480701863,0.0,0.50000343513396,0.49998631503083,0.49999593757839,0.5,1727070933506
26,0.68860584812477,0.19443280743087,0.67114480701863,0.0,0.50000343513396,0.4999974715689,0.49999593757839,0.5,1727070933523
26,0.68860584812477,0.17726918948653,0.67114480701863,0.0,0.50000343513396,0.49999012749184,0.49999593757839,0.5,1727070933539
26,0.68860584812477,0.17061997148209,0.67114480701863,0.0,0.50000343513396,0.49999398776158,0.49999593757839,0.5,1727070933556
26,0.68860584812477,0.16012845682882,0.67114480701863,0.0,0.50000343513396,0.49999276789766,0.49999593757839,0.5,1727070933573
26,0.68860584812477,0.14962895839241,0.67114480701863,0.0,0.50000343513396,0.49998127369656,0.49999593757839,0.5,1727070933589
26,0.68860584812477,0.1391328944688,0.67114480701863,0.0,0.50000343513396,0.49998609042314,0.49999593757839,0.5,1727070933606
26,0.68860584812477,0.13248412037634,0.67114480701863,0.0,0.50000343513396,0.49998962553863,0.49999593757839,0.5,1727070933708
26,0.68860584812477,0.13248412037634,0.67114480701863,0.0,0.50000343513396,0.49998962553863,0.49999593757839,0.5,1727070934120
27,0.16666666666667,0.33333333333333,0.16666666666667,1.0,0.5,0.5,0.5,0.5,1727070946498
27,0.16666666666667,0.3266917083631,0.16666666666667,1.0,0.5,0.49999076766162,0.5,0.5,1727070946507
27,0.16666666666667,0.31342023335261,0.16666666666667,1.0,0.5,0.50000027347032,0.5,0.5,1727070946522
27,0.16666666666667,0.30676315166094,0.16666666666667,1.0,0.5,0.49999586347549,0.5,0.5,1727070946539
27,0.16666666666667,0.25669540061192,0.16666666666667,1.0,0.5,0.50000221457014,0.5,0.5,1727070946556
27,0.16666666666667,0.17485492293038,0.16666666666667,1.0,0.5,0.49999527528367,0.5,0.5,1727070946572
27,0.16666666666667,0.06110290478564,0.16666666666667,1.0,0.5,0.49999030819969,0.5,0.5,1727070946589
27,0.16666666666667,-0.0,0.16666666666667,1.0,0.5,0.5,0.5,0.5,1727070946605
27,0.16666666666667,-0.0,0.16666666666667,1.0,0.5,0.5,0.5,0.5,1727070946622
27,0.16666666666667,-0.0,0.16666666666667,1.0,0.5,0.5,0.5,0.5,1727070946639
27,0.16666666666667,-0.0,0.16666666666667,1.0,0.5,0.5,0.5,0.5,1727070946656
27,0.16666666666667,-0.0,0.16666666666667,1.0,0.5,0.5,0.5,0.5,1727070946672
27,0.16666666666667,-0.0,0.16666666666667,1.0,0.5,0.5,0.5,0.5,1727070946695
27,0.16666666666667,-0.0,0.16666666666667,1.0,0.5,0.5,0.5,0.5,1727070946706
27,0.16666666666667,-0.0,0.16666666666667,1.0,0.5,0.5,0.5,0.5,1727070946722
27,0.16666666666667,-0.0,0.16666666666667,1.0,0.5,0.5,0.5,0.5,1727070946739
27,0.16666666666667,-0.0,0.16666666666667,1.0,0.5,0.5,0.5,0.5,1727070946755
27,0.16666666666667,-0.0,0.16666666666667,1.0,0.5,0.5,0.5,0.5,1727070946772
27,0.16666666666667,-0.0,0.16666666666667,1.0,0.5,0.5,0.5,0.5,1727070946789
27,0.16666666666667,-0.0,0.16666666666667,1.0,0.5,0.5,0.5,0.5,1727070946886
27,0.16666666666667,-0.0,0.16666666666667,1.0,0.5,0.5,0.5,0.5,1727070946901
27,0.16666666666667,-0.0,0.16666666666667,1.0,0.5,0.5,0.5,0.5,1727070946901
27,0.16666666666667,-0.0,0.16666666666667,1.0,0.5,0.5,0.5,0.5,1727070947449
27,0.18005855858913,0.0,0.16666666666667,1.0,0.49999617984196,0.5,0.5,0.5,1727070947520
27,0.1867378929682,0.0,0.16666666666667,1.0,0.49999928224858,0.5,0.5,0.5,1727070947533
27,0.20012973692112,-0.0,0.16666666666667,1.0,0.50000815729332,0.5,0.5,0.5,1727070947550
27,0.20680728889981,0.0,0.16666666666667,1.0,0.50000879708022,0.5,0.5,0.5,1727070947557
27,0.22019464392783,0.0,0.16666666666667,1.0,0.50001175897265,0.5,0.5,0.5,1727070947572
27,0.22686537960596,0.0,0.16666666666667,1.0,0.50000444094114,0.5,0.5,0.5,1727070947589
27,0.24025545883863,0.0,0.16666666666667,1.0,0.50001046412616,0.5,0.5,0.5,1727070947606
27,0.24693386005041,0.0,0.16666666666667,1.0,0.50001196341932,0.5,0.5,0.5,1727070947622
27,0.26031055023973,0.0,0.16666666666667,1.0,0.50000308764748,0.5,0.5,0.5,1727070947639
27,0.27369795486449,0.0,0.16666666666667,1.0,0.50000594511319,0.5,0.5,0.5,1727070947655
27,0.28036667626797,0.0,0.16666666666667,1.0,0.49999734453249,0.5,0.5,0.5,1727070947672
27,0.29374562361933,0.0,0.16666666666667,1.0,0.50000726194989,0.5,0.5,0.5,1727070947689
27,0.30042030325699,0.0,0.16666666666667,1.0,0.50000492675365,0.5,0.5,0.5,1727070947705
27,0.32052575726239,0.0,0.16666666666667,1.0,0.5000025901501,0.5,0.5,0.5,1727070947722
27,0.32720313969697,0.0,0.16666666666667,1.0,0.50000299895121,0.5,0.5,0.5,1727070947739
27,0.34437445685677,0.0,0.16666666666667,1.0,0.50000484759867,0.5,0.5,0.5,1727070947755
27,0.36446458875615,0.0,0.16666666666667,1.0,0.50000273687723,0.5,0.5,0.5,1727070947772
27,0.3778310843472,0.0,0.16666666666667,1.0,0.500000276719,0.5,0.5,0.5,1727070947789
27,0.38834348328755,0.0,0.16666666666667,1.0,0.5000043372132,0.5,0.5,0.5,1727070947805
27,0.41220023497564,0.0,0.16666666666667,1.0,0.50000019563393,0.5,0.5,0.5,1727070947822
27,0.42556606908415,0.0,0.16666666666667,1.0,0.50000997509296,0.5,0.5,0.5,1727070947839
27,0.43893421895242,0.0,0.16666666666667,1.0,0.50000891653517,0.5,0.5,0.5,1727070947855
27,0.44944215852411,0.0,0.16666666666667,1.0,0.49999685072082,0.5,0.5,0.5,1727070947872
27,0.45611919608236,0.0,0.16666666666667,1.0,0.50000898197669,0.5,0.5,0.5,1727070947889
27,0.46278987002354,0.0,0.16666666666667,1.0,0.50000406435451,0.5,0.5,0.5,1727070947907
27,0.46946454049438,0.0,0.16666666666667,1.0,0.50000230046955,0.5,0.5,0.5,1727070947922
27,0.47612890483211,0.0,0.16666666666667,1.0,0.50000442495867,0.5,0.5,0.5,1727070947945
27,0.48664782044746,0.0,0.16666666666667,1.0,0.50000124733292,0.5,0.5,0.5,1727070947969
27,0.49331971296873,0.0,0.16666666666667,1.0,0.50000891584036,0.5,0.5,0.5,1727070948005
27,0.49999044859651,0.0,0.16666666666667,1.0,0.50000428807346,0.5,0.5,0.5,1727070948082
27,0.50665892162051,0.0,0.16666666666667,1.0,0.49999809327439,0.5,0.5,0.5,1727070948105
27,0.51717714773578,0.0,0.16666666666667,1.0,0.50000568948765,0.5,0.5,0.5,1727070948127
27,0.53053845764128,0.0,0.16666666666667,1.0,0.49999999724721,0.5,0.5,0.5,1727070948175
27,0.54104756291074,0.0,0.16666666666667,1.0,0.500000982062,0.5,0.5,0.5,1727070948199
27,0.54771214732241,0.0,0.16666666666667,1.0,0.50000307902556,0.5,0.5,0.5,1727070948944
27,0.54106439676731,0.0,0.16666666666667,1.0,0.50000199208261,0.5,0.5,0.5,1727070948989
27,0.52389864717835,0.0,0.16666666666667,1.0,0.50000451627233,0.5,0.5,0.5,1727070949005
27,0.51724738435125,0.0,0.16666666666667,1.0,0.5000008842166,0.5,0.5,0.5,1727070949022
27,0.5067407255699,0.0,0.16666666666667,1.0,0.5000016494755,0.5,0.5,0.5,1727070949039
27,0.49346411158818,0.0,0.16666666666667,1.0,0.5000019081462,0.5,0.5,0.5,1727070949055
27,0.48680662054644,0.0,0.16666666666667,1.0,0.50000495393635,0.5,0.5,0.5,1727070949079
27,0.47630491878808,0.0,0.16666666666667,1.0,0.49999789465497,0.5,0.5,0.5,1727070949102
27,0.45913575530155,0.0,0.16666666666667,1.0,0.49999789599165,0.5,0.5,0.5,1727070949182
27,0.46581182420526,0.0,0.16666666666667,1.0,0.50000910715342,0.5,0.5,0.5,1727070950252
27,0.46968443777204,0.0,0.16666666666667,1.0,0.50000575677491,0.5,0.5,0.5,1727070950290
27,0.48020204959124,0.0,0.16666666666667,1.0,0.50000154751467,0.5,0.5,0.5,1727070950305
27,0.48687187140656,0.0,0.16666666666667,1.0,0.50000773111048,0.5,0.5,0.5,1727070950329
27,0.49738567537243,0.0,0.16666666666667,1.0,0.50000078192793,0.5,0.5,0.5,1727070950339
27,0.50789654104472,0.0,0.16666666666667,1.0,0.50000307953296,0.5,0.5,0.5,1727070950616
27,0.50124385777582,0.0,0.16666666666667,1.0,0.49999831494057,0.5,0.5,0.5,1727070951376
27,0.48407803106886,0.0,0.16666666666667,1.0,0.50000083215655,0.5,0.5,0.5,1727070951389
27,0.44309504553729,0.0,0.16666666666667,1.0,0.50000217784276,0.5,0.5,0.5,1727070951405
27,0.36679781158856,0.0,0.16666666666667,1.0,0.49999804387249,0.5,0.5,0.5,1727070951422
27,0.26661954801156,0.0,0.16666666666667,1.0,0.50000444311016,0.5,0.5,0.5,1727070951439
27,0.15975335772051,0.0,0.16666666666667,1.0,0.49999934280605,0.5,0.5,0.5,1727070951456
27,0.13207477917649,0.0,0.16666666666667,1.0,0.49999690637689,0.5,0.5,0.5,1727070951472
27,0.11490557208789,0.0,0.16666666666667,1.0,0.49999679659708,0.5,0.5,0.5,1727070951489
27,0.10827269378659,0.0,0.16666666666667,1.0,0.5000171663128,0.5,0.5,0.5,1727070951505
27,0.09109716714064,0.0,0.16666666666667,1.0,0.50000785450069,0.5,0.5,0.5,1727070951522
27,0.08060378643486,-0.0,0.16666666666667,1.0,0.50000631440728,0.5,0.5,0.5,1727070951539
27,0.05680861988124,-0.0,0.16666666666667,1.0,0.50001548967998,0.5,0.5,0.5,1727070951555
27,0.03302137553709,-0.0,0.16666666666667,1.0,0.50001167034331,0.5,0.5,0.5,1727070951572
27,0.02252865166326,-0.0,0.16666666666667,1.0,0.50001127773115,0.5,0.5,0.5,1727070951589
27,0.0093267224986,-0.0,0.16666666666667,1.0,0.5000077504794,0.5,0.5,0.5,1727070951605
27,0.0,-0.0,0.16666666666667,1.0,0.5,0.5,0.5,0.5,1727070951622
27,0.0,-0.0,0.16666666666667,1.0,0.5,0.5,0.5,0.5,1727070951639
27,0.0,-0.0,0.16666666666667,1.0,0.5,0.5,0.5,0.5,1727070951655
27,0.0,-0.0,0.16666666666667,1.0,0.5,0.5,0.5,0.5,1727070951672
27,0.0,-0.0,0.16666666666667,1.0,0.5,0.5,0.5,0.5,1727070951689
27,0.0,-0.0,0.16666666666667,1.0,0.5,0.5,0.5,0.5,1727070951705
27,0.0,-0.0,0.16666666666667,1.0,0.5,0.5,0.5,0.5,1727070951722
27,0.0,-0.0,0.16666666666667,1.0,0.5,0.5,0.5,0.5,1727070951772
27,0.0,-0.0,0.16666666666667,1.0,0.5,0.5,0.5,0.5,1727070951789
27,0.0,-0.0,0.16666666666667,1.0,0.5,0.5,0.5,0.5,1727070951805
27,0.0,-0.0,0.16666666666667,1.0,0.5,0.5,0.5,0.5,1727070951822
27,0.0,-0.0,0.16666666666667,1.0,0.5,0.5,0.5,0.5,1727070951839
27,0.01717491299776,-0.0,0.16666666666667,1.0,0.50001172552318,0.5,0.5,0.5,1727070952018
27,0.02770182922863,-0.0,0.16666666666667,1.0,0.50001890325364,0.5,0.5,0.5,1727070952025
27,0.05537710963148,-0.0,0.16666666666667,1.0,0.50001422446415,0.50000000000001,0.5,0.5,1727070952039
27,0.15475425103497,-0.0,0.16666666666667,1.0,0.50000055150166,0.50000000000001,0.5,0.5,1727070952055
27,0.19579601048175,-0.0,0.16666666666667,1.0,0.50001409258809,0.50000000000001,0.5,0.5,1727070952072
27,0.22347891476788,-0.0,0.16666666666667,1.0,0.50000231916559,0.50000000000001,0.5,0.5,1727070952089
27,0.25116087855361,-0.0,0.16666666666667,1.0,0.50000773635039,0.5,0.5,0.5,1727070952105
27,0.26832998110402,-0.0,0.16666666666667,1.0,0.50000734371188,0.5,0.5,0.5,1727070952122
27,0.28276341975271,-0.0,0.16666666666667,1.0,0.49999398647317,0.5,0.5,0.5,1727070952139
27,0.30662222254507,-0.0,0.16666666666667,1.0,0.50000677288893,0.5,0.5,0.5,1727070952155
27,0.32378890791561,-0.0,0.16666666666667,1.0,0.50000412450187,0.5,0.5,0.5,1727070952172
27,0.33430294547776,-0.0,0.16666666666667,1.0,0.4999955210425,0.5,0.5,0.5,1727070952189
27,0.34767684613454,-0.0,0.16666666666667,1.0,0.49999992902429,0.5,0.5,0.5,1727070952205
27,0.35819344201376,-0.0,0.16666666666667,1.0,0.50000800134231,0.5,0.5,0.5,1727070952222
27,0.36207781969652,-0.0,0.16666666666667,1.0,0.50000080762955,0.5,0.5,0.5,1727070952239
27,0.3659544156333,-0.0,0.16666666666667,1.0,0.50000050972999,0.5,0.5,0.5,1727070952255
27,0.37647152930134,-0.0,0.16666666666667,1.0,0.50000879245712,0.5,0.5,0.5,1727070952272
27,0.3869800919424,-0.0,0.16666666666667,1.0,0.49999608479548,0.5,0.5,0.5,1727070952289
27,0.40802482766831,-0.0,0.16666666666667,1.0,0.500007911883,0.5,0.5,0.5,1727070952305
27,0.41469355472562,-0.0,0.16666666666667,1.0,0.5000010343493,0.5,0.5,0.5,1727070952322
27,0.42520808738586,-0.0,0.16666666666667,1.0,0.50000660359481,0.5,0.5,0.5,1727070952339
27,0.43188141097584,-0.0,0.16666666666667,1.0,0.50000362864511,0.5,0.5,0.5,1727070952355
27,0.43576197331015,-0.0,0.16666666666667,1.0,0.50000653393947,0.5,0.5,0.5,1727070952372
27,0.44243283155479,-0.0,0.16666666666667,1.0,0.50000164206293,0.5,0.5,0.5,1727070952389
27,0.45960147385691,-0.0,0.16666666666667,1.0,0.50000114512109,0.5,0.5,0.5,1727070952405
27,0.46348074245053,-0.0,0.16666666666667,1.0,0.50000295134684,0.5,0.5,0.5,1727070952422
27,0.47015719769835,-0.0,0.16666666666667,1.0,0.50000256583137,0.5,0.5,0.5,1727070952439
27,0.48351445852864,-0.0,0.16666666666667,1.0,0.5000050856631,0.5,0.5,0.5,1727070952455
27,0.48739559891639,-0.0,0.16666666666667,1.0,0.50000821204167,0.5,0.5,0.5,1727070952472
27,0.49406791374884,-0.0,0.16666666666667,1.0,0.50000472386332,0.5,0.5,0.5,1727070952489
27,0.4979359483603,-0.0,0.16666666666667,1.0,0.49999814745028,0.5,0.5,0.5,1727070952507
27,0.50461166135714,-0.0,0.16666666666667,1.0,0.49999727973785,0.5,0.5,0.5,1727070952523
27,0.51512839391066,-0.0,0.16666666666667,1.0,0.50000383125959,0.5,0.5,0.5,1727070952572
27,0.52179576446035,-0.0,0.16666666666667,1.0,0.4999969743582,0.5,0.5,0.5,1727070952589
27,0.52179576446035,-0.0,0.16666666666667,1.0,0.4999969743582,0.5,0.5,0.5,1727070955137
27,0.52179576446035,-0.0,0.16666666666667,1.0,0.4999969743582,0.5,0.5,0.5,1727070956969
27,0.52179576446035,-0.0,0.16666666666667,0.98949072537074,0.4999969743582,0.5,0.5,0.49999929617884,1727070957022
27,0.52179576446035,-0.0,0.16666666666667,0.96567217858264,0.4999969743582,0.5,0.5,0.49999784828628,1727070957039
27,0.52179576446035,-0.0,0.16666666666667,0.92858283755522,0.4999969743582,0.5,0.5,0.49999916834955,1727070957055
27,0.52179576446035,-0.0,0.16666666666667,0.90476282089643,0.4999969743582,0.5,0.5,0.49999693967345,1727070957072
27,0.52179576446035,-0.0,0.16666666666667,0.88093490862385,0.4999969743582,0.5,0.5,0.49999826795908,1727070957088
27,0.52179576446035,-0.0,0.16666666666667,0.83724552352594,0.4999969743582,0.5,0.5,0.49999968037233,1727070957105
27,0.52179576446035,-0.0,0.16666666666667,0.82007693029014,0.4999969743582,0.5,0.5,0.50000000371638,1727070957122
27,0.52179576446035,-0.0,0.16666666666667,0.79907787910967,0.4999969743582,0.5,0.5,0.50000050243021,1727070957138
27,0.52179576446035,-0.0,0.16666666666667,0.78578285806287,0.4999969743582,0.5,0.5,0.49999906460843,1727070957155
27,0.52179576446035,-0.0,0.16666666666667,0.76478288514032,0.4999969743582,0.5,0.5,0.49999905996253,1727070957172
27,0.52179576446035,-0.0,0.16666666666667,0.74761097667994,0.4999969743582,0.5,0.5,0.49999756395629,1727070957188
27,0.52179576446035,-0.0,0.16666666666667,0.73044563570962,0.4999969743582,0.5,0.5,0.49999970863896,1727070957205
27,0.52179576446035,-0.0,0.16666666666667,0.71327342375802,0.4999969743582,0.5,0.5,0.49999799716599,1727070957222
27,0.52179576446035,-0.0,0.16666666666667,0.68848944737905,0.4999969743582,0.5,0.5,0.49999831966765,1727070957238
27,0.52179576446035,-0.0,0.16666666666667,0.66749397798738,0.4999969743582,0.5,0.5,0.50000100369229,1727070957255
27,0.52179576446035,-0.0,0.16666666666667,0.65699652032176,0.4999969743582,0.5,0.5,0.49999788483384,1727070957272
27,0.52179576446035,-0.0,0.16666666666667,0.64939724731013,0.4999969743582,0.5,0.5,0.4999983126052,1727070957288
27,0.52179576446035,-0.0,0.16666666666667,0.63134749636667,0.4999969743582,0.5,0.5,0.49999602787165,1727070957305
27,0.52179576446035,-0.0,0.16666666666667,0.61704102195365,0.4999969743582,0.5,0.5,0.49999673675945,1727070957322
27,0.52179576446035,-0.0,0.16666666666667,0.60654434854131,0.4999969743582,0.5,0.5,0.50000378926212,1727070957338
27,0.52179576446035,-0.0,0.16666666666667,0.59603786064249,0.4999969743582,0.5,0.5,0.49999459564338,1727070957355
27,0.52179576446035,-0.0,0.16666666666667,0.58173887108647,0.4999969743582,0.5,0.5,0.50000027147424,1727070957372
27,0.52179576446035,-0.0,0.16666666666667,0.56743951948827,0.4999969743582,0.5,0.5,0.49999552539603,1727070957388
27,0.52179576446035,-0.0,0.16666666666667,0.54940208633905,0.4999969743582,0.5,0.5,0.50000143889859,1727070957405
27,0.52179576446035,-0.0,0.16666666666667,0.54275239495362,0.4999969743582,0.5,0.5,0.49999899074561,1727070957422
27,0.52179576446035,-0.0,0.16666666666667,0.53224311496105,0.4999969743582,0.5,0.5,0.49999785817708,1727070957438
27,0.52179576446035,-0.0,0.16666666666667,0.51421233013117,0.4999969743582,0.5,0.5,0.49999779638922,1727070957472
27,0.52179576446035,-0.0,0.16666666666667,0.49322372700141,0.4999969743582,0.5,0.5,0.49999477601352,1727070957488
27,0.52179576446035,-0.0,0.16666666666667,0.48940583628024,0.4999969743582,0.5,0.5,0.49999288038563,1727070957505
27,0.52179576446035,-0.0,0.16666666666667,0.47223967112167,0.4999969743582,0.5,0.5,0.49999505133981,1727070957522
27,0.52179576446035,-0.0,0.16666666666667,0.46557910917508,0.4999969743582,0.5,0.5,0.49999575765098,1727070957538
27,0.52179576446035,-0.0,0.16666666666667,0.45508689320981,0.4999969743582,0.5,0.5,0.49999576624592,1727070957561
27,0.52179576446035,-0.0,0.16666666666667,0.45127114766762,0.4999969743582,0.5,0.5,0.49999545945334,1727070957572
27,0.52179576446035,-0.0,0.16666666666667,0.4341028444603,0.4999969743582,0.5,0.5,0.49999609304142,1727070957588
27,0.52179576446035,-0.0,0.16666666666667,0.42359453058497,0.4999969743582,0.5,0.5,0.49999552334458,1727070957605
27,0.52179576446035,-0.0,0.16666666666667,0.4130975334477,0.4999969743582,0.5,0.5,0.5000043449206,1727070957622
27,0.52179576446035,-0.0,0.16666666666667,0.40644398257925,0.4999969743582,0.5,0.5,0.49999817641285,1727070957639
27,0.52179576446035,-0.0,0.16666666666667,0.39594811311134,0.4999969743582,0.5,0.5,0.49999510673285,1727070957655
27,0.52179576446035,-0.0,0.16666666666667,0.38544817789089,0.4999969743582,0.5,0.5,0.500001756105,1727070957672
27,0.52179576446035,-0.0,0.16666666666667,0.38162376214932,0.4999969743582,0.5,0.5,0.49999388367903,1727070957688
27,0.52179576446035,-0.0,0.16666666666667,0.3683529450475,0.4999969743582,0.5,0.5,0.49999919656547,1727070957705
27,0.52179576446035,-0.0,0.16666666666667,0.35036811741217,0.4999969743582,0.5,0.5,0.49999897758379,1727070957722
27,0.52179576446035,-0.0,0.16666666666667,0.33709756538316,0.4999969743582,0.5,0.5,0.49999049002673,1727070957738
27,0.52179576446035,-0.0,0.16666666666667,0.3265966133803,0.4999969743582,0.5,0.5,0.49999676178616,1727070957755
27,0.52179576446035,-0.0,0.16666666666667,0.30942736058772,0.4999969743582,0.5,0.5,0.49999664069822,1727070957772
27,0.52179576446035,-0.0,0.16666666666667,0.2989319262183,0.4999969743582,0.5,0.5,0.49999343612965,1727070957797
27,0.52179576446035,-0.0,0.16666666666667,0.29512202353697,0.4999969743582,0.5,0.5,0.49999893461953,1727070957813
27,0.52179576446035,-0.0,0.16666666666667,0.28847595684884,0.4999969743582,0.5,0.5,0.49999901070861,1727070957822
27,0.52179576446035,-0.0,0.16666666666667,0.28466956073954,0.4999969743582,0.5,0.5,0.49999240824814,1727070957886
27,0.52179576446035,-0.0,0.16666666666667,0.28086656803175,0.4999969743582,0.5,0.5,0.49998924578318,1727070957922
27,0.52179576446035,-0.0,0.16666666666667,0.27421773287748,0.4999969743582,0.5,0.5,0.5000024697062,1727070957938
27,0.52179576446035,-0.0,0.16666666666667,0.26371971481311,0.4999969743582,0.5,0.5,0.49999639174754,1727070957957
27,0.52179576446035,-0.0,0.16666666666667,0.25707173152563,0.4999969743582,0.5,0.5,0.499994355321,1727070958084
27,0.52179576446035,-0.0,0.16666666666667,0.24657131391827,0.4999969743582,0.5,0.5,0.50000231285913,1727070958186
27,0.52179576446035,-0.0,0.16666666666667,0.23607570840914,0.4999969743582,0.5,0.5,0.49999862226865,1727070958568
27,0.52179576446035,-0.0,0.16666666666667,0.24658392982139,0.4999969743582,0.5,0.5,0.49999923885796,1727070958970
27,0.52179576446035,-0.0,0.16666666666667,0.25326510401897,0.4999969743582,0.5,0.5,0.50000390607746,1727070958977
27,0.52179576446035,-0.0,0.16666666666667,0.26770035704614,0.4999969743582,0.5,0.5,0.4999921882395,1727070958988
27,0.52179576446035,-0.0,0.16666666666667,0.28108494015343,0.4999969743582,0.5,0.5,0.4999923516067,1727070959005
27,0.52179576446035,-0.0,0.16666666666667,0.29825433901992,0.4999969743582,0.5,0.5,0.49999276016874,1727070959022
27,0.52179576446035,-0.0,0.16666666666667,0.29825433901992,0.4999969743582,0.5,0.5,0.49999276016874,1727070960736
28,0.5,0.33333333333333,0.33333333333333,1.0,0.5,0.5,0.5,0.5,1727070967453
28,0.5,0.33333333333333,0.33333333333333,0.99334452799846,0.5,0.5,0.5,0.50000269001225,1727070967524
28,0.5,0.33333333333333,0.33333333333333,0.97903014509508,0.5,0.5,0.5,0.4999997200198,1727070967538
28,0.5,0.33333333333333,0.33333333333333,0.95802652259347,0.5,0.5,0.5,0.49999806188426,1727070967555
28,0.5,0.33333333333333,0.33333333333333,0.91604861981681,0.5,0.5,0.5,0.50000116595517,1727070967571
28,0.5,0.33333333333333,0.33333333333333,0.84941034564236,0.5,0.5,0.5,0.50000518809255,1727070967588
28,0.5,0.33333333333333,0.33333333333333,0.81791458183399,0.5,0.5,0.5,0.49999561426131,1727070967605
28,0.5,0.33333333333333,0.33333333333333,0.79313030582763,0.5,0.5,0.5,0.50000382071093,1727070967621
28,0.5,0.33333333333333,0.33333333333333,0.76164428860418,0.5,0.5,0.5,0.50000736781168,1727070967638
28,0.5,0.33333333333333,0.33333333333333,0.72347017093973,0.5,0.5,0.5,0.50000488903284,1727070967654
28,0.5,0.33333333333333,0.33333333333333,0.6643213111525,0.5,0.5,0.5,0.49999893525325,1727070967671
28,0.5,0.33333333333333,0.33333333333333,0.59179931863227,0.5,0.5,0.5,0.49999955374429,1727070967688
28,0.5,0.33333333333333,0.33333333333333,0.53938958166544,0.5,0.5,0.5,0.50000346856773,1727070967704
28,0.5,0.33333333333333,0.33333333333333,0.52888298665443,0.5,0.5,0.5,0.50000429207111,1727070967721
28,0.5,0.33333333333333,0.33333333333333,0.52222937507004,0.5,0.5,0.5,0.49999900464631,1727070967738
28,0.5,0.33333333333333,0.33333333333333,0.51173028872981,0.5,0.5,0.5,0.50000521978868,1727070967761
28,0.5,0.33333333333333,0.33333333333333,0.50122494340206,0.5,0.5,0.5,0.49999572438068,1727070967771
28,0.5,0.33333333333333,0.33333333333333,0.46305733333585,0.5,0.5,0.5,0.50000864384861,1727070967788
28,0.5,0.33333333333333,0.33333333333333,0.44977419885829,0.5,0.5,0.5,0.50000391418805,1727070967804
28,0.5,0.33333333333333,0.33333333333333,0.43260641685926,0.5,0.5,0.5,0.50000518277338,1727070967821
28,0.5,0.33333333333333,0.33333333333333,0.41543787664748,0.5,0.5,0.5,0.50000588862965,1727070967871
28,0.5,0.33333333333333,0.33333333333333,0.37726784258099,0.5,0.5,0.5,0.50000554091434,1727070967888
28,0.5,0.33333333333333,0.33333333333333,0.37061951347779,0.5,0.5,0.5,0.50000366788115,1727070967905
28,0.5,0.33333333333333,0.33333333333333,0.35734565006631,0.5,0.5,0.5,0.50000652550211,1727070967921
28,0.5,0.33333333333333,0.33333333333333,0.35069460351321,0.5,0.5,0.5,0.5000021071466,1727070967992
28,0.5,0.33333333333333,0.33333333333333,0.34688623432659,0.5,0.5,0.5,0.5000086005462,1727070968004
28,0.5,0.33333333333333,0.33333333333333,0.33638725667137,0.5,0.5,0.5,0.50000248337011,1727070968021
28,0.5,0.33333333333333,0.33333333333333,0.32973844458347,0.5,0.5,0.5,0.49999998387581,1727070968039
28,0.5,0.33333333333333,0.33333333333333,0.31923720719982,0.5,0.5,0.5,0.50000623541752,1727070968054
28,0.5,0.33333333333333,0.33333333333333,0.31923720719982,0.5,0.5,0.5,0.50000623541752,1727070969306
28,0.5,0.33333333333333,0.33333333333333,0.31923720719982,0.5,0.5,0.5,0.50000623541752,1727070970810
28,0.4933505325796,0.33333333333333,0.33333333333333,0.31923720719982,0.49999754238338,0.5,0.5,0.50000623541752,1727070970914
28,0.47617731312087,0.33333333333333,0.33333333333333,0.31923720719982,0.4999944559604,0.5,0.5,0.50000623541752,1727070970929
28,0.46566885171084,0.33333333333333,0.33333333333333,0.31923720719982,0.49999378206035,0.5,0.5,0.50000623541752,1727070970945
28,0.45516909519064,0.33333333333333,0.33333333333333,0.31923720719982,0.49999989399931,0.5,0.5,0.50000623541752,1727070970961
28,0.44851660674128,0.33333333333333,0.33333333333333,0.31923720719982,0.49999489317272,0.5,0.5,0.50000623541752,1727070970977
28,0.44186985971932,0.33333333333333,0.33333333333333,0.31923720719982,0.49999437142741,0.5,0.5,0.50000623541752,1727070970993
28,0.43522288469468,0.33333333333333,0.33333333333333,0.31923720719982,0.50000603453709,0.5,0.5,0.50000623541752,1727070971015
28,0.43140236418927,0.33333333333333,0.33333333333333,0.31923720719982,0.49998946502034,0.5,0.5,0.50000623541752,1727070971023
28,0.42474898215383,0.33333333333333,0.33333333333333,0.31923720719982,0.4999960256821,0.5,0.5,0.50000623541752,1727070971038
28,0.40376487122647,0.33333333333333,0.33333333333333,0.31923720719982,0.49999632353362,0.5,0.5,0.50000623541752,1727070971055
28,0.39711125931893,0.33333333333333,0.33333333333333,0.31923720719982,0.4999899315514,0.5,0.5,0.50000623541752,1727070971071
28,0.39046322149597,0.33333333333333,0.33333333333333,0.31923720719982,0.50000144880313,0.5,0.5,0.50000623541752,1727070971103
28,0.37995687064238,0.33333333333333,0.33333333333333,0.31923720719982,0.49998918256523,0.5,0.5,0.50000623541752,1727070971138
28,0.36946131320644,0.33333333333333,0.33333333333333,0.31923720719982,0.49999979951996,0.5,0.5,0.50000623541752,1727070971154
28,0.36564813973584,0.33333333333333,0.33333333333333,0.31923720719982,0.50000177841482,0.5,0.5,0.50000623541752,1727070971171
28,0.34766938851557,0.33333333333333,0.33333333333333,0.31923720719982,0.49999304961879,0.5,0.5,0.50000623541752,1727070971188
28,0.34101456744449,0.33333333333333,0.33333333333333,0.31923720719982,0.49999923770064,0.5,0.5,0.50000623541752,1727070971213
28,0.33720810371849,0.33333333333333,0.33333333333333,0.31923720719982,0.49999316396159,0.5,0.5,0.50000623541752,1727070971237
28,0.32967179304948,0.33333333333333,0.33333333333333,0.31923720719982,0.49999512079661,0.5,0.5,0.50000623541752,1727070971254
28,0.31916785423519,0.33333333333333,0.33333333333333,0.31923720719982,0.499998666609,0.5,0.5,0.50000623541752,1727070971271
28,0.31163548796251,0.33333333333333,0.33333333333333,0.31923720719982,0.50000463213165,0.5,0.5,0.50000623541752,1727070971293
28,0.29736320921342,0.33333333333333,0.33333333333333,0.31923720719982,0.49999393480639,0.5,0.5,0.50000623541752,1727070971318
28,0.28309672902712,0.33333333333333,0.33333333333333,0.31923720719982,0.50000457254023,0.5,0.5,0.50000623541752,1727070971354
28,0.27928283261936,0.33333333333333,0.33333333333333,0.31923720719982,0.49999013023512,0.5,0.5,0.50000623541752,1727070971371
28,0.26878181577783,0.33333333333333,0.33333333333333,0.31923720719982,0.49999702475019,0.5,0.5,0.50000623541752,1727070971388
28,0.26498526099121,0.33333333333333,0.33333333333333,0.31923720719982,0.50000069116833,0.5,0.5,0.50000623541752,1727070971404
28,0.2507180237141,0.33333333333333,0.33333333333333,0.31923720719982,0.49999443602048,0.5,0.5,0.50000623541752,1727070971421
28,0.24022172190896,0.33333333333333,0.33333333333333,0.31923720719982,0.4999898248791,0.5,0.5,0.50000623541752,1727070971471
28,0.2364212170868,0.33333333333333,0.33333333333333,0.31923720719982,0.49998917318977,0.5,0.5,0.50000623541752,1727070971488
28,0.22977370575799,0.33333333333333,0.33333333333333,0.31923720719982,0.49998746322461,0.5,0.5,0.50000623541752,1727070971515
28,0.22597623003494,0.33333333333333,0.33333333333333,0.31923720719982,0.49999028712172,0.5,0.5,0.50000623541752,1727070971579
28,0.21171570906529,0.33333333333333,0.33333333333333,0.31923720719982,0.49999120211066,0.5,0.5,0.50000623541752,1727070971621
28,0.21839498817,0.33333333333333,0.33333333333333,0.31923720719982,0.499994100766,0.5,0.5,0.50000623541752,1727070972577
28,0.22891383509802,0.33333333333333,0.33333333333333,0.31923720719982,0.50000707160721,0.5,0.5,0.50000623541752,1727070972623
28,0.23280517208926,0.33333333333333,0.33333333333333,0.31923720719982,0.50000590614464,0.5,0.5,0.50000623541752,1727070972776
28,0.23947898430102,0.33333333333333,0.33333333333333,0.31923720719982,0.50000232167603,0.5,0.5,0.50000623541752,1727070972830
28,0.25000003850198,0.33333333333333,0.33333333333333,0.31923720719982,0.50000004245445,0.5,0.5,0.50000623541752,1727070972878
28,0.26051307701061,0.33333333333333,0.33333333333333,0.31923720719982,0.50000581520276,0.5,0.5,0.50000623541752,1727070972921
28,0.27102684261071,0.33333333333333,0.33333333333333,0.31923720719982,0.49999584500908,0.5,0.5,0.50000623541752,1727070972937
28,0.28154629591223,0.33333333333333,0.33333333333333,0.31923720719982,0.49999216874195,0.5,0.5,0.50000623541752,1727070972988
28,0.29205837338316,0.33333333333333,0.33333333333333,0.31923720719982,0.49999678078788,0.5,0.5,0.50000623541752,1727070973108
28,0.29594723528983,0.33333333333333,0.33333333333333,0.31923720719982,0.49999332395612,0.5,0.5,0.50000623541752,1727070973400
28,0.29594723528983,0.33333333333333,0.33333333333333,0.31923720719982,0.49999332395612,0.5,0.5,0.50000623541752,1727070974224
28,0.29594723528983,0.33333333333333,0.33333333333333,0.31923720719982,0.49999332395612,0.5,0.5,0.50000623541752,1727070976742
28,0.29594723528983,0.33333333333333,0.33333333333333,0.31923720719982,0.49999332395612,0.5,0.5,0.50000623541752,1727070977679
28,0.29594723528983,0.35049815115444,0.33333333333333,0.31923720719982,0.49999332395612,0.50000875993937,0.5,0.50000623541752,1727070977724
28,0.29594723528983,0.3543847465841,0.33333333333333,0.31923720719982,0.49999332395612,0.50001391445492,0.5,0.50000623541752,1727070977737
28,0.29594723528983,0.38206672004055,0.33333333333333,0.31923720719982,0.49999332395612,0.50000889976287,0.5,0.50000623541752,1727070977754
28,0.29594723528983,0.42027333574395,0.33333333333333,0.31923720719982,0.49999332395612,0.50000295073965,0.5,0.50000623541752,1727070977771
28,0.29594723528983,0.46239115190117,0.33333333333333,0.31923720719982,0.49999332395612,0.50000684767441,0.5,0.50000623541752,1727070977787
28,0.29594723528983,0.48623832950301,0.33333333333333,0.31923720719982,0.49999332395612,0.50000585923593,0.5,0.50000623541752,1727070977804
28,0.29594723528983,0.49674640865606,0.33333333333333,0.31923720719982,0.49999332395612,0.50000549117371,0.5,0.50000623541752,1727070977821
28,0.29594723528983,0.52059749314526,0.33333333333333,0.31923720719982,0.49999332395612,0.50000179354618,0.5,0.50000623541752,1727070977838
28,0.29594723528983,0.53776701259455,0.33333333333333,0.31923720719982,0.49999332395612,0.5000015524188,0.5,0.50000623541752,1727070977914
28,0.29594723528983,0.54444002802576,0.33333333333333,0.31923720719982,0.49999332395612,0.50000425122855,0.5,0.50000623541752,1727070977929
28,0.29594723528983,0.54831290085598,0.33333333333333,0.31923720719982,0.49999332395612,0.50000702778541,0.5,0.50000623541752,1727070977938
28,0.29594723528983,0.5549782612036,0.33333333333333,0.31923720719982,0.49999332395612,0.50000435197864,0.5,0.50000623541752,1727070977954
28,0.29594723528983,0.56165249702426,0.33333333333333,0.31923720719982,0.49999332395612,0.5000061415629,0.5,0.50000623541752,1727070977971
28,0.29594723528983,0.56831836525089,0.33333333333333,0.31923720719982,0.49999332395612,0.50000317441676,0.5,0.50000623541752,1727070977987
28,0.29594723528983,0.57219470131921,0.33333333333333,0.31923720719982,0.49999332395612,0.50000355307443,0.5,0.50000623541752,1727070978090
28,0.29594723528983,0.57886479529708,0.33333333333333,0.31923720719982,0.49999332395612,0.50000806695112,0.5,0.50000623541752,1727070978111
28,0.29594723528983,0.58553738026301,0.33333333333333,0.31923720719982,0.49999332395612,0.50000071347913,0.5,0.50000623541752,1727070978135
28,0.29594723528983,0.58941070998681,0.33333333333333,0.31923720719982,0.49999332395612,0.50000307032087,0.5,0.50000623541752,1727070978143
28,0.29594723528983,0.59607887534207,0.33333333333333,0.31923720719982,0.49999332395612,0.50000875292199,0.5,0.50000623541752,1727070978154
28,0.29594723528983,0.60275139420531,0.33333333333333,0.31923720719982,0.49999332395612,0.50000158525766,0.5,0.50000623541752,1727070978171
28,0.29594723528983,0.60941857107031,0.33333333333333,0.31923720719982,0.49999332395612,0.50000782530708,0.5,0.50000623541752,1727070978248
28,0.29594723528983,0.62659075846245,0.33333333333333,0.31923720719982,0.49999332395612,0.50000581244506,0.5,0.50000623541752,1727070978255
28,0.29594723528983,0.63710583835199,0.33333333333333,0.31923720719982,0.49999332395612,0.50000115221843,0.5,0.50000623541752,1727070978304
28,0.29594723528983,0.64761167366994,0.33333333333333,0.31923720719982,0.49999332395612,0.50000227932961,0.5,0.50000623541752,1727070978454
28,0.29594723528983,0.65428879445466,0.33333333333333,0.31923720719982,0.49999332395612,0.5000021419603,0.5,0.50000623541752,1727070978471
28,0.29594723528983,0.65815710826563,0.33333333333333,0.31923720719982,0.49999332395612,0.50000735941099,0.5,0.50000623541752,1727070978540
28,0.29594723528983,0.67151563398656,0.33333333333333,0.31923720719982,0.49999332395612,0.5000044530026,0.5,0.50000623541752,1727070979736
28,0.29594723528983,0.67818738279567,0.33333333333333,0.31923720719982,0.49999332395612,0.49999835620164,0.5,0.50000623541752,1727070979771
28,0.29594723528983,0.68485413755266,0.33333333333333,0.31923720719982,0.49999332395612,0.50000436468122,0.5,0.50000623541752,1727070979942
28,0.29594723528983,0.68485413755266,0.33333333333333,0.31923720719982,0.49999332395612,0.50000436468122,0.5,0.50000623541752,1727070980495
29,0.16666666666667,0.33333333333333,0.33333333333333,0.33333333333333,0.5,0.5,0.5,0.5,1727071010604
29,0.16666666666667,0.33333333333333,0.3405690596318,0.33333333333333,0.5,0.5,0.50000433770118,0.5,1727071010627
29,0.16666666666667,0.33333333333333,0.35505143532005,0.33333333333333,0.5,0.5,0.49999233526668,0.5,1727071010636
29,0.16666666666667,0.33333333333333,0.40837437835698,0.33333333333333,0.5,0.5,0.49999733435215,0.5,1727071010652
29,0.16666666666667,0.33333333333333,0.53720470567301,0.33333333333333,0.5,0.5,0.50000224341482,0.5,1727071010669
29,0.16666666666667,0.33333333333333,0.75846525625581,0.33333333333333,0.5,0.5,0.49999332342948,0.5,1727071010685
29,0.16666666666667,0.33333333333333,1.0,0.33333333333333,0.5,0.5,0.5,0.5,1727071010702
29,0.16666666666667,0.33333333333333,1.0,0.33333333333333,0.5,0.5,0.5,0.5,1727071010719
29,0.16666666666667,0.33333333333333,1.0,0.33333333333333,0.5,0.5,0.5,0.5,1727071011617
29,0.16666666666667,0.33333333333333,1.0,0.33333333333333,0.5,0.5,0.5,0.5,1727071012314
29,0.16666666666667,0.33333333333333,1.0,0.33333333333333,0.5,0.5,0.5,0.5,1727071013106
29,0.16666666666667,0.33333333333333,1.0,0.33333333333333,0.5,0.5,0.5,0.5,1727071013764
29,0.16666666666667,0.33333333333333,0.99277376504615,0.33333333333333,0.5,0.5,0.49998984810747,0.5,1727071013881
29,0.16666666666667,0.33333333333333,0.98555307756917,0.33333333333333,0.5,0.5,0.49999255174758,0.5,1727071013919
29,0.16666666666667,0.33333333333333,0.9783233724934,0.33333333333333,0.5,0.5,0.49999883972916,0.5,1727071013935
29,0.16666666666667,0.33333333333333,0.96387485090153,0.33333333333333,0.5,0.5,0.49999995776778,0.5,1727071013952
29,0.16666666666667,0.33333333333333,0.95932648715503,0.33333333333333,0.5,0.5,0.49998675527506,0.5,1727071013969
29,0.16666666666667,0.33333333333333,0.94487595336522,0.33333333333333,0.5,0.5,0.49999658138736,0.5,1727071013985
29,0.16666666666667,0.33333333333333,0.93764737446834,0.33333333333333,0.5,0.5,0.49999813358162,0.5,1727071014002
29,0.16666666666667,0.33333333333333,0.9403009472173,0.33333333333333,0.5,0.5,0.49999234384935,0.5,1727071014023
29,0.16666666666667,0.33333333333333,0.93308217210909,0.33333333333333,0.5,0.5,0.49998670088207,0.5,1727071014080
29,0.16666666666667,0.33333333333333,0.9285205604651,0.33333333333333,0.5,0.5,0.49999563961136,0.5,1727071014087
29,0.16666666666667,0.33333333333333,0.92129973692751,0.33333333333333,0.5,0.5,0.49999913682596,0.5,1727071014102
29,0.16666666666667,0.33333333333333,0.92395234701675,0.33333333333333,0.5,0.5,0.49999756702663,0.5,1727071014127
29,0.16666666666667,0.33333333333333,0.91672519808796,0.33333333333333,0.5,0.5,0.49999272198626,0.5,1727071014151
29,0.16666666666667,0.33333333333333,0.90949639317929,0.33333333333333,0.5,0.5,0.49999531060284,0.5,1727071014159
29,0.16666666666667,0.33333333333333,0.9121494130046,0.33333333333333,0.5,0.5,0.49999188359755,0.5,1727071014175
29,0.16666666666667,0.33333333333333,0.90492782110544,0.33333333333333,0.5,0.5,0.4999988978366,0.5,1727071014191
29,0.16666666666667,0.33333333333333,0.89770210331445,0.33333333333333,0.5,0.5,0.49998743778651,0.5,1727071014207
29,0.16666666666667,0.33333333333333,0.8904735962907,0.33333333333333,0.5,0.5,0.49998866552892,0.5,1727071014252
29,0.16666666666667,0.33333333333333,0.88592031536231,0.33333333333333,0.5,0.5,0.49999727890788,0.5,1727071014269
29,0.16666666666667,0.33333333333333,0.88136790519105,0.33333333333333,0.5,0.5,0.5000019231183,0.5,1727071014293
29,0.16666666666667,0.33333333333333,0.87413954533334,0.33333333333333,0.5,0.5,0.50000257492223,0.5,1727071014302
29,0.16666666666667,0.33333333333333,0.8695892313671,0.33333333333333,0.5,0.5,0.49999746502163,0.5,1727071014333
29,0.16666666666667,0.33333333333333,0.86503102504516,0.33333333333333,0.5,0.5,0.49999093161739,0.5,1727071014369
29,0.16666666666667,0.33333333333333,0.85780994359837,0.33333333333333,0.5,0.5,0.4999958201615,0.5,1727071014389
29,0.16666666666667,0.33333333333333,0.85326058287919,0.33333333333333,0.5,0.5,0.49998607309835,0.5,1727071014555
29,0.16666666666667,0.33333333333333,0.84603071312863,0.33333333333333,0.5,0.5,0.49999386563068,0.5,1727071021502
29,0.16666666666667,0.33333333333333,0.83880241137348,0.33333333333333,0.5,0.5,0.49999420507668,0.5,1727071021568
29,0.16666666666667,0.33333333333333,0.83158172280863,0.33333333333333,0.5,0.5,0.499997327986,0.5,1727071021627
29,0.16666666666667,0.33333333333333,0.82435529370895,0.33333333333333,0.5,0.5,0.49998854908742,0.5,1727071021737
29,0.16666666666667,0.33333333333333,0.83158142182066,0.33333333333333,0.5,0.5,0.49999878822519,0.5,1727071025842
29,0.16666666666667,0.33333333333333,0.83158142182066,0.33333333333333,0.5,0.5,0.49999878822519,0.5,1727071026347
29,0.16666666666667,0.33333333333333,0.83158142182066,0.33333333333333,0.5,0.5,0.49999878822519,0.5,1727071028400
29,0.16666666666667,0.33333333333333,0.83158142182066,0.33333333333333,0.5,0.5,0.49999878822519,0.5,1727071029096
29,0.16666666666667,0.33333333333333,0.83158142182066,0.33333333333333,0.5,0.5,0.49999878822519,0.5,1727071029952
29,0.16666666666667,0.33333333333333,0.83158142182066,0.33333333333333,0.5,0.5,0.49999878822519,0.5,1727071030640
29,0.16666666666667,0.33333333333333,0.83158142182066,0.33333333333333,0.5,0.5,0.49999878822519,0.5,1727071031124
29,0.16666666666667,0.33333333333333,0.83158142182066,0.34000281528169,0.5,0.5,0.49999878822519,0.50000263074158,1727071031210
29,0.16666666666667,0.33333333333333,0.83158142182066,0.35052111746524,0.5,0.5,0.49999878822519,0.49999820105186,1727071031251
29,0.16666666666667,0.33333333333333,0.83158142182066,0.36103602868305,0.5,0.5,0.49999878822519,0.50000474552032,1727071031268
29,0.16666666666667,0.33333333333333,0.83158142182066,0.37820597696848,0.5,0.5,0.49999878822519,0.50000524552506,1727071031284
29,0.16666666666667,0.33333333333333,0.83158142182066,0.3953744332279,0.5,0.5,0.49999878822519,0.49999130158909,1727071031301
29,0.16666666666667,0.33333333333333,0.83158142182066,0.4125459695003,0.5,0.5,0.49999878822519,0.49999344553355,1727071031318
29,0.16666666666667,0.33333333333333,0.83158142182066,0.4335771658903,0.5,0.5,0.49999878822519,0.49999399171132,1727071031334
29,0.16666666666667,0.33333333333333,0.83158142182066,0.44410069222186,0.5,0.5,0.49999878822519,0.49999443977489,1727071031351
29,0.16666666666667,0.33333333333333,0.83158142182066,0.46794632927041,0.5,0.5,0.49999878822519,0.49999422758763,1727071031368
29,0.16666666666667,0.33333333333333,0.83158142182066,0.48511390303391,0.5,0.5,0.49999878822519,0.49999311965028,1727071031384
29,0.16666666666667,0.33333333333333,0.83158142182066,0.51279322548608,0.5,0.5,0.49999878822519,0.49999510353435,1727071031401
29,0.16666666666667,0.33333333333333,0.83158142182066,0.52721210887717,0.5,0.5,0.49999878822519,0.49999767629661,1727071031423
29,0.16666666666667,0.33333333333333,0.83158142182066,0.5338771361623,0.5,0.5,0.49999878822519,0.50000014987058,1727071031439
29,0.16666666666667,0.33333333333333,0.83158142182066,0.54439297770562,0.5,0.5,0.49999878822519,0.49999512634219,1727071031451
29,0.16666666666667,0.33333333333333,0.83158142182066,0.55106123065261,0.5,0.5,0.49999878822519,0.49999978815109,1727071031471
29,0.16666666666667,0.33333333333333,0.83158142182066,0.56157531109708,0.5,0.5,0.49999878822519,0.49999367928973,1727071031484
29,0.16666666666667,0.33333333333333,0.83158142182066,0.56544331771063,0.5,0.5,0.49999878822519,0.49999808246104,1727071031501
29,0.16666666666667,0.33333333333333,0.83158142182066,0.57212028622299,0.5,0.5,0.49999878822519,0.49999812850442,1727071031518
29,0.16666666666667,0.33333333333333,0.83158142182066,0.57879103561326,0.5,0.5,0.49999878822519,0.49999403669422,1727071032082
29,0.16666666666667,0.33333333333333,0.83158142182066,0.5826625299668,0.5,0.5,0.49999878822519,0.50000065650293,1727071032089
29,0.16666666666667,0.33333333333333,0.83158142182066,0.58933505787961,0.5,0.5,0.49999878822519,0.49999776425789,1727071032101
29,0.16666666666667,0.33333333333333,0.83158142182066,0.5932032396121,0.5,0.5,0.49999878822519,0.49999205896391,1727071032118
29,0.16666666666667,0.33333333333333,0.83158142182066,0.59987494031105,0.5,0.5,0.49999878822519,0.4999987137442,1727071032134
29,0.16666666666667,0.33333333333333,0.83158142182066,0.60654579184863,0.5,0.5,0.49999878822519,0.49999481571427,1727071032151
29,0.16666666666667,0.33333333333333,0.83158142182066,0.62095330712542,0.5,0.5,0.49999878822519,0.49999965878539,1727071032168
29,0.16666666666667,0.33333333333333,0.83158142182066,0.62762335353373,0.5,0.5,0.49999878822519,0.49999534140264,1727071032191
29,0.16666666666667,0.33333333333333,0.83158142182066,0.62762335353373,0.5,0.5,0.49999878822519,0.49999534140264,1727071032755
29,0.16666666666667,0.33333333333333,0.83158142182066,0.62762335353373,0.5,0.5,0.49999878822519,0.49999534140264,1727071035566
29,0.17335098072804,0.33333333333333,0.83158142182066,0.62762335353373,0.50001630362803,0.5,0.49999878822519,0.49999534140264,1727071035613
29,0.18673631080945,0.33333333333333,0.83158142182066,0.62762335353373,0.49999728495212,0.5,0.49999878822519,0.49999534140264,1727071035725
29,0.20013117712873,0.33333333333333,0.83158142182066,0.62762335353373,0.50000992125021,0.5,0.49999878822519,0.49999534140264,1727071035739
29,0.2068079170403,0.33333333333333,0.83158142182066,0.62762335353373,0.50000955517693,0.5,0.49999878822519,0.49999534140264,1727071035751
29,0.22692799382919,0.33333333333333,0.83158142182066,0.62762335353373,0.50000568393516,0.5,0.49999878822519,0.49999534140264,1727071035767
29,0.24031505521304,0.33333333333333,0.83158142182066,0.62762335353373,0.50000827911003,0.5,0.49999878822519,0.49999534140264,1727071035784
29,0.2469952261155,0.33333333333333,0.83158142182066,0.62762335353373,0.50001177070003,0.5,0.49999878822519,0.49999534140264,1727071035803
29,0.25366761568171,0.33333333333333,0.83158142182066,0.62762335353373,0.50000665228469,0.5,0.49999878822519,0.49999534140264,1727071035851
29,0.26034627359158,0.33333333333333,0.83158142182066,0.62762335353373,0.50000843936718,0.5,0.49999878822519,0.49999534140264,1727071035867
29,0.26702648871198,0.33333333333333,0.83158142182066,0.62762335353373,0.50001184076167,0.5,0.49999878822519,0.49999534140264,1727071035884
29,0.2841916199024,0.33333333333333,0.83158142182066,0.62762335353373,0.50000722921229,0.5,0.49999878822519,0.49999534140264,1727071035901
29,0.29086673609081,0.33333333333333,0.83158142182066,0.62762335353373,0.50000529816019,0.5,0.49999878822519,0.49999534140264,1727071035931
29,0.29754709061946,0.33333333333333,0.83158142182066,0.62762335353373,0.50000868865755,0.5,0.49999878822519,0.49999534140264,1727071035969
29,0.30805902086118,0.33333333333333,0.83158142182066,0.62762335353373,0.49999751275972,0.5,0.49999878822519,0.49999534140264,1727071035984
29,0.31473265497224,0.33333333333333,0.83158142182066,0.62762335353373,0.50000935069061,0.5,0.49999878822519,0.49999534140264,1727071036001
29,0.32141170494895,0.33333333333333,0.83158142182066,0.62762335353373,0.50001129352879,0.5,0.49999878822519,0.49999534140264,1727071036017
29,0.33192286664836,0.33333333333333,0.83158142182066,0.62762335353373,0.49999980078025,0.5,0.49999878822519,0.49999534140264,1727071036041
29,0.33860191330017,0.33333333333333,0.83158142182066,0.62762335353373,0.50000179214016,0.5,0.49999878822519,0.49999534140264,1727071036159
29,0.33860191330017,0.33333333333333,0.83158142182066,0.62762335353373,0.50000179214016,0.5,0.49999878822519,0.49999534140264,1727071038393
30,0.16666666666667,0.66666666666667,0.5,0.0,0.5,0.5,0.5,0.5,1727071042845
30,0.16666666666667,0.66666666666667,0.51447433072222,0.0,0.5,0.5,0.49998789964193,0.5,1727071042948
30,0.16666666666667,0.66666666666667,0.52170903086009,0.0,0.5,0.5,0.49999963151742,0.5,1727071042956
30,0.16666666666667,0.66666666666667,0.53618343675212,0.0,0.5,0.5,0.49998903821168,0.5,1727071042968
30,0.16666666666667,0.66666666666667,0.54341860167536,0.0,0.5,0.5,0.49999736485318,0.5,1727071042987
30,0.16666666666667,0.66666666666667,0.55064812053938,0.0,0.5,0.5,0.49998889503297,0.5,1727071043001
30,0.16666666666667,0.66666666666667,0.55788239325923,0.0,0.5,0.5,0.50000286883796,0.5,1727071043138
30,0.16666666666667,0.66666666666667,0.56511226660059,0.0,0.5,0.5,0.49999221849916,0.5,1727071044002
30,0.16666666666667,0.66666666666667,0.57234910943705,0.0,0.5,0.5,0.49998951782485,0.5,1727071044064
30,0.16666666666667,0.66666666666667,0.57957783165269,0.0,0.5,0.5,0.49998645072636,0.5,1727071044101
30,0.16666666666667,0.66666666666667,0.58681287807273,0.0,0.5,0.5,0.49999511099189,0.5,1727071044192
30,0.16666666666667,0.66666666666667,0.59404202760674,0.0,0.5,0.5,0.49998939198467,0.5,1727071044201
30,0.16666666666667,0.66666666666667,0.60127893503865,0.0,0.5,0.5,0.49998640896959,0.5,1727071044350
30,0.16666666666667,0.66666666666667,0.60850663776944,0.0,0.5,0.5,0.49998970248902,0.5,1727071044368
30,0.16666666666667,0.66666666666667,0.61316185943034,0.0,0.5,0.5,0.50000557951875,0.5,1727071044385
30,0.16666666666667,0.66666666666667,0.62039288793099,0.0,0.5,0.5,0.49998861906689,0.5,1727071044476
30,0.16666666666667,0.66666666666667,0.62763046898744,0.0,0.5,0.5,0.49998170454144,0.5,1727071045228
30,0.16666666666667,0.66666666666667,0.63485665626185,0.0,0.5,0.5,0.4999939250404,0.5,1727071045316
30,0.16666666666667,0.66666666666667,0.6420931966947,0.0,0.5,0.5,0.49999320037219,0.5,1727071045351
30,0.16666666666667,0.66666666666667,0.64932080431441,0.0,0.5,0.5,0.49999684481368,0.5,1727071045367
30,0.16666666666667,0.66666666666667,0.64932080431441,0.0,0.5,0.5,0.49999684481368,0.5,1727071047636
30,0.16666666666667,0.66666666666667,0.64932080431441,0.0,0.5,0.5,0.49999684481368,0.5,1727071050425
30,0.15342166278136,0.66666666666667,0.64932080431441,0.0,0.50000857991937,0.5,0.49999684481368,0.5,1727071050464
30,0.13625366717922,0.66666666666667,0.64932080431441,0.0,0.50001072431039,0.5,0.49999684481368,0.5,1727071050472
30,0.11245622359185,0.66666666666667,0.64932080431441,0.0,0.50001531692853,0.5,0.49999684481368,0.5,1727071050484
30,0.01903784704732,0.66666666666667,0.64932080431441,0.0,0.50001450423322,0.5,0.49999684481368,0.5,1727071050501
30,0.0,0.66666666666667,0.64932080431441,0.0,0.5,0.5,0.49999684481368,0.5,1727071050517
30,0.0,0.66666666666667,0.64932080431441,0.0,0.5,0.5,0.49999684481368,0.5,1727071050534
30,0.0,0.66666666666667,0.64932080431441,0.0,0.5,0.5,0.49999684481368,0.5,1727071050550
30,0.0,0.66666666666667,0.64932080431441,0.0,0.5,0.5,0.49999684481368,0.5,1727071050567
30,0.0,0.66666666666667,0.64932080431441,0.0,0.5,0.5,0.49999684481368,0.5,1727071050662
30,0.0,0.66666666666667,0.64932080431441,0.0,0.5,0.5,0.49999684481368,0.5,1727071051503
30,0.0,0.64676035876739,0.64932080431441,0.0,0.5,0.49999599604552,0.49999684481368,0.5,1727071051532
30,0.0,0.62684891637304,0.64932080431441,0.0,0.5,0.49999826303023,0.49999684481368,0.5,1727071051539
30,0.0,0.59639956855747,0.64932080431441,0.0,0.5,0.50000028103362,0.49999684481368,0.5,1727071051550
30,0.0,0.53826481915917,0.64932080431441,0.0,0.5,0.49999770541306,0.49999684481368,0.5,1727071051567
30,0.0,0.50392362243621,0.64932080431441,0.0,0.5,0.49999960107753,0.49999684481368,0.5,1727071051584
30,0.0,0.44579373251029,0.64932080431441,0.0,0.5,0.49999277584207,0.49999684481368,0.5,1727071051600
30,0.0,0.35995852346633,0.64932080431441,0.0,0.5,0.49999577227943,0.49999684481368,0.5,1727071051617
30,0.0,0.28468421500233,0.64932080431441,0.0,0.5,0.49999248109465,0.49999684481368,0.5,1727071051634
30,0.0,0.22815341017873,0.64932080431441,0.0,0.5,0.50000050269575,0.49999684481368,0.5,1727071051650
30,0.0,0.16105438065535,0.64932080431441,0.0,0.5,0.49998896578483,0.49999684481368,0.5,1727071051667
30,0.0,0.07064524086509,0.64932080431441,0.0,0.5,0.50000156981311,0.49999684481368,0.5,1727071051684
30,0.0,0.00603527196161,0.64932080431441,0.0,0.5,0.49999030415493,0.49999684481368,0.5,1727071051700
30,0.0,-0.0,0.64932080431441,0.0,0.5,0.5,0.49999684481368,0.5,1727071051717
30,0.0,-0.0,0.64932080431441,0.0,0.5,0.5,0.49999684481368,0.5,1727071051734
30,0.0,-0.0,0.64932080431441,0.0,0.5,0.5,0.49999684481368,0.5,1727071051750
30,0.0,-0.0,0.64932080431441,0.0,0.5,0.5,0.49999684481368,0.5,1727071051767
30,0.0,-0.0,0.64932080431441,0.0,0.5,0.5,0.49999684481368,0.5,1727071051784
30,0.0,-0.0,0.64932080431441,0.0,0.5,0.5,0.49999684481368,0.5,1727071051801
30,0.0,-0.0,0.64932080431441,0.0,0.5,0.5,0.49999684481368,0.5,1727071051817
30,0.0,-0.0,0.64932080431441,0.0,0.5,0.5,0.49999684481368,0.5,1727071051834
30,0.0,-0.0,0.64932080431441,0.0,0.5,0.5,0.49999684481368,0.5,1727071051850
30,0.0,-0.0,0.64932080431441,0.0,0.5,0.5,0.49999684481368,0.5,1727071051867
30,0.0,-0.0,0.64932080431441,0.0,0.5,0.5,0.49999684481368,0.5,1727071051884
30,0.0,-0.0,0.64932080431441,0.0,0.5,0.5,0.49999684481368,0.5,1727071051900
30,0.0,-0.0,0.64932080431441,0.0,0.5,0.5,0.49999684481368,0.5,1727071051917
30,0.0,-0.0,0.64932080431441,0.0,0.5,0.5,0.49999684481368,0.5,1727071051934
30,0.0,-0.0,0.64932080431441,0.0,0.5,0.5,0.49999684481368,0.5,1727071051950
30,0.0,-0.0,0.64932080431441,0.0,0.5,0.5,0.49999684481368,0.5,1727071051967
30,0.0,0.00669312294477,0.64932080431441,0.0,0.5,0.49999824899097,0.49999684481368,0.5,1727071052040
30,0.0,0.02012213266774,0.64932080431441,0.0,0.5,0.50000192725992,0.49999684481368,0.5,1727071052050
30,0.0,0.08214354964135,0.64932080431441,0.0,0.5,0.49999155422114,0.49999684481368,0.5,1727071052067
30,0.0,0.12319541207304,0.64932080431441,0.0,0.5,0.49998404991763,0.49999684481368,0.5,1727071052072
30,0.0,0.12319541207304,0.64932080431441,0.0,0.5,0.49998404991763,0.49999684481368,0.5,1727071052072
30,0.0,0.12319541207304,0.64932080431441,0.0,0.5,0.49998404991763,0.49999684481368,0.5,1727071053134
30,0.0,0.10339352508617,0.64932080431441,0.0,0.5,0.49998610004158,0.49999684481368,0.5,1727071053204
30,0.0,0.0901592192774,0.64932080431441,0.0,0.5,0.49999129128262,0.49999684481368,0.5,1727071053217
30,0.0,0.02333732209233,0.64932080431441,0.0,0.5,0.50000229829578,0.49999684481368,0.5,1727071053234
30,0.0,-0.0,0.64932080431441,0.0,0.5,0.5,0.49999684481368,0.5,1727071053250
30,0.0,-0.0,0.64932080431441,0.0,0.5,0.5,0.49999684481368,0.5,1727071053267
30,0.0,-0.0,0.64932080431441,0.0,0.5,0.5,0.49999684481368,0.5,1727071053284
30,0.0,-0.0,0.64932080431441,0.0,0.5,0.5,0.49999684481368,0.5,1727071053300
30,0.0,-0.0,0.64932080431441,0.0,0.5,0.5,0.49999684481368,0.5,1727071053317
30,0.0,-0.0,0.64932080431441,0.0,0.5,0.5,0.49999684481368,0.5,1727071053334
30,0.0,-0.0,0.64932080431441,0.0,0.5,0.5,0.49999684481368,0.5,1727071053384
30,0.0,-0.0,0.64932080431441,0.0,0.5,0.5,0.49999684481368,0.5,1727071053401
30,0.0,-0.0,0.64932080431441,0.0,0.5,0.5,0.49999684481368,0.5,1727071053417
30,0.0,-0.0,0.64932080431441,0.0,0.5,0.5,0.49999684481368,0.5,1727071053434
30,0.0,-0.0,0.64932080431441,0.0,0.5,0.5,0.49999684481368,0.5,1727071053450
30,0.0,-0.0,0.64932080431441,0.0,0.5,0.5,0.49999684481368,0.5,1727071053458
30,0.0,-0.0,0.64932080431441,0.0,0.5,0.5,0.49999684481368,0.5,1727071054329
30,0.0,-0.0,0.64932080431441,0.00668628058025,0.5,0.5,0.49999684481368,0.49998705449316,1727071054352
30,0.0,-0.0,0.64932080431441,0.01337826887795,0.5,0.5,0.49999684481368,0.4999867148244,1727071054400
30,0.0,-0.0,0.64932080431441,0.04105736154998,0.5,0.5,0.49999684481368,0.49999208795967,1727071054417
30,0.0,-0.0,0.64932080431441,0.04774994594667,0.5,0.5,0.49999684481368,0.4999927781629,1727071054440
30,0.0,-0.0,0.64932080431441,0.07542490925207,0.5,0.5,0.49999684481368,0.49999007210212,1727071054450
30,0.0,-0.0,0.64932080431441,0.08594935986125,0.5,0.5,0.49999684481368,0.49999263749686,1727071054467
30,0.0,-0.0,0.64932080431441,0.099357633954,0.5,0.5,0.49999684481368,0.50000597759928,1727071054484
30,0.0,-0.0,0.64932080431441,0.13756980219466,0.5,0.5,0.49999684481368,0.5000008128684,1727071054500
30,0.0,-0.0,0.64932080431441,0.17578076695403,0.5,0.5,0.49999684481368,0.49999501679191,1727071054517
30,0.0,-0.0,0.64932080431441,0.2168133297774,0.5,0.5,0.49999684481368,0.4999975731361,1727071054534
30,0.0,-0.0,0.64932080431441,0.23398257048907,0.5,0.5,0.49999684481368,0.49999767055499,1727071054550
30,0.0,-0.0,0.64932080431441,0.24065964792327,0.5,0.5,0.49999684481368,0.4999978756984,1727071054567
30,0.0,-0.0,0.64932080431441,0.26452195618416,0.5,0.5,0.49999684481368,0.49999879908723,1727071054584
30,0.0,-0.0,0.64932080431441,0.30272290235598,0.5,0.5,0.49999684481368,0.4999998258731,1727071054600
30,0.0,-0.0,0.64932080431441,0.34676359112485,0.5,0.5,0.49999684481368,0.49999478972261,1727071054617
30,0.0,-0.0,0.64932080431441,0.40123191843798,0.5,0.5,0.49999684481368,0.50000097291137,1727071054634
30,0.0,-0.0,0.64932080431441,0.48278041777767,0.5,0.5,0.49999684481368,0.49999684180399,1727071054650
30,0.0,-0.0,0.64932080431441,0.56426426265973,0.5,0.5,0.49999684481368,0.50000184452204,1727071054667
30,0.0,-0.0,0.64932080431441,0.64570546521453,0.5,0.5,0.49999684481368,0.49999862916846,1727071054684
30,0.0,-0.0,0.64932080431441,0.77191332212852,0.5,0.5,0.49999684481368,0.49999473721639,1727071054700
30,0.0,-0.0,0.64932080431441,0.8808934795538,0.5,0.5,0.49999684481368,0.5000005713014,1727071054717
30,0.0,-0.0,0.64932080431441,1.0,0.5,0.5,0.49999684481368,0.5,1727071054734
30,0.0,-0.0,0.64932080431441,1.0,0.5,0.5,0.49999684481368,0.5,1727071054750
30,0.0,-0.0,0.64932080431441,1.0,0.5,0.5,0.49999684481368,0.5,1727071054767
30,0.0,-0.0,0.64932080431441,1.0,0.5,0.5,0.49999684481368,0.5,1727071054784
30,0.0,-0.0,0.64932080431441,1.0,0.5,0.5,0.49999684481368,0.5,1727071054800
30,0.0,-0.0,0.64932080431441,1.0,0.5,0.5,0.49999684481368,0.5,1727071054817
30,0.0,-0.0,0.64932080431441,1.0,0.5,0.5,0.49999684481368,0.5,1727071054834
30,0.0,-0.0,0.64932080431441,1.0,0.5,0.5,0.49999684481368,0.5,1727071055072
30,0.0,-0.0,0.64932080431441,1.0,0.5,0.5,0.49999684481368,0.5,1727071058099
30,0.0,-0.0,0.65655896522886,1.0,0.5,0.5,0.499986728937,0.5,1727071058114
30,0.0,-0.0,0.65921895548226,1.0,0.5,0.5,0.49998938887323,0.5,1727071058376
30,0.0,-0.0,0.6519902008771,1.0,0.5,0.5,0.49999239714377,0.5,1727071058732
30,0.0,-0.0,0.64477075301732,1.0,0.5,0.5,0.4999888815541,0.5,1727071058938
30,0.0,-0.0,0.64022809217152,1.0,0.5,0.5,0.49998552615303,0.5,1727071058983
30,0.0,-0.0,0.64022809217152,1.0,0.5,0.5,0.49998552615303,0.5,1727071059436
31,0.5,0.16666666666667,0.83333333333333,0.5,0.5,0.5,0.5,0.5,1727071067635
31,0.5,0.16666666666667,0.83333333333333,0.5,0.5,0.5,0.5,0.5,1727071069013
31,0.51051119400184,0.16666666666667,0.83333333333333,0.5,0.50000253853422,0.5,0.5,0.5,1727071069068
31,0.5315428977964,0.16666666666667,0.83333333333333,0.5,0.49999227661084,0.5,0.5,0.5,1727071069083
31,0.59945915317255,0.16666666666667,0.83333333333333,0.5,0.49999845186273,0.5,0.5,0.5,1727071069100
31,0.7081015371552,0.16666666666667,0.83333333333333,0.5,0.49999645808203,0.5,0.5,0.5,1727071069116
31,0.85462640599904,0.16666666666667,0.83333333333333,0.5,0.4999978222707,0.5,0.5,0.5,1727071069133
31,1.0,0.16666666666667,0.83333333333333,0.5,0.5,0.5,0.5,0.5,1727071069150
31,1.0,0.16666666666667,0.83333333333333,0.5,0.5,0.5,0.5,0.5,1727071069166
31,1.0,0.16666666666667,0.83333333333333,0.5,0.5,0.5,0.5,0.5,1727071069183
31,1.0,0.16666666666667,0.83333333333333,0.5,0.5,0.5,0.5,0.5,1727071069200
31,1.0,0.16666666666667,0.83333333333333,0.5,0.5,0.5,0.5,0.5,1727071069216
31,1.0,0.16666666666667,0.83333333333333,0.5,0.5,0.5,0.5,0.5,1727071069233
31,1.0,0.16666666666667,0.83333333333333,0.5,0.5,0.5,0.5,0.5,1727071069249
31,1.0,0.16666666666667,0.83333333333333,0.5,0.5,0.5,0.5,0.5,1727071069266
31,1.0,0.16666666666667,0.83333333333333,0.5,0.5,0.5,0.5,0.5,1727071069283
31,1.0,0.16666666666667,0.83333333333333,0.5,0.5,0.5,0.5,0.5,1727071069299
31,1.0,0.16666666666667,0.83333333333333,0.5,0.5,0.5,0.5,0.5,1727071069316
31,1.0,0.16666666666667,0.83333333333333,0.5,0.5,0.5,0.5,0.5,1727071069333
31,1.0,0.16666666666667,0.83333333333333,0.5,0.5,0.5,0.5,0.5,1727071069350
31,1.0,0.16666666666667,0.83333333333333,0.5,0.5,0.5,0.5,0.5,1727071069366
31,1.0,0.16666666666667,0.83333333333333,0.5,0.5,0.5,0.5,0.5,1727071069383
31,1.0,0.16666666666667,0.83333333333333,0.5,0.5,0.5,0.5,0.5,1727071069400
31,1.0,0.16666666666667,0.83333333333333,0.5,0.5,0.5,0.5,0.5,1727071069416
31,1.0,0.16666666666667,0.83333333333333,0.5,0.5,0.5,0.5,0.5,1727071069433
31,1.0,0.16666666666667,0.83333333333333,0.5,0.5,0.5,0.5,0.5,1727071069450
31,1.0,0.16666666666667,0.83333333333333,0.5,0.5,0.5,0.5,0.5,1727071069510
31,1.0,0.16666666666667,0.83333333333333,0.5,0.5,0.5,0.5,0.5,1727071070145
31,1.0,0.16286963202458,0.83333333333333,0.5,0.5,0.5000097361961,0.5,0.5,1727071070216
31,1.0,0.16955337291267,0.83333333333333,0.5,0.5,0.50000062187943,0.5,0.5,1727071070234
31,1.0,0.18294170002,0.83333333333333,0.5,0.5,0.4999958759661,0.5,0.5,1727071070249
31,1.0,0.19633335378358,0.83333333333333,0.5,0.5,0.50000630931616,0.5,0.5,1727071070267
31,1.0,0.23067708391075,0.83333333333333,0.5,0.5,0.49999981552613,0.5,0.5,1727071070283
31,1.0,0.24784488283531,0.83333333333333,0.5,0.5,0.50000140755745,0.5,0.5,1727071070299
31,1.0,0.26501519566679,0.83333333333333,0.5,0.5,0.50000020227136,0.5,0.5,1727071070316
31,1.0,0.27839480662929,0.83333333333333,0.5,0.5,0.50000541878912,0.5,0.5,1727071070333
31,1.0,0.28891224615805,0.83333333333333,0.5,0.5,0.49999534123461,0.5,0.5,1727071070350
31,1.0,0.29942800925384,0.83333333333333,0.5,0.5,0.50000276952812,0.5,0.5,1727071070383
31,1.0,0.30610156048398,0.83333333333333,0.5,0.5,0.50000607920933,0.5,0.5,1727071070400
31,1.0,0.31661562831888,0.83333333333333,0.5,0.5,0.49999976287144,0.5,0.5,1727071070416
31,1.0,0.32329651672953,0.83333333333333,0.5,0.5,0.49999595224993,0.5,0.5,1727071070433
31,1.0,0.33380770643656,0.83333333333333,0.5,0.5,0.50000725103679,0.5,0.5,1727071070461
31,1.0,0.34431755454872,0.83333333333333,0.5,0.5,0.50000512293345,0.5,0.5,1727071070524
31,1.0,0.35483360306807,0.83333333333333,0.5,0.5,0.49999741685123,0.5,0.5,1727071070566
31,1.0,0.36150799900187,0.83333333333333,0.5,0.5,0.49999972348794,0.5,0.5,1727071070583
31,1.0,0.37202767026683,0.83333333333333,0.5,0.5,0.50000274674243,0.5,0.5,1727071070600
31,1.0,0.3825395153904,0.83333333333333,0.5,0.5,0.49999908145043,0.5,0.5,1727071070616
31,1.0,0.3892095438646,0.83333333333333,0.5,0.5,0.5000050377526,0.5,0.5,1727071070633
31,1.0,0.39308961612219,0.83333333333333,0.5,0.5,0.50000230751881,0.5,0.5,1727071070650
31,1.0,0.39976286816238,0.83333333333333,0.5,0.5,0.50000539873069,0.5,0.5,1727071070666
31,1.0,0.41027901560176,0.83333333333333,0.5,0.5,0.49999825275568,0.5,0.5,1727071070690
31,1.0,0.4169509997129,0.83333333333333,0.5,0.5,0.50000235298582,0.5,0.5,1727071070733
31,1.0,0.42082814016175,0.83333333333333,0.5,0.5,0.50000216073627,0.5,0.5,1727071070749
31,1.0,0.42750456735103,0.83333333333333,0.5,0.5,0.50000254297945,0.5,0.5,1727071070866
31,1.0,0.43417596526973,0.83333333333333,0.5,0.5,0.50000697052885,0.5,0.5,1727071070884
31,1.0,0.44469210453643,0.83333333333333,0.5,0.5,0.50000016123074,0.5,0.5,1727071070900
31,1.0,0.45136141954502,0.83333333333333,0.5,0.5,0.5000061402887,0.5,0.5,1727071072108
31,1.0,0.45136141954502,0.83333333333333,0.5,0.5,0.5000061402887,0.5,0.5,1727071074888
32,0.66666666666667,0.66666666666667,0.83333333333333,1.0,0.5,0.5,0.5,0.5,1727071078809
32,0.66666666666667,0.66666666666667,0.83598831608547,1.0,0.5,0.5,0.49998509276838,0.5,1727071078856
32,0.66666666666667,0.66666666666667,0.82876772074227,1.0,0.5,0.5,0.49998770935442,0.5,1727071078872
32,0.66666666666667,0.66666666666667,0.82153833138111,1.0,0.5,0.5,0.4999933386322,0.5,1727071078882
32,0.66666666666667,0.66666666666667,0.7998871367734,1.0,0.5,0.5,0.49998955243956,0.5,1727071078899
32,0.66666666666667,0.66666666666667,0.7737575098414,1.0,0.5,0.5,0.49998913010664,0.5,1727071078916
32,0.66666666666667,0.66666666666667,0.73769765431173,1.0,0.5,0.5,0.49999192616627,0.5,1727071078932
32,0.66666666666667,0.66666666666667,0.69445846970429,1.0,0.5,0.5,0.49999612960936,0.5,1727071078949
32,0.66666666666667,0.66666666666667,0.68002015626948,1.0,0.5,0.5,0.49998613758476,0.5,1727071078966
32,0.66666666666667,0.66666666666667,0.64397482820326,1.0,0.5,0.5,0.49999993273083,0.5,1727071078982
32,0.66666666666667,0.66666666666667,0.60075604122372,1.0,0.5,0.5,0.49998017690758,0.5,1727071078999
32,0.66666666666667,0.66666666666667,0.55753132461854,1.0,0.5,0.5,0.49999683594694,0.5,1727071079016
32,0.66666666666667,0.66666666666667,0.52150494193113,1.0,0.5,0.5,0.49999581829064,0.5,1727071079032
32,0.66666666666667,0.66666666666667,0.48547732027753,1.0,0.5,0.5,0.50000354037765,0.5,1727071079049
32,0.66666666666667,0.66666666666667,0.47103858210856,1.0,0.5,0.5,0.49999389154097,0.5,1727071079066
32,0.66666666666667,0.66666666666667,0.4494022487292,1.0,0.5,0.5,0.49999955952997,0.5,1727071079082
32,0.66666666666667,0.66666666666667,0.42057165078481,1.0,0.5,0.5,0.49999614680017,0.5,1727071079099
32,0.66666666666667,0.66666666666667,0.37739986395596,1.0,0.5,0.5,0.49998679223986,0.5,1727071079116
32,0.66666666666667,0.66666666666667,0.34857532361053,1.0,0.5,0.5,0.50000101214631,0.5,1727071079132
32,0.66666666666667,0.66666666666667,0.28114932790743,1.0,0.5,0.5,0.49998192439382,0.5,1727071079149
32,0.66666666666667,0.66666666666667,0.13695343717849,1.0,0.5,0.5,0.49997251143546,0.5,1727071079166
32,0.66666666666667,0.66666666666667,0.03839492333573,1.0,0.5,0.5,0.49995002070627,0.5,1727071079182
32,0.66666666666667,0.66666666666667,0.0,1.0,0.5,0.5,0.5,0.5,1727071079199
32,0.66666666666667,0.66666666666667,0.0,1.0,0.5,0.5,0.5,0.5,1727071079216
32,0.66666666666667,0.66666666666667,0.0,1.0,0.5,0.5,0.5,0.5,1727071079233
32,0.66666666666667,0.66666666666667,0.0,1.0,0.5,0.5,0.5,0.5,1727071079249
32,0.66666666666667,0.66666666666667,0.0,1.0,0.5,0.5,0.5,0.5,1727071079266
32,0.66666666666667,0.66666666666667,0.0,1.0,0.5,0.5,0.5,0.5,1727071079282
32,0.66666666666667,0.66666666666667,0.0,1.0,0.5,0.5,0.5,0.5,1727071079299
32,0.66666666666667,0.66666666666667,0.0,1.0,0.5,0.5,0.5,0.5,1727071079316
32,0.66666666666667,0.66666666666667,0.0,1.0,0.5,0.5,0.5,0.5,1727071079332
32,0.66666666666667,0.66666666666667,0.0,1.0,0.5,0.5,0.5,0.5,1727071079349
32,0.66666666666667,0.66666666666667,0.0,1.0,0.5,0.5,0.5,0.5,1727071079366
32,0.66666666666667,0.66666666666667,0.0,1.0,0.5,0.5,0.5,0.5,1727071079382
32,0.66666666666667,0.66666666666667,0.0,1.0,0.5,0.5,0.5,0.5,1727071079432
32,0.66666666666667,0.66666666666667,0.0,1.0,0.5,0.5,0.5,0.5,1727071079449
32,0.66666666666667,0.66666666666667,0.0,1.0,0.5,0.5,0.5,0.5,1727071079473
32,0.66666666666667,0.66666666666667,0.0,1.0,0.5,0.5,0.5,0.5,1727071079490
32,0.66666666666667,0.66666666666667,0.0,1.0,0.5,0.5,0.5,0.5,1727071079514
32,0.66666666666667,0.66666666666667,0.0,1.0,0.5,0.5,0.5,0.5,1727071079568
32,0.66666666666667,0.66666666666667,0.0,1.0,0.5,0.5,0.5,0.5,1727071081003
32,0.66666666666667,0.66001827023209,0.0,1.0,0.5,0.50000135865877,0.5,0.5,1727071081049
32,0.66666666666667,0.64951471561072,0.0,1.0,0.5,0.49999883846051,0.5,0.5,1727071081066
32,0.66666666666667,0.60852840712311,0.0,1.0,0.5,0.49999987028317,0.5,0.5,1727071081082
32,0.66666666666667,0.55039358318209,0.0,1.0,0.5,0.49999735520557,0.5,0.5,1727071081099
32,0.66666666666667,0.44879403818469,0.0,1.0,0.5,0.49999661168856,0.5,0.5,1727071081116
32,0.66666666666667,0.3472638199814,0.0,1.0,0.5,0.50000262775178,0.5,0.5,1727071081132
32,0.66666666666667,0.25883742665371,0.0,1.0,0.5,0.49999834308273,0.5,0.5,1727071081149
32,0.66666666666667,0.17047375996656,0.0,1.0,0.5,0.49999069922893,0.5,0.5,1727071081166
32,0.66666666666667,0.09707035391701,0.0,1.0,0.5,0.49999414273206,0.5,0.5,1727071081182
32,0.66666666666667,0.02392042906378,0.0,1.0,0.5,0.49998468608365,0.5,0.5,1727071081199
32,0.66666666666667,0.0,0.0,1.0,0.5,0.5,0.5,0.5,1727071081216
32,0.66666666666667,0.0,0.0,1.0,0.5,0.5,0.5,0.5,1727071081232
32,0.66666666666667,0.0,0.0,1.0,0.5,0.5,0.5,0.5,1727071081249
32,0.66666666666667,0.0,0.0,1.0,0.5,0.5,0.5,0.5,1727071081266
32,0.66666666666667,0.0,0.0,1.0,0.5,0.5,0.5,0.5,1727071081282
32,0.66666666666667,0.0,0.0,1.0,0.5,0.5,0.5,0.5,1727071081299
32,0.66666666666667,0.0,0.0,1.0,0.5,0.5,0.5,0.5,1727071081316
32,0.66666666666667,0.0,0.0,1.0,0.5,0.5,0.5,0.5,1727071081332
32,0.66666666666667,0.0,0.0,1.0,0.5,0.5,0.5,0.5,1727071081349
32,0.66666666666667,0.0,0.0,1.0,0.5,0.5,0.5,0.5,1727071081365
32,0.66666666666667,0.0,0.0,1.0,0.5,0.5,0.5,0.5,1727071081382
32,0.66666666666667,0.0,0.0,1.0,0.5,0.5,0.5,0.5,1727071081399
32,0.66666666666667,0.0,0.0,1.0,0.5,0.5,0.5,0.5,1727071081416
32,0.66666666666667,0.0,0.0,1.0,0.5,0.5,0.5,0.5,1727071081432
32,0.66666666666667,0.0,0.0,1.0,0.5,0.5,0.5,0.5,1727071081449
32,0.66666666666667,0.0,0.0,1.0,0.5,0.5,0.5,0.5,1727071081466
32,0.66666666666667,0.0,0.0,1.0,0.5,0.5,0.5,0.5,1727071081502
32,0.66666666666667,0.0,0.0,1.0,0.5,0.5,0.5,0.5,1727071084393
32,0.66666666666667,0.0,0.0,0.9933410281214,0.5,0.5,0.5,0.50000113808749,1727071084630
32,0.66666666666667,0.0,0.0,0.98951306002604,0.5,0.5,0.5,0.4999955445308,1727071084740
32,0.66666666666667,0.0,0.0,0.97901061605713,0.5,0.5,0.5,0.49999786084382,1727071084782
32,0.66666666666667,0.0,0.0,0.97235192735269,0.5,0.5,0.5,0.49999913454484,1727071084868
32,0.66666666666667,0.0,0.0,0.96852647288046,0.5,0.5,0.5,0.50000153651856,1727071084882
32,0.66666666666667,0.0,0.0,0.95801539076246,0.5,0.5,0.5,0.50000000280547,1727071084962
32,0.66666666666667,0.0,0.0,0.9513665397479,0.5,0.5,0.5,0.49999876504106,1727071085002
32,0.66666666666667,0.0,0.0,0.94753406818908,0.5,0.5,0.5,0.49999797735863,1727071085015
32,0.66666666666667,0.0,0.0,0.94087834802047,0.5,0.5,0.5,0.50000065969159,1727071085208
32,0.66666666666667,0.0,0.0,0.93422234273076,0.5,0.5,0.5,0.49999607693734,1727071085224
32,0.66666666666667,0.0,0.0,0.92756688518637,0.5,0.5,0.5,0.49999890181355,1727071085232
32,0.66666666666667,0.0,0.0,0.92756688518637,0.5,0.5,0.5,0.49999890181355,1727071085232
32,0.66666666666667,0.0,0.0,0.92756688518637,0.5,0.5,0.5,0.49999890181355,1727071086903
32,0.66666666666667,0.0,0.0,0.92091956763962,0.5,0.5,0.5,0.49999834764878,1727071086974
32,0.66666666666667,0.0,0.0,0.91426042907716,0.5,0.5,0.5,0.49999947465728,1727071086989
32,0.66666666666667,0.0,0.0,0.90375615407147,0.5,0.5,0.5,0.5000011028511,1727071087005
32,0.66666666666667,0.0,0.0,0.89324861469751,0.5,0.5,0.5,0.50000118673921,1727071087022
32,0.66666666666667,0.0,0.0,0.88659454736169,0.5,0.5,0.5,0.49999735508195,1727071087037
32,0.66666666666667,0.0,0.0,0.8827663444039,0.5,0.5,0.5,0.49999859517602,1727071087049
32,0.66666666666667,0.0,0.0,0.8761125473736,0.5,0.5,0.5,0.49999484487237,1727071087066
32,0.66666666666667,0.0,0.0,0.87228693345863,0.5,0.5,0.5,0.49999735987955,1727071087082
32,0.66666666666667,0.0,0.0,0.86178827056201,0.5,0.5,0.5,0.50000181257876,1727071087107
32,0.66666666666667,0.0,0.0,0.85512652741438,0.5,0.5,0.5,0.499994046257,1727071087123
32,0.66666666666667,0.0,0.0,0.85130657011527,0.5,0.5,0.5,0.49999943821528,1727071087132
32,0.66666666666667,0.0,0.0,0.84464340714801,0.5,0.5,0.5,0.49999861659542,1727071087155
32,0.66666666666667,0.0,0.0,0.84464340714801,0.5,0.5,0.5,0.49999861659542,1727071087370
32,0.66666666666667,0.0,0.0,0.84464340714801,0.5,0.5,0.5,0.49999861659542,1727071089533
32,0.66666666666667,0.0,0.0,0.85131751098123,0.5,0.5,0.5,0.49999721363988,1727071089604
32,0.66666666666667,0.0,0.0,0.8579870124158,0.5,0.5,0.5,0.50000119275054,1727071089649
32,0.66666666666667,0.0,0.0,0.87133456160935,0.5,0.5,0.5,0.49999808251267,1727071089665
32,0.66666666666667,0.0,0.0,0.88468780779097,0.5,0.5,0.5,0.49999781355959,1727071089682
32,0.66666666666667,0.0,0.0,0.89134895126975,0.5,0.5,0.5,0.49999763552329,1727071089698
32,0.66666666666667,0.0,0.0,0.91139592117749,0.5,0.5,0.5,0.49999806373179,1727071089715
32,0.66666666666667,0.0,0.0,0.91806652907015,0.5,0.5,0.5,0.50000235557195,1727071089732
32,0.66666666666667,0.0,0.0,0.92472879103297,0.5,0.5,0.5,0.49999546138948,1727071089749
32,0.66666666666667,0.0,0.0,0.93139830075144,0.5,0.5,0.5,0.49999920700322,1727071089778
32,0.66666666666667,0.0,0.0,0.93139830075144,0.5,0.5,0.5,0.49999920700322,1727071090236
32,0.66666666666667,0.0,0.0,0.93139830075144,0.5,0.5,0.5,0.49999920700322,1727071097278
32,0.67334125416793,0.0,0.0,0.93139830075144,0.50000166748376,0.5,0.5,0.49999920700322,1727071097318
32,0.68669410659796,0.0,0.0,0.93139830075144,0.50000105881773,0.5,0.5,0.49999920700322,1727071097332
32,0.72019060716562,0.0,0.0,0.93139830075144,0.50000340493772,0.5,0.5,0.49999920700322,1727071097348
32,0.76043299290757,0.0,0.0,0.93139830075144,0.50000121331829,0.5,0.5,0.49999920700322,1727071097365
32,0.77000102432926,0.0,0.0,0.93139830075144,0.50000055366828,0.5,0.5,0.49999920700322,1727071097381
32,0.79676824000465,0.0,0.0,0.93139830075144,0.49999947816796,0.5,0.5,0.49999920700322,1727071097398
32,0.81011432665276,0.0,0.0,0.93139830075144,0.50000345029043,0.5,0.5,0.49999920700322,1727071097415
32,0.81678979614905,0.0,0.0,0.93139830075144,0.50000267747479,0.5,0.5,0.49999920700322,1727071097431
32,0.8234530647013,0.0,0.0,0.93139830075144,0.50000354943328,0.5,0.5,0.49999920700322,1727071097448
32,0.83012448043928,0.0,0.0,0.93139830075144,0.50000071639789,0.5,0.5,0.49999920700322,1727071097465
32,0.8367864591666,0.0,0.0,0.93139830075144,0.50000093535396,0.5,0.5,0.49999920700322,1727071097481
32,0.85013843261174,0.0,0.0,0.93139830075144,0.49999998550354,0.5,0.5,0.49999920700322,1727071097498
32,0.85680883580305,0.0,0.0,0.93139830075144,0.50000440132649,0.5,0.5,0.49999920700322,1727071097515
32,0.86347830510563,0.0,0.0,0.93139830075144,0.50000068429908,0.5,0.5,0.49999920700322,1727071097602
32,0.87015140719761,0.0,0.0,0.93139830075144,0.50000637172986,0.5,0.5,0.49999920700322,1727071097615
32,0.87681739449642,0.0,0.0,0.93139830075144,0.50000098339374,0.5,0.5,0.49999920700322,1727071097631
32,0.88348040011331,0.0,0.0,0.93139830075144,0.50000169124202,0.5,0.5,0.49999920700322,1727071097649
32,0.89683683703138,0.0,0.0,0.93139830075144,0.50000291702422,0.5,0.5,0.49999920700322,1727071097698
32,0.91018573447254,0.0,0.0,0.93139830075144,0.50000053179882,0.5,0.5,0.49999920700322,1727071097715
32,0.93786488020029,0.0,0.0,0.93139830075144,0.50000155101501,0.5,0.5,0.49999920700322,1727071097731
32,0.94453266121663,0.0,0.0,0.93139830075144,0.50000442356337,0.5,0.5,0.49999920700322,1727071097748
32,0.9511972553797,0.0,0.0,0.93139830075144,0.49999874026597,0.5,0.5,0.49999920700322,1727071097765
32,0.957865060645,0.0,0.0,0.93139830075144,0.50000160769661,0.5,0.5,0.49999920700322,1727071097848
32,0.96453504156403,0.0,0.0,0.93139830075144,0.50000543124835,0.5,0.5,0.49999920700322,1727071097865
32,0.95787258919864,0.0,0.0,0.93139830075144,0.49999802181637,0.5,0.5,0.49999920700322,1727071099116
32,0.95121876424304,0.0,0.0,0.93139830075144,0.50000155116253,0.5,0.5,0.49999920700322,1727071101577
32,0.94457086245378,0.0,0.0,0.93139830075144,0.50000075306928,0.5,0.5,0.49999920700322,1727071101614
32,0.93791579827937,0.0,0.0,0.93139830075144,0.50000376209434,0.5,0.5,0.49999920700322,1727071101631
32,0.93125267802503,0.0,0.0,0.93139830075144,0.50000304504289,0.5,0.5,0.49999920700322,1727071101703
32,0.92459982701368,0.0,0.0,0.93139830075144,0.49999991880438,0.5,0.5,0.49999920700322,1727071101807
32,0.91794684144182,0.0,0.0,0.93139830075144,0.50000395572571,0.5,0.5,0.49999920700322,1727071101847
32,0.91129031614933,0.0,0.0,0.93139830075144,0.49999905450386,0.5,0.5,0.49999920700322,1727071104254
32,0.90746841631094,0.0,0.0,0.93139830075144,0.500003276075,0.5,0.5,0.49999920700322,1727071104298
32,0.90080479667887,0.0,0.0,0.93139830075144,0.50000229799689,0.5,0.5,0.49999920700322,1727071104365
32,0.8941509469531,0.0,0.0,0.93139830075144,0.49999860296947,0.5,0.5,0.49999920700322,1727071104414
32,0.88749992723437,0.0,0.0,0.93139830075144,0.50000369307192,0.5,0.5,0.49999920700322,1727071104431
32,0.88366638533391,0.0,0.0,0.93139830075144,0.50000235714747,0.5,0.5,0.49999920700322,1727071104447
32,0.87316218217065,0.0,0.0,0.93139830075144,0.49999654003655,0.5,0.5,0.49999920700322,1727071104507
32,0.86650783102962,0.0,0.0,0.93139830075144,0.50000006850053,0.5,0.5,0.49999920700322,1727071104547
32,0.85985654398807,0.0,0.0,0.93139830075144,0.50000516136661,0.5,0.5,0.49999920700322,1727071106378
32,0.86652503383805,0.0,0.0,0.93139830075144,0.50000096630476,0.5,0.5,0.49999920700322,1727071106654
32,0.87039251694915,0.0,0.0,0.93139830075144,0.50000388824068,0.5,0.5,0.49999920700322,1727071106749
32,0.88089577532563,0.0,0.0,0.93139830075144,0.5000016905231,0.5,0.5,0.49999920700322,1727071106811
32,0.88756985789814,0.0,0.0,0.93139830075144,0.50000030394115,0.5,0.5,0.49999920700322,1727071106948
32,0.88756985789814,0.0,0.0,0.93139830075144,0.50000030394115,0.5,0.5,0.49999920700322,1727071107367
32,0.88756985789814,0.0,0.0,0.93139830075144,0.50000030394115,0.5,0.5,0.49999920700322,1727071109434
32,0.88756985789814,0.0,0.00724577338573,0.93139830075144,0.50000030394115,0.5,0.49997426134341,0.49999920700322,1727071109570
32,0.88756985789814,0.0,0.01999338244734,0.93139830075144,0.50000030394115,0.5,0.49993595352834,0.49999920700322,1727071109583
32,0.88756985789814,0.0,0.02723487004259,0.93139830075144,0.50000030394115,0.5,0.49999643511983,0.49999920700322,1727071109597
32,0.88756985789814,0.0,0.03447177826042,0.93139830075144,0.50000030394115,0.5,0.49998731475421,0.49999920700322,1727071109615
32,0.88756985789814,0.0,0.04171708211231,0.93139830075144,0.50000030394115,0.5,0.49997487664324,0.49999920700322,1727071109687
32,0.88756985789814,0.0,0.05160470882593,0.93139830075144,0.50000030394115,0.5,0.49999380392194,0.49999920700322,1727071109730
32,0.88756985789814,0.0,0.05885013873647,0.93139830075144,0.50000030394115,0.5,0.49997976180996,0.49999920700322,1727071109853
32,0.88756985789814,0.0,0.06608802592807,0.93139830075144,0.50000030394115,0.5,0.4999556848363,0.49999920700322,1727071110003
32,0.88756985789814,0.0,0.073324136212,0.93139830075144,0.50000030394115,0.5,0.49996152184763,0.49999920700322,1727071110014
32,0.88756985789814,0.0,0.08056740421189,0.93139830075144,0.50000030394115,0.5,0.49998342578601,0.49999920700322,1727071110043
32,0.88756985789814,0.0,0.08327572312222,0.93139830075144,0.50000030394115,0.5,0.50000310592388,0.49999920700322,1727071110080
32,0.88756985789814,0.0,0.09051320804451,0.93139830075144,0.50000030394115,0.5,0.49998645784585,0.49999920700322,1727071110131
32,0.88756985789814,0.0,0.09775026294086,0.93139830075144,0.50000030394115,0.5,0.49997699160266,0.49999920700322,1727071110155
32,0.88756985789814,0.0,0.10498823822761,0.93139830075144,0.50000030394115,0.5,0.49995430745287,0.49999920700322,1727071110197
32,0.88756985789814,0.0,0.11223176716754,0.93139830075144,0.50000030394115,0.5,0.49997066089487,0.49999920700322,1727071110686
32,0.88756985789814,0.0,0.11493219790039,0.93139830075144,0.50000030394115,0.5,0.49998444559753,0.49999920700322,1727071110709
32,0.88756985789814,0.0,0.1221711914007,0.93139830075144,0.50000030394115,0.5,0.49994830857566,0.49999920700322,1727071110717
32,0.88756985789814,0.0,0.13665962547202,0.93139830075144,0.50000030394115,0.5,0.49996049889165,0.49999920700322,1727071110763
32,0.88756985789814,0.0,0.14389550147112,0.93139830075144,0.50000030394115,0.5,0.49996832258187,0.49999920700322,1727071110795
32,0.88756985789814,0.0,0.14659682012931,0.93139830075144,0.50000030394115,0.5,0.49996927509546,0.49999920700322,1727071110803
32,0.88756985789814,0.0,0.15383053133407,0.93139830075144,0.50000030394115,0.5,0.50000487752707,0.49999920700322,1727071110819
32,0.88756985789814,0.0,0.16106715095197,0.93139830075144,0.50000030394115,0.5,0.5000021012196,0.49999920700322,1727071110843
32,0.88756985789814,0.0,0.17094933505205,0.93139830075144,0.50000030394115,0.5,0.49998082632224,0.49999920700322,1727071110851
32,0.88756985789814,0.0,0.17818503561425,0.93139830075144,0.50000030394115,0.5,0.49998983005971,0.49999920700322,1727071110863
32,0.88756985789814,0.0,0.18542299770714,0.93139830075144,0.50000030394115,0.5,0.49997128149171,0.49999920700322,1727071110880
32,0.88756985789814,0.0,0.19265818582271,0.93139830075144,0.50000030394115,0.5,0.49998622113392,0.49999920700322,1727071112222
32,0.88756985789814,0.0,0.18543985170931,0.93139830075144,0.50000030394115,0.5,0.49996547405698,0.49999920700322,1727071112269
32,0.88756985789814,0.0,0.1782187889825,0.93139830075144,0.50000030394115,0.5,0.49997746174466,0.49999920700322,1727071112285
32,0.88756985789814,0.0,0.17099848677717,0.93139830075144,0.50000030394115,0.5,0.49998038201662,0.49999920700322,1727071112333
32,0.88756985789814,0.0,0.16652070095529,0.93139830075144,0.50000030394115,0.5,0.4999808412403,0.49999920700322,1727071112411
32,0.88756985789814,0.0,0.15930281295313,0.93139830075144,0.50000030394115,0.5,0.49995295582723,0.49999920700322,1727071112447
32,0.88756985789814,0.0,0.15207930417279,0.93139830075144,0.50000030394115,0.5,0.4999974186369,0.49999920700322,1727071112464
32,0.88756985789814,0.0,0.14486014483727,0.93139830075144,0.50000030394115,0.5,0.49998570980333,0.49999920700322,1727071112569
32,0.88756985789814,0.0,0.13763840755499,0.93139830075144,0.50000030394115,0.5,0.50000846100037,0.49999920700322,1727071113870
32,0.88756985789814,0.0,0.13042250825794,0.93139830075144,0.50000030394115,0.5,0.49995155195704,0.49999920700322,1727071113913
32,0.88756985789814,0.0,0.12320243897236,0.93139830075144,0.50000030394115,0.5,0.4999510701979,0.49999920700322,1727071114115
32,0.88756985789814,0.0,0.12590249888054,0.93139830075144,0.50000030394115,0.5,0.49996976908588,0.49999920700322,1727071114875
32,0.88756985789814,0.0,0.12860437884355,0.93139830075144,0.50000030394115,0.5,0.49996297751666,0.49999920700322,1727071114921
32,0.88756985789814,0.0,0.14309137030431,0.93139830075144,0.50000030394115,0.5,0.49999368448225,0.49999920700322,1727071115025
32,0.88756985789814,0.0,0.15032945703693,0.93139830075144,0.50000030394115,0.5,0.49997180649981,0.49999920700322,1727071115152
32,0.88756985789814,0.0,0.15757458896177,0.93139830075144,0.50000030394115,0.5,0.49996539324991,0.49999920700322,1727071115365
32,0.88756985789814,0.0,0.16480821811903,0.93139830075144,0.50000030394115,0.5,0.5000011588509,0.49999920700322,1727071115380
32,0.88756985789814,0.0,0.16480821811903,0.93139830075144,0.50000030394115,0.5,0.5000011588509,0.49999920700322,1727071116743
32,0.88756985789814,0.0,0.16480821811903,0.93139830075144,0.50000030394115,0.5,0.5000011588509,0.49999920700322,1727071117330
32,0.88756985789814,0.0,0.16480821811903,0.93139830075144,0.50000030394115,0.5,0.5000011588509,0.49999920700322,1727071117923
33,0.16666666666667,0.83333333333333,0.0,0.33333333333333,0.5,0.5,0.5,0.5,1727071120134
33,0.16666666666667,0.83333333333333,0.0,0.33333333333333,0.5,0.5,0.5,0.5,1727071121149
33,0.16666666666667,0.83333333333333,0.01450690064145,0.33333333333333,0.5,0.5,0.49997178492348,0.5,1727071121225
33,0.16666666666667,0.83333333333333,0.02175335434977,0.33333333333333,0.5,0.5,0.49993664658507,0.5,1727071121241
33,0.16666666666667,0.83333333333333,0.02899555920792,0.33333333333333,0.5,0.5,0.49998323875368,0.5,1727071121249
33,0.16666666666667,0.83333333333333,0.03623220442749,0.33333333333333,0.5,0.5,0.499979329482,0.5,1727071121263
33,0.16666666666667,0.83333333333333,0.04612918198822,0.33333333333333,0.5,0.5,0.49997781823648,0.5,1727071121280
33,0.16666666666667,0.83333333333333,0.06322230772924,0.33333333333333,0.5,0.5,0.49996573572961,0.5,1727071121296
33,0.16666666666667,0.83333333333333,0.092297573292,0.33333333333333,0.5,0.5,0.49998927265673,0.5,1727071121313
33,0.16666666666667,0.83333333333333,0.09953368161769,0.33333333333333,0.5,0.5,0.49999400627713,0.5,1727071121330
33,0.16666666666667,0.83333333333333,0.1193694131721,0.33333333333333,0.5,0.5,0.49997877175676,0.5,1727071121346
33,0.16666666666667,0.83333333333333,0.14113547172765,0.33333333333333,0.5,0.5,0.49998625664052,0.5,1727071121363
33,0.16666666666667,0.83333333333333,0.148374350483,0.33333333333333,0.5,0.5,0.49995397477393,0.5,1727071121380
33,0.16666666666667,0.83333333333333,0.16286082152328,0.33333333333333,0.5,0.5,0.49999014101865,0.5,1727071121396
33,0.16666666666667,0.83333333333333,0.20426668603076,0.33333333333333,0.5,0.5,0.4999776039568,0.5,1727071121413
33,0.16666666666667,0.83333333333333,0.21150269655984,0.33333333333333,0.5,0.5,0.49998248392448,0.5,1727071121430
33,0.16666666666667,0.83333333333333,0.2285949002162,0.33333333333333,0.5,0.5,0.49998451903514,0.5,1727071121446
33,0.16666666666667,0.83333333333333,0.25290833649098,0.33333333333333,0.5,0.5,0.49997413309576,0.5,1727071121463
33,0.16666666666667,0.83333333333333,0.27465725970519,0.33333333333333,0.5,0.5,0.49998753930713,0.5,1727071121480
33,0.16666666666667,0.83333333333333,0.28913763426546,0.33333333333333,0.5,0.5,0.49999399705055,0.5,1727071121496
33,0.16666666666667,0.83333333333333,0.30361842022953,0.33333333333333,0.5,0.5,0.49999621768427,0.5,1727071121513
33,0.16666666666667,0.83333333333333,0.32794110918077,0.33333333333333,0.5,0.5,0.49997700331033,0.5,1727071121530
33,0.16666666666667,0.83333333333333,0.34241312073921,0.33333333333333,0.5,0.5,0.49998470533557,0.5,1727071121546
33,0.16666666666667,0.83333333333333,0.3739694424778,0.33333333333333,0.5,0.5,0.49999087940302,0.5,1727071121563
33,0.16666666666667,0.83333333333333,0.39106071697422,0.33333333333333,0.5,0.5,0.49999978034909,0.5,1727071121580
33,0.16666666666667,0.83333333333333,0.41537406443886,0.33333333333333,0.5,0.5,0.49999207288433,0.5,1727071121596
33,0.16666666666667,0.83333333333333,0.45164654732478,0.33333333333333,0.5,0.5,0.49998954507319,0.5,1727071121613
33,0.16666666666667,0.83333333333333,0.50495233229917,0.33333333333333,0.5,0.5,0.49999956520346,0.5,1727071121630
33,0.16666666666667,0.83333333333333,0.51482552587431,0.33333333333333,0.5,0.5,0.49999340822745,0.5,1727071121646
33,0.16666666666667,0.83333333333333,0.54638167115712,0.33333333333333,0.5,0.5,0.49999906349554,0.5,1727071121663
33,0.16666666666667,0.83333333333333,0.55361101563221,0.33333333333333,0.5,0.5,0.49999174828444,0.5,1727071121680
33,0.16666666666667,0.83333333333333,0.57793131381263,0.33333333333333,0.5,0.5,0.49999361892587,0.5,1727071121696
33,0.16666666666667,0.83333333333333,0.60224545478702,0.33333333333333,0.5,0.5,0.499982891744,0.5,1727071121713
33,0.16666666666667,0.83333333333333,0.6167169125181,0.33333333333333,0.5,0.5,0.49999141083016,0.5,1727071121730
33,0.16666666666667,0.83333333333333,0.63380856481284,0.33333333333333,0.5,0.5,0.49999561372162,0.5,1727071121746
33,0.16666666666667,0.83333333333333,0.64103919346751,0.33333333333333,0.5,0.5,0.49998148197518,0.5,1727071121763
33,0.16666666666667,0.83333333333333,0.65091013046293,0.33333333333333,0.5,0.5,0.49998959627173,0.5,1727071121780
33,0.16666666666667,0.83333333333333,0.67788293529767,0.33333333333333,0.5,0.5,0.49998994793099,0.5,1727071121796
33,0.16666666666667,0.83333333333333,0.70219560566888,0.33333333333333,0.5,0.5,0.49998854444476,0.5,1727071121813
33,0.16666666666667,0.83333333333333,0.71666797398873,0.33333333333333,0.5,0.5,0.49999115528293,0.5,1727071121830
33,0.16666666666667,0.83333333333333,0.72923243545818,0.33333333333333,0.5,0.5,0.49999674641477,0.5,1727071121846
33,0.16666666666667,0.83333333333333,0.74369942007748,0.33333333333333,0.5,0.5,0.49998436932572,0.5,1727071121863
33,0.16666666666667,0.83333333333333,0.75356919273127,0.33333333333333,0.5,0.5,0.49999771305556,0.5,1727071121880
33,0.16666666666667,0.83333333333333,0.76804301009318,0.33333333333333,0.5,0.5,0.49999259308078,0.5,1727071121896
33,0.16666666666667,0.83333333333333,0.78513630500769,0.33333333333333,0.5,0.5,0.49998783539803,0.5,1727071121913
33,0.16666666666667,0.83333333333333,0.80684465006992,0.33333333333333,0.5,0.5,0.49999246188471,0.5,1727071121930
33,0.16666666666667,0.83333333333333,0.82393627556498,0.33333333333333,0.5,0.5,0.49999603492298,0.5,1727071121946
33,0.16666666666667,0.83333333333333,0.84564467652427,0.33333333333333,0.5,0.5,0.50000006745875,0.5,1727071121963
33,0.16666666666667,0.83333333333333,0.86273911921918,0.33333333333333,0.5,0.5,0.49999011422987,0.5,1727071121980
33,0.16666666666667,0.83333333333333,0.88444919148898,0.33333333333333,0.5,0.5,0.49998639171566,0.5,1727071121996
33,0.16666666666667,0.83333333333333,0.90153973983739,0.33333333333333,0.5,0.5,0.49999472226571,0.5,1727071122013
33,0.16666666666667,0.83333333333333,0.92585979934742,0.33333333333333,0.5,0.5,0.49999704295645,0.5,1727071122030
33,0.16666666666667,0.83333333333333,0.92851250948342,0.33333333333333,0.5,0.5,0.49999503849641,0.5,1727071122081
33,0.16666666666667,0.83333333333333,0.93837572628141,0.33333333333333,0.5,0.5,0.49999902075051,0.5,1727071122130
33,0.16666666666667,0.83333333333333,0.95546929138271,0.33333333333333,0.5,0.5,0.49999366805795,0.5,1727071122180
33,0.16666666666667,0.83333333333333,0.94824159526782,0.33333333333333,0.5,0.5,0.49999132314295,0.5,1727071122779
33,0.16666666666667,0.83333333333333,0.94101306373653,0.33333333333333,0.5,0.5,0.49999263034763,0.5,1727071122817
33,0.16666666666667,0.83333333333333,0.93379136369135,0.33333333333333,0.5,0.5,0.49999995749511,0.5,1727071122865
33,0.16666666666667,0.83333333333333,0.9265642716199,0.33333333333333,0.5,0.5,0.49999491406545,0.5,1727071122889
33,0.16666666666667,0.83333333333333,0.9220135314399,0.33333333333333,0.5,0.5,0.49999191124347,0.5,1727071122905
33,0.16666666666667,0.83333333333333,0.91478282888467,0.33333333333333,0.5,0.5,0.5000030318623,0.5,1727071122969
33,0.16666666666667,0.83333333333333,0.91743520543915,0.33333333333333,0.5,0.5,0.50000249411789,0.5,1727071123023
33,0.16666666666667,0.83333333333333,0.91020833037856,0.33333333333333,0.5,0.5,0.49999641389618,0.5,1727071123087
33,0.16666666666667,0.83333333333333,0.89576992496339,0.33333333333333,0.5,0.5,0.4999887281856,0.5,1727071123130
33,0.16666666666667,0.83333333333333,0.88853865985656,0.33333333333333,0.5,0.5,0.50000267756437,0.5,1727071123230
33,0.16666666666667,0.83333333333333,0.88131951092531,0.33333333333333,0.5,0.5,0.49999857612238,0.5,1727071123263
33,0.16666666666667,0.83333333333333,0.87676131413629,0.33333333333333,0.5,0.5,0.49999207082511,0.5,1727071123333
33,0.16666666666667,0.83333333333333,0.86953862637451,0.33333333333333,0.5,0.5,0.50000444433042,0.5,1727071123380
33,0.16666666666667,0.83333333333333,0.86231317723378,0.33333333333333,0.5,0.5,0.49999138827642,0.5,1727071123864
33,0.16666666666667,0.83333333333333,0.86231317723378,0.33333333333333,0.5,0.5,0.49999138827642,0.5,1727071126215
33,0.16666666666667,0.83333333333333,0.86231317723378,0.33333333333333,0.5,0.5,0.49999138827642,0.5,1727071128680
33,0.15616490532213,0.83333333333333,0.86231317723378,0.33333333333333,0.4999941286207,0.5,0.49999138827642,0.5,1727071128687
33,0.14951945637434,0.83333333333333,0.86231317723378,0.33333333333333,0.49999500370725,0.5,0.49999138827642,0.5,1727071128729
33,0.13902189051815,0.83333333333333,0.86231317723378,0.33333333333333,0.4999874168793,0.5,0.49999138827642,0.5,1727071128746
33,0.11805490330822,0.83333333333333,0.86231317723378,0.33333333333333,0.49999006082319,0.5,0.49999138827642,0.5,1727071128763
33,0.10088161235071,0.83333333333333,0.86231317723378,0.33333333333333,0.49998319467134,0.5,0.49999138827642,0.5,1727071128779
33,0.07050410426448,0.83333333333333,0.86231317723378,0.33333333333333,0.49999382786182,0.5,0.49999138827642,0.5,1727071128796
33,0.0533439500737,0.83333333333333,0.86231317723378,0.33333333333333,0.50000997540573,0.5,0.49999138827642,0.5,1727071128813
33,0.0084944550574,0.83333333333333,0.86231317723378,0.33333333333333,0.50000457999303,0.5,0.49999138827642,0.5,1727071128829
33,0.0,0.83333333333333,0.86231317723378,0.33333333333333,0.5,0.5,0.49999138827642,0.5,1727071128846
33,0.0,0.83333333333333,0.86231317723378,0.33333333333333,0.5,0.5,0.49999138827642,0.5,1727071128863
33,0.0,0.83333333333333,0.86231317723378,0.33333333333333,0.5,0.5,0.49999138827642,0.5,1727071128879
33,0.0,0.83333333333333,0.86231317723378,0.33333333333333,0.5,0.5,0.49999138827642,0.5,1727071128896
33,0.0,0.83333333333333,0.86231317723378,0.33333333333333,0.5,0.5,0.49999138827642,0.5,1727071128915
33,0.0,0.83333333333333,0.86231317723378,0.33333333333333,0.5,0.5,0.49999138827642,0.5,1727071128931
33,0.0,0.83333333333333,0.86231317723378,0.33333333333333,0.5,0.5,0.49999138827642,0.5,1727071128947
33,0.0,0.83333333333333,0.86231317723378,0.33333333333333,0.5,0.5,0.49999138827642,0.5,1727071128963
33,0.0,0.83333333333333,0.86231317723378,0.33333333333333,0.5,0.5,0.49999138827642,0.5,1727071128979
33,0.0,0.83333333333333,0.86231317723378,0.33333333333333,0.5,0.5,0.49999138827642,0.5,1727071128996
33,0.0,0.83333333333333,0.86231317723378,0.33333333333333,0.5,0.5,0.49999138827642,0.5,1727071129013
33,0.0,0.83333333333333,0.86231317723378,0.33333333333333,0.5,0.5,0.49999138827642,0.5,1727071129035
33,0.0,0.83333333333333,0.86231317723378,0.33333333333333,0.5,0.5,0.49999138827642,0.5,1727071129059
33,0.00668612156798,0.83333333333333,0.86231317723378,0.33333333333333,0.49998671294418,0.5,0.49999138827642,0.5,1727071129161
33,0.0201189266209,0.83333333333333,0.86231317723378,0.33333333333333,0.49999152896328,0.5,0.49999138827642,0.5,1727071129169
33,0.0201189266209,0.83333333333333,0.86231317723378,0.33333333333333,0.49999152896328,0.5,0.49999138827642,0.5,1727071129169
33,0.0201189266209,0.83333333333333,0.86231317723378,0.33333333333333,0.49999152896328,0.5,0.49999138827642,0.5,1727071129804
33,0.0201189266209,0.83333333333333,0.86231317723378,0.33333333333333,0.49999152896328,0.5,0.49999138827642,0.5,1727071130644
33,0.0201189266209,0.83333333333333,0.86231317723378,0.33333333333333,0.49999152896328,0.5,0.49999138827642,0.5,1727071131697
33,0.0201189266209,0.83999843906189,0.86231317723378,0.33333333333333,0.49999152896328,0.5000007895337,0.49999138827642,0.5,1727071131729
33,0.0201189266209,0.82283055353142,0.86231317723378,0.33333333333333,0.49999152896328,0.5000001108481,0.49999138827642,0.5,1727071131799
33,0.0201189266209,0.8123284886317,0.86231317723378,0.33333333333333,0.49999152896328,0.49999719142535,0.49999138827642,0.5,1727071131813
33,0.0201189266209,0.77799355308002,0.86231317723378,0.33333333333333,0.49999152896328,0.49999520658215,0.49999138827642,0.5,1727071131829
33,0.0201189266209,0.7409201294058,0.86231317723378,0.33333333333333,0.49999152896328,0.50000163994272,0.49999138827642,0.5,1727071131846
33,0.0201189266209,0.68941433026392,0.86231317723378,0.33333333333333,0.49999152896328,0.50000061878392,0.49999138827642,0.5,1727071131863
33,0.0201189266209,0.64843096884327,0.86231317723378,0.33333333333333,0.49999152896328,0.4999998775063,0.49999138827642,0.5,1727071131879
33,0.0201189266209,0.62461383965622,0.86231317723378,0.33333333333333,0.49999152896328,0.50000097389368,0.49999138827642,0.5,1727071131896
33,0.0201189266209,0.59313157800741,0.86231317723378,0.33333333333333,0.49999152896328,0.50000450118919,0.49999138827642,0.5,1727071131912
33,0.0201189266209,0.57596634723267,0.86231317723378,0.33333333333333,0.49999152896328,0.50000192474906,0.49999138827642,0.5,1727071131929
33,0.0201189266209,0.52446230445855,0.86231317723378,0.33333333333333,0.49999152896328,0.49999945469745,0.49999138827642,0.5,1727071131946
33,0.0201189266209,0.4519378167182,0.86231317723378,0.33333333333333,0.49999152896328,0.50000050646664,0.49999138827642,0.5,1727071131962
33,0.0201189266209,0.38327822804366,0.86231317723378,0.33333333333333,0.49999152896328,0.49999886390274,0.49999138827642,0.5,1727071131979
33,0.0201189266209,0.30409282760553,0.86231317723378,0.33333333333333,0.49999152896328,0.49999948268028,0.49999138827642,0.5,1727071131996
33,0.0201189266209,0.20111127666668,0.86231317723378,0.33333333333333,0.49999152896328,0.49999561935565,0.49999138827642,0.5,1727071132012
33,0.0201189266209,0.07445915871856,0.86231317723378,0.33333333333333,0.49999152896328,0.50000404372195,0.49999138827642,0.5,1727071132029
33,0.0201189266209,0.01912348439632,0.86231317723378,0.33333333333333,0.49999152896328,0.49999916524651,0.49999138827642,0.5,1727071132046
33,0.0201189266209,1.83150339e-06,0.86231317723378,0.33333333333333,0.49999152896328,0.49999596099145,0.49999138827642,0.5,1727071132062
33,0.0201189266209,1.83150339e-06,0.86231317723378,0.33333333333333,0.49999152896328,0.49999596099145,0.49999138827642,0.5,1727071132079
33,0.0201189266209,1.83150339e-06,0.86231317723378,0.33333333333333,0.49999152896328,0.49999596099145,0.49999138827642,0.5,1727071132096
33,0.0201189266209,1.83150339e-06,0.86231317723378,0.33333333333333,0.49999152896328,0.49999596099145,0.49999138827642,0.5,1727071132112
33,0.0201189266209,1.83150339e-06,0.86231317723378,0.33333333333333,0.49999152896328,0.49999596099145,0.49999138827642,0.5,1727071132129
33,0.0201189266209,1.83150339e-06,0.86231317723378,0.33333333333333,0.49999152896328,0.49999596099145,0.49999138827642,0.5,1727071132146
33,0.0201189266209,1.83150339e-06,0.86231317723378,0.33333333333333,0.49999152896328,0.49999596099145,0.49999138827642,0.5,1727071132345
33,0.0201189266209,1.83150339e-06,0.86231317723378,0.33333333333333,0.49999152896328,0.49999596099145,0.49999138827642,0.5,1727071134428
33,0.0201189266209,1.83150339e-06,0.86231317723378,0.32668652231588,0.49999152896328,0.49999596099145,0.49999138827642,0.50000917712296,1727071134515
33,0.0201189266209,1.83150339e-06,0.86231317723378,0.32287995264417,0.49999152896328,0.49999596099145,0.49999138827642,0.50000291559599,1727071134529
33,0.0201189266209,1.83150339e-06,0.86231317723378,0.30301625018162,0.49999152896328,0.49999596099145,0.49999138827642,0.500000862925,1727071134546
33,0.0201189266209,1.83150339e-06,0.86231317723378,0.29636859178814,0.49999152896328,0.49999596099145,0.49999138827642,0.49999935521773,1727071134562
33,0.0201189266209,1.83150339e-06,0.86231317723378,0.2620326959695,0.49999152896328,0.49999596099145,0.49999138827642,0.50000207460599,1727071134579
33,0.0201189266209,1.83150339e-06,0.86231317723378,0.25153052434855,0.49999152896328,0.49999596099145,0.49999138827642,0.50000818688094,1727071134596
33,0.0201189266209,1.83150339e-06,0.86231317723378,0.24103776186396,0.49999152896328,0.49999596099145,0.49999138827642,0.50000785119169,1727071134612
33,0.0201189266209,1.83150339e-06,0.86231317723378,0.23053223793206,0.49999152896328,0.49999596099145,0.49999138827642,0.50001051066408,1727071134629
33,0.0201189266209,1.83150339e-06,0.86231317723378,0.22003812902619,0.49999152896328,0.49999596099145,0.49999138827642,0.50000863261301,1727071134646
33,0.0201189266209,1.83150339e-06,0.86231317723378,0.21338717397979,0.49999152896328,0.49999596099145,0.49999138827642,0.50000304416316,1727071134662
33,0.0201189266209,1.83150339e-06,0.86231317723378,0.20013001948177,0.49999152896328,0.49999596099145,0.49999138827642,0.50000850337288,1727071134681
33,0.0201189266209,1.83150339e-06,0.86231317723378,0.19348578156576,0.49999152896328,0.49999596099145,0.49999138827642,0.50001101258433,1727071134705
33,0.0201189266209,1.83150339e-06,0.86231317723378,0.1868429248614,0.49999152896328,0.49999596099145,0.49999138827642,0.5000153412564,1727071134801
33,0.0201189266209,1.83150339e-06,0.86231317723378,0.1763452295353,0.49999152896328,0.49999596099145,0.49999138827642,0.50000875202093,1727071135181
33,0.0201189266209,1.83150339e-06,0.86231317723378,0.16970184679176,0.49999152896328,0.49999596099145,0.49999138827642,0.50001253070786,1727071135197
33,0.0201189266209,1.83150339e-06,0.86231317723378,0.16305398157787,0.49999152896328,0.49999596099145,0.49999138827642,0.50001044812839,1727071135259
33,0.0201189266209,1.83150339e-06,0.86231317723378,0.15255738903152,0.49999152896328,0.49999596099145,0.49999138827642,0.50000485219744,1727071135267
33,0.0201189266209,1.83150339e-06,0.86231317723378,0.14205955835695,0.49999152896328,0.49999596099145,0.49999138827642,0.49999721550022,1727071135364
33,0.0201189266209,1.83150339e-06,0.86231317723378,0.13826731315635,0.49999152896328,0.49999596099145,0.49999138827642,0.50000819988739,1727071136592
33,0.0201189266209,1.83150339e-06,0.86231317723378,0.14494278505736,0.49999152896328,0.49999596099145,0.49999138827642,0.50000603549831,1727071136757
33,0.0201189266209,1.83150339e-06,0.86231317723378,0.15162921017175,0.49999152896328,0.49999596099145,0.49999138827642,0.49999785982983,1727071136765
33,0.0201189266209,1.83150339e-06,0.86231317723378,0.15830790540121,0.49999152896328,0.49999596099145,0.49999138827642,0.50000028773536,1727071136907
33,0.0201189266209,1.83150339e-06,0.86231317723378,0.16498388270252,0.49999152896328,0.49999596099145,0.49999138827642,0.49999902659136,1727071137017
33,0.0201189266209,1.83150339e-06,0.86231317723378,0.17166232584358,0.49999152896328,0.49999596099145,0.49999138827642,0.5000010295117,1727071137062
33,0.0201189266209,1.83150339e-06,0.86231317723378,0.17834210472421,0.49999152896328,0.49999596099145,0.49999138827642,0.50000468922084,1727071137129
33,0.0201189266209,1.83150339e-06,0.86231317723378,0.18502548388759,0.49999152896328,0.49999596099145,0.49999138827642,0.50001279924801,1727071137146
33,0.0201189266209,1.83150339e-06,0.86231317723378,0.19170489824082,0.49999152896328,0.49999596099145,0.49999138827642,0.49999651248742,1727071137169
33,0.0201189266209,1.83150339e-06,0.86231317723378,0.18790873384529,0.49999152896328,0.49999596099145,0.49999138827642,0.5000013112995,1727071137700
33,0.0201189266209,1.83150339e-06,0.86231317723378,0.18411777965973,0.49999152896328,0.49999596099145,0.49999138827642,0.50001281087149,1727071137841
33,0.0201189266209,1.83150339e-06,0.86231317723378,0.18031547165003,0.49999152896328,0.49999596099145,0.49999138827642,0.49999025594148,1727071137905
33,0.0201189266209,1.83150339e-06,0.86231317723378,0.18031547165003,0.49999152896328,0.49999596099145,0.49999138827642,0.49999025594148,1727071138197
34,1.0,0.66666666666667,1.0,0.5,0.5,0.5,0.5,0.5,1727071142096
34,1.0,0.66666666666667,1.0,0.5,0.5,0.5,0.5,0.5,1727071142918
34,1.0,0.66666666666667,0.99277366849922,0.5,0.5,0.5,0.49999025574572,0.5,1727071142981
34,1.0,0.66666666666667,0.98555416526327,0.5,0.5,0.5,0.49998793247289,0.5,1727071142997
34,1.0,0.66666666666667,0.97110278593691,0.5,0.5,0.5,0.500001194895,0.5,1727071143012
34,1.0,0.66666666666667,0.94944419893538,0.5,0.5,0.5,0.49999455082723,0.5,1727071143029
34,1.0,0.66666666666667,0.884637566533,0.5,0.5,0.5,0.49998594336739,0.5,1727071143045
34,1.0,0.66666666666667,0.81984366530543,0.5,0.5,0.5,0.4999941502167,0.5,1727071143062
34,1.0,0.66666666666667,0.74074923319329,0.5,0.5,0.5,0.50000144579202,0.5,1727071143079
34,1.0,0.66666666666667,0.66603621431035,0.5,0.5,0.5,0.49999900473829,0.5,1727071143095
34,1.0,0.66666666666667,0.59133904562271,0.5,0.5,0.5,0.49999938440426,0.5,1727071143112
34,1.0,0.66666666666667,0.52827389433359,0.5,0.5,0.5,0.50000162212913,0.5,1727071143129
34,1.0,0.66666666666667,0.4607825556361,0.5,0.5,0.5,0.49998634683775,0.5,1727071143145
34,1.0,0.66666666666667,0.410439400585,0.5,0.5,0.5,0.49998022475466,0.5,1727071143162
34,1.0,0.66666666666667,0.36449734530049,0.5,0.5,0.5,0.49999855211284,0.5,1727071143178
34,1.0,0.66666666666667,0.34286199574159,0.5,0.5,0.5,0.49999670120994,0.5,1727071143195
34,1.0,0.66666666666667,0.32843245398074,0.5,0.5,0.5,0.49997533714861,0.5,1727071143212
34,1.0,0.66666666666667,0.31859070549945,0.5,0.5,0.5,0.49999518577495,0.5,1727071143228
34,1.0,0.66666666666667,0.30415940942729,0.5,0.5,0.5,0.49998945752042,0.5,1727071143245
34,1.0,0.66666666666667,0.29693790218522,0.5,0.5,0.5,0.50000342476344,0.5,1727071143262
34,1.0,0.66666666666667,0.28971181195266,0.5,0.5,0.5,0.49998273646312,0.5,1727071143394
34,1.0,0.66666666666667,0.28249187476773,0.5,0.5,0.5,0.4999815199313,0.5,1727071143429
34,1.0,0.66666666666667,0.27527078048374,0.5,0.5,0.5,0.49999182875167,0.5,1727071143497
34,1.0,0.66666666666667,0.26805089963477,0.5,0.5,0.5,0.49999013439597,0.5,1727071143704
34,1.0,0.66666666666667,0.26083206214516,0.5,0.5,0.5,0.4999776749897,0.5,1727071143869
34,1.0,0.66666666666667,0.25360449620665,0.5,0.5,0.5,0.49997050996785,0.5,1727071143893
34,1.0,0.66666666666667,0.24638341717376,0.5,0.5,0.5,0.49998109716558,0.5,1727071143939
34,1.0,0.66666666666667,0.23916191145783,0.5,0.5,0.5,0.49999657414365,0.5,1727071143955
34,1.0,0.66666666666667,0.23194139784335,0.5,0.5,0.5,0.50000171333704,0.5,1727071144027
34,1.0,0.66666666666667,0.224722116063,0.5,0.5,0.5,0.4999933929213,0.5,1727071144062
34,1.0,0.66666666666667,0.21750060000203,0.5,0.5,0.5,0.50000989336416,0.5,1727071144091
34,1.0,0.66666666666667,0.21028162155685,0.5,0.5,0.5,0.49999798202904,0.5,1727071144107
34,1.0,0.66666666666667,0.19585167088515,0.5,0.5,0.5,0.49997511890679,0.5,1727071144115
34,1.0,0.66666666666667,0.18863306501102,0.5,0.5,0.5,0.49995759130544,0.5,1727071144129
34,1.0,0.66666666666667,0.18141104708977,0.5,0.5,0.5,0.49998097582439,0.5,1727071144145
34,1.0,0.66666666666667,0.17419135795058,0.5,0.5,0.5,0.49997635049141,0.5,1727071144686
34,1.0,0.66666666666667,0.1669715104865,0.5,0.5,0.5,0.49997355733743,0.5,1727071144695
34,1.0,0.66666666666667,0.15975114415881,0.5,0.5,0.5,0.49997731007505,0.5,1727071144712
34,1.0,0.66666666666667,0.15253234671064,0.5,0.5,0.5,0.49996074692973,0.5,1727071144729
34,1.0,0.66666666666667,0.13811344463756,0.5,0.5,0.5,0.50000506957777,0.5,1727071144745
34,1.0,0.66666666666667,0.13089383162852,0.5,0.5,0.5,0.4999993261924,0.5,1727071144762
34,1.0,0.66666666666667,0.12367442750883,0.5,0.5,0.5,0.49999042765082,0.5,1727071144779
34,1.0,0.66666666666667,0.11645292990515,0.5,0.5,0.5,0.50001115525908,0.5,1727071144795
34,1.0,0.66666666666667,0.10923605653704,0.5,0.5,0.5,0.49996517120036,0.5,1727071144819
34,1.0,0.66666666666667,0.10201519194585,0.5,0.5,0.5,0.49997679438211,0.5,1727071144829
34,1.0,0.66666666666667,0.09479760090534,0.5,0.5,0.5,0.49993908882897,0.5,1727071144851
34,1.0,0.66666666666667,0.08758264823736,0.5,0.5,0.5,0.4999859974212,0.5,1727071144875
34,1.0,0.66666666666667,0.08036310341693,0.5,0.5,0.5,0.4999778759247,0.5,1727071144929
34,1.0,0.66666666666667,0.08307212470057,0.5,0.5,0.5,0.49998654788548,0.5,1727071145111
34,1.0,0.66666666666667,0.09030874501579,0.5,0.5,0.5,0.49998357342495,0.5,1727071145145
34,1.0,0.66666666666667,0.10019789935605,0.5,0.5,0.5,0.49997673979464,0.5,1727071145162
34,1.0,0.66666666666667,0.10744167527795,0.5,0.5,0.5,0.4999892326521,0.5,1727071145178
34,1.0,0.66666666666667,0.1219315470168,0.5,0.5,0.5,0.4999800295747,0.5,1727071145199
34,1.0,0.66666666666667,0.12916767945314,0.5,0.5,0.5,0.49998423591571,0.5,1727071145245
34,1.0,0.66666666666667,0.13905536530601,0.5,0.5,0.5,0.49999787344276,0.5,1727071145263
34,1.0,0.66666666666667,0.14894412553353,0.5,0.5,0.5,0.499996703902,0.5,1727071145278
34,1.0,0.66666666666667,0.15618207746275,0.5,0.5,0.5,0.49997682866072,0.5,1727071145295
34,1.0,0.66666666666667,0.16606203348629,0.5,0.5,0.5,0.49998400362015,0.5,1727071145345
34,1.0,0.66666666666667,0.16606203348629,0.5,0.5,0.5,0.49998400362015,0.5,1727071147479
34,1.0,0.66666666666667,0.16606203348629,0.5,0.5,0.5,0.49998400362015,0.5,1727071149367
34,1.0,0.66666666666667,0.16606203348629,0.50289781588804,0.5,0.5,0.49998400362015,0.50000403351387,1727071149483
34,1.0,0.66666666666667,0.16606203348629,0.49238854253692,0.5,0.5,0.49998400362015,0.50000291646563,1727071149507
34,1.0,0.66666666666667,0.16606203348629,0.47522001057866,0.5,0.5,0.49998400362015,0.50000351675975,1727071149523
34,1.0,0.66666666666667,0.16606203348629,0.46857523798799,0.5,0.5,0.49998400362015,0.50000460904928,1727071149531
34,1.0,0.66666666666667,0.16606203348629,0.4580656447905,0.5,0.5,0.49998400362015,0.50000319735278,1727071149547
34,1.0,0.66666666666667,0.16606203348629,0.44756601849173,0.5,0.5,0.49998400362015,0.50000962051171,1727071149563
34,1.0,0.66666666666667,0.16606203348629,0.43706077843628,0.5,0.5,0.49998400362015,0.49999939012096,1727071149578
34,1.0,0.66666666666667,0.16606203348629,0.43041309622047,0.5,0.5,0.49998400362015,0.4999981457456,1727071149595
34,1.0,0.66666666666667,0.16606203348629,0.42659790477971,0.5,0.5,0.49998400362015,0.49999829269935,1727071149611
34,1.0,0.66666666666667,0.16606203348629,0.40942647597626,0.5,0.5,0.49998400362015,0.49999641052042,1727071149628
34,1.0,0.66666666666667,0.16606203348629,0.39892570389069,0.5,0.5,0.49998400362015,0.50000223187672,1727071149645
34,1.0,0.66666666666667,0.16606203348629,0.38842765582905,0.5,0.5,0.49998400362015,0.50001059705499,1727071149662
34,1.0,0.66666666666667,0.16606203348629,0.38177713058564,0.5,0.5,0.49998400362015,0.50000689386774,1727071149678
34,1.0,0.66666666666667,0.16606203348629,0.37127519476598,0.5,0.5,0.49998400362015,0.49999846627027,1727071149695
34,1.0,0.66666666666667,0.16606203348629,0.36077874126993,0.5,0.5,0.49998400362015,0.50000858477859,1727071149712
34,1.0,0.66666666666667,0.16606203348629,0.35412531088111,0.5,0.5,0.49998400362015,0.50000203872417,1727071149728
34,1.0,0.66666666666667,0.16606203348629,0.34362321699555,0.5,0.5,0.49998400362015,0.50000727432473,1727071149745
34,1.0,0.66666666666667,0.16606203348629,0.33981765928348,0.5,0.5,0.49998400362015,0.50000212623249,1727071149761
34,1.0,0.66666666666667,0.16606203348629,0.32931407459914,0.5,0.5,0.49998400362015,0.50000607396814,1727071149778
34,1.0,0.66666666666667,0.16606203348629,0.3188109859582,0.5,0.5,0.49998400362015,0.49999573652762,1727071149801
34,1.0,0.66666666666667,0.16606203348629,0.31500432814302,0.5,0.5,0.49998400362015,0.50000422337875,1727071149817
34,1.0,0.66666666666667,0.16606203348629,0.30835826293923,0.5,0.5,0.49998400362015,0.5000043611752,1727071149828
34,1.0,0.66666666666667,0.16606203348629,0.30455125811798,0.5,0.5,0.49998400362015,0.49999742700062,1727071149845
34,1.0,0.66666666666667,0.16606203348629,0.29789760904007,0.5,0.5,0.49998400362015,0.50000533453953,1727071149861
34,1.0,0.66666666666667,0.16606203348629,0.2836342877357,0.5,0.5,0.49998400362015,0.50000363516997,1727071149878
34,1.0,0.66666666666667,0.16606203348629,0.27313230236827,0.5,0.5,0.49998400362015,0.50000972266391,1727071149903
34,1.0,0.66666666666667,0.16606203348629,0.26262951579593,0.5,0.5,0.49998400362015,0.49999865194043,1727071149945
34,1.0,0.66666666666667,0.16606203348629,0.25598659914543,0.5,0.5,0.49998400362015,0.50000216152747,1727071149961
34,1.0,0.66666666666667,0.16606203348629,0.26266070570255,0.5,0.5,0.49998400362015,0.49999910442866,1727071150894
34,1.0,0.66666666666667,0.16606203348629,0.26933909064317,0.5,0.5,0.49998400362015,0.50000066785561,1727071150909
34,1.0,0.66666666666667,0.16606203348629,0.28650678056125,0.5,0.5,0.49998400362015,0.49999906306445,1727071150973
34,1.0,0.66666666666667,0.16606203348629,0.29039524234761,0.5,0.5,0.49998400362015,0.50001084193958,1727071151043
34,1.0,0.66666666666667,0.16606203348629,0.30377346163259,0.5,0.5,0.49998400362015,0.50000421218143,1727071151078
34,1.0,0.66666666666667,0.16606203348629,0.30766221939818,0.5,0.5,0.49998400362015,0.50000067320322,1727071151163
34,1.0,0.66666666666667,0.16606203348629,0.31432902078003,0.5,0.5,0.49998400362015,0.50000580692149,1727071151179
34,1.0,0.66666666666667,0.16606203348629,0.32100816052072,0.5,0.5,0.49998400362015,0.50000787925719,1727071152272
34,1.0,0.66666666666667,0.16606203348629,0.32100816052072,0.5,0.5,0.49998400362015,0.50000787925719,1727071152667
34,1.0,0.66666666666667,0.16606203348629,0.32100816052072,0.5,0.5,0.49998400362015,0.50000787925719,1727071154062
34,0.99334145848535,0.66666666666667,0.16606203348629,0.32100816052072,0.50000132892116,0.5,0.49998400362015,0.50000787925719,1727071154085
34,0.98283989656631,0.66666666666667,0.16606203348629,0.32100816052072,0.49999720172738,0.5,0.49998400362015,0.50000787925719,1727071154095
34,0.96953514866554,0.66666666666667,0.16606203348629,0.32100816052072,0.49999850231179,0.5,0.49998400362015,0.50000787925719,1727071154111
34,0.95236658592069,0.66666666666667,0.16606203348629,0.32100816052072,0.49999878724015,0.5,0.49998400362015,0.50000787925719,1727071154128
34,0.89034851823082,0.66666666666667,0.16606203348629,0.32100816052072,0.49999742408558,0.5,0.49998400362015,0.50000787925719,1727071154145
34,0.85601447153903,0.66666666666667,0.16606203348629,0.32100816052072,0.49999954484735,0.5,0.49998400362015,0.50000787925719,1727071154161
34,0.83122281736998,0.66666666666667,0.16606203348629,0.32100816052072,0.49999594524281,0.5,0.49998400362015,0.50000787925719,1727071154178
34,0.80354725548688,0.66666666666667,0.16606203348629,0.32100816052072,0.4999965510527,0.5,0.49998400362015,0.50000787925719,1727071154195
34,0.76158082753163,0.66666666666667,0.16606203348629,0.32100816052072,0.49999793555392,0.5,0.49998400362015,0.50000787925719,1727071154212
34,0.74726881310257,0.66666666666667,0.16606203348629,0.32100816052072,0.49999551648541,0.5,0.49998400362015,0.50000787925719,1727071154235
34,0.7434439985451,0.66666666666667,0.16606203348629,0.32100816052072,0.49999880387808,0.5,0.49998400362015,0.50000787925719,1727071154245
34,0.72244165634824,0.66666666666667,0.16606203348629,0.32100816052072,0.49999745012728,0.5,0.49998400362015,0.50000787925719,1727071154261
34,0.7186214161561,0.66666666666667,0.16606203348629,0.32100816052072,0.49999467632186,0.5,0.49998400362015,0.50000787925719,1727071154291
34,0.71196545365656,0.66666666666667,0.16606203348629,0.32100816052072,0.49999783523125,0.5,0.49998400362015,0.50000787925719,1727071154299
34,0.70814211440458,0.66666666666667,0.16606203348629,0.32100816052072,0.49999324936726,0.5,0.49998400362015,0.50000787925719,1727071154311
34,0.68714146574853,0.66666666666667,0.16606203348629,0.32100816052072,0.49999271647832,0.5,0.49998400362015,0.50000787925719,1727071154328
34,0.67954708163829,0.66666666666667,0.16606203348629,0.32100816052072,0.49999598785531,0.5,0.49998400362015,0.50000787925719,1727071154345
34,0.66524927354026,0.66666666666667,0.16606203348629,0.32100816052072,0.50000187924377,0.5,0.49998400362015,0.50000787925719,1727071154361
34,0.65093456799002,0.66666666666667,0.16606203348629,0.32100816052072,0.49999761733274,0.5,0.49998400362015,0.50000787925719,1727071154378
34,0.64043835724973,0.66666666666667,0.16606203348629,0.32100816052072,0.49999517260783,0.5,0.49998400362015,0.50000787925719,1727071154395
34,0.62993516313059,0.66666666666667,0.16606203348629,0.32100816052072,0.49999793336056,0.5,0.49998400362015,0.50000787925719,1727071154411
34,0.62611129767741,0.66666666666667,0.16606203348629,0.32100816052072,0.5000022688249,0.5,0.49998400362015,0.50000787925719,1727071154433
34,0.61560646780308,0.66666666666667,0.16606203348629,0.32100816052072,0.49999432062387,0.5,0.49998400362015,0.50000787925719,1727071154457
34,0.60895271830863,0.66666666666667,0.16606203348629,0.32100816052072,0.49999927607915,0.5,0.49998400362015,0.50000787925719,1727071154465
34,0.60136676993744,0.66666666666667,0.16606203348629,0.32100816052072,0.49999840641145,0.5,0.49998400362015,0.50000787925719,1727071154481
34,0.59086747880018,0.66666666666667,0.16606203348629,0.32100816052072,0.50000389487831,0.5,0.49998400362015,0.50000787925719,1727071154505
34,0.58036185933464,0.66666666666667,0.16606203348629,0.32100816052072,0.49999510563875,0.5,0.49998400362015,0.50000787925719,1727071154521
34,0.56985900405963,0.66666666666667,0.16606203348629,0.32100816052072,0.49999829569513,0.5,0.49998400362015,0.50000787925719,1727071154529
34,0.56603986483677,0.66666666666667,0.16606203348629,0.32100816052072,0.49999575104449,0.5,0.49998400362015,0.50000787925719,1727071154561
34,0.55938788837714,0.66666666666667,0.16606203348629,0.32100816052072,0.50000222945528,0.5,0.49998400362015,0.50000787925719,1727071154578
34,0.5555684466339,0.66666666666667,0.16606203348629,0.32100816052072,0.49999946333979,0.5,0.49998400362015,0.50000787925719,1727071154595
34,0.54505944739061,0.66666666666667,0.16606203348629,0.32100816052072,0.49999854995964,0.5,0.49998400362015,0.50000787925719,1727071154611
34,0.53456027402288,0.66666666666667,0.16606203348629,0.32100816052072,0.49999370587237,0.5,0.49998400362015,0.50000787925719,1727071154661
34,0.53074353159583,0.66666666666667,0.16606203348629,0.32100816052072,0.49999271626834,0.5,0.49998400362015,0.50000787925719,1727071154678
34,0.51644894364531,0.66666666666667,0.16606203348629,0.32100816052072,0.50000200678203,0.5,0.49998400362015,0.50000787925719,1727071154695
34,0.50980134821814,0.66666666666667,0.16606203348629,0.32100816052072,0.50000097829703,0.5,0.49998400362015,0.50000787925719,1727071154711
34,0.50598180192969,0.66666666666667,0.16606203348629,0.32100816052072,0.49999794817817,0.5,0.49998400362015,0.50000787925719,1727071154728
34,0.49169062966678,0.66666666666667,0.16606203348629,0.32100816052072,0.49999875265472,0.5,0.49998400362015,0.50000787925719,1727071154745
34,0.4783962475626,0.66666666666667,0.16606203348629,0.32100816052072,0.49999715974789,0.5,0.49998400362015,0.50000787925719,1727071154767
34,0.47458397291354,0.66666666666667,0.16606203348629,0.32100816052072,0.49999951114997,0.5,0.49998400362015,0.50000787925719,1727071154781
34,0.46409207992667,0.66666666666667,0.16606203348629,0.32100816052072,0.49999982414904,0.5,0.49998400362015,0.50000787925719,1727071154797
34,0.45358383444598,0.66666666666667,0.16606203348629,0.32100816052072,0.49999938805565,0.5,0.49998400362015,0.50000787925719,1727071154811
34,0.44976773255779,0.66666666666667,0.16606203348629,0.32100816052072,0.4999988195975,0.5,0.49998400362015,0.50000787925719,1727071154828
34,0.44311724295481,0.66666666666667,0.16606203348629,0.32100816052072,0.49999535945782,0.5,0.49998400362015,0.50000787925719,1727071154845
34,0.4393074521417,0.66666666666667,0.16606203348629,0.32100816052072,0.49999980790794,0.5,0.49998400362015,0.50000787925719,1727071154861
34,0.43265911934742,0.66666666666667,0.16606203348629,0.32100816052072,0.49999804627484,0.5,0.49998400362015,0.50000787925719,1727071154885
34,0.42884092886565,0.66666666666667,0.16606203348629,0.32100816052072,0.49999575646327,0.5,0.49998400362015,0.50000787925719,1727071154933
34,0.42502763446132,0.66666666666667,0.16606203348629,0.32100816052072,0.49999743967478,0.5,0.49998400362015,0.50000787925719,1727071155035
34,0.41452497664675,0.66666666666667,0.16606203348629,0.32100816052072,0.50000157612143,0.5,0.49998400362015,0.50000787925719,1727071155051
34,0.41071619091241,0.66666666666667,0.16606203348629,0.32100816052072,0.50000709157182,0.5,0.49998400362015,0.50000787925719,1727071155201
34,0.40406129672001,0.66666666666667,0.16606203348629,0.32100816052072,0.49999979622839,0.5,0.49998400362015,0.50000787925719,1727071155211
34,0.40024722076377,0.66666666666667,0.16606203348629,0.32100816052072,0.50000090461342,0.5,0.49998400362015,0.50000787925719,1727071155228
34,0.40692436531979,0.66666666666667,0.16606203348629,0.32100816052072,0.50000108129669,0.5,0.49998400362015,0.50000787925719,1727071155503
34,0.41359173802567,0.66666666666667,0.16606203348629,0.32100816052072,0.49999313572726,0.5,0.49998400362015,0.50000787925719,1727071156596
34,0.41747351726328,0.66666666666667,0.16606203348629,0.32100816052072,0.49999718681706,0.5,0.49998400362015,0.50000787925719,1727071156651
34,0.42799174413451,0.66666666666667,0.16606203348629,0.32100816052072,0.50000579694211,0.5,0.49998400362015,0.50000787925719,1727071156675
34,0.43186545330366,0.66666666666667,0.16606203348629,0.32100816052072,0.49999072597807,0.5,0.49998400362015,0.50000787925719,1727071156691
34,0.44238488050652,0.66666666666667,0.16606203348629,0.32100816052072,0.50000021111,0.5,0.49998400362015,0.50000787925719,1727071156753
34,0.44905623350248,0.66666666666667,0.16606203348629,0.32100816052072,0.49999581610063,0.5,0.49998400362015,0.50000787925719,1727071156795
34,0.45293557150368,0.66666666666667,0.16606203348629,0.32100816052072,0.49999773327619,0.5,0.49998400362015,0.50000787925719,1727071156811
34,0.45293557150368,0.66666666666667,0.16606203348629,0.32100816052072,0.49999773327619,0.5,0.49998400362015,0.50000787925719,1727071158733
34,0.45293557150368,0.66666666666667,0.16606203348629,0.32100816052072,0.49999773327619,0.5,0.49998400362015,0.50000787925719,1727071159646
34,0.45293557150368,0.67053374970347,0.16606203348629,0.32100816052072,0.49999773327619,0.50000282202912,0.49998400362015,0.50000787925719,1727071159820
34,0.45293557150368,0.6810412635353,0.16606203348629,0.32100816052072,0.49999773327619,0.50000289586747,0.49998400362015,0.50000787925719,1727071159828
34,0.45293557150368,0.69155940609666,0.16606203348629,0.32100816052072,0.49999773327619,0.50000575283441,0.49998400362015,0.50000787925719,1727071159899
34,0.45293557150368,0.7020680102026,0.16606203348629,0.32100816052072,0.49999773327619,0.50000516132546,0.49998400362015,0.50000787925719,1727071159944
34,0.45293557150368,0.71542627956959,0.16606203348629,0.32100816052072,0.49999773327619,0.50000256392634,0.49998400362015,0.50000787925719,1727071159961
34,0.45293557150368,0.72982474087619,0.16606203348629,0.32100816052072,0.49999773327619,0.50000339204488,0.49998400362015,0.50000787925719,1727071159978
34,0.45293557150368,0.74033360314431,0.16606203348629,0.32100816052072,0.49999773327619,0.50000270472021,0.49998400362015,0.50000787925719,1727071160001
34,0.45293557150368,0.75750241890104,0.16606203348629,0.32100816052072,0.49999773327619,0.50000288573402,0.49998400362015,0.50000787925719,1727071160025
34,0.45293557150368,0.76802041489913,0.16606203348629,0.32100816052072,0.49999773327619,0.50000560760062,0.49998400362015,0.50000787925719,1727071160061
34,0.45293557150368,0.77468990115095,0.16606203348629,0.32100816052072,0.49999773327619,0.50000129482717,0.49998400362015,0.50000787925719,1727071160078
34,0.45293557150368,0.78519757010413,0.16606203348629,0.32100816052072,0.49999773327619,0.50000129412242,0.49998400362015,0.50000787925719,1727071160094
34,0.45293557150368,0.79186676321569,0.16606203348629,0.32100816052072,0.49999773327619,0.50000537634404,0.49998400362015,0.50000787925719,1727071160113
34,0.45293557150368,0.79854076104768,0.16606203348629,0.32100816052072,0.49999773327619,0.49999879090498,0.49998400362015,0.50000787925719,1727071160128
34,0.45293557150368,0.81956472268449,0.16606203348629,0.32100816052072,0.49999773327619,0.50000232378567,0.49998400362015,0.50000787925719,1727071160144
34,0.45293557150368,0.83008508404141,0.16606203348629,0.32100816052072,0.49999773327619,0.50000368731313,0.49998400362015,0.50000787925719,1727071160161
34,0.45293557150368,0.84059281565987,0.16606203348629,0.32100816052072,0.49999773327619,0.50000363191342,0.49998400362015,0.50000787925719,1727071160178
34,0.45293557150368,0.84725577416914,0.16606203348629,0.32100816052072,0.49999773327619,0.50000289633817,0.49998400362015,0.50000787925719,1727071160194
34,0.45293557150368,0.8539315952037,0.16606203348629,0.32100816052072,0.49999773327619,0.50000342920949,0.49998400362015,0.50000787925719,1727071161578
34,0.45293557150368,0.84727029595748,0.16606203348629,0.32100816052072,0.49999773327619,0.50000332983237,0.49998400362015,0.50000787925719,1727071161800
34,0.45293557150368,0.84344857693174,0.16606203348629,0.32100816052072,0.49999773327619,0.49999877825386,0.49998400362015,0.50000787925719,1727071161933
34,0.45293557150368,0.83679183004224,0.16606203348629,0.32100816052072,0.49999773327619,0.5000041446203,0.49998400362015,0.50000787925719,1727071162005
34,0.45293557150368,0.82628575907794,0.16606203348629,0.32100816052072,0.49999773327619,0.50000335454034,0.49998400362015,0.50000787925719,1727071162013
34,0.45293557150368,0.81963680977735,0.16606203348629,0.32100816052072,0.49999773327619,0.50000481627276,0.49998400362015,0.50000787925719,1727071162037
34,0.45293557150368,0.8091258620533,0.16606203348629,0.32100816052072,0.49999773327619,0.50000655868603,0.49998400362015,0.50000787925719,1727071162045
34,0.45293557150368,0.80530281423116,0.16606203348629,0.32100816052072,0.49999773327619,0.50000254848807,0.49998400362015,0.50000787925719,1727071162061
34,0.45293557150368,0.79864569249975,0.16606203348629,0.32100816052072,0.49999773327619,0.50000833108714,0.49998400362015,0.50000787925719,1727071162078
34,0.45293557150368,0.78814575461735,0.16606203348629,0.32100816052072,0.49999773327619,0.50000429718434,0.49998400362015,0.50000787925719,1727071162099
34,0.45293557150368,0.78148788397487,0.16606203348629,0.32100816052072,0.49999773327619,0.50000236447274,0.49998400362015,0.50000787925719,1727071162155
34,0.45293557150368,0.77766479894095,0.16606203348629,0.32100816052072,0.49999773327619,0.50000650445523,0.49998400362015,0.50000787925719,1727071162194
34,0.45293557150368,0.77766479894095,0.16606203348629,0.32100816052072,0.49999773327619,0.50000650445523,0.49998400362015,0.50000787925719,1727071162623
34,0.45293557150368,0.77766479894095,0.16606203348629,0.32100816052072,0.49999773327619,0.50000650445523,0.49998400362015,0.50000787925719,1727071163700
34,0.45293557150368,0.78433529702925,0.16606203348629,0.32100816052072,0.49999773327619,0.50000168677054,0.49998400362015,0.50000787925719,1727071164104
34,0.45293557150368,0.79100441735912,0.16606203348629,0.32100816052072,0.49999773327619,0.50000580840563,0.49998400362015,0.50000787925719,1727071164199
34,0.45293557150368,0.80151280349114,0.16606203348629,0.32100816052072,0.49999773327619,0.50000538657168,0.49998400362015,0.50000787925719,1727071164507
34,0.45293557150368,0.80818577182409,0.16606203348629,0.32100816052072,0.49999773327619,0.49999939747975,0.49998400362015,0.50000787925719,1727071164620
34,0.45293557150368,0.81485380085704,0.16606203348629,0.32100816052072,0.49999773327619,0.50000400615566,0.49998400362015,0.50000787925719,1727071165704
34,0.45293557150368,0.81871725193194,0.16606203348629,0.32100816052072,0.49999773327619,0.50000300499391,0.49998400362015,0.50000787925719,1727071165832
34,0.45293557150368,0.82922761588876,0.16606203348629,0.32100816052072,0.49999773327619,0.50000161090153,0.49998400362015,0.50000787925719,1727071165909
34,0.45293557150368,0.82540605745313,0.16606203348629,0.32100816052072,0.49999773327619,0.50000478176732,0.49998400362015,0.50000787925719,1727071167154
34,0.45293557150368,0.8187464675313,0.16606203348629,0.32100816052072,0.49999773327619,0.50000380637753,0.49998400362015,0.50000787925719,1727071167162
34,0.45293557150368,0.81209552273732,0.16606203348629,0.32100816052072,0.49999773327619,0.50000631718006,0.49998400362015,0.50000787925719,1727071167178
34,0.45293557150368,0.80544263577455,0.16606203348629,0.32100816052072,0.49999773327619,0.50000183772721,0.49998400362015,0.50000787925719,1727071167194
34,0.45293557150368,0.80544263577455,0.16606203348629,0.32100816052072,0.49999773327619,0.50000183772721,0.49998400362015,0.50000787925719,1727071167779
34,0.45293557150368,0.80544263577455,0.16606203348629,0.32100816052072,0.49999773327619,0.50000183772721,0.49998400362015,0.50000787925719,1727071169688
34,0.45293557150368,0.80930656507536,0.16606203348629,0.32100816052072,0.49999773327619,0.50000058668178,0.49998400362015,0.50000787925719,1727071169822
34,0.45293557150368,0.81317625088293,0.16606203348629,0.32100816052072,0.49999773327619,0.50000433756634,0.49998400362015,0.50000787925719,1727071169861
34,0.45293557150368,0.81983759006417,0.16606203348629,0.32100816052072,0.49999773327619,0.50000441325561,0.49998400362015,0.50000787925719,1727071170164
34,0.45293557150368,0.81983759006417,0.16606203348629,0.32100816052072,0.49999773327619,0.50000441325561,0.49998400362015,0.50000787925719,1727071171841
35,0.33333333333333,1.0,0.33333333333333,0.33333333333333,0.5,0.5,0.5,0.5,1727071175612
35,0.33333333333333,1.0,0.32611354936011,0.33333333333333,0.5,0.5,0.49999592620692,0.5,1727071175692
35,0.33333333333333,1.0,0.30726185956717,0.33333333333333,0.5,0.5,0.49998986805405,0.5,1727071175699
35,0.33333333333333,1.0,0.30004270975132,0.33333333333333,0.5,0.5,0.49998127277426,0.5,1727071175710
35,0.33333333333333,1.0,0.26406516047976,0.33333333333333,0.5,0.5,0.49998153995629,0.5,1727071175727
35,0.33333333333333,1.0,0.24524607614389,0.33333333333333,0.5,0.5,0.49997564407179,0.5,1727071175744
35,0.33333333333333,1.0,0.23081341424581,0.33333333333333,0.5,0.5,0.49998336084916,0.5,1727071175760
35,0.33333333333333,1.0,0.20487896067881,0.33333333333333,0.5,0.5,0.49999694509027,0.5,1727071175777
35,0.33333333333333,1.0,0.19045707673415,0.33333333333333,0.5,0.5,0.49997518875006,0.5,1727071175794
35,0.33333333333333,1.0,0.16167537556042,0.33333333333333,0.5,0.5,0.49997071916744,0.5,1727071175810
35,0.33333333333333,1.0,0.14725255534063,0.33333333333333,0.5,0.5,0.4999580118389,0.5,1727071175827
35,0.33333333333333,1.0,0.13562618042259,0.33333333333333,0.5,0.5,0.49998775894454,0.5,1727071175844
35,0.33333333333333,1.0,0.1168885588743,0.33333333333333,0.5,0.5,0.4999858004135,0.5,1727071175860
35,0.33333333333333,1.0,0.10247396741069,0.33333333333333,0.5,0.5,0.49997145913172,0.5,1727071175877
35,0.33333333333333,1.0,0.06660178121256,0.33333333333333,0.5,0.5,0.49998826720389,0.5,1727071175894
35,0.33333333333333,1.0,0.03787977080412,0.33333333333333,0.5,0.5,0.49993964475584,0.5,1727071175911
35,0.33333333333333,1.0,0.0,0.33333333333333,0.5,0.5,0.5,0.5,1727071175927
35,0.33333333333333,1.0,0.0,0.33333333333333,0.5,0.5,0.5,0.5,1727071175944
35,0.33333333333333,1.0,0.0,0.33333333333333,0.5,0.5,0.5,0.5,1727071175960
35,0.33333333333333,1.0,0.0,0.33333333333333,0.5,0.5,0.5,0.5,1727071175977
35,0.33333333333333,1.0,0.0,0.33333333333333,0.5,0.5,0.5,0.5,1727071175994
35,0.33333333333333,1.0,0.0,0.33333333333333,0.5,0.5,0.5,0.5,1727071176010
35,0.33333333333333,1.0,0.0,0.33333333333333,0.5,0.5,0.5,0.5,1727071176027
35,0.33333333333333,1.0,0.0,0.33333333333333,0.5,0.5,0.5,0.5,1727071176044
35,0.33333333333333,1.0,0.0,0.33333333333333,0.5,0.5,0.5,0.5,1727071176060
35,0.33333333333333,1.0,0.0,0.33333333333333,0.5,0.5,0.5,0.5,1727071176077
35,0.33333333333333,1.0,0.0,0.33333333333333,0.5,0.5,0.5,0.5,1727071176095
35,0.33333333333333,1.0,0.0,0.33333333333333,0.5,0.5,0.5,0.5,1727071176110
35,0.33333333333333,1.0,0.0,0.33333333333333,0.5,0.5,0.5,0.5,1727071176125
35,0.33333333333333,1.0,0.0,0.33333333333333,0.5,0.5,0.5,0.5,1727071176125
35,0.33333333333333,1.0,0.0,0.33333333333333,0.5,0.5,0.5,0.5,1727071179026
35,0.33333333333333,1.0,0.0,0.32283334845818,0.5,0.5,0.5,0.50000248240003,1727071179057
35,0.33333333333333,1.0,0.0,0.31233362536178,0.5,0.5,0.5,0.49999525845926,1727071179093
35,0.33333333333333,1.0,0.0,0.3085328107489,0.5,0.5,0.5,0.50000960825169,1727071179111
35,0.33333333333333,1.0,0.0,0.30187631812684,0.5,0.5,0.5,0.49999939564993,1727071179127
35,0.33333333333333,1.0,0.0,0.28470674857315,0.5,0.5,0.5,0.49999902692782,1727071179144
35,0.33333333333333,1.0,0.0,0.28090670544501,0.5,0.5,0.5,0.49999897517575,1727071179175
35,0.33333333333333,1.0,0.0,0.27040956414479,0.5,0.5,0.5,0.50001013235267,1727071179210
35,0.33333333333333,1.0,0.0,0.25991016081709,0.5,0.5,0.5,0.50000266901819,1727071179231
35,0.33333333333333,1.0,0.0,0.25325712547274,0.5,0.5,0.5,0.49999516546981,1727071179374
35,0.33333333333333,1.0,0.0,0.24945588502978,0.5,0.5,0.5,0.49999375939647,1727071179381
35,0.33333333333333,1.0,0.0,0.24281336239856,0.5,0.5,0.5,0.49999773766817,1727071179394
35,0.33333333333333,1.0,0.0,0.23900606670213,0.5,0.5,0.5,0.5000068398768,1727071179410
35,0.33333333333333,1.0,0.0,0.22851104469235,0.5,0.5,0.5,0.50000386253233,1727071179427
35,0.33333333333333,1.0,0.0,0.21801609317786,0.5,0.5,0.5,0.50000083469545,1727071179443
35,0.33333333333333,1.0,0.0,0.21137249680112,0.5,0.5,0.5,0.50000390282391,1727071179460
35,0.33333333333333,1.0,0.0,0.20756666943568,0.5,0.5,0.5,0.49999691380826,1727071179477
35,0.33333333333333,1.0,0.0,0.1933147383075,0.5,0.5,0.5,0.5000087627427,1727071179493
35,0.33333333333333,1.0,0.0,0.18951748572882,0.5,0.5,0.5,0.49999298641449,1727071180252
35,0.33333333333333,1.0,0.0,0.18572713350461,0.5,0.5,0.5,0.50000513281589,1727071182224
35,0.33333333333333,1.0,0.0,0.1752252236699,0.5,0.5,0.5,0.50001275684931,1727071183499
35,0.33333333333333,1.0,0.0,0.17143546294284,0.5,0.5,0.5,0.50000614038089,1727071183563
35,0.33333333333333,1.0,0.0,0.16763586153725,0.5,0.5,0.5,0.50000672243523,1727071183666
35,0.33333333333333,1.0,0.0,0.16763586153725,0.5,0.5,0.5,0.50000672243523,1727071185495
35,0.33333333333333,1.0,0.0,0.16763586153725,0.5,0.5,0.5,0.50000672243523,1727071186818
35,0.33333333333333,1.0,0.0,0.16763586153725,0.5,0.5,0.5,0.50000672243523,1727071187728
35,0.34383956773335,1.0,0.0,0.16763586153725,0.49999388535017,0.5,0.5,0.50000672243523,1727071187800
35,0.35435893666083,1.0,0.0,0.16763586153725,0.49999060913119,0.5,0.5,0.50000672243523,1727071187815
35,0.36487119786465,1.0,0.0,0.16763586153725,0.49999486643726,0.5,0.5,0.50000672243523,1727071187831
35,0.36875405033811,1.0,0.0,0.16763586153725,0.50000018193441,0.5,0.5,0.50000672243523,1727071187843
35,0.37542852023162,1.0,0.0,0.16763586153725,0.49999801745698,0.5,0.5,0.50000672243523,1727071187860
35,0.39259525119228,1.0,0.0,0.16763586153725,0.49999592564978,0.5,0.5,0.50000672243523,1727071187876
35,0.40976825661576,1.0,0.0,0.16763586153725,0.49999918595802,0.5,0.5,0.50000672243523,1727071187893
35,0.42028145669875,1.0,0.0,0.16763586153725,0.49999107467108,0.5,0.5,0.50000672243523,1727071187910
35,0.43080168827751,1.0,0.0,0.16763586153725,0.50000136720541,0.5,0.5,0.50000672243523,1727071187926
35,0.46513673741074,1.0,0.0,0.16763586153725,0.49999867079717,0.5,0.5,0.50000672243523,1727071187943
35,0.48230645964432,1.0,0.0,0.16763586153725,0.49999907196901,0.5,0.5,0.50000672243523,1727071187960
35,0.4956741374483,1.0,0.0,0.16763586153725,0.49999794038921,0.5,0.5,0.50000672243523,1727071187976
35,0.49954906124749,1.0,0.0,0.16763586153725,0.49999648047057,0.5,0.5,0.50000672243523,1727071187993
35,0.5062201827538,1.0,0.0,0.16763586153725,0.49999228181897,0.5,0.5,0.50000672243523,1727071188021
35,0.51673589908462,1.0,0.0,0.16763586153725,0.4999981574417,0.5,0.5,0.50000672243523,1727071188060
35,0.53390364119132,1.0,0.0,0.16763586153725,0.49999715079847,0.5,0.5,0.50000672243523,1727071188076
35,0.54726268939365,1.0,0.0,0.16763586153725,0.5000007959007,0.5,0.5,0.50000672243523,1727071188126
35,0.55113346356025,1.0,0.0,0.16763586153725,0.49999656045738,0.5,0.5,0.50000672243523,1727071188143
35,0.56165205227911,1.0,0.0,0.16763586153725,0.49999355633162,0.5,0.5,0.50000672243523,1727071188160
35,0.56832575657161,1.0,0.0,0.16763586153725,0.50000180535305,0.5,0.5,0.50000672243523,1727071188179
35,0.57219563999481,1.0,0.0,0.16763586153725,0.49999707636622,0.5,0.5,0.50000672243523,1727071188203
35,0.58555495709782,1.0,0.0,0.16763586153725,0.50000073304022,0.5,0.5,0.50000672243523,1727071188243
35,0.59222590029309,1.0,0.0,0.16763586153725,0.49999681274508,0.5,0.5,0.50000672243523,1727071188267
35,0.60273208467229,1.0,0.0,0.16763586153725,0.49999587706963,0.5,0.5,0.50000672243523,1727071188276
35,0.61325210903955,1.0,0.0,0.16763586153725,0.50000380336911,0.5,0.5,0.50000672243523,1727071188293
35,0.61991824399383,1.0,0.0,0.16763586153725,0.49999693702711,0.5,0.5,0.50000672243523,1727071188315
35,0.62659166818969,1.0,0.0,0.16763586153725,0.49999475973229,0.5,0.5,0.50000672243523,1727071188331
35,0.63326254998847,1.0,0.0,0.16763586153725,0.50000063139087,0.5,0.5,0.50000672243523,1727071188345
35,0.64376624829644,1.0,0.0,0.16763586153725,0.49999816022999,0.5,0.5,0.50000672243523,1727071188361
35,0.65712951421763,1.0,0.0,0.16763586153725,0.49999456205036,0.5,0.5,0.50000672243523,1727071188377
35,0.6704824504827,1.0,0.0,0.16763586153725,0.49999409595027,0.5,0.5,0.50000672243523,1727071188393
35,0.6981675183148,1.0,0.0,0.16763586153725,0.49999900426253,0.5,0.5,0.50000672243523,1727071188410
35,0.71151638059877,1.0,0.0,0.16763586153725,0.49999616035521,0.5,0.5,0.50000672243523,1727071188426
35,0.72591518074187,1.0,0.0,0.16763586153725,0.49999553916285,0.5,0.5,0.50000672243523,1727071188443
35,0.73258470365601,1.0,0.0,0.16763586153725,0.50000004952915,0.5,0.5,0.50000672243523,1727071188460
35,0.73925302640601,1.0,0.0,0.16763586153725,0.49999525606816,0.5,0.5,0.50000672243523,1727071188476
35,0.74976841185673,1.0,0.0,0.16763586153725,0.49999954840521,0.5,0.5,0.50000672243523,1727071188526
35,0.76027639606502,1.0,0.0,0.16763586153725,0.49999971239856,0.5,0.5,0.50000672243523,1727071188551
35,0.76694864705238,1.0,0.0,0.16763586153725,0.49999718135489,0.5,0.5,0.50000672243523,1727071188862
35,0.773619379844,1.0,0.0,0.16763586153725,0.50000215185799,0.5,0.5,0.50000672243523,1727071189100
35,0.7802859909203,1.0,0.0,0.16763586153725,0.4999966197517,0.5,0.5,0.50000672243523,1727071189145
35,0.79364221816677,1.0,0.0,0.16763586153725,0.4999979208822,0.5,0.5,0.50000672243523,1727071189160
35,0.80699596863053,1.0,0.0,0.16763586153725,0.49999789723712,0.5,0.5,0.50000672243523,1727071189176
35,0.82703909369657,1.0,0.0,0.16763586153725,0.49999638595407,0.5,0.5,0.50000672243523,1727071189193
35,0.83660395169885,1.0,0.0,0.16763586153725,0.49999419907478,0.5,0.5,0.50000672243523,1727071189210
35,0.84327529377999,1.0,0.0,0.16763586153725,0.49999917835997,0.5,0.5,0.50000672243523,1727071189392
35,0.84994553042847,1.0,0.0,0.16763586153725,0.49999583187952,0.5,0.5,0.50000672243523,1727071189589
35,0.85661784514154,1.0,0.0,0.16763586153725,0.50000122586013,0.5,0.5,0.50000672243523,1727071190714
35,0.8527883964505,1.0,0.0,0.16763586153725,0.50000189030795,0.5,0.5,0.50000672243523,1727071190727
35,0.8489600172712,1.0,0.0,0.16763586153725,0.49999537774379,0.5,0.5,0.50000672243523,1727071190745
35,0.83845765658762,1.0,0.0,0.16763586153725,0.49999803374023,0.5,0.5,0.50000672243523,1727071190761
35,0.83179913507555,1.0,0.0,0.16763586153725,0.49999955919922,0.5,0.5,0.50000672243523,1727071190777
35,0.82515056185293,1.0,0.0,0.16763586153725,0.49999831583505,0.5,0.5,0.50000672243523,1727071190809
35,0.8041530333665,1.0,0.0,0.16763586153725,0.49999957490689,0.5,0.5,0.50000672243523,1727071190826
35,0.79364079187835,1.0,0.0,0.16763586153725,0.49999716740628,0.5,0.5,0.50000672243523,1727071190843
35,0.77264270993072,1.0,0.0,0.16763586153725,0.49999814330937,0.5,0.5,0.50000672243523,1727071190860
35,0.76213630465517,1.0,0.0,0.16763586153725,0.49999882510638,0.5,0.5,0.50000672243523,1727071190876
35,0.7516376235141,1.0,0.0,0.16763586153725,0.50000377278175,0.5,0.5,0.50000672243523,1727071190893
35,0.73833654611546,1.0,0.0,0.16763586153725,0.49999893150928,0.5,0.5,0.50000672243523,1727071190910
35,0.71733808717371,1.0,0.0,0.16763586153725,0.49999978663289,0.5,0.5,0.50000672243523,1727071190927
35,0.70683595777574,1.0,0.0,0.16763586153725,0.49999412501362,0.5,0.5,0.50000672243523,1727071190943
35,0.68966529879602,1.0,0.0,0.16763586153725,0.49999317968301,0.5,0.5,0.50000672243523,1727071190960
35,0.69633285164125,1.0,0.0,0.16763586153725,0.49999673169805,0.5,0.5,0.50000672243523,1727071191270
35,0.70020635094443,1.0,0.0,0.16763586153725,0.49999475847355,0.5,0.5,0.50000672243523,1727071191285
35,0.70688014724299,1.0,0.0,0.16763586153725,0.50000185767771,0.5,0.5,0.50000672243523,1727071191331
35,0.71074375522568,1.0,0.0,0.16763586153725,0.49999420924676,0.5,0.5,0.50000672243523,1727071191376
35,0.71741052118239,1.0,0.0,0.16763586153725,0.49999722831893,0.5,0.5,0.50000672243523,1727071191426
35,0.72128380210404,1.0,0.0,0.16763586153725,0.49999517197402,0.5,0.5,0.50000672243523,1727071191451
35,0.72795567906008,1.0,0.0,0.16763586153725,0.50000103331257,0.5,0.5,0.50000672243523,1727071191467
35,0.73462532690369,1.0,0.0,0.16763586153725,0.4999969526328,0.5,0.5,0.50000672243523,1727071191521
35,0.74128826353472,1.0,0.0,0.16763586153725,0.49999775074264,0.5,0.5,0.50000672243523,1727071191560
35,0.75180729247879,1.0,0.0,0.16763586153725,0.49999554661387,0.5,0.5,0.50000672243523,1727071191649
35,0.76231413262802,1.0,0.0,0.16763586153725,0.4999951287299,0.5,0.5,0.50000672243523,1727071192054
35,0.76231413262802,1.0,0.0,0.16763586153725,0.4999951287299,0.5,0.5,0.50000672243523,1727071193597
35,0.76231413262802,1.0,0.0,0.16763586153725,0.4999951287299,0.5,0.5,0.50000672243523,1727071194453
35,0.76231413262802,1.0,0.0,0.16763586153725,0.4999951287299,0.5,0.5,0.50000672243523,1727071195372
35,0.76231413262802,1.0,0.0,0.16763586153725,0.4999951287299,0.5,0.5,0.50000672243523,1727071195872
35,0.76231413262802,0.98283531043686,0.0,0.16763586153725,0.4999951287299,0.49999796915564,0.5,0.50000672243523,1727071195966
35,0.76231413262802,0.94850105289114,0.0,0.16763586153725,0.4999951287299,0.49999597707907,0.5,0.50000672243523,1727071195976
35,0.76231413262802,0.87318463200073,0.0,0.16763586153725,0.4999951287299,0.4999999918438,0.5,0.50000672243523,1727071195993
35,0.76231413262802,0.79787558184594,0.0,0.16763586153725,0.4999951287299,0.50000070567493,0.5,0.50000672243523,1727071196009
35,0.76231413262802,0.72257178380768,0.0,0.16763586153725,0.4999951287299,0.49999855274104,0.5,0.50000672243523,1727071196026
35,0.76231413262802,0.65389886380168,0.0,0.16763586153725,0.4999951287299,0.49999600113652,0.5,0.50000672243523,1727071196043
35,0.76231413262802,0.60239309727813,0.0,0.16763586153725,0.4999951287299,0.5000044646949,0.5,0.50000672243523,1727071196059
35,0.76231413262802,0.57858061059775,0.0,0.16763586153725,0.4999951287299,0.50000266474551,0.5,0.50000672243523,1727071196076
35,0.76231413262802,0.5575828156023,0.0,0.16763586153725,0.4999951287299,0.50000122869423,0.5,0.50000672243523,1727071196093
35,0.76231413262802,0.54041365177219,0.0,0.16763586153725,0.4999951287299,0.50000120869229,0.5,0.50000672243523,1727071196109
35,0.76231413262802,0.4917547161466,0.0,0.16763586153725,0.4999951287299,0.49999935335484,0.5,0.50000672243523,1727071196126
35,0.76231413262802,0.48125183535151,0.0,0.16763586153725,0.4999951287299,0.49999571642229,0.5,0.50000672243523,1727071196143
35,0.76231413262802,0.47075623442081,0.0,0.16763586153725,0.4999951287299,0.49999817314118,0.5,0.50000672243523,1727071196159
35,0.76231413262802,0.46410265808583,0.0,0.16763586153725,0.4999951287299,0.49999200891186,0.5,0.50000672243523,1727071196298
35,0.76231413262802,0.4574523890836,0.0,0.16763586153725,0.4999951287299,0.49999514078739,0.5,0.50000672243523,1727071196313
35,0.76231413262802,0.45362810428901,0.0,0.16763586153725,0.4999951287299,0.50000208812058,0.5,0.50000672243523,1727071196326
35,0.76231413262802,0.44035308972747,0.0,0.16763586153725,0.4999951287299,0.5000006040964,0.5,0.50000672243523,1727071196343
35,0.76231413262802,0.42985458322508,0.0,0.16763586153725,0.4999951287299,0.49999316419903,0.5,0.50000672243523,1727071196359
35,0.76231413262802,0.41935478000232,0.0,0.16763586153725,0.4999951287299,0.49999923081511,0.5,0.50000672243523,1727071196376
35,0.76231413262802,0.41269659416309,0.0,0.16763586153725,0.4999951287299,0.49999643388435,0.5,0.50000672243523,1727071196393
35,0.76231413262802,0.4060506011961,0.0,0.16763586153725,0.4999951287299,0.49999626256001,0.5,0.50000672243523,1727071196409
35,0.76231413262802,0.40223864010389,0.0,0.16763586153725,0.4999951287299,0.49999334686604,0.5,0.50000672243523,1727071196464
35,0.76231413262802,0.39558332812519,0.0,0.16763586153725,0.4999951287299,0.5000010993213,0.5,0.50000672243523,1727071196487
35,0.76231413262802,0.40225691162695,0.0,0.16763586153725,0.4999951287299,0.50000391089859,0.5,0.50000672243523,1727071197328
35,0.76231413262802,0.41277175929308,0.0,0.16763586153725,0.4999951287299,0.49999789664037,0.5,0.50000672243523,1727071197376
35,0.76231413262802,0.41665024036803,0.0,0.16763586153725,0.4999951287299,0.4999966203938,0.5,0.50000672243523,1727071197393
35,0.76231413262802,0.42332279048197,0.0,0.16763586153725,0.4999951287299,0.50000023454314,0.5,0.50000672243523,1727071197409
35,0.76231413262802,0.43384550950108,0.0,0.16763586153725,0.4999951287299,0.50000051948302,0.5,0.50000672243523,1727071197426
35,0.76231413262802,0.44434967115669,0.0,0.16763586153725,0.4999951287299,0.50000331504282,0.5,0.50000672243523,1727071197443
35,0.76231413262802,0.45103084428665,0.0,0.16763586153725,0.4999951287299,0.49999994097193,0.5,0.50000672243523,1727071197459
35,0.76231413262802,0.45770046367621,0.0,0.16763586153725,0.4999951287299,0.49999364615225,0.5,0.50000672243523,1727071197476
35,0.76231413262802,0.46820992471357,0.0,0.16763586153725,0.4999951287299,0.50000419126122,0.5,0.50000672243523,1727071197492
35,0.76231413262802,0.49205445727713,0.0,0.16763586153725,0.4999951287299,0.50000526116068,0.5,0.50000672243523,1727071197509
35,0.76231413262802,0.50257324294308,0.0,0.16763586153725,0.4999951287299,0.49999706071747,0.5,0.50000672243523,1727071197526
35,0.76231413262802,0.50924759300553,0.0,0.16763586153725,0.4999951287299,0.49999895495236,0.5,0.50000672243523,1727071197542
35,0.76231413262802,0.47490442240869,0.0,0.16763586153725,0.4999951287299,0.50000248693636,0.5,0.50000672243523,1727071197906
35,0.76231413262802,0.47490442240869,0.0,0.16763586153725,0.4999951287299,0.50000248693636,0.5,0.50000672243523,1727071197906
35,0.76231413262802,0.47490442240869,0.0,0.16763586153725,0.4999951287299,0.50000248693636,0.5,0.50000672243523,1727071199046
35,0.76618781239132,0.47490442240869,0.0,0.16763586153725,0.50000173452312,0.50000248693636,0.5,0.50000672243523,1727071199244
35,0.77669517018211,0.47490442240869,0.0,0.16763586153725,0.50000153713843,0.50000248693636,0.5,0.50000672243523,1727071199356
35,0.783363056689,0.47490442240869,0.0,0.16763586153725,0.49999670594745,0.50000248693636,0.5,0.50000672243523,1727071199450
35,0.77670827584401,0.47490442240869,0.0,0.16763586153725,0.50000031335132,0.50000248693636,0.5,0.50000672243523,1727071201700
35,0.77288236526038,0.47490442240869,0.0,0.16763586153725,0.49999464106618,0.50000248693636,0.5,0.50000672243523,1727071201810
35,0.76622672741565,0.47490442240869,0.0,0.16763586153725,0.49999780721088,0.50000248693636,0.5,0.50000672243523,1727071201914
35,0.76622672741565,0.47490442240869,0.0,0.16763586153725,0.49999780721088,0.50000248693636,0.5,0.50000672243523,1727071202055
35,0.76622672741565,0.47490442240869,0.0,0.16763586153725,0.49999780721088,0.50000248693636,0.5,0.50000672243523,1727071202872
35,0.76622672741565,0.47490442240869,0.0,0.16763586153725,0.49999780721088,0.50000248693636,0.5,0.50000672243523,1727071205818
35,0.77290020640728,0.47490442240869,0.0,0.16763586153725,0.49999596519956,0.50000248693636,0.5,0.50000672243523,1727071206324
35,0.77290020640728,0.47490442240869,0.0,0.16763586153725,0.49999596519956,0.50000248693636,0.5,0.50000672243523,1727071208105
36,0.83333333333333,0.5,0.5,0.5,0.5,0.5,0.5,0.5,1727071211828
36,0.83333333333333,0.5,0.5,0.5,0.5,0.5,0.5,0.5,1727071212510
36,0.83333333333333,0.5,0.49015239573952,0.5,0.5,0.5,0.49999728461579,0.5,1727071212574
36,0.83333333333333,0.5,0.48293314637616,0.5,0.5,0.5,0.49999161978837,0.5,1727071212609
36,0.83333333333333,0.5,0.45409457174621,0.5,0.5,0.5,0.49998648461093,0.5,1727071212625
36,0.83333333333333,0.5,0.4324597237277,0.5,0.5,0.5,0.499980638038,0.5,1727071212642
36,0.83333333333333,0.5,0.41801789938667,0.5,0.5,0.5,0.499993969945,0.5,1727071212659
36,0.83333333333333,0.5,0.39837055296774,0.5,0.5,0.5,0.50000177942418,0.5,1727071212675
36,0.83333333333333,0.5,0.3839316607543,0.5,0.5,0.5,0.4999920397654,0.5,1727071212692
36,0.83333333333333,0.5,0.36949798998634,0.5,0.5,0.5,0.50000695652444,0.5,1727071212708
36,0.83333333333333,0.5,0.34786543029643,0.5,0.5,0.5,0.49998093954472,0.5,1727071212725
36,0.83333333333333,0.5,0.34064440818651,0.5,0.5,0.5,0.4999894590708,0.5,1727071212742
36,0.83333333333333,0.5,0.33342318738193,0.5,0.5,0.5,0.49999997664904,0.5,1727071212758
36,0.83333333333333,0.5,0.32619544306795,0.5,0.5,0.5,0.49999561825682,0.5,1727071212827
36,0.83333333333333,0.5,0.31897631917656,0.5,0.5,0.5,0.49998714280601,0.5,1727071212842
36,0.83333333333333,0.5,0.31175617471559,0.5,0.5,0.5,0.49998798237308,0.5,1727071212858
36,0.83333333333333,0.5,0.30452854356831,0.5,0.5,0.5,0.49998222660943,0.5,1727071212875
36,0.83333333333333,0.5,0.29730789875155,0.5,0.5,0.5,0.49998782050594,0.5,1727071213120
36,0.83333333333333,0.5,0.29008790072702,0.5,0.5,0.5,0.49998728012149,0.5,1727071213127
36,0.83333333333333,0.5,0.28024766530779,0.5,0.5,0.5,0.49999381294668,0.5,1727071213254
36,0.83333333333333,0.5,0.29472948195231,0.5,0.5,0.5,0.49998614646296,0.5,1727071213904
36,0.83333333333333,0.5,0.29740653504473,0.5,0.5,0.5,0.49998394535997,0.5,1727071213911
36,0.83333333333333,0.5,0.30464182443274,0.5,0.5,0.5,0.49999474554098,0.5,1727071213927
36,0.83333333333333,0.5,0.3191232050869,0.5,0.5,0.5,0.49999140366511,0.5,1727071213943
36,0.83333333333333,0.5,0.32635860785193,0.5,0.5,0.5,0.50000067117256,0.5,1727071213959
36,0.83333333333333,0.5,0.32903680036239,0.5,0.5,0.5,0.49998819767572,0.5,1727071213975
36,0.83333333333333,0.5,0.34612834104267,0.5,0.5,0.5,0.49999550336158,0.5,1727071213992
36,0.83333333333333,0.5,0.35599989586375,0.5,0.5,0.5,0.50000198864232,0.5,1727071214008
36,0.83333333333333,0.5,0.37048175074969,0.5,0.5,0.5,0.49999474383155,0.5,1727071214061
36,0.83333333333333,0.5,0.38035494120982,0.5,0.5,0.5,0.49998737492216,0.5,1727071214075
36,0.83333333333333,0.5,0.39744694250677,0.5,0.5,0.5,0.49999039018508,0.5,1727071214092
36,0.83333333333333,0.5,0.40732741071384,0.5,0.5,0.5,0.49999063929456,0.5,1727071214284
36,0.83333333333333,0.5,0.40009902797563,0.5,0.5,0.5,0.49999182557963,0.5,1727071215218
36,0.83333333333333,0.5,0.3928795841169,0.5,0.5,0.5,0.49998689345597,0.5,1727071215225
36,0.83333333333333,0.5,0.38566041932491,0.5,0.5,0.5,0.49997954574848,0.5,1727071215321
36,0.83333333333333,0.5,0.3784308470608,0.5,0.5,0.5,0.4999905774198,0.5,1727071215358
36,0.83333333333333,0.5,0.37121075500651,0.5,0.5,0.5,0.49999093389056,0.5,1727071215423
36,0.83333333333333,0.5,0.36398983291149,0.5,0.5,0.5,0.49999839239541,0.5,1727071215459
36,0.83333333333333,0.5,0.35676244699974,0.5,0.5,0.5,0.49999113526773,0.5,1727071215512
36,0.83333333333333,0.5,0.34954280523769,0.5,0.5,0.5,0.49998757037515,0.5,1727071215567
36,0.83333333333333,0.5,0.34232184300234,0.5,0.5,0.5,0.49999561627651,0.5,1727071215581
36,0.83333333333333,0.5,0.33509482761682,0.5,0.5,0.5,0.49998473322214,0.5,1727071215625
36,0.83333333333333,0.5,0.34233092629954,0.5,0.5,0.5,0.49998766738033,0.5,1727071216604
36,0.83333333333333,0.5,0.35221189885518,0.5,0.5,0.5,0.49998358948444,0.5,1727071216619
36,0.83333333333333,0.5,0.35944023557805,0.5,0.5,0.5,0.4999828038688,0.5,1727071216715
36,0.83333333333333,0.5,0.35221966187654,0.5,0.5,0.5,0.49998727499208,0.5,1727071217104
36,0.83333333333333,0.5,0.35221966187654,0.5,0.5,0.5,0.49998727499208,0.5,1727071217561
36,0.83333333333333,0.5,0.35221966187654,0.5,0.5,0.5,0.49998727499208,0.5,1727071219489
36,0.83333333333333,0.5,0.35221966187654,0.50667697641703,0.5,0.5,0.49998727499208,0.50000003886456,1727071219525
36,0.83333333333333,0.5,0.35221966187654,0.53052213312709,0.5,0.5,0.49998727499208,0.49999933334099,1727071219541
36,0.83333333333333,0.5,0.35221966187654,0.646097300361,0.5,0.5,0.49998727499208,0.50000307176454,1727071219558
36,0.83333333333333,0.5,0.35221966187654,0.79266390127904,0.5,0.5,0.49998727499208,0.50000124938539,1727071219575
36,0.83333333333333,0.5,0.35221966187654,0.9628389562937,0.5,0.5,0.49998727499208,0.49999672815376,1727071219592
36,0.83333333333333,0.5,0.35221966187654,1.0,0.5,0.5,0.49998727499208,0.5,1727071219608
36,0.83333333333333,0.5,0.35221966187654,1.0,0.5,0.5,0.49998727499208,0.5,1727071219625
36,0.83333333333333,0.5,0.35221966187654,1.0,0.5,0.5,0.49998727499208,0.5,1727071219641
36,0.83333333333333,0.5,0.35221966187654,1.0,0.5,0.5,0.49998727499208,0.5,1727071219658
36,0.83333333333333,0.5,0.35221966187654,1.0,0.5,0.5,0.49998727499208,0.5,1727071219675
36,0.83333333333333,0.5,0.35221966187654,1.0,0.5,0.5,0.49998727499208,0.5,1727071219691
36,0.83333333333333,0.5,0.35221966187654,1.0,0.5,0.5,0.49998727499208,0.5,1727071219708
36,0.83333333333333,0.5,0.35221966187654,1.0,0.5,0.5,0.49998727499208,0.5,1727071219725
36,0.83333333333333,0.5,0.35221966187654,1.0,0.5,0.5,0.49998727499208,0.5,1727071219741
36,0.83333333333333,0.5,0.35221966187654,1.0,0.5,0.5,0.49998727499208,0.5,1727071219758
36,0.83333333333333,0.5,0.35221966187654,1.0,0.5,0.5,0.49998727499208,0.5,1727071219775
36,0.83333333333333,0.5,0.35221966187654,1.0,0.5,0.5,0.49998727499208,0.5,1727071219791
36,0.83333333333333,0.5,0.35221966187654,1.0,0.5,0.5,0.49998727499208,0.5,1727071219811
36,0.83333333333333,0.5,0.35221966187654,1.0,0.5,0.5,0.49998727499208,0.5,1727071219835
36,0.83333333333333,0.5,0.35221966187654,1.0,0.5,0.5,0.49998727499208,0.5,1727071219930
36,0.83333333333333,0.5,0.35221966187654,1.0,0.5,0.5,0.49998727499208,0.5,1727071220143
36,0.83333333333333,0.5,0.35221966187654,1.0,0.5,0.5,0.49998727499208,0.5,1727071220563
36,0.83333333333333,0.5,0.35221966187654,1.0,0.5,0.5,0.49998727499208,0.5,1727071222679
36,0.83333333333333,0.5,0.35221966187654,1.0,0.5,0.5,0.49998727499208,0.5,1727071223582
36,0.83333333333333,0.5,0.35221966187654,1.0,0.5,0.5,0.49998727499208,0.5,1727071224335
36,0.82667372168543,0.5,0.35221966187654,1.0,0.49999836067281,0.5,0.49998727499208,0.5,1727071224381
36,0.80567933654481,0.5,0.35221966187654,1.0,0.50000126043396,0.5,0.49998727499208,0.5,1727071224391
36,0.78467136585408,0.5,0.35221966187654,1.0,0.49999703880826,0.5,0.49998727499208,0.5,1727071224408
36,0.76367626264601,0.5,0.35221966187654,1.0,0.49999964079787,0.5,0.49998727499208,0.5,1727071224424
36,0.74267484379859,0.5,0.35221966187654,1.0,0.49999884517411,0.5,0.49998727499208,0.5,1727071224441
36,0.71499709185533,0.5,0.35221966187654,1.0,0.49999833849761,0.5,0.49998727499208,0.5,1727071224458
36,0.68731946659027,0.5,0.35221966187654,1.0,0.49999787641021,0.5,0.49998727499208,0.5,1727071224474
36,0.65963988232184,0.5,0.35221966187654,1.0,0.4999961988512,0.5,0.49998727499208,0.5,1727071224491
36,0.64247688630637,0.5,0.35221966187654,1.0,0.49999997728492,0.5,0.49998727499208,0.5,1727071224508
36,0.62817368238114,0.5,0.35221966187654,1.0,0.49999313610356,0.5,0.49998727499208,0.5,1727071224524
36,0.62151920324632,0.5,0.35221966187654,1.0,0.49999754948427,0.5,0.49998727499208,0.5,1727071224541
36,0.61101896171941,0.5,0.35221966187654,1.0,0.50000229049481,0.5,0.49998727499208,0.5,1727071224558
36,0.60436907352331,0.5,0.35221966187654,1.0,0.49999989852839,0.5,0.49998727499208,0.5,1727071224574
36,0.59006803312808,0.5,0.35221966187654,1.0,0.5000042623842,0.5,0.49998727499208,0.5,1727071224591
36,0.57956215152153,0.5,0.35221966187654,1.0,0.49999529510912,0.5,0.49998727499208,0.5,1727071224608
36,0.57290907393484,0.5,0.35221966187654,1.0,0.50000092565608,0.5,0.49998727499208,0.5,1727071224624
36,0.55861061799597,0.5,0.35221966187654,1.0,0.49999675000857,0.5,0.49998727499208,0.5,1727071224641
36,0.54810973889015,0.5,0.35221966187654,1.0,0.50000141376491,0.5,0.49998727499208,0.5,1727071224658
36,0.53760152919073,0.5,0.35221966187654,1.0,0.50000107044831,0.5,0.49998727499208,0.5,1727071224713
36,0.52710193103714,0.5,0.35221966187654,1.0,0.4999959125583,0.5,0.49998727499208,0.5,1727071224737
36,0.52328276257666,0.5,0.35221966187654,1.0,0.49999319458659,0.5,0.49998727499208,0.5,1727071224753
36,0.51662825189028,0.5,0.35221966187654,1.0,0.49999818962669,0.5,0.49998727499208,0.5,1727071224791
36,0.52050866244734,0.5,0.35221966187654,1.0,0.50000069417247,0.5,0.49998727499208,0.5,1727071225553
36,0.52438038102696,0.5,0.35221966187654,1.0,0.49999698529828,0.5,0.49998727499208,0.5,1727071225591
36,0.53105486145445,0.5,0.35221966187654,1.0,0.49999528684554,0.5,0.49998727499208,0.5,1727071225608
36,0.53492372501174,0.5,0.35221966187654,1.0,0.50000045521611,0.5,0.49998727499208,0.5,1727071225624
36,0.54159768563631,0.5,0.35221966187654,1.0,0.49999838810011,0.5,0.49998727499208,0.5,1727071225641
36,0.5482659679934,0.5,0.35221966187654,1.0,0.49999243376499,0.5,0.49998727499208,0.5,1727071225691
36,0.55878179384433,0.5,0.35221966187654,1.0,0.49999807661646,0.5,0.49998727499208,0.5,1727071225861
36,0.5549631984223,0.5,0.35221966187654,1.0,0.49999586836846,0.5,0.49998727499208,0.5,1727071226305
36,0.5549631984223,0.5,0.35221966187654,1.0,0.49999586836846,0.5,0.49998727499208,0.5,1727071226306
36,0.5549631984223,0.5,0.35221966187654,1.0,0.49999586836846,0.5,0.49998727499208,0.5,1727071227225
36,0.5549631984223,0.49334515348555,0.35221966187654,1.0,0.49999586836846,0.50000644724536,0.49998727499208,0.5,1727071227327
36,0.5549631984223,0.48006729800384,0.35221966187654,1.0,0.49999586836846,0.49999565054081,0.49998727499208,0.5,1727071227341
36,0.5549631984223,0.4734158627149,0.35221966187654,1.0,0.49999586836846,0.4999996356314,0.49998727499208,0.5,1727071227358
36,0.5549631984223,0.46013889307163,0.35221966187654,1.0,0.49999586836846,0.49999966497164,0.49998727499208,0.5,1727071227374
36,0.5549631984223,0.44962630859821,0.35221966187654,1.0,0.49999586836846,0.50000351513123,0.49998727499208,0.5,1727071227391
36,0.5549631984223,0.43912349536855,0.35221966187654,1.0,0.49999586836846,0.49999966522536,0.49998727499208,0.5,1727071227469
36,0.5549631984223,0.4324731703383,0.35221966187654,1.0,0.49999586836846,0.50000303161397,0.49998727499208,0.5,1727071227477
36,0.5549631984223,0.42582990116291,0.35221966187654,1.0,0.49999586836846,0.50000070815303,0.49998727499208,0.5,1727071227491
36,0.5549631984223,0.4086593260615,0.35221966187654,1.0,0.49999586836846,0.50000185188417,0.49998727499208,0.5,1727071227508
36,0.5549631984223,0.38766022461372,0.35221966187654,1.0,0.49999586836846,0.50000113596947,0.49998727499208,0.5,1727071227524
36,0.5549631984223,0.37716935562147,0.35221966187654,1.0,0.49999586836846,0.49999989024561,0.49998727499208,0.5,1727071227541
36,0.5549631984223,0.37051791422022,0.35221966187654,1.0,0.49999586836846,0.50000458705729,0.49998727499208,0.5,1727071227558
36,0.5549631984223,0.36386732583895,0.35221966187654,1.0,0.49999586836846,0.49999480222647,0.49998727499208,0.5,1727071227581
36,0.5549631984223,0.35721215833002,0.35221966187654,1.0,0.49999586836846,0.50000292936477,0.49998727499208,0.5,1727071227591
36,0.5549631984223,0.3429408691515,0.35221966187654,1.0,0.49999586836846,0.49999776135222,0.49998727499208,0.5,1727071227608
36,0.5549631984223,0.32577151898569,0.35221966187654,1.0,0.49999586836846,0.4999978089243,0.49998727499208,0.5,1727071227624
36,0.5549631984223,0.3124987810191,0.35221966187654,1.0,0.49999586836846,0.49999365523019,0.49998727499208,0.5,1727071227641
36,0.5549631984223,0.29533358290268,0.35221966187654,1.0,0.49999586836846,0.50000493227819,0.49998727499208,0.5,1727071227658
36,0.5549631984223,0.28483365609734,0.35221966187654,1.0,0.49999586836846,0.49999702409998,0.49998727499208,0.5,1727071227674
36,0.5549631984223,0.26766579996049,0.35221966187654,1.0,0.49999586836846,0.49999546138781,0.49998727499208,0.5,1727071227691
36,0.5549631984223,0.26101169031369,0.35221966187654,1.0,0.49999586836846,0.5000039857752,0.49998727499208,0.5,1727071227708
36,0.5549631984223,0.23721181652336,0.35221966187654,1.0,0.49999586836846,0.50000403765786,0.49998727499208,0.5,1727071227724
36,0.5549631984223,0.22670979561802,0.35221966187654,1.0,0.49999586836846,0.49999756746156,0.49998727499208,0.5,1727071227741
36,0.5549631984223,0.21621272476177,0.35221966187654,1.0,0.49999586836846,0.50000314546443,0.49998727499208,0.5,1727071227758
36,0.5549631984223,0.20956645544465,0.35221966187654,1.0,0.49999586836846,0.50000332948185,0.49998727499208,0.5,1727071227833
36,0.5549631984223,0.20291799031415,0.35221966187654,1.0,0.49999586836846,0.50000619184895,0.49998727499208,0.5,1727071227857
36,0.5549631984223,0.19626682261035,0.35221966187654,1.0,0.49999586836846,0.50001247840944,0.49998727499208,0.5,1727071227953
36,0.5549631984223,0.18577013478397,0.35221966187654,1.0,0.49999586836846,0.49999885625651,0.49998727499208,0.5,1727071227969
36,0.5549631984223,0.17912507623567,0.35221966187654,1.0,0.49999586836846,0.49999743133641,0.49998727499208,0.5,1727071227985
36,0.5549631984223,0.17248437514878,0.35221966187654,1.0,0.49999586836846,0.5000103517536,0.49998727499208,0.5,1727071228024
36,0.5549631984223,0.16583602468266,0.35221966187654,1.0,0.49999586836846,0.50001342962813,0.49998727499208,0.5,1727071228047
36,0.5549631984223,0.15534026101148,0.35221966187654,1.0,0.49999586836846,0.49999755242498,0.49998727499208,0.5,1727071228058
36,0.5549631984223,0.14870584996114,0.35221966187654,1.0,0.49999586836846,0.50000254759172,0.49998727499208,0.5,1727071228074
36,0.5549631984223,0.13820461465126,0.35221966187654,1.0,0.49999586836846,0.49999344627688,0.49998727499208,0.5,1727071228167
36,0.5549631984223,0.13156130169688,0.35221966187654,1.0,0.49999586836846,0.49998922730661,0.49998727499208,0.5,1727071229514
36,0.5549631984223,0.13824125478153,0.35221966187654,1.0,0.49999586836846,0.50000695701854,0.49998727499208,0.5,1727071231034
36,0.5549631984223,0.13824125478153,0.35221966187654,1.0,0.49999586836846,0.50000695701854,0.49998727499208,0.5,1727071232221
37,0.83333333333333,0.83333333333333,0.5,0.16666666666667,0.5,0.5,0.5,0.5,1727071236530
37,0.83333333333333,0.83333333333333,0.49278062610303,0.16666666666667,0.5,0.5,0.49999355108118,0.5,1727071236601
37,0.83333333333333,0.83333333333333,0.47113729724482,0.16666666666667,0.5,0.5,0.49999037541965,0.5,1727071236609
37,0.83333333333333,0.83333333333333,0.45669953587408,0.16666666666667,0.5,0.5,0.49997300948347,0.5,1727071236624
37,0.83333333333333,0.83333333333333,0.41351716214535,0.16666666666667,0.5,0.5,0.49998164501697,0.5,1727071236641
37,0.83333333333333,0.83333333333333,0.3064918312876,0.16666666666667,0.5,0.5,0.4999950013089,0.5,1727071236657
37,0.83333333333333,0.83333333333333,0.26626461021738,0.16666666666667,0.5,0.5,0.500007837906,0.5,1727071236674
37,0.83333333333333,0.83333333333333,0.2446401512934,0.16666666666667,0.5,0.5,0.49997733398105,0.5,1727071236691
37,0.83333333333333,0.83333333333333,0.24014547793314,0.16666666666667,0.5,0.5,0.49998321494967,0.5,1727071236707
37,0.83333333333333,0.83333333333333,0.23564258255248,0.16666666666667,0.5,0.5,0.49998959401691,0.5,1727071236724
37,0.83333333333333,0.83333333333333,0.22842275894748,0.16666666666667,0.5,0.5,0.49998709776392,0.5,1727071236741
37,0.83333333333333,0.83333333333333,0.22120396292656,0.16666666666667,0.5,0.5,0.4999730823007,0.5,1727071236757
37,0.83333333333333,0.83333333333333,0.21398218657251,0.16666666666667,0.5,0.5,0.49999233493076,0.5,1727071236941
37,0.83333333333333,0.83333333333333,0.20948928977663,0.16666666666667,0.5,0.5,0.49997846741983,0.5,1727071236957
37,0.83333333333333,0.83333333333333,0.19506617516211,0.16666666666667,0.5,0.5,0.4999708469163,0.5,1727071236974
37,0.83333333333333,0.83333333333333,0.18784706708406,0.16666666666667,0.5,0.5,0.49995923568535,0.5,1727071236991
37,0.83333333333333,0.83333333333333,0.1833590217036,0.16666666666667,0.5,0.5,0.49998456431687,0.5,1727071237053
37,0.83333333333333,0.83333333333333,0.18605145168304,0.16666666666667,0.5,0.5,0.49999378560963,0.5,1727071237640
37,0.83333333333333,0.83333333333333,0.17883165127392,0.16666666666667,0.5,0.5,0.49999078741056,0.5,1727071237726
37,0.83333333333333,0.83333333333333,0.17434638101025,0.16666666666667,0.5,0.5,0.49998267299991,0.5,1727071238384
37,0.83333333333333,0.83333333333333,0.16712817506785,0.16666666666667,0.5,0.5,0.49995934162714,0.5,1727071238510
37,0.83333333333333,0.83333333333333,0.15990819694463,0.16666666666667,0.5,0.5,0.49995787330589,0.5,1727071238524
37,0.83333333333333,0.83333333333333,0.16259901076203,0.16666666666667,0.5,0.5,0.49998834553737,0.5,1727071238597
37,0.83333333333333,0.83333333333333,0.15537906785855,0.16666666666667,0.5,0.5,0.49998692145026,0.5,1727071238621
37,0.83333333333333,0.83333333333333,0.15808108777058,0.16666666666667,0.5,0.5,0.49997870725798,0.5,1727071238669
37,0.83333333333333,0.83333333333333,0.15086102678465,0.16666666666667,0.5,0.5,0.49997863919843,0.5,1727071238683
37,0.83333333333333,0.83333333333333,0.15355407969687,0.16666666666667,0.5,0.5,0.49998054291446,0.5,1727071238804
37,0.83333333333333,0.83333333333333,0.14633366757532,0.16666666666667,0.5,0.5,0.49998515627636,0.5,1727071238867
37,0.83333333333333,0.83333333333333,0.13911439772359,0.16666666666667,0.5,0.5,0.49997453753961,0.5,1727071238874
37,0.83333333333333,0.83333333333333,0.1346430058272,0.16666666666667,0.5,0.5,0.4999994139786,0.5,1727071238897
37,0.83333333333333,0.83333333333333,0.12742331057159,0.16666666666667,0.5,0.5,0.49999465310514,0.5,1727071238907
37,0.83333333333333,0.83333333333333,0.12584475974591,0.16666666666667,0.5,0.5,0.49997586886182,0.5,1727071238924
37,0.83333333333333,0.83333333333333,0.11423799725653,0.16666666666667,0.5,0.5,0.49996125309062,0.5,1727071238940
37,0.83333333333333,0.83333333333333,0.10977322792674,0.16666666666667,0.5,0.5,0.50001048668183,0.5,1727071238961
37,0.83333333333333,0.83333333333333,0.10255291421562,0.16666666666667,0.5,0.5,0.50001482169611,0.5,1727071239017
37,0.83333333333333,0.83333333333333,0.0909561024933,0.16666666666667,0.5,0.5,0.49997337321585,0.5,1727071239057
37,0.83333333333333,0.83333333333333,0.08650299296786,0.16666666666667,0.5,0.5,0.49997200492297,0.5,1727071239119
37,0.83333333333333,0.83333333333333,0.07928250215445,0.16666666666667,0.5,0.5,0.49997862436353,0.5,1727071239157
37,0.83333333333333,0.83333333333333,0.07207007636504,0.16666666666667,0.5,0.5,0.49998751171435,0.5,1727071239183
37,0.83333333333333,0.83333333333333,0.06762425536106,0.16666666666667,0.5,0.5,0.50000108690652,0.5,1727071239191
37,0.83333333333333,0.83333333333333,0.05605001653216,0.16666666666667,0.5,0.5,0.49998842448349,0.5,1727071239241
37,0.83333333333333,0.83333333333333,0.04164247324434,0.16666666666667,0.5,0.5,0.49999169293617,0.5,1727071239257
37,0.83333333333333,0.83333333333333,0.03721334524277,0.16666666666667,0.5,0.5,0.50000090554768,0.5,1727071239274
37,0.83333333333333,0.83333333333333,0.02999334588147,0.16666666666667,0.5,0.5,0.50000022563578,0.5,1727071239290
37,0.83333333333333,0.83333333333333,0.03989139719887,0.16666666666667,0.5,0.5,0.49997853277957,0.5,1727071239421
37,0.83333333333333,0.83333333333333,0.04713556158683,0.16666666666667,0.5,0.5,0.49998665749097,0.5,1727071239457
37,0.83333333333333,0.83333333333333,0.07144648520087,0.16666666666667,0.5,0.5,0.50001126283749,0.5,1727071239474
37,0.83333333333333,0.83333333333333,0.08854372234221,0.16666666666667,0.5,0.5,0.49993467269736,0.5,1727071239490
37,0.83333333333333,0.83333333333333,0.11286119647979,0.16666666666667,0.5,0.5,0.49998360134221,0.5,1727071239507
37,0.83333333333333,0.83333333333333,0.12995552480131,0.16666666666667,0.5,0.5,0.49995677358029,0.5,1727071239524
37,0.83333333333333,0.83333333333333,0.14704585743915,0.16666666666667,0.5,0.5,0.49998505927592,0.5,1727071239540
37,0.83333333333333,0.83333333333333,0.15428163338462,0.16666666666667,0.5,0.5,0.49999354125372,0.5,1727071239557
37,0.83333333333333,0.83333333333333,0.15697443542051,0.16666666666667,0.5,0.5,0.49999856503659,0.5,1727071239574
37,0.83333333333333,0.83333333333333,0.16421343681943,0.16666666666667,0.5,0.5,0.4999657483367,0.5,1727071239590
37,0.83333333333333,0.83333333333333,0.17144958840426,0.16666666666667,0.5,0.5,0.49996953940217,0.5,1727071239641
37,0.83333333333333,0.83333333333333,0.16422960269314,0.16666666666667,0.5,0.5,0.49996836024036,0.5,1727071239936
37,0.83333333333333,0.83333333333333,0.15700969067435,0.16666666666667,0.5,0.5,0.49996618923447,0.5,1727071239974
37,0.83333333333333,0.83333333333333,0.15971148634376,0.16666666666667,0.5,0.5,0.49996101645263,0.5,1727071240832
37,0.83333333333333,0.83333333333333,0.16694465521492,0.16666666666667,0.5,0.5,0.50000246720408,0.5,1727071240874
37,0.83333333333333,0.83333333333333,0.17682856236058,0.16666666666667,0.5,0.5,0.4999602951639,0.5,1727071240891
37,0.83333333333333,0.83333333333333,0.18406520830401,0.16666666666667,0.5,0.5,0.49995809113959,0.5,1727071240907
37,0.83333333333333,0.83333333333333,0.19394401644373,0.16666666666667,0.5,0.5,0.49997879930634,0.5,1727071240924
37,0.83333333333333,0.83333333333333,0.19663698333155,0.16666666666667,0.5,0.5,0.49998152904597,0.5,1727071240974
37,0.83333333333333,0.83333333333333,0.20387106709284,0.16666666666667,0.5,0.5,0.50000870411573,0.5,1727071240990
37,0.83333333333333,0.83333333333333,0.20655952615423,0.16666666666667,0.5,0.5,0.49996892543096,0.5,1727071241258
37,0.83333333333333,0.83333333333333,0.20207251830891,0.16666666666667,0.5,0.5,0.4999812595222,0.5,1727071241393
37,0.83333333333333,0.83333333333333,0.19485218290506,0.16666666666667,0.5,0.5,0.49998447644706,0.5,1727071241471
37,0.83333333333333,0.83333333333333,0.18763093020848,0.16666666666667,0.5,0.5,0.49999879795598,0.5,1727071241576
37,0.83333333333333,0.83333333333333,0.18041243055671,0.16666666666667,0.5,0.5,0.49998003715534,0.5,1727071241718
37,0.83333333333333,0.83333333333333,0.18041243055671,0.16666666666667,0.5,0.5,0.49998003715534,0.5,1727071243989
37,0.83333333333333,0.83333333333333,0.18041243055671,0.16666666666667,0.5,0.5,0.49998003715534,0.5,1727071245852
37,0.81233814642095,0.83333333333333,0.18041243055671,0.16666666666667,0.49999983646128,0.5,0.49998003715534,0.5,1727071245994
37,0.80182758670788,0.83333333333333,0.18041243055671,0.16666666666667,0.499998331839,0.5,0.49998003715534,0.5,1727071246017
37,0.7951750780277,0.83333333333333,0.18041243055671,0.16666666666667,0.50000308442062,0.5,0.49998003715534,0.5,1727071246025
37,0.78467927572907,0.83333333333333,0.18041243055671,0.16666666666667,0.50000125361033,0.5,0.49998003715534,0.5,1727071246040
37,0.76751061598321,0.83333333333333,0.18041243055671,0.16666666666667,0.50000158416627,0.5,0.49998003715534,0.5,1727071246057
37,0.74758665056686,0.83333333333333,0.18041243055671,0.16666666666667,0.50000112476884,0.5,0.49998003715534,0.5,1727071246074
37,0.7370857000559,0.83333333333333,0.18041243055671,0.16666666666667,0.50000490230479,0.5,0.49998003715534,0.5,1727071246090
37,0.72657608513614,0.83333333333333,0.18041243055671,0.16666666666667,0.50000386964845,0.5,0.49998003715534,0.5,1727071246107
37,0.7094043032223,0.83333333333333,0.18041243055671,0.16666666666667,0.50000247287722,0.5,0.49998003715534,0.5,1727071246123
37,0.7027570872896,0.83333333333333,0.18041243055671,0.16666666666667,0.50000187553657,0.5,0.49998003715534,0.5,1727071246140
37,0.68844891029522,0.83333333333333,0.18041243055671,0.16666666666667,0.50000161938412,0.5,0.49998003715534,0.5,1727071246157
37,0.66463582377304,0.83333333333333,0.18041243055671,0.16666666666667,0.50000304680024,0.5,0.49998003715534,0.5,1727071246173
37,0.660802391849,0.83333333333333,0.18041243055671,0.16666666666667,0.50000144783868,0.5,0.49998003715534,0.5,1727071246190
37,0.65415525674224,0.83333333333333,0.18041243055671,0.16666666666667,0.50000086013764,0.5,0.49998003715534,0.5,1727071246207
37,0.62267114578908,0.83333333333333,0.18041243055671,0.16666666666667,0.50000606962606,0.5,0.49998003715534,0.5,1727071246223
37,0.61216425414782,0.83333333333333,0.18041243055671,0.16666666666667,0.49999681759266,0.5,0.49998003715534,0.5,1727071246240
37,0.58835099950433,0.83333333333333,0.18041243055671,0.16666666666667,0.49999812794277,0.5,0.49998003715534,0.5,1727071246257
37,0.57405295802076,0.83333333333333,0.18041243055671,0.16666666666667,0.50000455229591,0.5,0.49998003715534,0.5,1727071246273
37,0.55688041704421,0.83333333333333,0.18041243055671,0.16666666666667,0.50000238737202,0.5,0.49998003715534,0.5,1727071246290
37,0.53970936544975,0.83333333333333,0.18041243055671,0.16666666666667,0.50000116808949,0.5,0.49998003715534,0.5,1727071246307
37,0.5292145061866,0.83333333333333,0.18041243055671,0.16666666666667,0.49999937847252,0.5,0.49998003715534,0.5,1727071246327
37,0.51204824781134,0.83333333333333,0.18041243055671,0.16666666666667,0.50000151494731,0.5,0.49998003715534,0.5,1727071246340
37,0.5015343173686,0.83333333333333,0.18041243055671,0.16666666666667,0.49999695981587,0.5,0.49998003715534,0.5,1727071246357
37,0.48825268788865,0.83333333333333,0.18041243055671,0.16666666666667,0.50000487963155,0.5,0.49998003715534,0.5,1727071246373
37,0.46726349695976,0.83333333333333,0.18041243055671,0.16666666666667,0.50000150541076,0.5,0.49998003715534,0.5,1727071246390
37,0.45009408465242,0.83333333333333,0.18041243055671,0.16666666666667,0.50000139936767,0.5,0.49998003715534,0.5,1727071246407
37,0.43959125153404,0.83333333333333,0.18041243055671,0.16666666666667,0.50000530559964,0.5,0.49998003715534,0.5,1727071246423
37,0.42241883820861,0.83333333333333,0.18041243055671,0.16666666666667,0.5000028316638,0.5,0.49998003715534,0.5,1727071246440
37,0.41860636823103,0.83333333333333,0.18041243055671,0.16666666666667,0.50000525119774,0.5,0.49998003715534,0.5,1727071246457
37,0.41195594391746,0.83333333333333,0.18041243055671,0.16666666666667,0.50000174718138,0.5,0.49998003715534,0.5,1727071246473
37,0.40146103003686,0.83333333333333,0.18041243055671,0.16666666666667,0.49999956972218,0.5,0.49998003715534,0.5,1727071246490
37,0.39095932433483,0.83333333333333,0.18041243055671,0.16666666666667,0.50000471211675,0.5,0.49998003715534,0.5,1727071246507
37,0.38045174471029,0.83333333333333,0.18041243055671,0.16666666666667,0.50000488919321,0.5,0.49998003715534,0.5,1727071246523
37,0.37380781199202,0.83333333333333,0.18041243055671,0.16666666666667,0.50000690431869,0.5,0.49998003715534,0.5,1727071246540
37,0.3632980357889,0.83333333333333,0.18041243055671,0.16666666666667,0.50000514930765,0.5,0.49998003715534,0.5,1727071246557
37,0.35949243843416,0.83333333333333,0.18041243055671,0.16666666666667,0.50000011826527,0.5,0.49998003715534,0.5,1727071246574
37,0.35284864865016,0.83333333333333,0.18041243055671,0.16666666666667,0.50000228159524,0.5,0.49998003715534,0.5,1727071246590
37,0.34234314289671,0.83333333333333,0.18041243055671,0.16666666666667,0.50000435721203,0.5,0.49998003715534,0.5,1727071246607
37,0.3280651459896,0.83333333333333,0.18041243055671,0.16666666666667,0.50000344067165,0.5,0.49998003715534,0.5,1727071246627
37,0.32141878634366,0.83333333333333,0.18041243055671,0.16666666666667,0.50000328212731,0.5,0.49998003715534,0.5,1727071246756
37,0.31761140321484,0.83333333333333,0.18041243055671,0.16666666666667,0.50001107606497,0.5,0.49998003715534,0.5,1727071246809
37,0.29288757713202,0.83333333333333,0.18041243055671,0.16666666666667,0.50001081967882,0.5,0.49998003715534,0.5,1727071246857
37,0.28907699928533,0.83333333333333,0.18041243055671,0.16666666666667,0.50000007794043,0.5,0.49998003715534,0.5,1727071246937
37,0.28243856626748,0.83333333333333,0.18041243055671,0.16666666666667,0.50000807364719,0.5,0.49998003715534,0.5,1727071247080
37,0.27194040254704,0.83333333333333,0.18041243055671,0.16666666666667,0.5000020502982,0.5,0.49998003715534,0.5,1727071247229
37,0.27860495668986,0.83333333333333,0.18041243055671,0.16666666666667,0.50000516976247,0.5,0.49998003715534,0.5,1727071247831
37,0.2852849101744,0.83333333333333,0.18041243055671,0.16666666666667,0.50000822647266,0.5,0.49998003715534,0.5,1727071247887
37,0.29195487790784,0.83333333333333,0.18041243055671,0.16666666666667,0.50000104959962,0.5,0.49998003715534,0.5,1727071247895
37,0.29863904034276,0.83333333333333,0.18041243055671,0.16666666666667,0.50000831164256,0.5,0.49998003715534,0.5,1727071247943
37,0.30531062674137,0.83333333333333,0.18041243055671,0.16666666666667,0.50000291339036,0.5,0.49998003715534,0.5,1727071247959
37,0.31198992018863,0.83333333333333,0.18041243055671,0.16666666666667,0.50000520416304,0.5,0.49998003715534,0.5,1727071247973
37,0.31866105576624,0.83333333333333,0.18041243055671,0.16666666666667,0.49999953201662,0.5,0.49998003715534,0.5,1727071248077
37,0.32534077865551,0.83333333333333,0.18041243055671,0.16666666666667,0.50000222041051,0.5,0.49998003715534,0.5,1727071248093
37,0.32152734515452,0.83333333333333,0.18041243055671,0.16666666666667,0.50000411738198,0.5,0.49998003715534,0.5,1727071248926
37,0.31488302040225,0.83333333333333,0.18041243055671,0.16666666666667,0.5000059510119,0.5,0.49998003715534,0.5,1727071249003
37,0.30437464519496,0.83333333333333,0.18041243055671,0.16666666666667,0.50000538466992,0.5,0.49998003715534,0.5,1727071249091
37,0.30437464519496,0.83333333333333,0.18041243055671,0.16666666666667,0.50000538466992,0.5,0.49998003715534,0.5,1727071249565
37,0.30437464519496,0.83333333333333,0.18041243055671,0.16666666666667,0.50000538466992,0.5,0.49998003715534,0.5,1727071251048
37,0.30437464519496,0.82283080151152,0.18041243055671,0.16666666666667,0.50000538466992,0.49999207725962,0.49998003715534,0.5,1727071251174
37,0.30437464519496,0.81617377024246,0.18041243055671,0.16666666666667,0.50000538466992,0.49999765259567,0.49998003715534,0.5,1727071251190
37,0.30437464519496,0.79900535852519,0.18041243055671,0.16666666666667,0.50000538466992,0.49999718370623,0.49998003715534,0.5,1727071251207
37,0.30437464519496,0.78183809308421,0.18041243055671,0.16666666666667,0.50000538466992,0.49999608674341,0.49998003715534,0.5,1727071251223
37,0.30437464519496,0.76466503917828,0.18041243055671,0.16666666666667,0.50000538466992,0.49999809784992,0.49998003715534,0.5,1727071251240
37,0.30437464519496,0.7474974062863,0.18041243055671,0.16666666666667,0.50000538466992,0.49999718194781,0.49998003715534,0.5,1727071251257
37,0.30437464519496,0.73420480632747,0.18041243055671,0.16666666666667,0.50000538466992,0.49999730760811,0.49998003715534,0.5,1727071251273
37,0.30437464519496,0.7170327171162,0.18041243055671,0.16666666666667,0.50000538466992,0.49999888946345,0.49998003715534,0.5,1727071251290
37,0.30437464519496,0.71037957648287,0.18041243055671,0.16666666666667,0.50000538466992,0.49999406080604,0.49998003715534,0.5,1727071251306
37,0.30437464519496,0.68938008315231,0.18041243055671,0.16666666666667,0.50000538466992,0.49999363067097,0.49998003715534,0.5,1727071251323
37,0.30437464519496,0.68272823437885,0.18041243055671,0.16666666666667,0.50000538466992,0.49999695146816,0.49998003715534,0.5,1727071251340
37,0.30437464519496,0.67222633323069,0.18041243055671,0.16666666666667,0.50000538466992,0.49999345466961,0.49998003715534,0.5,1727071251363
37,0.30437464519496,0.66556712770146,0.18041243055671,0.16666666666667,0.50000538466992,0.50000126640908,0.49998003715534,0.5,1727071251379
37,0.30437464519496,0.65891479660982,0.18041243055671,0.16666666666667,0.50000538466992,0.49999569068304,0.49998003715534,0.5,1727071251390
37,0.30437464519496,0.65226613232569,0.18041243055671,0.16666666666667,0.50000538466992,0.49999719292589,0.49998003715534,0.5,1727071251406
37,0.30437464519496,0.64176220994188,0.18041243055671,0.16666666666667,0.50000538466992,0.49999482912519,0.49998003715534,0.5,1727071251423
37,0.30437464519496,0.63510919464658,0.18041243055671,0.16666666666667,0.50000538466992,0.49999906420298,0.49998003715534,0.5,1727071251491
37,0.30437464519496,0.62460489789641,0.18041243055671,0.16666666666667,0.50000538466992,0.4999969124924,0.49998003715534,0.5,1727071251682
37,0.30437464519496,0.62460489789641,0.18041243055671,0.16666666666667,0.50000538466992,0.4999969124924,0.49998003715534,0.5,1727071253803
37,0.30437464519496,0.62460489789641,0.18041243055671,0.16666666666667,0.50000538466992,0.4999969124924,0.49998003715534,0.5,1727071255222
37,0.30437464519496,0.62460489789641,0.18041243055671,0.17334299218015,0.50000538466992,0.4999969124924,0.49998003715534,0.50000590034377,1727071255307
37,0.30437464519496,0.62460489789641,0.18041243055671,0.18002752982166,0.50000538466992,0.4999969124924,0.49998003715534,0.49999584681918,1727071255323
37,0.30437464519496,0.62460489789641,0.18041243055671,0.19341043179424,0.50000538466992,0.4999969124924,0.49998003715534,0.49999384173603,1727071255340
37,0.30437464519496,0.62460489789641,0.18041243055671,0.20679487091918,0.50000538466992,0.4999969124924,0.49998003715534,0.49999380944058,1727071255356
37,0.30437464519496,0.62460489789641,0.18041243055671,0.22692188021713,0.50000538466992,0.4999969124924,0.49998003715534,0.49999861658932,1727071255373
37,0.30437464519496,0.62460489789641,0.18041243055671,0.24409321532624,0.50000538466992,0.4999969124924,0.49998003715534,0.50000101277381,1727071255390
37,0.30437464519496,0.62460489789641,0.18041243055671,0.25077060167791,0.50000538466992,0.4999969124924,0.49998003715534,0.50000150931632,1727071255440
37,0.30437464519496,0.62460489789641,0.18041243055671,0.25466110447909,0.50000538466992,0.4999969124924,0.49998003715534,0.49999952588566,1727071255456
37,0.30437464519496,0.62460489789641,0.18041243055671,0.27183058027001,0.50000538466992,0.4999969124924,0.49998003715534,0.49999980035758,1727071255473
37,0.30437464519496,0.62460489789641,0.18041243055671,0.27850939781389,0.50000538466992,0.4999969124924,0.49998003715534,0.50000177914397,1727071255490
37,0.30437464519496,0.62460489789641,0.18041243055671,0.28518217098106,0.50000538466992,0.4999969124924,0.49998003715534,0.49999748184564,1727071255506
37,0.30437464519496,0.62460489789641,0.18041243055671,0.29569753568908,0.50000538466992,0.4999969124924,0.49998003715534,0.49998973853765,1727071255529
37,0.30437464519496,0.62460489789641,0.18041243055671,0.30237099820518,0.50000538466992,0.4999969124924,0.49998003715534,0.49998640845488,1727071255545
37,0.30437464519496,0.62460489789641,0.18041243055671,0.30904925747467,0.50000538466992,0.4999969124924,0.49998003715534,0.50000306076521,1727071255561
37,0.30437464519496,0.62460489789641,0.18041243055671,0.31956827797594,0.50000538466992,0.4999969124924,0.49998003715534,0.49999907771793,1727071255577
37,0.30437464519496,0.62460489789641,0.18041243055671,0.32623618174392,0.50000538466992,0.4999969124924,0.49998003715534,0.49999045890526,1727071255593
37,0.30437464519496,0.62460489789641,0.18041243055671,0.33291575738153,0.50000538466992,0.4999969124924,0.49998003715534,0.49999307707312,1727071255649
37,0.30437464519496,0.62460489789641,0.18041243055671,0.33679494996871,0.50000538466992,0.4999969124924,0.49998003715534,0.49999525518726,1727071255657
37,0.30437464519496,0.62460489789641,0.18041243055671,0.34346718805257,0.50000538466992,0.4999969124924,0.49998003715534,0.49999095617241,1727071255673
37,0.30437464519496,0.62460489789641,0.18041243055671,0.35398499337532,0.50000538466992,0.4999969124924,0.49998003715534,0.50000034503699,1727071255690
37,0.30437464519496,0.62460489789641,0.18041243055671,0.36065371333805,0.50000538466992,0.4999969124924,0.49998003715534,0.49999293506969,1727071255706
37,0.30437464519496,0.62460489789641,0.18041243055671,0.37117226804225,0.50000538466992,0.4999969124924,0.49998003715534,0.49998904093186,1727071255723
37,0.30437464519496,0.62460489789641,0.18041243055671,0.37784065920195,0.50000538466992,0.4999969124924,0.49998003715534,0.49999517495327,1727071255740
37,0.30437464519496,0.62460489789641,0.18041243055671,0.38452249234974,0.50000538466992,0.4999969124924,0.49998003715534,0.49999949207125,1727071255767
37,0.30437464519496,0.62460489789641,0.18041243055671,0.40168983749678,0.50000538466992,0.4999969124924,0.49998003715534,0.49999791021589,1727071255806
37,0.30437464519496,0.62460489789641,0.18041243055671,0.4322407245833,0.50000538466992,0.4999969124924,0.49998003715534,0.49999561252595,1727071255823
37,0.30437464519496,0.62460489789641,0.18041243055671,0.44940714788779,0.50000538466992,0.4999969124924,0.49998003715534,0.49999350713699,1727071255840
37,0.30437464519496,0.62460489789641,0.18041243055671,0.45607833561358,0.50000538466992,0.4999969124924,0.49998003715534,0.49998909011124,1727071255856
37,0.30437464519496,0.62460489789641,0.18041243055671,0.45996395566076,0.50000538466992,0.4999969124924,0.49998003715534,0.49999590356199,1727071255877
37,0.30437464519496,0.62460489789641,0.18041243055671,0.46663045305003,0.50000538466992,0.4999969124924,0.49998003715534,0.49999975675105,1727071255901
37,0.30437464519496,0.62460489789641,0.18041243055671,0.47999735051099,0.50000538466992,0.4999969124924,0.49998003715534,0.49999799897809,1727071255917
37,0.30437464519496,0.62460489789641,0.18041243055671,0.4905046536943,0.50000538466992,0.4999969124924,0.49998003715534,0.49999773765565,1727071255925
37,0.30437464519496,0.62460489789641,0.18041243055671,0.4971808522118,0.50000538466992,0.4999969124924,0.49998003715534,0.49999722323231,1727071255939
37,0.30437464519496,0.62460489789641,0.18041243055671,0.50385999376695,0.50000538466992,0.4999969124924,0.49998003715534,0.49999887030073,1727071255956
37,0.30437464519496,0.62460489789641,0.18041243055671,0.51721691561094,0.50000538466992,0.4999969124924,0.49998003715534,0.50000110018662,1727071255973
37,0.30437464519496,0.62460489789641,0.18041243055671,0.52772469116153,0.50000538466992,0.4999969124924,0.49998003715534,0.49999023815343,1727071255990
37,0.30437464519496,0.62460489789641,0.18041243055671,0.53440169004457,0.50000538466992,0.4999969124924,0.49998003715534,0.50000118787358,1727071256099
37,0.30437464519496,0.62460489789641,0.18041243055671,0.53827263644577,0.50000538466992,0.4999969124924,0.49998003715534,0.49999700186759,1727071256188
37,0.30437464519496,0.62460489789641,0.18041243055671,0.54878384838437,0.50000538466992,0.4999969124924,0.49998003715534,0.4999994706084,1727071256281
37,0.30437464519496,0.62460489789641,0.18041243055671,0.55545634056811,0.50000538466992,0.4999969124924,0.49998003715534,0.49999644207668,1727071256369
37,0.30437464519496,0.62460489789641,0.18041243055671,0.56212986898031,0.50000538466992,0.4999969124924,0.49998003715534,0.49999416677782,1727071256377
37,0.30437464519496,0.62460489789641,0.18041243055671,0.5659990195936,0.50000538466992,0.4999969124924,0.49998003715534,0.49999933758934,1727071256390
37,0.30437464519496,0.62460489789641,0.18041243055671,0.57266660916411,0.50000538466992,0.4999969124924,0.49998003715534,0.49999308788038,1727071256406
37,0.30437464519496,0.62460489789641,0.18041243055671,0.58984519254089,0.50000538466992,0.4999969124924,0.49998003715534,0.49999936893666,1727071256456
37,0.30437464519496,0.62460489789641,0.18041243055671,0.59651432195903,0.50000538466992,0.4999969124924,0.49998003715534,0.49999429794296,1727071256479
37,0.30437464519496,0.62460489789641,0.18041243055671,0.60038184256632,0.50000538466992,0.4999969124924,0.49998003715534,0.49999820229505,1727071256490
37,0.30437464519496,0.62460489789641,0.18041243055671,0.61089835906048,0.50000538466992,0.4999969124924,0.49998003715534,0.49999402287379,1727071256559
37,0.30437464519496,0.62460489789641,0.18041243055671,0.62425871456097,0.50000538466992,0.4999969124924,0.49998003715534,0.49999821917841,1727071256575
37,0.30437464519496,0.62460489789641,0.18041243055671,0.63092497299171,0.50000538466992,0.4999969124924,0.49998003715534,0.50000118665847,1727071256590
37,0.30437464519496,0.62460489789641,0.18041243055671,0.63479823260196,0.50000538466992,0.4999969124924,0.49998003715534,0.49999889871173,1727071256606
37,0.30437464519496,0.62460489789641,0.18041243055671,0.64146916839972,0.50000538466992,0.4999969124924,0.49998003715534,0.50000471872669,1727071258120
37,0.30437464519496,0.62460489789641,0.18041243055671,0.64813260247321,0.50000538466992,0.4999969124924,0.49998003715534,0.49999640334239,1727071258222
37,0.30437464519496,0.62460489789641,0.18041243055671,0.65200846451889,0.50000538466992,0.4999969124924,0.49998003715534,0.49999577026805,1727071258294
37,0.30437464519496,0.62460489789641,0.18041243055671,0.65587388367179,0.50000538466992,0.4999969124924,0.49998003715534,0.49999815016981,1727071258341
37,0.30437464519496,0.62460489789641,0.18041243055671,0.66639709917148,0.50000538466992,0.4999969124924,0.49998003715534,0.49999825478341,1727071258358
37,0.30437464519496,0.62460489789641,0.18041243055671,0.67025670355046,0.50000538466992,0.4999969124924,0.49998003715534,0.49999710338589,1727071258406
37,0.30437464519496,0.62460489789641,0.18041243055671,0.67692665292319,0.50000538466992,0.4999969124924,0.49998003715534,0.49999297631088,1727071258500
37,0.30437464519496,0.62460489789641,0.18041243055671,0.68079729963743,0.50000538466992,0.4999969124924,0.49998003715534,0.49999840052323,1727071258555
37,0.30437464519496,0.62460489789641,0.18041243055671,0.68467592297842,0.50000538466992,0.4999969124924,0.49998003715534,0.49999941008073,1727071258625
37,0.30437464519496,0.62460489789641,0.18041243055671,0.68853510847873,0.50000538466992,0.4999969124924,0.49998003715534,0.4999980302923,1727071258639
37,0.30437464519496,0.62460489789641,0.18041243055671,0.69520575789762,0.50000538466992,0.4999969124924,0.49998003715534,0.49999438482398,1727071258657
37,0.30437464519496,0.62460489789641,0.18041243055671,0.69907665538434,0.50000538466992,0.4999969124924,0.49998003715534,0.49999984449443,1727071258681
37,0.30437464519496,0.62460489789641,0.18041243055671,0.70575215606485,0.50000538466992,0.4999969124924,0.49998003715534,0.4999990250661,1727071258689
37,0.30437464519496,0.62460489789641,0.18041243055671,0.71241070104403,0.50000538466992,0.4999969124924,0.49998003715534,0.49999731695597,1727071258960
37,0.30437464519496,0.62460489789641,0.18041243055671,0.71241070104403,0.50000538466992,0.4999969124924,0.49998003715534,0.49999731695597,1727071260907
38,0.33333333333333,0.33333333333333,0.16666666666667,0.5,0.5,0.5,0.5,0.5,1727071264424
38,0.33333333333333,0.33333333333333,0.17217696626055,0.5,0.5,0.5,0.49998419089364,0.5,1727071264447
38,0.33333333333333,0.33333333333333,0.17941363734686,0.5,0.5,0.5,0.49998125298452,0.5,1727071264456
38,0.33333333333333,0.33333333333333,0.20206399288946,0.5,0.5,0.5,0.49998519905597,0.5,1727071264472
38,0.33333333333333,0.33333333333333,0.2389990499617,0.5,0.5,0.5,0.49998736445104,0.5,1727071264489
38,0.33333333333333,0.33333333333333,0.30303004639805,0.5,0.5,0.5,0.49998656483322,0.5,1727071264506
38,0.33333333333333,0.33333333333333,0.35706659947792,0.5,0.5,0.5,0.4999801528367,0.5,1727071264522
38,0.33333333333333,0.33333333333333,0.44257774646452,0.5,0.5,0.5,0.49997980025222,0.5,1727071264539
38,0.33333333333333,0.33333333333333,0.53800794330616,0.5,0.5,0.5,0.49999550687328,0.5,1727071264556
38,0.33333333333333,0.33333333333333,0.64251924436416,0.5,0.5,0.5,0.49999098977057,0.5,1727071264572
38,0.33333333333333,0.33333333333333,0.78583874600494,0.5,0.5,0.5,0.499995713337,0.5,1727071264589
38,0.33333333333333,0.33333333333333,0.86143479479682,0.5,0.5,0.5,0.50000310069527,0.5,1727071264606
38,0.33333333333333,0.33333333333333,0.86866623876339,0.5,0.5,0.5,0.49998797164398,0.5,1727071264623
38,0.33333333333333,0.33333333333333,0.88313652900267,0.5,0.5,0.5,0.49999982926219,0.5,1727071264639
38,0.33333333333333,0.33333333333333,0.89036657760724,0.5,0.5,0.5,0.49999142944216,0.5,1727071264656
38,0.33333333333333,0.33333333333333,0.89759495855047,0.5,0.5,0.5,0.49999076065601,0.5,1727071264672
38,0.33333333333333,0.33333333333333,0.9048323245242,0.5,0.5,0.5,0.49998646969015,0.5,1727071264689
38,0.33333333333333,0.33333333333333,0.91929439396681,0.5,0.5,0.5,0.49999813533089,0.5,1727071264706
38,0.33333333333333,0.33333333333333,0.93638688271841,0.5,0.5,0.5,0.49999746988181,0.5,1727071264722
38,0.33333333333333,0.33333333333333,0.95085102388395,0.5,0.5,0.5,0.49999964391473,0.5,1727071264739
38,0.33333333333333,0.33333333333333,0.96532360157428,0.5,0.5,0.5,0.5000006844484,0.5,1727071264756
38,0.33333333333333,0.33333333333333,0.97255268237967,0.5,0.5,0.5,0.49999699807893,0.5,1727071264773
38,0.33333333333333,0.33333333333333,0.99426335430775,0.5,0.5,0.5,0.49999095511196,0.5,1727071264789
38,0.33333333333333,0.33333333333333,1.0,0.5,0.5,0.5,0.5,0.5,1727071264806
38,0.33333333333333,0.33333333333333,1.0,0.5,0.5,0.5,0.5,0.5,1727071264822
38,0.33333333333333,0.33333333333333,1.0,0.5,0.5,0.5,0.5,0.5,1727071264839
38,0.33333333333333,0.33333333333333,1.0,0.5,0.5,0.5,0.5,0.5,1727071264856
38,0.33333333333333,0.33333333333333,1.0,0.5,0.5,0.5,0.5,0.5,1727071264875
38,0.33333333333333,0.33333333333333,1.0,0.5,0.5,0.5,0.5,0.5,1727071264889
38,0.33333333333333,0.33333333333333,1.0,0.5,0.5,0.5,0.5,0.5,1727071264906
38,0.33333333333333,0.33333333333333,1.0,0.5,0.5,0.5,0.5,0.5,1727071264922
38,0.33333333333333,0.33333333333333,1.0,0.5,0.5,0.5,0.5,0.5,1727071264940
38,0.33333333333333,0.33333333333333,1.0,0.5,0.5,0.5,0.5,0.5,1727071264956
38,0.33333333333333,0.33333333333333,1.0,0.5,0.5,0.5,0.5,0.5,1727071264977
38,0.33333333333333,0.33333333333333,0.99277332123188,0.5,0.5,0.5,0.49999172197225,0.5,1727071265127
38,0.33333333333333,0.33333333333333,0.98555176751326,0.5,0.5,0.5,0.49999811541104,0.5,1727071265139
38,0.33333333333333,0.33333333333333,0.97110202256616,0.5,0.5,0.5,0.5000044752507,0.5,1727071265156
38,0.33333333333333,0.33333333333333,0.96387661252325,0.5,0.5,0.5,0.49999234274475,0.5,1727071265172
38,0.33333333333333,0.33333333333333,0.92780724767167,0.5,0.5,0.5,0.50000068144111,0.5,1727071265189
38,0.33333333333333,0.33333333333333,0.90443057819971,0.5,0.5,0.5,0.49998934288644,0.5,1727071265206
38,0.33333333333333,0.33333333333333,0.88998386654973,0.5,0.5,0.5,0.49998208211141,0.5,1727071265222
38,0.33333333333333,0.33333333333333,0.8755410307767,0.5,0.5,0.5,0.49999472847195,0.5,1727071265239
38,0.33333333333333,0.33333333333333,0.86831294416472,0.5,0.5,0.5,0.49999405506173,0.5,1727071265256
38,0.33333333333333,0.33333333333333,0.86376151067559,0.5,0.5,0.5,0.4999941580482,0.5,1727071265272
38,0.33333333333333,0.33333333333333,0.85920923652844,0.5,0.5,0.5,0.49999823872395,0.5,1727071265333
38,0.33333333333333,0.33333333333333,0.85198306554028,0.5,0.5,0.5,0.49998845685509,0.5,1727071265579
38,0.33333333333333,0.33333333333333,0.84475464600494,0.5,0.5,0.5,0.49998932326521,0.5,1727071265635
38,0.33333333333333,0.33333333333333,0.83299949861084,0.5,0.5,0.5,0.49998957560251,0.5,1727071265643
38,0.33333333333333,0.33333333333333,0.82844865235483,0.5,0.5,0.5,0.49998680587051,0.5,1727071265721
38,0.33333333333333,0.33333333333333,0.8212248419253,0.5,0.5,0.5,0.50000520113623,0.5,1727071267078
38,0.33333333333333,0.33333333333333,0.82845695476227,0.5,0.5,0.5,0.49998623951254,0.5,1727071267235
38,0.33333333333333,0.33333333333333,0.83569051717159,0.5,0.5,0.5,0.50000008832106,0.5,1727071267417
38,0.33333333333333,0.33333333333333,0.8429211529663,0.5,0.5,0.5,0.49998850298068,0.5,1727071267489
38,0.33333333333333,0.33333333333333,0.85014952556704,0.5,0.5,0.5,0.49998786437277,0.5,1727071267543
38,0.33333333333333,0.33333333333333,0.85738520431057,0.5,0.5,0.5,0.49999140320547,0.5,1727071267556
38,0.33333333333333,0.33333333333333,0.86461414542863,0.5,0.5,0.5,0.49998807769702,0.5,1727071267572
38,0.33333333333333,0.33333333333333,0.85739251636795,0.5,0.5,0.5,0.49999554425301,0.5,1727071267891
38,0.33333333333333,0.33333333333333,0.85016540716421,0.5,0.5,0.5,0.49999020334929,0.5,1727071267906
38,0.33333333333333,0.33333333333333,0.84293800525898,0.5,0.5,0.5,0.49998619710656,0.5,1727071267979
38,0.33333333333333,0.33333333333333,0.84293800525898,0.5,0.5,0.5,0.49998619710656,0.5,1727071269002
38,0.33333333333333,0.33333333333333,0.84293800525898,0.5,0.5,0.5,0.49998619710656,0.5,1727071269779
38,0.33333333333333,0.33333333333333,0.84293800525898,0.49335790617205,0.5,0.5,0.49998619710656,0.50000301120541,1727071269895
38,0.33333333333333,0.33333333333333,0.84293800525898,0.48284675103585,0.5,0.5,0.49998619710656,0.50000044927245,1727071269906
38,0.33333333333333,0.33333333333333,0.84293800525898,0.44187352268054,0.5,0.5,0.49998619710656,0.49999729034532,1727071269922
38,0.33333333333333,0.33333333333333,0.84293800525898,0.38112419774291,0.5,0.5,0.49998619710656,0.50000097911033,1727071269939
38,0.33333333333333,0.33333333333333,0.84293800525898,0.30193990944662,0.5,0.5,0.49998619710656,0.50000144630464,1727071269956
38,0.33333333333333,0.33333333333333,0.84293800525898,0.25044629682374,0.5,0.5,0.49998619710656,0.50000015751479,1727071269972
38,0.33333333333333,0.33333333333333,0.84293800525898,0.2266388838541,0.5,0.5,0.49998619710656,0.50000938617012,1727071269989
38,0.33333333333333,0.33333333333333,0.84293800525898,0.16194903719132,0.5,0.5,0.49998619710656,0.50001415378497,1727071270005
38,0.33333333333333,0.33333333333333,0.84293800525898,0.08669723157519,0.5,0.5,0.49998619710656,0.50000806265098,1727071270022
38,0.33333333333333,0.33333333333333,0.84293800525898,0.03920557611497,0.5,0.5,0.49998619710656,0.50001063002809,1727071270039
38,0.33333333333333,0.33333333333333,0.84293800525898,0.00885501982609,0.5,0.5,0.49998619710656,0.50001888332321,1727071270055
38,0.33333333333333,0.33333333333333,0.84293800525898,0.0,0.5,0.5,0.49998619710656,0.5,1727071270072
38,0.33333333333333,0.33333333333333,0.84293800525898,0.0,0.5,0.5,0.49998619710656,0.5,1727071270089
38,0.33333333333333,0.33333333333333,0.84293800525898,0.0,0.5,0.5,0.49998619710656,0.5,1727071270105
38,0.33333333333333,0.33333333333333,0.84293800525898,0.0,0.5,0.5,0.49998619710656,0.5,1727071270122
38,0.33333333333333,0.33333333333333,0.84293800525898,0.0,0.5,0.5,0.49998619710656,0.5,1727071270139
38,0.33333333333333,0.33333333333333,0.84293800525898,0.0,0.5,0.5,0.49998619710656,0.5,1727071270155
38,0.33333333333333,0.33333333333333,0.84293800525898,0.0,0.5,0.5,0.49998619710656,0.5,1727071270172
38,0.33333333333333,0.33333333333333,0.84293800525898,0.0,0.5,0.5,0.49998619710656,0.5,1727071270189
38,0.33333333333333,0.33333333333333,0.84293800525898,0.0,0.5,0.5,0.49998619710656,0.5,1727071270205
38,0.33333333333333,0.33333333333333,0.84293800525898,0.0,0.5,0.5,0.49998619710656,0.5,1727071270222
38,0.33333333333333,0.33333333333333,0.84293800525898,0.0,0.5,0.5,0.49998619710656,0.5,1727071270239
38,0.33333333333333,0.33333333333333,0.84293800525898,0.0,0.5,0.5,0.49998619710656,0.5,1727071270255
38,0.33333333333333,0.33333333333333,0.84293800525898,0.0,0.5,0.5,0.49998619710656,0.5,1727071270306
38,0.33333333333333,0.33333333333333,0.84293800525898,0.0,0.5,0.5,0.49998619710656,0.5,1727071270363
38,0.33333333333333,0.33333333333333,0.84293800525898,0.0,0.5,0.5,0.49998619710656,0.5,1727071270379
38,0.33333333333333,0.33333333333333,0.84293800525898,0.0,0.5,0.5,0.49998619710656,0.5,1727071270457
38,0.33333333333333,0.33333333333333,0.84293800525898,0.0,0.5,0.5,0.49998619710656,0.5,1727071270472
38,0.33333333333333,0.33333333333333,0.84293800525898,0.0,0.5,0.5,0.49998619710656,0.5,1727071270473
38,0.33333333333333,0.33333333333333,0.84293800525898,0.0,0.5,0.5,0.49998619710656,0.5,1727071270473
38,0.33333333333333,0.33333333333333,0.84293800525898,0.0,0.5,0.5,0.49998619710656,0.5,1727071271544
38,0.33333333333333,0.33333333333333,0.84293800525898,0.0,0.5,0.5,0.49998619710656,0.5,1727071272414
38,0.33721146157834,0.33333333333333,0.84293800525898,0.0,0.49999631668278,0.5,0.49998619710656,0.5,1727071272477
38,0.32671978099192,0.33333333333333,0.84293800525898,0.0,0.49999684917372,0.5,0.49998619710656,0.5,1727071272522
38,0.30954521266601,0.33333333333333,0.84293800525898,0.0,0.4999914932638,0.5,0.49998619710656,0.5,1727071272539
38,0.29627818880032,0.33333333333333,0.84293800525898,0.0,0.50000127742536,0.5,0.49998619710656,0.5,1727071272555
38,0.29246845515058,0.33333333333333,0.84293800525898,0.0,0.49999139373982,0.5,0.49998619710656,0.5,1727071272572
38,0.28582268530907,0.33333333333333,0.84293800525898,0.0,0.49999168211627,0.5,0.49998619710656,0.5,1727071272589
38,0.27917728832451,0.33333333333333,0.84293800525898,0.0,0.4999923662082,0.5,0.49998619710656,0.5,1727071272613
38,0.26490416704212,0.33333333333333,0.84293800525898,0.0,0.49999622535001,0.5,0.49998619710656,0.5,1727071272676
38,0.26110166663988,0.33333333333333,0.84293800525898,0.0,0.49999350005774,0.5,0.49998619710656,0.5,1727071272803
38,0.25445869681234,0.33333333333333,0.84293800525898,0.0,0.49999689432495,0.5,0.49998619710656,0.5,1727071272929
38,0.25065467817952,0.33333333333333,0.84293800525898,0.0,0.4999924453311,0.5,0.49998619710656,0.5,1727071272972
38,0.24015528746685,0.33333333333333,0.84293800525898,0.0,0.50000162119467,0.5,0.49998619710656,0.5,1727071272989
38,0.23635617806678,0.33333333333333,0.84293800525898,0.0,0.500002643433,0.5,0.49998619710656,0.5,1727071273039
38,0.22586104030932,0.33333333333333,0.84293800525898,0.0,0.49999942284455,0.5,0.49998619710656,0.5,1727071273055
38,0.21535815750501,0.33333333333333,0.84293800525898,0.0,0.50000510782667,0.5,0.49998619710656,0.5,1727071273200
38,0.21156019697683,0.33333333333333,0.84293800525898,0.0,0.49998920919301,0.5,0.49998619710656,0.5,1727071273215
38,0.20491522881911,0.33333333333333,0.84293800525898,0.0,0.4999904885599,0.5,0.49998619710656,0.5,1727071273238
38,0.1944159805905,0.33333333333333,0.84293800525898,0.0,0.50000073934842,0.5,0.49998619710656,0.5,1727071273272
38,0.18777086260133,0.33333333333333,0.84293800525898,0.0,0.50000205512913,0.5,0.49998619710656,0.5,1727071273390
38,0.18397673083446,0.33333333333333,0.84293800525898,0.0,0.49998998334891,0.5,0.49998619710656,0.5,1727071273468
38,0.18397673083446,0.33333333333333,0.84293800525898,0.0,0.49998998334891,0.5,0.49998619710656,0.5,1727071273468
38,0.18397673083446,0.33333333333333,0.84293800525898,0.0,0.49998998334891,0.5,0.49998619710656,0.5,1727071273952
38,0.18786707410147,0.33333333333333,0.84293800525898,0.0,0.49998759887319,0.5,0.49998619710656,0.5,1727071273975
38,0.19176671646016,0.33333333333333,0.84293800525898,0.0,0.4999968621164,0.5,0.49998619710656,0.5,1727071273989
38,0.19566303926875,0.33333333333333,0.84293800525898,0.0,0.50000185664478,0.5,0.49998619710656,0.5,1727071274021
38,0.20618478436511,0.33333333333333,0.84293800525898,0.0,0.50000020422381,0.5,0.49998619710656,0.5,1727071274072
38,0.2167001298163,0.33333333333333,0.84293800525898,0.0,0.50000924051802,0.5,0.49998619710656,0.5,1727071274101
38,0.22721711445769,0.33333333333333,0.84293800525898,0.0,0.50000199848555,0.5,0.49998619710656,0.5,1727071274109
38,0.23388617628087,0.33333333333333,0.84293800525898,0.0,0.4999930139946,0.5,0.49998619710656,0.5,1727071274125
38,0.24440862252602,0.33333333333333,0.84293800525898,0.0,0.49999245938764,0.5,0.49998619710656,0.5,1727071274172
38,0.25108788713649,0.33333333333333,0.84293800525898,0.0,0.49999513621494,0.5,0.49998619710656,0.5,1727071274205
38,0.25775559684093,0.33333333333333,0.84293800525898,0.0,0.50000190092206,0.5,0.49998619710656,0.5,1727071274227
38,0.26164393719228,0.33333333333333,0.84293800525898,0.0,0.49999761141272,0.5,0.49998619710656,0.5,1727071274239
38,0.26832554057395,0.33333333333333,0.84293800525898,0.0,0.50000262051695,0.5,0.49998619710656,0.5,1727071274308
38,0.2750039349903,0.33333333333333,0.84293800525898,0.0,0.50000413229502,0.5,0.49998619710656,0.5,1727071274387
38,0.28551088776231,0.33333333333333,0.84293800525898,0.0,0.49998745074624,0.5,0.49998619710656,0.5,1727071274422
38,0.28843482243889,0.33333333333333,0.84293800525898,0.0,0.50000415026637,0.5,0.49998619710656,0.5,1727071274593
38,0.28843482243889,0.33333333333333,0.84293800525898,0.0,0.50000415026637,0.5,0.49998619710656,0.5,1727071274593
38,0.28843482243889,0.33333333333333,0.84293800525898,0.0,0.50000415026637,0.5,0.49998619710656,0.5,1727071276106
38,0.30181142567789,0.33333333333333,0.84293800525898,0.0,0.49999604451964,0.5,0.49998619710656,0.5,1727071276223
38,0.30848221699241,0.33333333333333,0.84293800525898,0.0,0.4999900385169,0.5,0.49998619710656,0.5,1727071276255
38,0.31516018567219,0.33333333333333,0.84293800525898,0.0,0.49999117624206,0.5,0.49998619710656,0.5,1727071276287
38,0.32183179182196,0.33333333333333,0.84293800525898,0.0,0.50000098592606,0.5,0.49998619710656,0.5,1727071276322
38,0.33234982216741,0.33333333333333,0.84293800525898,0.0,0.49999619036103,0.5,0.49998619710656,0.5,1727071276574
38,0.33622906526707,0.33333333333333,0.84293800525898,0.0,0.4999983974781,0.5,0.49998619710656,0.5,1727071276595
38,0.33622906526707,0.33333333333333,0.84293800525898,0.0,0.4999983974781,0.5,0.49998619710656,0.5,1727071276905
38,0.33622906526707,0.33333333333333,0.84293800525898,0.0,0.4999983974781,0.5,0.49998619710656,0.5,1727071277397
38,0.33242847099247,0.33333333333333,0.84293800525898,0.0,0.49999782447796,0.5,0.49998619710656,0.5,1727071277492
38,0.33242847099247,0.33333333333333,0.84293800525898,0.0,0.49999782447796,0.5,0.49998619710656,0.5,1727071277880
38,0.33242847099247,0.33333333333333,0.84293800525898,0.0,0.49999782447796,0.5,0.49998619710656,0.5,1727071278791
38,0.33242847099247,0.34000606808939,0.84293800525898,0.0,0.49999782447796,0.50000870581461,0.49998619710656,0.5,1727071279035
38,0.33242847099247,0.34667786828528,0.84293800525898,0.0,0.49999782447796,0.49999912662993,0.49998619710656,0.5,1727071279043
38,0.33242847099247,0.36005620858702,0.84293800525898,0.0,0.49999782447796,0.50000481679889,0.49998619710656,0.5,1727071279115
38,0.33242847099247,0.36393861494531,0.84293800525898,0.0,0.49999782447796,0.49999986223759,0.49998619710656,0.5,1727071279123
38,0.33242847099247,0.3706086795005,0.84293800525898,0.0,0.49999782447796,0.5000059566202,0.49998619710656,0.5,1727071279139
38,0.33242847099247,0.3772821405504,0.84293800525898,0.0,0.49999782447796,0.50000893609731,0.49998619710656,0.5,1727071279155
38,0.33242847099247,0.39444923354124,0.84293800525898,0.0,0.49999782447796,0.50001052694197,0.49998619710656,0.5,1727071279185
38,0.33242847099247,0.40496727146533,0.84293800525898,0.0,0.49999782447796,0.50000164927526,0.49998619710656,0.5,1727071279222
38,0.33242847099247,0.41163587910211,0.84293800525898,0.0,0.49999782447796,0.50000856177552,0.49998619710656,0.5,1727071279238
38,0.33242847099247,0.41831539058871,0.84293800525898,0.0,0.49999782447796,0.50000634087797,0.49998619710656,0.5,1727071279255
38,0.33242847099247,0.42498108737219,0.84293800525898,0.0,0.49999782447796,0.50000288170567,0.49998619710656,0.5,1727071279272
38,0.33242847099247,0.43940196816888,0.84293800525898,0.0,0.49999782447796,0.49999842601568,0.49998619710656,0.5,1727071279288
38,0.33242847099247,0.46994871186713,0.84293800525898,0.0,0.49999782447796,0.50000393178561,0.49998619710656,0.5,1727071279305
38,0.33242847099247,0.47383087799996,0.84293800525898,0.0,0.49999782447796,0.4999999171524,0.49998619710656,0.5,1727071279322
38,0.33242847099247,0.48050174011841,0.84293800525898,0.0,0.49999782447796,0.50000449228002,0.49998619710656,0.5,1727071279338
38,0.33242847099247,0.48437403963849,0.84293800525898,0.0,0.49999782447796,0.50000793972561,0.49998619710656,0.5,1727071279367
38,0.33242847099247,0.49103960872406,0.84293800525898,0.0,0.49999782447796,0.50000486953755,0.49998619710656,0.5,1727071279375
38,0.33242847099247,0.4977148891337,0.84293800525898,0.0,0.49999782447796,0.50000603729197,0.49998619710656,0.5,1727071279388
38,0.33242847099247,0.50823158029378,0.84293800525898,0.0,0.49999782447796,0.49999941025616,0.49998619710656,0.5,1727071279407
38,0.33242847099247,0.50157822857669,0.84293800525898,0.0,0.49999782447796,0.50000468512338,0.49998619710656,0.5,1727071279780
38,0.33242847099247,0.47509606190555,0.84293800525898,0.0,0.49999782447796,0.49999714547542,0.49998619710656,0.5,1727071279787
38,0.33242847099247,0.47509606190555,0.84293800525898,0.0,0.49999782447796,0.49999714547542,0.49998619710656,0.5,1727071279787
38,0.33242847099247,0.47509606190555,0.84293800525898,0.0,0.49999782447796,0.49999714547542,0.49998619710656,0.5,1727071281507
38,0.33242847099247,0.48176759098687,0.84293800525898,0.0,0.49999782447796,0.50000123544645,0.49998619710656,0.5,1727071281577
38,0.33242847099247,0.48564250979807,0.84293800525898,0.0,0.49999782447796,0.50000273104201,0.49998619710656,0.5,1727071281588
38,0.33242847099247,0.49231633025377,0.84293800525898,0.0,0.49999782447796,0.50000501085481,0.49998619710656,0.5,1727071281609
38,0.33242847099247,0.49619801504491,0.84293800525898,0.0,0.49999782447796,0.50000146658592,0.49998619710656,0.5,1727071281633
38,0.33242847099247,0.50670538383634,0.84293800525898,0.0,0.49999782447796,0.50000168193271,0.49998619710656,0.5,1727071281641
38,0.33242847099247,0.51721624150157,0.84293800525898,0.0,0.49999782447796,0.49999938423344,0.49998619710656,0.5,1727071281688
38,0.33242847099247,0.52388578722985,0.84293800525898,0.0,0.49999782447796,0.5000046452906,0.49998619710656,0.5,1727071281705
38,0.33242847099247,0.52776178186588,0.84293800525898,0.0,0.49999782447796,0.5000052802828,0.49998619710656,0.5,1727071281722
38,0.33242847099247,0.53443583881555,0.84293800525898,0.0,0.49999782447796,0.50000724977951,0.49998619710656,0.5,1727071281738
38,0.33242847099247,0.52777795733018,0.84293800525898,0.0,0.49999782447796,0.500004719577,0.49998619710656,0.5,1727071282838
38,0.33242847099247,0.5144996439985,0.84293800525898,0.0,0.49999782447796,0.50000580415335,0.49998619710656,0.5,1727071282989
38,0.33242847099247,0.50784519685695,0.84293800525898,0.0,0.49999782447796,0.50000069620536,0.49998619710656,0.5,1727071283005
38,0.33242847099247,0.50119711276048,0.84293800525898,0.0,0.49999782447796,0.50000211904376,0.49998619710656,0.5,1727071283092
38,0.33242847099247,0.49453986677195,0.84293800525898,0.0,0.49999782447796,0.49999895943036,0.49998619710656,0.5,1727071283740
38,0.33242847099247,0.49453986677195,0.84293800525898,0.0,0.49999782447796,0.49999895943036,0.49998619710656,0.5,1727071285823
39,0.5,0.16666666666667,0.5,0.5,0.5,0.5,0.5,0.5,1727071293071
39,0.5,0.16666666666667,0.49277997146035,0.5,0.5,0.5,0.49999817570665,0.5,1727071293094
39,0.5,0.16666666666667,0.48555466939883,0.5,0.5,0.5,0.49997732170888,0.5,1727071293138
39,0.5,0.16666666666667,0.4684676208247,0.5,0.5,0.5,0.49999797905061,0.5,1727071293155
39,0.5,0.16666666666667,0.43693558725467,0.5,0.5,0.5,0.49999504144193,0.5,1727071293171
39,0.5,0.16666666666667,0.39553093531825,0.5,0.5,0.5,0.49999432188147,0.5,1727071293188
39,0.5,0.16666666666667,0.3370515467752,0.5,0.5,0.5,0.49998237747117,0.5,1727071293205
39,0.5,0.16666666666667,0.2624837378972,0.5,0.5,0.5,0.49999712673792,0.5,1727071293221
39,0.5,0.16666666666667,0.19510339533775,0.5,0.5,0.5,0.50001458276669,0.5,1727071293238
39,0.5,0.16666666666667,0.13207307760009,0.5,0.5,0.5,0.49999294981876,0.5,1727071293255
39,0.5,0.16666666666667,0.11498857087139,0.5,0.5,0.5,0.49999780238535,0.5,1727071293271
39,0.5,0.16666666666667,0.08083710757793,0.5,0.5,0.5,0.49999032378075,0.5,1727071293288
39,0.5,0.16666666666667,0.05925081138669,0.5,0.5,0.5,0.49998726232705,0.5,1727071293304
39,0.5,0.16666666666667,0.03001859358527,0.5,0.5,0.5,0.49998730034258,0.5,1727071293321
39,0.5,0.16666666666667,0.0,0.5,0.5,0.5,0.5,0.5,1727071293338
39,0.5,0.16666666666667,0.0,0.5,0.5,0.5,0.5,0.5,1727071293354
39,0.5,0.16666666666667,0.0,0.5,0.5,0.5,0.5,0.5,1727071293371
39,0.5,0.16666666666667,0.0,0.5,0.5,0.5,0.5,0.5,1727071293388
39,0.5,0.16666666666667,0.0,0.5,0.5,0.5,0.5,0.5,1727071293404
39,0.5,0.16666666666667,0.0,0.5,0.5,0.5,0.5,0.5,1727071293421
39,0.5,0.16666666666667,0.0,0.5,0.5,0.5,0.5,0.5,1727071293438
39,0.5,0.16666666666667,0.0,0.5,0.5,0.5,0.5,0.5,1727071293454
39,0.5,0.16666666666667,0.0,0.5,0.5,0.5,0.5,0.5,1727071293471
39,0.5,0.16666666666667,0.0,0.5,0.5,0.5,0.5,0.5,1727071293488
39,0.5,0.16666666666667,0.0,0.5,0.5,0.5,0.5,0.5,1727071293504
39,0.5,0.16666666666667,0.0,0.5,0.5,0.5,0.5,0.5,1727071293521
39,0.5,0.16666666666667,0.0,0.5,0.5,0.5,0.5,0.5,1727071293538
39,0.5,0.16666666666667,0.0,0.5,0.5,0.5,0.5,0.5,1727071293588
39,0.5,0.16666666666667,0.0,0.5,0.5,0.5,0.5,0.5,1727071293607
39,0.5,0.16666666666667,0.0,0.5,0.5,0.5,0.5,0.5,1727071294384
39,0.5,0.16666666666667,0.0,0.5,0.5,0.5,0.5,0.5,1727071295321
39,0.5,0.16666666666667,0.0,0.48949290222468,0.5,0.5,0.5,0.50000044325353,1727071295350
39,0.5,0.16666666666667,0.0,0.4551537477731,0.5,0.5,0.5,0.49999992308034,1727071295357
39,0.5,0.16666666666667,0.0,0.42368403647505,0.5,0.5,0.5,0.49999323099532,1727071295371
39,0.5,0.16666666666667,0.0,0.31682042808417,0.5,0.5,0.5,0.49998994145234,1727071295388
39,0.5,0.16666666666667,0.0,0.14933927246557,0.5,0.5,0.5,0.50000111956789,1727071295404
39,0.5,0.16666666666667,0.0,0.0,0.5,0.5,0.5,0.5,1727071295421
39,0.5,0.16666666666667,0.0,0.0,0.5,0.5,0.5,0.5,1727071295438
39,0.5,0.16666666666667,0.0,0.0,0.5,0.5,0.5,0.5,1727071295454
39,0.5,0.16666666666667,0.0,0.0,0.5,0.5,0.5,0.5,1727071295471
39,0.5,0.16666666666667,0.0,0.0,0.5,0.5,0.5,0.5,1727071295488
39,0.5,0.16666666666667,0.0,0.0,0.5,0.5,0.5,0.5,1727071295504
39,0.5,0.16666666666667,0.0,0.0,0.5,0.5,0.5,0.5,1727071295525
39,0.5,0.16666666666667,0.0,0.0,0.5,0.5,0.5,0.5,1727071295643
39,0.5,0.16666666666667,0.0,0.0,0.5,0.5,0.5,0.5,1727071297314
39,0.51051126670471,0.16666666666667,0.0,0.0,0.5000025912395,0.5,0.5,0.5,1727071297362
39,0.52387326728254,0.16666666666667,0.0,0.0,0.49999739550807,0.5,0.5,0.5,1727071297385
39,0.53724273538033,0.16666666666667,0.0,0.0,0.50000838021997,0.5,0.5,0.5,1727071297401
39,0.54391400209374,0.16666666666667,0.0,0.0,0.50000438178785,0.5,0.5,0.5,1727071297409
39,0.55727056567771,0.16666666666667,0.0,0.0,0.50000616516452,0.5,0.5,0.5,1727071297421
39,0.57062878632506,0.16666666666667,0.0,0.0,0.4999986678098,0.5,0.5,0.5,1727071297438
39,0.58399011338514,0.16666666666667,0.0,0.0,0.50000363457936,0.5,0.5,0.5,1727071297454
39,0.60405097799831,0.16666666666667,0.0,0.0,0.50000311420751,0.5,0.5,0.5,1727071297471
39,0.61072506226408,0.16666666666667,0.0,0.0,0.50000127168998,0.5,0.5,0.5,1727071297488
39,0.61739135475693,0.16666666666667,0.0,0.0,0.50000428365564,0.5,0.5,0.5,1727071297504
39,0.62406239557885,0.16666666666667,0.0,0.0,0.50000054064046,0.5,0.5,0.5,1727071297521
39,0.6384633507089,0.16666666666667,0.0,0.0,0.50000112457538,0.5,0.5,0.5,1727071297543
39,0.65852440281384,0.16666666666667,0.0,0.0,0.50000080460324,0.5,0.5,0.5,1727071297588
39,0.66239763342158,0.16666666666667,0.0,0.0,0.49999856996164,0.5,0.5,0.5,1727071297604
39,0.66906661949813,0.16666666666667,0.0,0.0,0.50000304800503,0.5,0.5,0.5,1727071297621
39,0.6824226044667,0.16666666666667,0.0,0.0,0.50000426899504,0.5,0.5,0.5,1727071297638
39,0.68909599132635,0.16666666666667,0.0,0.0,0.50000216260382,0.5,0.5,0.5,1727071297655
39,0.69295896349432,0.16666666666667,0.0,0.0,0.50000299200203,0.5,0.5,0.5,1727071297680
39,0.69962904134204,0.16666666666667,0.0,0.0,0.49999899683427,0.5,0.5,0.5,1727071297695
39,0.71014646478485,0.16666666666667,0.0,0.0,0.50000459556439,0.5,0.5,0.5,1727071297717
39,0.7168073048055,0.16666666666667,0.0,0.0,0.49999539242324,0.5,0.5,0.5,1727071297754
39,0.72348041763766,0.16666666666667,0.0,0.0,0.50000197913701,0.5,0.5,0.5,1727071297773
39,0.73399529390609,0.16666666666667,0.0,0.0,0.50000598312495,0.5,0.5,0.5,1727071297788
39,0.74734473333858,0.16666666666667,0.0,0.0,0.50000346702692,0.5,0.5,0.5,1727071297804
39,0.75786457486256,0.16666666666667,0.0,0.0,0.50000166099178,0.5,0.5,0.5,1727071297854
39,0.76452452748114,0.16666666666667,0.0,0.0,0.50000078828494,0.5,0.5,0.5,1727071297877
39,0.77119851715385,0.16666666666667,0.0,0.0,0.49999919943469,0.5,0.5,0.5,1727071297887
39,0.78170731192688,0.16666666666667,0.0,0.0,0.49999979673017,0.5,0.5,0.5,1727071297915
39,0.78837452510561,0.16666666666667,0.0,0.0,0.50000281104559,0.5,0.5,0.5,1727071297954
39,0.7922437558022,0.16666666666667,0.0,0.0,0.4999987314758,0.5,0.5,0.5,1727071297971
39,0.80559515446967,0.16666666666667,0.0,0.0,0.50000550447057,0.5,0.5,0.5,1727071297987
39,0.81226236953352,0.16666666666667,0.0,0.0,0.50000043133783,0.5,0.5,0.5,1727071298004
39,0.82277064617967,0.16666666666667,0.0,0.0,0.50000072742157,0.5,0.5,0.5,1727071298054
39,0.82944223102599,0.16666666666667,0.0,0.0,0.49999799640464,0.5,0.5,0.5,1727071298075
39,0.83611114748132,0.16666666666667,0.0,0.0,0.50000175390527,0.5,0.5,0.5,1727071298088
39,0.83997567366149,0.16666666666667,0.0,0.0,0.50000325892519,0.5,0.5,0.5,1727071298154
39,0.83997567366149,0.16666666666667,0.0,0.0,0.50000325892519,0.5,0.5,0.5,1727071298597
39,0.83997567366149,0.16666666666667,0.0,0.0,0.50000325892519,0.5,0.5,0.5,1727071299390
39,0.83997567366149,0.1705675607853,0.0,0.0,0.50000325892519,0.49998202136291,0.5,0.5,1727071299430
39,0.83997567366149,0.18773643886936,0.0,0.0,0.50000325892519,0.49998317071881,0.5,0.5,1727071299445
39,0.83997567366149,0.20490572865751,0.0,0.0,0.50000325892519,0.50000237987309,0.5,0.5,1727071299461
39,0.83997567366149,0.21158784859089,0.0,0.0,0.50000325892519,0.49999613820427,0.5,0.5,1727071299471
39,0.83997567366149,0.27613276432968,0.0,0.0,0.50000325892519,0.49998984870134,0.5,0.5,1727071299487
39,0.83997567366149,0.39219316336749,0.0,0.0,0.50000325892519,0.49999266149227,0.5,0.5,1727071299504
39,0.83997567366149,0.54585517481654,0.0,0.0,0.50000325892519,0.49999375073207,0.5,0.5,1727071299521
39,0.83997567366149,0.68569008272319,0.0,0.0,0.50000325892519,0.49999224606911,0.5,0.5,1727071299538
39,0.83997567366149,0.81502636777289,0.0,0.0,0.50000325892519,0.49999431439266,0.5,0.5,1727071299554
39,0.83997567366149,0.84936347328441,0.0,0.0,0.50000325892519,0.49999517201758,0.5,0.5,1727071299571
39,0.83997567366149,0.87703780668276,0.0,0.0,0.50000325892519,0.49999655739447,0.5,0.5,1727071299587
39,0.83997567366149,0.90088696884467,0.0,0.0,0.50000325892519,0.49999518761259,0.5,0.5,1727071299604
39,0.83997567366149,0.91423349294756,0.0,0.0,0.50000325892519,0.49999871017011,0.5,0.5,1727071299621
39,0.83997567366149,0.92090367207127,0.0,0.0,0.50000325892519,0.49999464900442,0.5,0.5,1727071299638
39,0.83997567366149,0.94474134583942,0.0,0.0,0.50000325892519,0.49999866900245,0.5,0.5,1727071299654
39,0.83997567366149,0.97241712017138,0.0,0.0,0.50000325892519,0.49999921723776,0.5,0.5,1727071299671
39,0.83997567366149,0.99999798307309,0.0,0.0,0.50000325892519,0.50000088959374,0.5,0.5,1727071299687
39,0.83997567366149,0.99999798307309,0.0,0.0,0.50000325892519,0.50000088959374,0.5,0.5,1727071299704
39,0.83997567366149,0.99999798307309,0.0,0.0,0.50000325892519,0.50000088959374,0.5,0.5,1727071299721
39,0.83997567366149,0.99999798307309,0.0,0.0,0.50000325892519,0.50000088959374,0.5,0.5,1727071299737
39,0.83997567366149,0.99999798307309,0.0,0.0,0.50000325892519,0.50000088959374,0.5,0.5,1727071299754
39,0.83997567366149,0.99999798307309,0.0,0.0,0.50000325892519,0.50000088959374,0.5,0.5,1727071299777
39,0.83997567366149,0.99999798307309,0.0,0.0,0.50000325892519,0.50000088959374,0.5,0.5,1727071299821
39,0.83997567366149,0.99999798307309,0.0,0.0,0.50000325892519,0.50000088959374,0.5,0.5,1727071299837
39,0.83997567366149,0.99999798307309,0.0,0.0,0.50000325892519,0.50000088959374,0.5,0.5,1727071299854
39,0.83997567366149,0.99999798307309,0.0,0.0,0.50000325892519,0.50000088959374,0.5,0.5,1727071299871
39,0.83997567366149,0.99999798307309,0.0,0.0,0.50000325892519,0.50000088959374,0.5,0.5,1727071299887
39,0.83997567366149,0.99999798307309,0.0,0.0,0.50000325892519,0.50000088959374,0.5,0.5,1727071299911
39,0.83997567366149,0.99999798307309,0.0,0.0,0.50000325892519,0.50000088959374,0.5,0.5,1727071299921
39,0.83997567366149,0.99999798307309,0.0,0.0,0.50000325892519,0.50000088959374,0.5,0.5,1727071299937
39,0.83997567366149,0.99999798307309,0.0,0.0,0.50000325892519,0.50000088959374,0.5,0.5,1727071299967
39,0.83997567366149,0.99334844310666,0.0,0.0,0.50000325892519,0.49999557395219,0.5,0.5,1727071300578
39,0.83997567366149,0.98004894804092,0.0,0.0,0.50000325892519,0.49999185196762,0.5,0.5,1727071300601
39,0.83997567366149,0.97338929353982,0.0,0.0,0.50000325892519,0.49999789175813,0.5,0.5,1727071300609
39,0.83997567366149,0.96673275720611,0.0,0.0,0.50000325892519,0.49999561365252,0.5,0.5,1727071300621
39,0.83997567366149,0.96007930416764,0.0,0.0,0.50000325892519,0.49999891514244,0.5,0.5,1727071300637
39,0.83997567366149,0.95341687959164,0.0,0.0,0.50000325892519,0.49999931509731,0.5,0.5,1727071300654
39,0.83997567366149,0.94292228973721,0.0,0.0,0.50000325892519,0.4999932535687,0.5,0.5,1727071300671
39,0.83997567366149,0.9257463547311,0.0,0.0,0.50000325892519,0.49999629874227,0.5,0.5,1727071300687
39,0.83997567366149,0.9190925584576,0.0,0.0,0.50000325892519,0.49999988174234,0.5,0.5,1727071300704
39,0.83997567366149,0.89527533617002,0.0,0.0,0.50000325892519,0.49999335787661,0.5,0.5,1727071300721
39,0.83997567366149,0.8819811218358,0.0,0.0,0.50000325892519,0.49999420849254,0.5,0.5,1727071300737
39,0.83997567366149,0.87146806085559,0.0,0.0,0.50000325892519,0.49999679350581,0.5,0.5,1727071300754
39,0.83997567366149,0.85430034598203,0.0,0.0,0.50000325892519,0.49999598683817,0.5,0.5,1727071300771
39,0.83997567366149,0.84764919675462,0.0,0.0,0.50000325892519,0.49999847160403,0.5,0.5,1727071300787
39,0.83997567366149,0.8304811525522,0.0,0.0,0.50000325892519,0.49999784185925,0.5,0.5,1727071300815
39,0.83997567366149,0.82382437736996,0.0,0.0,0.50000325892519,0.49999538289631,0.5,0.5,1727071301006
39,0.83997567366149,0.82769181074983,0.0,0.0,0.50000325892519,0.49999238373596,0.5,0.5,1727071301235
39,0.83997567366149,0.83436312777106,0.0,0.0,0.50000325892519,0.49999528090142,0.5,0.5,1727071301271
39,0.83997567366149,0.83436312777106,0.0,0.0,0.50000325892519,0.49999528090142,0.5,0.5,1727071301646
39,0.83997567366149,0.83436312777106,0.0,0.0,0.50000325892519,0.49999528090142,0.5,0.5,1727071305812
39,0.83332786264903,0.83436312777106,0.0,0.0,0.50000243555727,0.49999528090142,0.5,0.5,1727071305819
39,0.8266689088483,0.83436312777106,0.0,0.0,0.50000377414311,0.49999528090142,0.5,0.5,1727071305854
39,0.82284431512732,0.83436312777106,0.0,0.0,0.49999905509203,0.49999528090142,0.5,0.5,1727071305883
39,0.81619180604153,0.83436312777106,0.0,0.0,0.50000371829205,0.49999528090142,0.5,0.5,1727071305940
39,0.81236038568513,0.83436312777106,0.0,0.0,0.50000339379077,0.49999528090142,0.5,0.5,1727071305954
39,0.80185624326121,0.83436312777106,0.0,0.0,0.49999722452627,0.49999528090142,0.5,0.5,1727071305971
39,0.79135970914591,0.83436312777106,0.0,0.0,0.50000310405129,0.49999528090142,0.5,0.5,1727071306021
39,0.78470222101108,0.83436312777106,0.0,0.0,0.50000528218673,0.49999528090142,0.5,0.5,1727071306082
39,0.7741999406876,0.83436312777106,0.0,0.0,0.499999968072,0.49999528090142,0.5,0.5,1727071306121
39,0.7675427176931,0.83436312777106,0.0,0.0,0.50000230608438,0.49999528090142,0.5,0.5,1727071306137
39,0.7675427176931,0.83436312777106,0.0,0.0,0.50000230608438,0.49999528090142,0.5,0.5,1727071306344
39,0.7675427176931,0.83436312777106,0.0,0.0,0.50000230608438,0.49999528090142,0.5,0.5,1727071309093
39,0.7637149034403,0.83436312777106,0.0,0.0,0.50000392191242,0.49999528090142,0.5,0.5,1727071309242
39,0.75989382781078,0.83436312777106,0.0,0.0,0.5000008298744,0.49999528090142,0.5,0.5,1727071309338
39,0.75606340641695,0.83436312777106,0.0,0.0,0.50000102365069,0.49999528090142,0.5,0.5,1727071309354
39,0.76273985244531,0.83436312777106,0.0,0.0,0.50000075720038,0.49999528090142,0.5,0.5,1727071309986
39,0.76940506916696,0.83436312777106,0.0,0.0,0.50000274157544,0.49999528090142,0.5,0.5,1727071310042
39,0.76940506916696,0.83436312777106,0.0,0.0,0.50000274157544,0.49999528090142,0.5,0.5,1727071310729
40,0.33333333333333,0.33333333333333,0.83333333333333,0.5,0.5,0.5,0.5,0.5,1727071314969
40,0.33333333333333,0.33333333333333,0.82610690155032,0.5,0.5,0.5,0.49998950633693,0.5,1727071315032
40,0.33333333333333,0.33333333333333,0.81888512649104,0.5,0.5,0.5,0.49999796827303,0.5,1727071315047
40,0.33333333333333,0.33333333333333,0.80443717715294,0.5,0.5,0.5,0.49999639567338,0.5,1727071315055
40,0.33333333333333,0.33333333333333,0.78999682810988,0.5,0.5,0.5,0.49999773448819,0.5,1727071315070
40,0.33333333333333,0.33333333333333,0.77555779456676,0.5,0.5,0.5,0.49999238025799,0.5,1727071315087
40,0.33333333333333,0.33333333333333,0.72959384062995,0.5,0.5,0.5,0.49999020230543,0.5,1727071315104
40,0.33333333333333,0.33333333333333,0.71250143830865,0.5,0.5,0.5,0.49999041047013,0.5,1727071315120
40,0.33333333333333,0.33333333333333,0.68365310223818,0.5,0.5,0.5,0.49999535467067,0.5,1727071315137
40,0.33333333333333,0.33333333333333,0.66920593197911,0.5,0.5,0.5,0.49998906232079,0.5,1727071315153
40,0.33333333333333,0.33333333333333,0.65476378573857,0.5,0.5,0.5,0.50000090718136,0.5,1727071315170
40,0.33333333333333,0.33333333333333,0.64491650982425,0.5,0.5,0.5,0.49999821134556,0.5,1727071315187
40,0.33333333333333,0.33333333333333,0.63047704336668,0.5,0.5,0.5,0.49999456266419,0.5,1727071315205
40,0.33333333333333,0.33333333333333,0.62325672776851,0.5,0.5,0.5,0.49999619243734,0.5,1727071315229
40,0.33333333333333,0.33333333333333,0.61602908972512,0.5,0.5,0.5,0.49999261720809,0.5,1727071315253
40,0.33333333333333,0.33333333333333,0.59171735900977,0.5,0.5,0.5,0.49998842425109,0.5,1727071315270
40,0.33333333333333,0.33333333333333,0.58448924811698,0.5,0.5,0.5,0.49998761988217,0.5,1727071315291
40,0.33333333333333,0.33333333333333,0.57726794079648,0.5,0.5,0.5,0.49999556997644,0.5,1727071315307
40,0.33333333333333,0.33333333333333,0.57004113963857,0.5,0.5,0.5,0.49998643377488,0.5,1727071316829
40,0.33333333333333,0.33333333333333,0.57727775398073,0.5,0.5,0.5,0.49998524908401,0.5,1727071316891
40,0.33333333333333,0.33333333333333,0.57993659310106,0.5,0.5,0.5,0.49999544581868,0.5,1727071316903
40,0.33333333333333,0.33333333333333,0.58716651894402,0.5,0.5,0.5,0.49998481119658,0.5,1727071316920
40,0.33333333333333,0.33333333333333,0.59440134188833,0.5,0.5,0.5,0.49999479637325,0.5,1727071316947
40,0.33333333333333,0.33333333333333,0.60163037476912,0.5,0.5,0.5,0.49998984974107,0.5,1727071316955
40,0.33333333333333,0.33333333333333,0.60886622549146,0.5,0.5,0.5,0.4999933451462,0.5,1727071316971
40,0.33333333333333,0.33333333333333,0.61609615939243,0.5,0.5,0.5,0.49998303449111,0.5,1727071316987
40,0.33333333333333,0.33333333333333,0.62596727611792,0.5,0.5,0.5,0.49999028574737,0.5,1727071317003
40,0.33333333333333,0.33333333333333,0.63320240756359,0.5,0.5,0.5,0.49999795461216,0.5,1727071317020
40,0.33333333333333,0.33333333333333,0.64043114671466,0.5,0.5,0.5,0.49999492879688,0.5,1727071317138
40,0.33333333333333,0.33333333333333,0.64043114671466,0.5,0.5,0.5,0.49999492879688,0.5,1727071317684
40,0.33333333333333,0.33333333333333,0.64043114671466,0.5,0.5,0.5,0.49999492879688,0.5,1727071321693
40,0.33333333333333,0.33333333333333,0.64043114671466,0.50667248937211,0.5,0.5,0.49999492879688,0.49999676949802,1727071321748
40,0.33333333333333,0.33333333333333,0.64043114671466,0.51718283549749,0.5,0.5,0.49999492879688,0.49999872089995,1727071321755
40,0.33333333333333,0.33333333333333,0.64043114671466,0.55442901096943,0.5,0.5,0.49999492879688,0.49999879494568,1727071321770
40,0.33333333333333,0.33333333333333,0.64043114671466,0.77352194177986,0.5,0.5,0.49999492879688,0.49999938854524,1727071321786
40,0.33333333333333,0.33333333333333,0.64043114671466,0.86164703699255,0.5,0.5,0.49999492879688,0.50000043800236,1727071321803
40,0.33333333333333,0.33333333333333,0.64043114671466,1.0,0.5,0.5,0.49999492879688,0.5,1727071321820
40,0.33333333333333,0.33333333333333,0.64043114671466,1.0,0.5,0.5,0.49999492879688,0.5,1727071321836
40,0.33333333333333,0.33333333333333,0.64043114671466,1.0,0.5,0.5,0.49999492879688,0.5,1727071321853
40,0.33333333333333,0.33333333333333,0.64043114671466,1.0,0.5,0.5,0.49999492879688,0.5,1727071321870
40,0.33333333333333,0.33333333333333,0.64043114671466,1.0,0.5,0.5,0.49999492879688,0.5,1727071321886
40,0.33333333333333,0.33333333333333,0.64043114671466,1.0,0.5,0.5,0.49999492879688,0.5,1727071321903
40,0.33333333333333,0.33333333333333,0.64043114671466,1.0,0.5,0.5,0.49999492879688,0.5,1727071321920
40,0.33333333333333,0.33333333333333,0.64043114671466,1.0,0.5,0.5,0.49999492879688,0.5,1727071322112
40,0.33333333333333,0.33333333333333,0.64043114671466,1.0,0.5,0.5,0.49999492879688,0.5,1727071323918
40,0.34670650137142,0.33333333333333,0.64043114671466,1.0,0.49999889963019,0.5,0.49999492879688,0.5,1727071324003
40,0.36008128974137,0.33333333333333,0.64043114671466,1.0,0.5000039461388,0.5,0.49999492879688,0.5,1727071324020
40,0.36675712972893,0.33333333333333,0.64043114671466,1.0,0.50000293523679,0.5,0.49999492879688,0.5,1727071324036
40,0.37342751272381,0.33333333333333,0.64043114671466,1.0,0.49999712010158,0.5,0.49999492879688,0.5,1727071324053
40,0.36961829225248,0.33333333333333,0.64043114671466,1.0,0.50000258717848,0.5,0.49999492879688,0.5,1727071324812
40,0.36580209984274,0.33333333333333,0.64043114671466,1.0,0.50000187999254,0.5,0.49999492879688,0.5,1727071324819
40,0.35916213065766,0.33333333333333,0.64043114671466,1.0,0.50000749796448,0.5,0.49999492879688,0.5,1727071324836
40,0.35535069251428,0.33333333333333,0.64043114671466,1.0,0.50001113943992,0.5,0.49999492879688,0.5,1727071324853
40,0.3486956460494,0.33333333333333,0.64043114671466,1.0,0.50000307423482,0.5,0.49999492879688,0.5,1727071324883
40,0.34205451114405,0.33333333333333,0.64043114671466,1.0,0.50000778240666,0.5,0.49999492879688,0.5,1727071324919
40,0.33540342421198,0.33333333333333,0.64043114671466,1.0,0.50000322489597,0.5,0.49999492879688,0.5,1727071325130
40,0.33540342421198,0.33333333333333,0.64043114671466,1.0,0.50000322489597,0.5,0.49999492879688,0.5,1727071325785
40,0.33540342421198,0.33333333333333,0.64043114671466,1.0,0.50000322489597,0.5,0.49999492879688,0.5,1727071326215
40,0.33540342421198,0.33333333333333,0.64043114671466,1.0,0.50000322489597,0.5,0.49999492879688,0.5,1727071326475
40,0.33540342421198,0.33333333333333,0.64043114671466,1.0,0.50000322489597,0.5,0.49999492879688,0.5,1727071327173
40,0.33540342421198,0.33333333333333,0.64043114671466,1.0,0.50000322489597,0.5,0.49999492879688,0.5,1727071328583
40,0.33540342421198,0.34001066638907,0.64043114671466,1.0,0.50000322489597,0.50000440889995,0.49999492879688,0.5,1727071328638
40,0.33540342421198,0.3466761362164,0.64043114671466,1.0,0.50000322489597,0.50000072705957,0.49999492879688,0.5,1727071328653
40,0.33540342421198,0.37826419738747,0.64043114671466,1.0,0.50000322489597,0.4999976666797,0.49999492879688,0.5,1727071328669
40,0.33540342421198,0.42978305967863,0.64043114671466,1.0,0.50000322489597,0.50000126173496,0.49999492879688,0.5,1727071328686
40,0.33540342421198,0.54330911826795,0.64043114671466,1.0,0.50000322489597,0.49999900899562,0.49999492879688,0.5,1727071328703
40,0.33540342421198,0.705540165275,0.64043114671466,1.0,0.50000322489597,0.49999901697604,0.49999492879688,0.5,1727071328719
40,0.33540342421198,0.88881802473251,0.64043114671466,1.0,0.50000322489597,0.49999872185702,0.49999492879688,0.5,1727071328736
40,0.33540342421198,0.99999480857818,0.64043114671466,1.0,0.50000322489597,0.5000022897558,0.49999492879688,0.5,1727071328753
40,0.33540342421198,0.99999480857818,0.64043114671466,1.0,0.50000322489597,0.5000022897558,0.49999492879688,0.5,1727071328769
40,0.33540342421198,0.99999480857818,0.64043114671466,1.0,0.50000322489597,0.5000022897558,0.49999492879688,0.5,1727071328786
40,0.33540342421198,0.99999480857818,0.64043114671466,1.0,0.50000322489597,0.5000022897558,0.49999492879688,0.5,1727071328803
40,0.33540342421198,0.99999480857818,0.64043114671466,1.0,0.50000322489597,0.5000022897558,0.49999492879688,0.5,1727071328819
40,0.33540342421198,0.99999480857818,0.64043114671466,1.0,0.50000322489597,0.5000022897558,0.49999492879688,0.5,1727071328836
40,0.33540342421198,0.99999480857818,0.64043114671466,1.0,0.50000322489597,0.5000022897558,0.49999492879688,0.5,1727071328852
40,0.33540342421198,0.99999480857818,0.64043114671466,1.0,0.50000322489597,0.5000022897558,0.49999492879688,0.5,1727071328869
40,0.33540342421198,0.99999480857818,0.64043114671466,1.0,0.50000322489597,0.5000022897558,0.49999492879688,0.5,1727071328886
40,0.33540342421198,0.99999480857818,0.64043114671466,1.0,0.50000322489597,0.5000022897558,0.49999492879688,0.5,1727071329119
40,0.33540342421198,0.99999480857818,0.64043114671466,1.0,0.50000322489597,0.5000022897558,0.49999492879688,0.5,1727071333484
40,0.33540342421198,0.99334481102453,0.64043114671466,1.0,0.50000322489597,0.49999718448807,0.49999492879688,0.5,1727071333532
40,0.33540342421198,0.98668845439457,0.64043114671466,1.0,0.50000322489597,0.50000171784208,0.49999492879688,0.5,1727071333634
40,0.33540342421198,0.96189087159568,0.64043114671466,1.0,0.50000322489597,0.50000065332758,0.49999492879688,0.5,1727071333641
40,0.33540342421198,0.94858662550713,0.64043114671466,1.0,0.50000322489597,0.49999907537905,0.49999492879688,0.5,1727071333657
40,0.33540342421198,0.94193719449287,0.64043114671466,1.0,0.50000322489597,0.50000058607028,0.49999492879688,0.5,1727071333673
40,0.33540342421198,0.93528046399082,0.64043114671466,1.0,0.50000322489597,0.49999835295766,0.49999492879688,0.5,1727071333689
40,0.33540342421198,0.92862229093267,0.64043114671466,1.0,0.50000322489597,0.5000039659324,0.49999492879688,0.5,1727071333713
40,0.33540342421198,0.92196755404855,0.64043114671466,1.0,0.50000322489597,0.50000078878021,0.49999492879688,0.5,1727071333752
40,0.33540342421198,0.90867289879542,0.64043114671466,1.0,0.50000322489597,0.50000191486652,0.49999492879688,0.5,1727071333769
40,0.33540342421198,0.90201533147489,0.64043114671466,1.0,0.50000322489597,0.5000000254319,0.49999492879688,0.5,1727071333871
40,0.33540342421198,0.89818604553004,0.64043114671466,1.0,0.50000322489597,0.49999931328178,0.49999492879688,0.5,1727071333895
40,0.33540342421198,0.89153834442401,0.64043114671466,1.0,0.50000322489597,0.50000005656281,0.49999492879688,0.5,1727071334008
40,0.33540342421198,0.88770403086323,0.64043114671466,1.0,0.50000322489597,0.500001774329,0.49999492879688,0.5,1727071334052
40,0.33540342421198,0.88105244976902,0.64043114671466,1.0,0.50000322489597,0.49999693106988,0.49999492879688,0.5,1727071334069
40,0.33540342421198,0.8705504434141,0.64043114671466,1.0,0.50000322489597,0.50000167420371,0.49999492879688,0.5,1727071334086
40,0.33540342421198,0.8705504434141,0.64043114671466,1.0,0.50000322489597,0.50000167420371,0.49999492879688,0.5,1727071334513
40,0.33540342421198,0.8705504434141,0.64043114671466,1.0,0.50000322489597,0.50000167420371,0.49999492879688,0.5,1727071336915
40,0.33540342421198,0.8705504434141,0.64043114671466,1.0,0.50000322489597,0.50000167420371,0.49999492879688,0.5,1727071337056
40,0.33540342421198,0.88105618446021,0.64043114671466,1.0,0.50000322489597,0.50000260978902,0.49999492879688,0.5,1727071337390
40,0.33540342421198,0.88492423666591,0.64043114671466,1.0,0.50000322489597,0.49999943661475,0.49999492879688,0.5,1727071337492
40,0.33540342421198,0.89158899551228,0.64043114671466,1.0,0.50000322489597,0.50000531461132,0.49999492879688,0.5,1727071337547
40,0.33540342421198,0.89158899551228,0.64043114671466,1.0,0.50000322489597,0.50000531461132,0.49999492879688,0.5,1727071337775
41,0.83333333333333,0.0,0.83333333333333,0.66666666666667,0.5,0.5,0.5,0.5,1727071340321
41,0.83333333333333,0.0,0.81889580571258,0.66666666666667,0.5,0.5,0.49998572892824,0.5,1727071340406
41,0.83333333333333,0.0,0.79921508342563,0.66666666666667,0.5,0.5,0.49999356039608,0.5,1727071340419
41,0.83333333333333,0.0,0.75521321356084,0.66666666666667,0.5,0.5,0.50000482513176,0.5,1727071340435
41,0.83333333333333,0.0,0.69936163599839,0.66666666666667,0.5,0.5,0.49999746197903,0.5,1727071340452
41,0.83333333333333,0.0,0.62851300676739,0.66666666666667,0.5,0.5,0.49999097103925,0.5,1727071340469
41,0.83333333333333,0.0,0.60419327655403,0.66666666666667,0.5,0.5,0.49998564684422,0.5,1727071340486
41,0.83333333333333,0.0,0.59434506473809,0.66666666666667,0.5,0.5,0.49998842778275,0.5,1727071340509
41,0.83333333333333,0.0,0.58449660922225,0.66666666666667,0.5,0.5,0.49999280672915,0.5,1727071340525
41,0.83333333333333,0.0,0.57005598230746,0.66666666666667,0.5,0.5,0.49999621941574,0.5,1727071340539
41,0.83333333333333,0.0,0.55297146359884,0.66666666666667,0.5,0.5,0.49999857299626,0.5,1727071340552
41,0.83333333333333,0.0,0.53588934674496,0.66666666666667,0.5,0.5,0.49998499215709,0.5,1727071340569
41,0.83333333333333,0.0,0.50172155338985,0.66666666666667,0.5,0.5,0.49998082603247,0.5,1727071340585
41,0.83333333333333,0.0,0.49449931552116,0.66666666666667,0.5,0.5,0.49999615248169,0.5,1727071340602
41,0.83333333333333,0.0,0.48727964047588,0.66666666666667,0.5,0.5,0.49999353955887,0.5,1727071340619
41,0.83333333333333,0.0,0.47743126645868,0.66666666666667,0.5,0.5,0.49999804437293,0.5,1727071340684
41,0.83333333333333,0.0,0.46758683340038,0.66666666666667,0.5,0.5,0.49997385539927,0.5,1727071340691
41,0.83333333333333,0.0,0.453153055098,0.66666666666667,0.5,0.5,0.49998742631588,0.5,1727071340707
41,0.83333333333333,0.0,0.43871158761413,0.66666666666667,0.5,0.5,0.49999778122559,0.5,1727071340719
41,0.83333333333333,0.0,0.41440141135941,0.66666666666667,0.5,0.5,0.4999803816316,0.5,1727071340736
41,0.83333333333333,0.0,0.38286109055078,0.66666666666667,0.5,0.5,0.49997715559982,0.5,1727071340752
41,0.83333333333333,0.0,0.30114665050872,0.66666666666667,0.5,0.5,0.49999242004503,0.5,1727071340769
41,0.83333333333333,0.0,0.07049032549538,0.66666666666667,0.5,0.5,0.4999850954266,0.5,1727071340785
41,0.83333333333333,0.0,0.0,0.66666666666667,0.5,0.5,0.5,0.5,1727071340802
41,0.83333333333333,0.0,0.0,0.66666666666667,0.5,0.5,0.5,0.5,1727071340819
41,0.83333333333333,0.0,0.0,0.66666666666667,0.5,0.5,0.5,0.5,1727071340836
41,0.83333333333333,0.0,0.0,0.66666666666667,0.5,0.5,0.5,0.5,1727071340852
41,0.83333333333333,0.0,0.0,0.66666666666667,0.5,0.5,0.5,0.5,1727071340869
41,0.83333333333333,0.0,0.0,0.66666666666667,0.5,0.5,0.5,0.5,1727071340885
41,0.83333333333333,0.0,0.0,0.66666666666667,0.5,0.5,0.5,0.5,1727071340902
41,0.83333333333333,0.0,0.0,0.66666666666667,0.5,0.5,0.5,0.5,1727071340919
41,0.83333333333333,0.0,0.0,0.66666666666667,0.5,0.5,0.5,0.5,1727071341095
41,0.83333333333333,0.0,0.0,0.66666666666667,0.5,0.5,0.5,0.5,1727071343092
41,0.82668452771307,0.0,0.0,0.66666666666667,0.50000389403819,0.5,0.5,0.5,1727071343201
41,0.81617034699781,0.0,0.0,0.66666666666667,0.50000057721451,0.5,0.5,0.5,1727071343219
41,0.79900467533311,0.0,0.0,0.66666666666667,0.5000024572286,0.5,0.5,0.5,1727071343235
41,0.77133426602124,0.0,0.0,0.66666666666667,0.50000604000284,0.5,0.5,0.5,1727071343251
41,0.73315957745698,0.0,0.0,0.66666666666667,0.50000321395427,0.5,0.5,0.5,1727071343268
41,0.71599037532397,0.0,0.0,0.66666666666667,0.50000328742183,0.5,0.5,0.5,1727071343285
41,0.69881756846163,0.0,0.0,0.66666666666667,0.50000126896587,0.5,0.5,0.5,1727071343301
41,0.68831096817797,0.0,0.0,0.66666666666667,0.5000019248212,0.5,0.5,0.5,1727071343318
41,0.66731359650439,0.0,0.0,0.66666666666667,0.50000354856915,0.5,0.5,0.5,1727071343335
41,0.65402958047685,0.0,0.0,0.66666666666667,0.49999927502973,0.5,0.5,0.5,1727071343351
41,0.64351973542309,0.0,0.0,0.66666666666667,0.49999793819148,0.5,0.5,0.5,1727071343368
41,0.63686774896126,0.0,0.0,0.66666666666667,0.50000386080563,0.5,0.5,0.5,1727071343385
41,0.62256840327631,0.0,0.0,0.66666666666667,0.4999994771518,0.5,0.5,0.5,1727071343401
41,0.61591304033935,0.0,0.0,0.66666666666667,0.50000340510103,0.5,0.5,0.5,1727071343418
41,0.60541246560958,0.0,0.0,0.66666666666667,0.49999811864656,0.5,0.5,0.5,1727071343435
41,0.59490715771111,0.0,0.0,0.66666666666667,0.49999965115857,0.5,0.5,0.5,1727071343451
41,0.58825346288398,0.0,0.0,0.66666666666667,0.50000480723082,0.5,0.5,0.5,1727071343468
41,0.57395504638936,0.0,0.0,0.66666666666667,0.50000080310739,0.5,0.5,0.5,1727071343501
41,0.5634541840775,0.0,0.0,0.66666666666667,0.50000544258219,0.5,0.5,0.5,1727071343518
41,0.54628107001539,0.0,0.0,0.66666666666667,0.50000287125377,0.5,0.5,0.5,1727071343534
41,0.5357791460333,0.0,0.0,0.66666666666667,0.49999616251593,0.5,0.5,0.5,1727071343551
41,0.52527849250843,0.0,0.0,0.66666666666667,0.50000111607983,0.5,0.5,0.5,1727071343568
41,0.51862683220259,0.0,0.0,0.66666666666667,0.50000821122768,0.5,0.5,0.5,1727071343584
41,0.50812890227501,0.0,0.0,0.66666666666667,0.50000423632538,0.5,0.5,0.5,1727071343601
41,0.4909595442093,0.0,0.0,0.66666666666667,0.50000423977072,0.5,0.5,0.5,1727071343618
41,0.46995865477136,0.0,0.0,0.66666666666667,0.50000368233204,0.5,0.5,0.5,1727071343634
41,0.45946155226626,0.0,0.0,0.66666666666667,0.50000001072781,0.5,0.5,0.5,1727071343651
41,0.45563999330602,0.0,0.0,0.66666666666667,0.49999518665495,0.5,0.5,0.5,1727071343668
41,0.44899050392139,0.0,0.0,0.66666666666667,0.50000464457794,0.5,0.5,0.5,1727071343755
41,0.44517886588136,0.0,0.0,0.66666666666667,0.50000764134772,0.5,0.5,0.5,1727071343771
41,0.45184560470172,0.0,0.0,0.66666666666667,0.49999956862421,0.5,0.5,0.5,1727071345205
41,0.46236313400703,0.0,0.0,0.66666666666667,0.50000718825898,0.5,0.5,0.5,1727071345229
41,0.4690345552693,0.0,0.0,0.66666666666667,0.50000290299063,0.5,0.5,0.5,1727071345291
41,0.47954996940897,0.0,0.0,0.66666666666667,0.5000086966008,0.5,0.5,0.5,1727071345315
41,0.48622481561106,0.0,0.0,0.66666666666667,0.50000706247497,0.5,0.5,0.5,1727071345355
41,0.48622481561106,0.0,0.0,0.66666666666667,0.50000706247497,0.5,0.5,0.5,1727071345751
41,0.48622481561106,0.0,0.0,0.66666666666667,0.50000706247497,0.5,0.5,0.5,1727071346418
41,0.48622481561106,0.00392813688631,0.0,0.66666666666667,0.50000706247497,0.50002241704168,0.5,0.5,1727071346457
41,0.48622481561106,0.02110537333721,0.0,0.66666666666667,0.50000706247497,0.50000471594217,0.5,0.5,1727071346470
41,0.48622481561106,0.038275094262,0.0,0.66666666666667,0.50000706247497,0.50000349762978,0.5,0.5,1727071346487
41,0.48622481561106,0.0593376807018,0.0,0.66666666666667,0.50000706247497,0.50000139167651,0.5,0.5,1727071346501
41,0.48622481561106,0.09755531668519,0.0,0.66666666666667,0.50000706247497,0.49999766728979,0.5,0.5,1727071346518
41,0.48622481561106,0.26775668168204,0.0,0.66666666666667,0.50000706247497,0.49999698061408,0.5,0.5,1727071346535
41,0.48622481561106,0.43134001469157,0.0,0.66666666666667,0.50000706247497,0.49999874321503,0.5,0.5,1727071346551
41,0.48622481561106,0.61072738297081,0.0,0.66666666666667,0.50000706247497,0.50000709626264,0.5,0.5,1727071346568
41,0.48622481561106,0.75969525690759,0.0,0.66666666666667,0.50000706247497,0.49999838962617,0.5,0.5,1727071346584
41,0.48622481561106,0.87828070530239,0.0,0.66666666666667,0.50000706247497,0.50000566946127,0.5,0.5,1727071346601
41,0.48622481561106,0.95468722418256,0.0,0.66666666666667,0.50000706247497,0.50000232648586,0.5,0.5,1727071346618
41,0.48622481561106,0.99999350455375,0.0,0.66666666666667,0.50000706247497,0.50000286491913,0.5,0.5,1727071346634
41,0.48622481561106,0.99999350455375,0.0,0.66666666666667,0.50000706247497,0.50000286491913,0.5,0.5,1727071346651
41,0.48622481561106,0.99999350455375,0.0,0.66666666666667,0.50000706247497,0.50000286491913,0.5,0.5,1727071346668
41,0.48622481561106,0.99999350455375,0.0,0.66666666666667,0.50000706247497,0.50000286491913,0.5,0.5,1727071346685
41,0.48622481561106,0.99999350455375,0.0,0.66666666666667,0.50000706247497,0.50000286491913,0.5,0.5,1727071346701
41,0.48622481561106,0.99999350455375,0.0,0.66666666666667,0.50000706247497,0.50000286491913,0.5,0.5,1727071346718
41,0.48622481561106,0.99999350455375,0.0,0.66666666666667,0.50000706247497,0.50000286491913,0.5,0.5,1727071346734
41,0.48622481561106,0.99999350455375,0.0,0.66666666666667,0.50000706247497,0.50000286491913,0.5,0.5,1727071346751
41,0.48622481561106,0.99999350455375,0.0,0.66666666666667,0.50000706247497,0.50000286491913,0.5,0.5,1727071346768
41,0.48622481561106,0.99999350455375,0.0,0.66666666666667,0.50000706247497,0.50000286491913,0.5,0.5,1727071346784
41,0.48622481561106,0.99999350455375,0.0,0.66666666666667,0.50000706247497,0.50000286491913,0.5,0.5,1727071346801
41,0.48622481561106,0.99999350455375,0.0,0.66666666666667,0.50000706247497,0.50000286491913,0.5,0.5,1727071346818
41,0.48622481561106,0.99999350455375,0.0,0.66666666666667,0.50000706247497,0.50000286491913,0.5,0.5,1727071346834
41,0.48622481561106,0.99999350455375,0.0,0.66666666666667,0.50000706247497,0.50000286491913,0.5,0.5,1727071346851
41,0.48622481561106,0.99999350455375,0.0,0.66666666666667,0.50000706247497,0.50000286491913,0.5,0.5,1727071346868
41,0.48622481561106,0.99999350455375,0.0,0.66666666666667,0.50000706247497,0.50000286491913,0.5,0.5,1727071346884
41,0.48622481561106,0.99999350455375,0.0,0.66666666666667,0.50000706247497,0.50000286491913,0.5,0.5,1727071346901
41,0.48622481561106,0.99999350455375,0.0,0.66666666666667,0.50000706247497,0.50000286491913,0.5,0.5,1727071346917
41,0.48622481561106,0.99999350455375,0.0,0.66666666666667,0.50000706247497,0.50000286491913,0.5,0.5,1727071346934
41,0.48622481561106,0.99999350455375,0.0,0.66666666666667,0.50000706247497,0.50000286491913,0.5,0.5,1727071346951
41,0.48622481561106,0.99999350455375,0.0,0.66666666666667,0.50000706247497,0.50000286491913,0.5,0.5,1727071346968
41,0.48622481561106,0.99999350455375,0.0,0.66666666666667,0.50000706247497,0.50000286491913,0.5,0.5,1727071346984
41,0.48622481561106,0.99999350455375,0.0,0.66666666666667,0.50000706247497,0.50000286491913,0.5,0.5,1727071346994
41,0.48622481561106,0.99999350455375,0.0,0.66666666666667,0.50000706247497,0.50000286491913,0.5,0.5,1727071346994
41,0.48622481561106,0.99999350455375,0.0,0.66666666666667,0.50000706247497,0.50000286491913,0.5,0.5,1727071349142
41,0.49289513862668,0.99999350455375,0.0,0.66666666666667,0.50000210093568,0.50000286491913,0.5,0.5,1727071349696
41,0.48907384955276,0.99999350455375,0.0,0.66666666666667,0.49999770723339,0.50000286491913,0.5,0.5,1727071349845
41,0.48526397197489,0.99999350455375,0.0,0.66666666666667,0.50000182473985,0.50000286491913,0.5,0.5,1727071350051
41,0.48526397197489,0.99999350455375,0.0,0.66666666666667,0.50000182473985,0.50000286491913,0.5,0.5,1727071350701
41,0.48526397197489,0.99999350455375,0.0,0.66666666666667,0.50000182473985,0.50000286491913,0.5,0.5,1727071351985
41,0.48526397197489,0.99999350455375,0.0,0.67333313245706,0.50000182473985,0.50000286491913,0.5,0.49999681796391,1727071352333
41,0.48526397197489,0.99999350455375,0.0,0.68000055688392,0.50000182473985,0.50000286491913,0.5,0.50000033013543,1727071352395
41,0.48526397197489,0.99999350455375,0.0,0.68667214851044,0.50000182473985,0.50000286491913,0.5,0.49999718966904,1727071352435
41,0.48526397197489,0.99999350455375,0.0,0.69334390799006,0.50000182473985,0.50000286491913,0.5,0.50000318312678,1727071352499
41,0.48526397197489,0.99999350455375,0.0,0.70001088124588,0.50000182473985,0.50000286491913,0.5,0.49999738651446,1727071352506
41,0.48526397197489,0.99999350455375,0.0,0.71051840489649,0.50000182473985,0.50000286491913,0.5,0.49999731829674,1727071352563
41,0.48526397197489,0.99999350455375,0.0,0.71719233133581,0.50000182473985,0.50000286491913,0.5,0.49999562862356,1727071352578
41,0.48526397197489,0.99999350455375,0.0,0.72386173721961,0.50000182473985,0.50000286491913,0.5,0.50000011252223,1727071352617
41,0.48526397197489,0.99999350455375,0.0,0.73053167589305,0.50000182473985,0.50000286491913,0.5,0.4999961845937,1727071352673
41,0.48526397197489,0.99999350455375,0.0,0.73439671428402,0.50000182473985,0.50000286491913,0.5,0.49999815977524,1727071352689
41,0.48526397197489,0.99999350455375,0.0,0.74106641815639,0.50000182473985,0.50000286491913,0.5,0.49999415611669,1727071352737
41,0.48526397197489,0.99999350455375,0.0,0.74773619632091,0.50000182473985,0.50000286491913,0.5,0.49999874828601,1727071352751
41,0.48526397197489,0.99999350455375,0.0,0.7544096293186,0.50000182473985,0.50000286491913,0.5,0.49999684086614,1727071352801
41,0.48526397197489,0.99999350455375,0.0,0.76107624933445,0.50000182473985,0.50000286491913,0.5,0.49999963261549,1727071352817
41,0.48526397197489,0.99999350455375,0.0,0.77824477421116,0.50000182473985,0.50000286491913,0.5,0.49999926026093,1727071352867
41,0.48526397197489,0.99999350455375,0.0,0.78491708353866,0.50000182473985,0.50000286491913,0.5,0.49999680715557,1727071352967
41,0.48526397197489,0.99999350455375,0.0,0.78878032093054,0.50000182473985,0.50000286491913,0.5,0.4999977207325,1727071352985
41,0.48526397197489,0.99999350455375,0.0,0.79545694239865,0.50000182473985,0.50000286491913,0.5,0.49999757623288,1727071353051
41,0.48526397197489,0.99999350455375,0.0,0.80596223750389,0.50000182473985,0.50000286491913,0.5,0.49999634873919,1727071353068
41,0.48526397197489,0.99999350455375,0.0,0.81263400728884,0.50000182473985,0.50000286491913,0.5,0.50000168000844,1727071353735
41,0.48526397197489,0.99999350455375,0.0,0.82314495934634,0.50000182473985,0.50000286491913,0.5,0.49999543439075,1727071353789
41,0.48526397197489,0.99999350455375,0.0,0.83365443003829,0.50000182473985,0.50000286491913,0.5,0.4999963834565,1727071354051
41,0.48526397197489,0.99999350455375,0.0,0.84032351296632,0.50000182473985,0.50000286491913,0.5,0.500000220488,1727071354161
41,0.48526397197489,0.99999350455375,0.0,0.8469894569287,0.50000182473985,0.50000286491913,0.5,0.49999470121693,1727071354176
41,0.48526397197489,0.99999350455375,0.0,0.8469894569287,0.50000182473985,0.50000286491913,0.5,0.49999470121693,1727071354739
42,0.66666666666667,0.83333333333333,0.66666666666667,0.33333333333333,0.5,0.5,0.5,0.5,1727071360246
42,0.66666666666667,0.83333333333333,0.66666666666667,0.33333333333333,0.5,0.5,0.5,0.5,1727071361631
42,0.66666666666667,0.83333333333333,0.66666666666667,0.33333333333333,0.5,0.5,0.5,0.5,1727071362391
42,0.66666666666667,0.83333333333333,0.66666666666667,0.33333333333333,0.5,0.5,0.5,0.5,1727071363024
42,0.66666666666667,0.83333333333333,0.67390420877103,0.33333333333333,0.5,0.5,0.49999182913281,0.5,1727071363135
42,0.66666666666667,0.83333333333333,0.68376980766621,0.33333333333333,0.5,0.5,0.49998354516154,0.5,1727071363150
42,0.66666666666667,0.83333333333333,0.70808835187772,0.33333333333333,0.5,0.5,0.49999497592332,0.5,1727071363167
42,0.66666666666667,0.83333333333333,0.71531860441632,0.33333333333333,0.5,0.5,0.49998398081312,0.5,1727071363183
42,0.66666666666667,0.83333333333333,0.73240851920895,0.33333333333333,0.5,0.5,0.49999717141794,0.5,1727071363200
42,0.66666666666667,0.83333333333333,0.73963736448897,0.33333333333333,0.5,0.5,0.4999938919327,0.5,1727071363217
42,0.66666666666667,0.83333333333333,0.74951096276342,0.33333333333333,0.5,0.5,0.49998711211304,0.5,1727071363234
42,0.66666666666667,0.83333333333333,0.75674381411164,0.33333333333333,0.5,0.5,0.50000574684177,0.5,1727071363250
42,0.66666666666667,0.83333333333333,0.77121279987535,0.33333333333333,0.5,0.5,0.4999832932371,0.5,1727071363267
42,0.66666666666667,0.83333333333333,0.77844691472271,0.33333333333333,0.5,0.5,0.49999511494178,0.5,1727071363284
42,0.66666666666667,0.83333333333333,0.78567567330006,0.33333333333333,0.5,0.5,0.49999243487772,0.5,1727071363300
42,0.66666666666667,0.83333333333333,0.80999439515539,0.33333333333333,0.5,0.5,0.50000168348407,0.5,1727071363317
42,0.66666666666667,0.83333333333333,0.81722504598335,0.33333333333333,0.5,0.5,0.4999897344515,0.5,1727071363334
42,0.66666666666667,0.83333333333333,0.83169603494117,0.33333333333333,0.5,0.5,0.49999874294614,0.5,1727071363364
42,0.66666666666667,0.83333333333333,0.83435058044182,0.33333333333333,0.5,0.5,0.49998767882614,0.5,1727071363372
42,0.66666666666667,0.83333333333333,0.84157655575944,0.33333333333333,0.5,0.5,0.49999856444564,0.5,1727071363384
42,0.66666666666667,0.83333333333333,0.85144793609769,0.33333333333333,0.5,0.5,0.50000293636024,0.5,1727071363433
42,0.66666666666667,0.83333333333333,0.85867888019526,0.33333333333333,0.5,0.5,0.49999003790472,0.5,1727071363450
42,0.66666666666667,0.83333333333333,0.87577006025272,0.33333333333333,0.5,0.5,0.49999555941537,0.5,1727071363467
42,0.66666666666667,0.83333333333333,0.88299912397699,0.33333333333333,0.5,0.5,0.49999169350806,0.5,1727071363517
42,0.66666666666667,0.83333333333333,0.88565900718861,0.33333333333333,0.5,0.5,0.49999430604348,0.5,1727071363533
42,0.66666666666667,0.83333333333333,0.90012272709968,0.33333333333333,0.5,0.5,0.49999853765875,0.5,1727071363550
42,0.66666666666667,0.83333333333333,0.90735828891489,0.33333333333333,0.5,0.5,0.50000238714989,0.5,1727071364473
42,0.66666666666667,0.83333333333333,0.90013263747727,0.33333333333333,0.5,0.5,0.49999067045852,0.5,1727071364529
42,0.66666666666667,0.83333333333333,0.89290635334135,0.33333333333333,0.5,0.5,0.49998171055979,0.5,1727071364545
42,0.66666666666667,0.83333333333333,0.88568130801476,0.33333333333333,0.5,0.5,0.50000473494395,0.5,1727071364584
42,0.66666666666667,0.83333333333333,0.87845433778597,0.33333333333333,0.5,0.5,0.49999894049015,0.5,1727071364616
42,0.66666666666667,0.83333333333333,0.87122750573702,0.33333333333333,0.5,0.5,0.49999242472052,0.5,1727071364679
42,0.66666666666667,0.83333333333333,0.86400518972677,0.33333333333333,0.5,0.5,0.50000311092101,0.5,1727071364885
42,0.66666666666667,0.83333333333333,0.85677831565832,0.33333333333333,0.5,0.5,0.4999967364945,0.5,1727071365051
42,0.66666666666667,0.83333333333333,0.85677831565832,0.33333333333333,0.5,0.5,0.4999967364945,0.5,1727071366787
42,0.66666666666667,0.83333333333333,0.85677831565832,0.33333333333333,0.5,0.5,0.4999967364945,0.5,1727071368014
42,0.66666666666667,0.83333333333333,0.85677831565832,0.33722281087978,0.5,0.5,0.4999967364945,0.50000697232034,1727071368125
42,0.66666666666667,0.83333333333333,0.85677831565832,0.34389138068925,0.5,0.5,0.4999967364945,0.49999913943237,1727071368140
42,0.66666666666667,0.83333333333333,0.85677831565832,0.350571099127,0.5,0.5,0.4999967364945,0.50000171516591,1727071368150
42,0.66666666666667,0.83333333333333,0.85677831565832,0.38416532010581,0.5,0.5,0.4999967364945,0.49999660015475,1727071368167
42,0.66666666666667,0.83333333333333,0.85677831565832,0.39380456387514,0.5,0.5,0.4999967364945,0.50000390831847,1727071368183
42,0.66666666666667,0.83333333333333,0.85677831565832,0.43058371623576,0.5,0.5,0.4999967364945,0.49999927161511,1727071368200
42,0.66666666666667,0.83333333333333,0.85677831565832,0.4439455933414,0.5,0.5,0.4999967364945,0.50000566609597,1727071368216
42,0.66666666666667,0.83333333333333,0.85677831565832,0.4670865511125,0.5,0.5,0.4999967364945,0.500007402457,1727071368233
42,0.66666666666667,0.83333333333333,0.85677831565832,0.47375995778015,0.5,0.5,0.4999967364945,0.50000465556491,1727071368250
42,0.66666666666667,0.83333333333333,0.85677831565832,0.48711877911539,0.5,0.5,0.4999967364945,0.49999678544634,1727071368267
42,0.66666666666667,0.83333333333333,0.85677831565832,0.49001513744832,0.5,0.5,0.4999967364945,0.49999981585462,1727071368283
42,0.66666666666667,0.83333333333333,0.85677831565832,0.4966856698169,0.5,0.5,0.4999967364945,0.50000645830136,1727071368300
42,0.66666666666667,0.83333333333333,0.85677831565832,0.50335680796548,0.5,0.5,0.4999967364945,0.50000216754032,1727071368317
42,0.66666666666667,0.83333333333333,0.85677831565832,0.5100264837103,0.5,0.5,0.4999967364945,0.49999689124843,1727071368333
42,0.66666666666667,0.83333333333333,0.85677831565832,0.51291377101736,0.5,0.5,0.4999967364945,0.50000439284746,1727071368350
42,0.66666666666667,0.83333333333333,0.85677831565832,0.52627479381831,0.5,0.5,0.4999967364945,0.49999848774898,1727071368366
42,0.66666666666667,0.83333333333333,0.85677831565832,0.53294461835636,0.5,0.5,0.4999967364945,0.50000433546265,1727071368383
42,0.66666666666667,0.83333333333333,0.85677831565832,0.5463116426614,0.5,0.5,0.4999967364945,0.5000027350377,1727071368400
42,0.66666666666667,0.83333333333333,0.85677831565832,0.56637292654799,0.5,0.5,0.4999967364945,0.50000249590353,1727071368416
42,0.66666666666667,0.83333333333333,0.85677831565832,0.57304852242247,0.5,0.5,0.4999967364945,0.50000158661845,1727071368433
42,0.66666666666667,0.83333333333333,0.85677831565832,0.57971420695012,0.5,0.5,0.4999967364945,0.50000432884705,1727071368575
42,0.66666666666667,0.83333333333333,0.85677831565832,0.58638678388556,0.5,0.5,0.4999967364945,0.50000142943045,1727071368590
42,0.66666666666667,0.83333333333333,0.85677831565832,0.59306333482299,0.5,0.5,0.4999967364945,0.5000011747464,1727071368614
42,0.66666666666667,0.83333333333333,0.85677831565832,0.5997300960204,0.5,0.5,0.4999967364945,0.5000045541824,1727071368630
42,0.66666666666667,0.83333333333333,0.85677831565832,0.60640078189641,0.5,0.5,0.4999967364945,0.50000050336479,1727071368646
42,0.66666666666667,0.83333333333333,0.85677831565832,0.6130667600902,0.5,0.5,0.4999967364945,0.50000333558423,1727071368662
42,0.66666666666667,0.83333333333333,0.85677831565832,0.61694117748068,0.5,0.5,0.4999967364945,0.50000172719521,1727071368670
42,0.66666666666667,0.83333333333333,0.85677831565832,0.62361154503857,0.5,0.5,0.4999967364945,0.50000728596063,1727071368686
42,0.66666666666667,0.83333333333333,0.85677831565832,0.62747781115489,0.5,0.5,0.4999967364945,0.50000055798896,1727071368700
42,0.66666666666667,0.83333333333333,0.85677831565832,0.63414745451139,0.5,0.5,0.4999967364945,0.49999601435096,1727071368716
42,0.66666666666667,0.83333333333333,0.85677831565832,0.64466637134601,0.5,0.5,0.4999967364945,0.50000297821238,1727071368733
42,0.66666666666667,0.83333333333333,0.85677831565832,0.65517428470685,0.5,0.5,0.4999967364945,0.50000307827927,1727071368750
42,0.66666666666667,0.83333333333333,0.85677831565832,0.67902089984564,0.5,0.5,0.4999967364945,0.50000327301874,1727071368766
42,0.66666666666667,0.83333333333333,0.85677831565832,0.68952687472788,0.5,0.5,0.4999967364945,0.50000222860909,1727071368783
42,0.66666666666667,0.83333333333333,0.85677831565832,0.70288496204794,0.5,0.5,0.4999967364945,0.50000465125479,1727071368800
42,0.66666666666667,0.83333333333333,0.85677831565832,0.70956040823648,0.5,0.5,0.4999967364945,0.50000377033236,1727071368816
42,0.66666666666667,0.83333333333333,0.85677831565832,0.72673163319364,0.5,0.5,0.4999967364945,0.50000482969136,1727071368833
42,0.66666666666667,0.83333333333333,0.85677831565832,0.74389881828955,0.5,0.5,0.4999967364945,0.50000361151098,1727071368850
42,0.66666666666667,0.83333333333333,0.85677831565832,0.75057183950739,0.5,0.5,0.4999967364945,0.50000143745014,1727071368866
42,0.66666666666667,0.83333333333333,0.85677831565832,0.75443340092466,0.5,0.5,0.4999967364945,0.50000144452411,1727071368883
42,0.66666666666667,0.83333333333333,0.85677831565832,0.76110864809679,0.5,0.5,0.4999967364945,0.50000052116464,1727071368900
42,0.66666666666667,0.83333333333333,0.85677831565832,0.76777395979725,0.5,0.5,0.4999967364945,0.50000256171598,1727071369741
42,0.66666666666667,0.83333333333333,0.85677831565832,0.77443918703093,0.5,0.5,0.4999967364945,0.50000453025435,1727071369754
42,0.66666666666667,0.83333333333333,0.85677831565832,0.77831199771999,0.5,0.5,0.4999967364945,0.50000230834272,1727071369766
42,0.66666666666667,0.83333333333333,0.85677831565832,0.78497694954335,0.5,0.5,0.4999967364945,0.50000411176105,1727071369851
42,0.66666666666667,0.83333333333333,0.85677831565832,0.78497694954335,0.5,0.5,0.4999967364945,0.50000411176105,1727071371665
42,0.66666666666667,0.83333333333333,0.85677831565832,0.78497694954335,0.5,0.5,0.4999967364945,0.50000411176105,1727071373226
42,0.66666666666667,0.83333333333333,0.85677831565832,0.78497694954335,0.5,0.5,0.4999967364945,0.50000411176105,1727071374540
42,0.67332870548139,0.83333333333333,0.85677831565832,0.78497694954335,0.49999417454956,0.5,0.4999967364945,0.50000411176105,1727071374667
42,0.68668907587079,0.83333333333333,0.85677831565832,0.78497694954335,0.4999980977705,0.5,0.4999967364945,0.50000411176105,1727071374683
42,0.70674863629347,0.83333333333333,0.85677831565832,0.78497694954335,0.49999699780163,0.5,0.4999967364945,0.50000411176105,1727071374699
42,0.72009868513687,0.83333333333333,0.85677831565832,0.78497694954335,0.4999948810144,0.5,0.4999967364945,0.50000411176105,1727071374716
42,0.74393415715373,0.83333333333333,0.85677831565832,0.78497694954335,0.4999976123837,0.5,0.4999967364945,0.50000411176105,1727071374733
42,0.77447359221601,0.83333333333333,0.85677831565832,0.78497694954335,0.49999820746884,0.5,0.4999967364945,0.50000411176105,1727071374749
42,0.78497830380179,0.83333333333333,0.85677831565832,0.78497694954335,0.49999663784107,0.5,0.4999967364945,0.50000411176105,1727071374766
42,0.79549666582391,0.83333333333333,0.85677831565832,0.78497694954335,0.50000229820166,0.5,0.4999967364945,0.50000411176105,1727071374783
42,0.80216178343319,0.83333333333333,0.85677831565832,0.78497694954335,0.49999609761881,0.5,0.4999967364945,0.50000411176105,1727071374800
42,0.80882987597641,0.83333333333333,0.85677831565832,0.78497694954335,0.49999953488557,0.5,0.4999967364945,0.50000411176105,1727071374832
42,0.8193467969168,0.83333333333333,0.85677831565832,0.78497694954335,0.49999636558281,0.5,0.4999967364945,0.50000411176105,1727071374865
42,0.82600840877807,0.83333333333333,0.85677831565832,0.78497694954335,0.4999964256926,0.5,0.4999967364945,0.50000411176105,1727071374916
42,0.83652380755964,0.83333333333333,0.85677831565832,0.78497694954335,0.50000037074288,0.5,0.4999967364945,0.50000411176105,1727071374943
42,0.84703482888356,0.83333333333333,0.85677831565832,0.78497694954335,0.50000204022921,0.5,0.4999967364945,0.50000411176105,1727071375023
42,0.85370595823796,0.83333333333333,0.85677831565832,0.78497694954335,0.4999991337883,0.5,0.4999967364945,0.50000411176105,1727071375038
42,0.86421161633384,0.83333333333333,0.85677831565832,0.78497694954335,0.49999813539577,0.5,0.4999967364945,0.50000411176105,1727071375054
42,0.87088391155878,0.83333333333333,0.85677831565832,0.78497694954335,0.49999587019069,0.5,0.4999967364945,0.50000411176105,1727071375066
42,0.87755025633206,0.83333333333333,0.85677831565832,0.78497694954335,0.49999824471371,0.5,0.4999967364945,0.50000411176105,1727071375116
42,0.89090478976897,0.83333333333333,0.85677831565832,0.78497694954335,0.49999859738155,0.5,0.4999967364945,0.50000411176105,1727071375133
42,0.90140919767587,0.83333333333333,0.85677831565832,0.78497694954335,0.49999703750709,0.5,0.4999967364945,0.50000411176105,1727071375149
42,0.90807617302793,0.83333333333333,0.85677831565832,0.78497694954335,0.4999996429218,0.5,0.4999967364945,0.50000411176105,1727071375205
42,0.91475066309305,0.83333333333333,0.85677831565832,0.78497694954335,0.49999849331345,0.5,0.4999967364945,0.50000411176105,1727071375269
42,0.92526139761894,0.83333333333333,0.85677831565832,0.78497694954335,0.49999993392905,0.5,0.4999967364945,0.50000411176105,1727071375283
42,0.93192843399247,0.83333333333333,0.85677831565832,0.78497694954335,0.50000249888646,0.5,0.4999967364945,0.50000411176105,1727071375300
42,0.93859536401358,0.83333333333333,0.85677831565832,0.78497694954335,0.49999784960046,0.5,0.4999967364945,0.50000411176105,1727071376709
42,0.94245967125268,0.83333333333333,0.85677831565832,0.78497694954335,0.4999991367033,0.5,0.4999967364945,0.50000411176105,1727071376733
42,0.94245967125268,0.83333333333333,0.85677831565832,0.78497694954335,0.4999991367033,0.5,0.4999967364945,0.50000411176105,1727071378483
42,0.94245967125268,0.83333333333333,0.85677831565832,0.78497694954335,0.4999991367033,0.5,0.4999967364945,0.50000411176105,1727071379466
42,0.94245967125268,0.83719756260817,0.85677831565832,0.78497694954335,0.4999991367033,0.50000123602654,0.4999967364945,0.50000411176105,1727071379631
42,0.94245967125268,0.83054232947329,0.85677831565832,0.78497694954335,0.4999991367033,0.49999802645126,0.4999967364945,0.50000411176105,1727071379671
42,0.94245967125268,0.82389353536523,0.85677831565832,0.78497694954335,0.4999991367033,0.49999936972204,0.4999967364945,0.50000411176105,1727071379683
42,0.94245967125268,0.80672273013912,0.85677831565832,0.78497694954335,0.4999991367033,0.50000018092928,0.4999967364945,0.50000411176105,1727071379699
42,0.94245967125268,0.78290195064801,0.85677831565832,0.78497694954335,0.4999991367033,0.49999485291724,0.4999967364945,0.50000411176105,1727071379716
42,0.94245967125268,0.76572915894084,0.85677831565832,0.78497694954335,0.4999991367033,0.49999669873736,0.4999967364945,0.50000411176105,1727071379733
42,0.94245967125268,0.74856135620582,0.85677831565832,0.78497694954335,0.4999991367033,0.49999585353125,0.4999967364945,0.50000411176105,1727071379749
42,0.94245967125268,0.73425055275776,0.85677831565832,0.78497694954335,0.4999991367033,0.49999753594729,0.4999967364945,0.50000411176105,1727071379766
42,0.94245967125268,0.71043262130837,0.85677831565832,0.78497694954335,0.4999991367033,0.49999893682958,0.4999967364945,0.50000411176105,1727071379783
42,0.94245967125268,0.70377936140586,0.85677831565832,0.78497694954335,0.4999991367033,0.50000303704722,0.4999967364945,0.50000411176105,1727071379799
42,0.94245967125268,0.68278005803983,0.85677831565832,0.78497694954335,0.4999991367033,0.50000269366604,0.4999967364945,0.50000411176105,1727071379816
42,0.94245967125268,0.67228164097467,0.85677831565832,0.78497694954335,0.4999991367033,0.49999717969981,0.4999967364945,0.50000411176105,1727071379833
42,0.94245967125268,0.66177288937341,0.85677831565832,0.78497694954335,0.4999991367033,0.4999977877245,0.4999967364945,0.50000411176105,1727071379849
42,0.94245967125268,0.65127795033076,0.85677831565832,0.78497694954335,0.4999991367033,0.49999937160936,0.4999967364945,0.50000411176105,1727071379866
42,0.94245967125268,0.64076603892231,0.85677831565832,0.78497694954335,0.4999991367033,0.50000197555633,0.4999967364945,0.50000411176105,1727071379883
42,0.94245967125268,0.63026920154139,0.85677831565832,0.78497694954335,0.4999991367033,0.49999520047825,0.4999967364945,0.50000411176105,1727071379899
42,0.94245967125268,0.61976211203006,0.85677831565832,0.78497694954335,0.4999991367033,0.49999476039591,0.4999967364945,0.50000411176105,1727071379916
42,0.94245967125268,0.60925931047521,0.85677831565832,0.78497694954335,0.4999991367033,0.50000142954958,0.4999967364945,0.50000411176105,1727071379933
42,0.94245967125268,0.58543970633649,0.85677831565832,0.78497694954335,0.4999991367033,0.50000425488877,0.4999967364945,0.50000411176105,1727071379949
42,0.94245967125268,0.57493811971459,0.85677831565832,0.78497694954335,0.4999991367033,0.50000022845036,0.4999967364945,0.50000411176105,1727071379966
42,0.94245967125268,0.56063708572914,0.85677831565832,0.78497694954335,0.4999991367033,0.49999570404124,0.4999967364945,0.50000411176105,1727071379983
42,0.94245967125268,0.55013810193938,0.85677831565832,0.78497694954335,0.4999991367033,0.50000024777901,0.4999967364945,0.50000411176105,1727071379999
42,0.94245967125268,0.54632370914544,0.85677831565832,0.78497694954335,0.4999991367033,0.49999956228551,0.4999967364945,0.50000411176105,1727071380091
42,0.94245967125268,0.53581734184603,0.85677831565832,0.78497694954335,0.4999991367033,0.49999862680898,0.4999967364945,0.50000411176105,1727071380099
42,0.94245967125268,0.51864253814387,0.85677831565832,0.78497694954335,0.4999991367033,0.50000259345881,0.4999967364945,0.50000411176105,1727071380187
42,0.94245967125268,0.5081418629429,0.85677831565832,0.78497694954335,0.4999991367033,0.49999752646406,0.4999967364945,0.50000411176105,1727071380211
42,0.94245967125268,0.50432621368854,0.85677831565832,0.78497694954335,0.4999991367033,0.49999770737356,0.4999967364945,0.50000411176105,1727071380305
42,0.94245967125268,0.49767593309183,0.85677831565832,0.78497694954335,0.4999991367033,0.50000073000544,0.4999967364945,0.50000411176105,1727071380393
42,0.94245967125268,0.49102179945765,0.85677831565832,0.78497694954335,0.4999991367033,0.49999522728915,0.4999967364945,0.50000411176105,1727071380495
42,0.94245967125268,0.48052406375327,0.85677831565832,0.78497694954335,0.4999991367033,0.49999925523619,0.4999967364945,0.50000411176105,1727071380510
42,0.94245967125268,0.47386453590857,0.85677831565832,0.78497694954335,0.4999991367033,0.49999771700653,0.4999967364945,0.50000411176105,1727071380669
42,0.94245967125268,0.47005571146741,0.85677831565832,0.78497694954335,0.4999991367033,0.49999268198144,0.4999967364945,0.50000411176105,1727071380717
42,0.94245967125268,0.47672794033433,0.85677831565832,0.78497694954335,0.4999991367033,0.49999631039902,0.4999967364945,0.50000411176105,1727071381359
42,0.94245967125268,0.47672794033433,0.85677831565832,0.78497694954335,0.4999991367033,0.49999631039902,0.4999967364945,0.50000411176105,1727071382555
42,0.94245967125268,0.47672794033433,0.85677831565832,0.78497694954335,0.4999991367033,0.49999631039902,0.4999967364945,0.50000411176105,1727071383244
42,0.94245967125268,0.48340125326874,0.85677831565832,0.78497694954335,0.4999991367033,0.49999905786498,0.4999967364945,0.50000411176105,1727071383631
42,0.94245967125268,0.49781264212249,0.85677831565832,0.78497694954335,0.4999991367033,0.50000202191888,0.4999967364945,0.50000411176105,1727071383917
42,0.94245967125268,0.50448353869747,0.85677831565832,0.78497694954335,0.4999991367033,0.49999516572959,0.4999967364945,0.50000411176105,1727071383932
42,0.94245967125268,0.50835833705673,0.85677831565832,0.78497694954335,0.4999991367033,0.49999673510279,0.4999967364945,0.50000411176105,1727071385009
42,0.94245967125268,0.50170836491768,0.85677831565832,0.78497694954335,0.4999991367033,0.49999950668467,0.4999967364945,0.50000411176105,1727071385073
42,0.94245967125268,0.49505432236906,0.85677831565832,0.78497694954335,0.4999991367033,0.50000533980759,0.4999967364945,0.50000411176105,1727071385116
42,0.94245967125268,0.48840123783279,0.85677831565832,0.78497694954335,0.4999991367033,0.49999907576972,0.4999967364945,0.50000411176105,1727071385175
42,0.94245967125268,0.48175304775796,0.85677831565832,0.78497694954335,0.4999991367033,0.50000060154015,0.4999967364945,0.50000411176105,1727071385199
42,0.94245967125268,0.47510026500583,0.85677831565832,0.78497694954335,0.4999991367033,0.49999394967973,0.4999967364945,0.50000411176105,1727071385295
42,0.94245967125268,0.47510026500583,0.85677831565832,0.78497694954335,0.4999991367033,0.49999394967973,0.4999967364945,0.50000411176105,1727071385737
43,0.0,0.5,0.66666666666667,0.83333333333333,0.5,0.5,0.5,0.5,1727071393286
43,0.0,0.5,0.66666666666667,0.83333333333333,0.5,0.5,0.5,0.5,1727071394165
43,0.0,0.5,0.68114033156165,0.83333333333333,0.5,0.5,0.49999350467203,0.5,1727071394197
43,0.0,0.5,0.68836717445688,0.83333333333333,0.5,0.5,0.50000127140652,0.5,1727071394204
43,0.0,0.5,0.70546031252141,0.83333333333333,0.5,0.5,0.499996823061,0.5,1727071394215
43,0.0,0.5,0.77117769349393,0.83333333333333,0.5,0.5,0.49999543186546,0.5,1727071394232
43,0.0,0.5,0.92902065326224,0.83333333333333,0.5,0.5,0.49999231317697,0.5,1727071394249
43,0.0,0.5,1.0,0.83333333333333,0.5,0.5,0.5,0.5,1727071394265
43,0.0,0.5,1.0,0.83333333333333,0.5,0.5,0.5,0.5,1727071394282
43,0.0,0.5,1.0,0.83333333333333,0.5,0.5,0.5,0.5,1727071394299
43,0.0,0.5,1.0,0.83333333333333,0.5,0.5,0.5,0.5,1727071394315
43,0.0,0.5,1.0,0.83333333333333,0.5,0.5,0.5,0.5,1727071394332
43,0.0,0.5,1.0,0.83333333333333,0.5,0.5,0.5,0.5,1727071394349
43,0.0,0.5,1.0,0.83333333333333,0.5,0.5,0.5,0.5,1727071394365
43,0.0,0.5,1.0,0.83333333333333,0.5,0.5,0.5,0.5,1727071394382
43,0.0,0.5,0.97833979603791,0.83333333333333,0.5,0.5,0.49999861940753,0.5,1727071394449
43,0.0,0.5,0.94227249732697,0.83333333333333,0.5,0.5,0.49999795360108,0.5,1727071394457
43,0.0,0.5,0.94227249732697,0.83333333333333,0.5,0.5,0.49999795360108,0.5,1727071394457
43,0.0,0.5,0.94227249732697,0.83333333333333,0.5,0.5,0.49999795360108,0.5,1727071396478
43,0.0,0.5,0.94227249732697,0.83333333333333,0.5,0.5,0.49999795360108,0.5,1727071397238
43,0.0,0.5,0.94227249732697,0.83333333333333,0.5,0.5,0.49999795360108,0.5,1727071397920
43,0.0,0.5,0.94227249732697,0.84000410468399,0.5,0.5,0.49999795360108,0.50000207616597,1727071397959
43,0.0,0.5,0.94227249732697,0.83239029814723,0.5,0.5,0.49999795360108,0.50000289458292,1727071397980
43,0.0,0.5,0.94227249732697,0.81431277982194,0.5,0.5,0.49999795360108,0.50000263540138,1727071397988
43,0.0,0.5,0.94227249732697,0.80381506019983,0.5,0.5,0.49999795360108,0.49999983027413,1727071397998
43,0.0,0.5,0.94227249732697,0.76114744297264,0.5,0.5,0.49999795360108,0.49999650865703,1727071398015
43,0.0,0.5,0.94227249732697,0.70809346960061,0.5,0.5,0.49999795360108,0.50000066861271,1727071398032
43,0.0,0.5,0.94227249732697,0.67957197809591,0.5,0.5,0.49999795360108,0.50000162943797,1727071398048
43,0.0,0.5,0.94227249732697,0.63697156578796,0.5,0.5,0.49999795360108,0.50000145141379,1727071398065
43,0.0,0.5,0.94227249732697,0.57719191244484,0.5,0.5,0.49999795360108,0.50000486353187,1727071398082
43,0.0,0.5,0.94227249732697,0.54951358867394,0.5,0.5,0.49999795360108,0.50000406601356,1727071398098
43,0.0,0.5,0.94227249732697,0.53521778821946,0.5,0.5,0.49999795360108,0.5000016876537,1727071398115
43,0.0,0.5,0.94227249732697,0.51805045595027,0.5,0.5,0.49999795360108,0.50000308817226,1727071398132
43,0.0,0.5,0.94227249732697,0.5142316098173,0.5,0.5,0.49999795360108,0.50000060641248,1727071398164
43,0.0,0.5,0.94227249732697,0.50758875039433,0.5,0.5,0.49999795360108,0.50000300921614,1727071398182
43,0.0,0.5,0.94227249732697,0.49429382511668,0.5,0.5,0.49999795360108,0.5000011240179,1727071398198
43,0.0,0.5,0.94227249732697,0.47330618444728,0.5,0.5,0.49999795360108,0.49999885065645,1727071398215
43,0.0,0.5,0.94227249732697,0.46279749949728,0.5,0.5,0.49999795360108,0.49999806593013,1727071398232
43,0.0,0.5,0.94227249732697,0.45615158893414,0.5,0.5,0.49999795360108,0.49999823767148,1727071398250
43,0.0,0.5,0.94227249732697,0.44286735085405,0.5,0.5,0.49999795360108,0.50000462503465,1727071398298
43,0.0,0.5,0.94227249732697,0.42958748843063,0.5,0.5,0.49999795360108,0.50000233081418,1727071398315
43,0.0,0.5,0.94227249732697,0.40970167089299,0.5,0.5,0.49999795360108,0.49999496774811,1727071398332
43,0.0,0.5,0.94227249732697,0.40305804864379,0.5,0.5,0.49999795360108,0.50001004187258,1727071398348
43,0.0,0.5,0.94227249732697,0.38588434369273,0.5,0.5,0.49999795360108,0.50000643386176,1727071398365
43,0.0,0.5,0.94227249732697,0.37923469473292,0.5,0.5,0.49999795360108,0.50000343948055,1727071398382
43,0.0,0.5,0.94227249732697,0.37258050978207,0.5,0.5,0.49999795360108,0.49999636426176,1727071398398
43,0.0,0.5,0.94227249732697,0.36208187787688,0.5,0.5,0.49999795360108,0.50000446299888,1727071398415
43,0.0,0.5,0.94227249732697,0.35542991605067,0.5,0.5,0.49999795360108,0.49999922305956,1727071398432
43,0.0,0.5,0.94227249732697,0.35162816785679,0.5,0.5,0.49999795360108,0.50001171445386,1727071399123
43,0.0,0.5,0.94227249732697,0.3583003372746,0.5,0.5,0.49999795360108,0.50000727754155,1727071399273
43,0.0,0.5,0.94227249732697,0.36497121559429,0.5,0.5,0.49999795360108,0.50000177941797,1727071399282
43,0.0,0.5,0.94227249732697,0.35447092623659,0.5,0.5,0.49999795360108,0.50000856242712,1727071399582
43,0.0,0.5,0.94227249732697,0.34781853166855,0.5,0.5,0.49999795360108,0.50000290231857,1727071399693
43,0.0,0.5,0.94227249732697,0.34401759602356,0.5,0.5,0.49999795360108,0.50000205248546,1727071399700
43,0.0,0.5,0.94227249732697,0.33735906330101,0.5,0.5,0.49999795360108,0.50000489710628,1727071399899
43,0.0,0.5,0.94227249732697,0.33735906330101,0.5,0.5,0.49999795360108,0.50000489710628,1727071402045
43,0.0,0.5,0.94227249732697,0.33735906330101,0.5,0.5,0.49999795360108,0.50000489710628,1727071403210
43,0.00668472375787,0.5,0.94227249732697,0.33735906330101,0.49998371051176,0.5,0.49999795360108,0.50000489710628,1727071403335
43,0.01337915836722,0.5,0.94227249732697,0.33735906330101,0.49998857684182,0.5,0.49999795360108,0.50000489710628,1727071403383
43,0.02389926047759,0.5,0.94227249732697,0.33735906330101,0.49998302757211,0.5,0.49999795360108,0.50000489710628,1727071403399
43,0.04106876626675,0.5,0.94227249732697,0.33735906330101,0.49998454967794,0.5,0.49999795360108,0.50000489710628,1727071403415
43,0.04775428315106,0.5,0.94227249732697,0.33735906330101,0.50000080915419,0.5,0.49999795360108,0.50000489710628,1727071403432
43,0.05444831502172,0.5,0.94227249732697,0.33735906330101,0.50000391369272,0.5,0.49999795360108,0.50000489710628,1727071403448
43,0.06496405817517,0.5,0.94227249732697,0.33735906330101,0.49999094560683,0.5,0.49999795360108,0.50000489710628,1727071403471
43,0.0716510422767,0.5,0.94227249732697,0.33735906330101,0.50000837903766,0.5,0.49999795360108,0.50000489710628,1727071403495
43,0.08216992008603,0.5,0.94227249732697,0.33735906330101,0.50000114411372,0.5,0.49999795360108,0.50000489710628,1727071403509
43,0.09933772788299,0.5,0.94227249732697,0.33735906330101,0.49999884213589,0.5,0.49999795360108,0.50000489710628,1727071403525
43,0.10602357569022,0.5,0.94227249732697,0.33735906330101,0.49998886023184,0.5,0.49999795360108,0.50000489710628,1727071403565
43,0.12319444585829,0.5,0.94227249732697,0.33735906330101,0.49999179471608,0.5,0.49999795360108,0.50000489710628,1727071403597
43,0.12987748126738,0.5,0.94227249732697,0.33735906330101,0.50000081012034,0.5,0.49999795360108,0.50000489710628,1727071403605
43,0.13655080077201,0.5,0.94227249732697,0.33735906330101,0.4999956564332,0.5,0.49999795360108,0.50000489710628,1727071403621
43,0.14045625121772,0.5,0.94227249732697,0.33735906330101,0.49999253433176,0.5,0.49999795360108,0.50000489710628,1727071403632
43,0.14714391926986,0.5,0.94227249732697,0.33735906330101,0.5000075765937,0.5,0.49999795360108,0.50000489710628,1727071403648
43,0.15104155704509,0.5,0.94227249732697,0.33735906330101,0.49999368056996,0.5,0.49999795360108,0.50000489710628,1727071403665
43,0.16821088173612,0.5,0.94227249732697,0.33735906330101,0.49999406382754,0.5,0.49999795360108,0.50000489710628,1727071403682
43,0.17488969597548,0.5,0.94227249732697,0.33735906330101,0.49999661108181,0.5,0.49999795360108,0.50000489710628,1727071403698
43,0.19874770617885,0.5,0.94227249732697,0.33735906330101,0.49999245644414,0.5,0.49999795360108,0.50000489710628,1727071403715
43,0.20926478731491,0.5,0.94227249732697,0.33735906330101,0.50000390011314,0.5,0.49999795360108,0.50000489710628,1727071403732
43,0.21593934092256,0.5,0.94227249732697,0.33735906330101,0.50000104054259,0.5,0.49999795360108,0.50000489710628,1727071403749
43,0.23979281570411,0.5,0.94227249732697,0.33735906330101,0.49999191307133,0.5,0.49999795360108,0.50000489710628,1727071403765
43,0.24647139356583,0.5,0.94227249732697,0.33735906330101,0.4999938594954,0.5,0.49999795360108,0.50000489710628,1727071403787
43,0.25698876185739,0.5,0.94227249732697,0.33735906330101,0.49998777894874,0.5,0.49999795360108,0.50000489710628,1727071403832
43,0.2703677814219,0.5,0.94227249732697,0.33735906330101,0.49999846441786,0.5,0.49999795360108,0.50000489710628,1727071403848
43,0.28088753975049,0.5,0.94227249732697,0.33735906330101,0.49999504846534,0.5,0.49999795360108,0.50000489710628,1727071403865
43,0.28756354519174,0.5,0.94227249732697,0.33735906330101,0.49999416882205,0.5,0.49999795360108,0.50000489710628,1727071403882
43,0.29423686140143,0.5,0.94227249732697,0.33735906330101,0.49999058643718,0.5,0.49999795360108,0.50000489710628,1727071403898
43,0.30761106305901,0.5,0.94227249732697,0.33735906330101,0.49999572712573,0.5,0.49999795360108,0.50000489710628,1727071403915
43,0.31150110701585,0.5,0.94227249732697,0.33735906330101,0.49999353399529,0.5,0.49999795360108,0.50000489710628,1727071403932
43,0.3181681195081,0.5,0.94227249732697,0.33735906330101,0.49999892167386,0.5,0.49999795360108,0.50000489710628,1727071403961
43,0.32484580808729,0.5,0.94227249732697,0.33735906330101,0.49999966838606,0.5,0.49999795360108,0.50000489710628,1727071404001
43,0.33151893951905,0.5,0.94227249732697,0.33735906330101,0.49999607738816,0.5,0.49999795360108,0.50000489710628,1727071404089
43,0.32771614688515,0.5,0.94227249732697,0.33735906330101,0.4999933864791,0.5,0.49999795360108,0.50000489710628,1727071404310
43,0.32390818223688,0.5,0.94227249732697,0.33735906330101,0.50000047065389,0.5,0.49999795360108,0.50000489710628,1727071404317
43,0.33057822834893,0.5,0.94227249732697,0.33735906330101,0.49999393472994,0.5,0.49999795360108,0.50000489710628,1727071404332
43,0.32677785952644,0.5,0.94227249732697,0.33735906330101,0.49999354221548,0.5,0.49999795360108,0.50000489710628,1727071404349
43,0.32599665919655,0.5,0.94227249732697,0.33735906330101,0.49999680226749,0.5,0.49999795360108,0.50000489710628,1727071404365
43,0.34241816685243,0.5,0.94227249732697,0.33735906330101,0.50000258926302,0.5,0.49999795360108,0.50000489710628,1727071404382
43,0.34163721705187,0.5,0.94227249732697,0.33735906330101,0.49999167204974,0.5,0.49999795360108,0.50000489710628,1727071404405
43,0.33782939116149,0.5,0.94227249732697,0.33735906330101,0.49999870749961,0.5,0.49999795360108,0.50000489710628,1727071404421
43,0.33402031096925,0.5,0.94227249732697,0.33735906330101,0.4999901271259,0.5,0.49999795360108,0.50000489710628,1727071404437
43,0.33021717244864,0.5,0.94227249732697,0.33735906330101,0.50000169881849,0.5,0.49999795360108,0.50000489710628,1727071404448
43,0.33312039024642,0.5,0.94227249732697,0.33735906330101,0.4999974597979,0.5,0.49999795360108,0.50000489710628,1727071404465
43,0.33602954002162,0.5,0.94227249732697,0.33735906330101,0.49999884357575,0.5,0.49999795360108,0.50000489710628,1727071404515
43,0.33893426645125,0.5,0.94227249732697,0.33735906330101,0.49999607277816,0.5,0.49999795360108,0.50000489710628,1727071404565
43,0.33513771997247,0.5,0.94227249732697,0.33735906330101,0.49999930128104,0.5,0.49999795360108,0.50000489710628,1727071404651
43,0.33132269638104,0.5,0.94227249732697,0.33735906330101,0.49999963909232,0.5,0.49999795360108,0.50000489710628,1727071404833
43,0.32467327559702,0.5,0.94227249732697,0.33735906330101,0.49999650068438,0.5,0.49999795360108,0.50000489710628,1727071404865
43,0.32087169891952,0.5,0.94227249732697,0.33735906330101,0.49999495467494,0.5,0.49999795360108,0.50000489710628,1727071404882
43,0.30659555475489,0.5,0.94227249732697,0.33735906330101,0.49999559681108,0.5,0.49999795360108,0.50000489710628,1727071404899
43,0.30279156483099,0.5,0.94227249732697,0.33735906330101,0.49999158712872,0.5,0.49999795360108,0.50000489710628,1727071405055
43,0.29229128940756,0.5,0.94227249732697,0.33735906330101,0.49999896474457,0.5,0.49999795360108,0.50000489710628,1727071405261
43,0.28564675844547,0.5,0.94227249732697,0.33735906330101,0.50000062230006,0.5,0.49999795360108,0.50000489710628,1727071406290
43,0.28952984324802,0.5,0.94227249732697,0.33735906330101,0.49999119321151,0.5,0.49999795360108,0.50000489710628,1727071406845
43,0.29620502907078,0.5,0.94227249732697,0.33735906330101,0.50000507623998,0.5,0.49999795360108,0.50000489710628,1727071407003
43,0.30008753080807,0.5,0.94227249732697,0.33735906330101,0.499995212329,0.5,0.49999795360108,0.50000489710628,1727071407051
43,0.30008753080807,0.5,0.94227249732697,0.33735906330101,0.499995212329,0.5,0.49999795360108,0.50000489710628,1727071408183
43,0.30008753080807,0.5,0.94227249732697,0.33735906330101,0.499995212329,0.5,0.49999795360108,0.50000489710628,1727071408880
43,0.30008753080807,0.49335085742168,0.94227249732697,0.33735906330101,0.499995212329,0.50000221668607,0.49999795360108,0.50000489710628,1727071408935
43,0.30008753080807,0.48669443935887,0.94227249732697,0.33735906330101,0.499995212329,0.49999840469975,0.49999795360108,0.50000489710628,1727071408948
43,0.30008753080807,0.48004923387902,0.94227249732697,0.33735906330101,0.499995212329,0.49999767397892,0.49999795360108,0.50000489710628,1727071408975
43,0.30008753080807,0.47623685640017,0.94227249732697,0.33735906330101,0.499995212329,0.49999537887999,0.49999795360108,0.50000489710628,1727071408983
43,0.30008753080807,0.46294539945096,0.94227249732697,0.33735906330101,0.499995212329,0.49999463484104,0.49999795360108,0.50000489710628,1727071408998
43,0.30008753080807,0.45913759352811,0.94227249732697,0.33735906330101,0.499995212329,0.50000067484688,0.49999795360108,0.50000489710628,1727071409015
43,0.30008753080807,0.44585189663579,0.94227249732697,0.33735906330101,0.499995212329,0.49999544994916,0.49999795360108,0.50000489710628,1727071409032
43,0.30008753080807,0.43535033157528,0.94227249732697,0.33735906330101,0.499995212329,0.50000282729916,0.49999795360108,0.50000489710628,1727071409048
43,0.30008753080807,0.42870109004937,0.94227249732697,0.33735906330101,0.499995212329,0.49999286584792,0.49999795360108,0.50000489710628,1727071409077
43,0.30008753080807,0.4220486973781,0.94227249732697,0.33735906330101,0.499995212329,0.49999791336285,0.49999795360108,0.50000489710628,1727071409125
43,0.30008753080807,0.41154388195454,0.94227249732697,0.33735906330101,0.499995212329,0.49999548264593,0.49999795360108,0.50000489710628,1727071409141
43,0.30008753080807,0.40490170093744,0.94227249732697,0.33735906330101,0.499995212329,0.49999209231697,0.49999795360108,0.50000489710628,1727071409149
43,0.30008753080807,0.39439466897909,0.94227249732697,0.33735906330101,0.499995212329,0.49999139840386,0.49999795360108,0.50000489710628,1727071409165
43,0.30008753080807,0.38774574087327,0.94227249732697,0.33735906330101,0.499995212329,0.4999937070533,0.49999795360108,0.50000489710628,1727071409181
43,0.30008753080807,0.38109403451653,0.94227249732697,0.33735906330101,0.499995212329,0.499998491433,0.49999795360108,0.50000489710628,1727071409198
43,0.30008753080807,0.37728281879662,0.94227249732697,0.33735906330101,0.499995212329,0.49999481816585,0.49999795360108,0.50000489710628,1727071409215
43,0.30008753080807,0.37063112073759,0.94227249732697,0.33735906330101,0.499995212329,0.49999968774393,0.49999795360108,0.50000489710628,1727071409237
43,0.30008753080807,0.36013240913883,0.94227249732697,0.33735906330101,0.499995212329,0.49999156722863,0.49999795360108,0.50000489710628,1727071409251
43,0.30008753080807,0.35347828215496,0.94227249732697,0.33735906330101,0.499995212329,0.49999875836677,0.49999795360108,0.50000489710628,1727071409267
43,0.30008753080807,0.34683376461033,0.94227249732697,0.33735906330101,0.499995212329,0.4999972330018,0.49999795360108,0.50000489710628,1727071409281
43,0.30008753080807,0.3363366758487,0.94227249732697,0.33735906330101,0.499995212329,0.49998721306033,0.49999795360108,0.50000489710628,1727071409298
43,0.30008753080807,0.32968177430836,0.94227249732697,0.33735906330101,0.499995212329,0.49999538605404,0.49999795360108,0.50000489710628,1727071409315
43,0.30008753080807,0.32303485527794,0.94227249732697,0.33735906330101,0.499995212329,0.49999606873272,0.49999795360108,0.50000489710628,1727071409371
43,0.30008753080807,0.31253666843036,0.94227249732697,0.33735906330101,0.499995212329,0.50000175738379,0.49999795360108,0.50000489710628,1727071409382
43,0.30008753080807,0.30588997410352,0.94227249732697,0.33735906330101,0.499995212329,0.49998705610777,0.49999795360108,0.50000489710628,1727071409398
43,0.30008753080807,0.29923585469893,0.94227249732697,0.33735906330101,0.499995212329,0.49999489515985,0.49999795360108,0.50000489710628,1727071409465
43,0.30008753080807,0.29543534099856,0.94227249732697,0.33735906330101,0.499995212329,0.4999953788396,0.49999795360108,0.50000489710628,1727071409482
43,0.30008753080807,0.28216583693379,0.94227249732697,0.33735906330101,0.499995212329,0.49998757748396,0.49999795360108,0.50000489710628,1727071409498
43,0.30008753080807,0.27551953820125,0.94227249732697,0.33735906330101,0.499995212329,0.49998757237665,0.49999795360108,0.50000489710628,1727071409515
43,0.30008753080807,0.28219324124695,0.94227249732697,0.33735906330101,0.499995212329,0.49999106400848,0.49999795360108,0.50000489710628,1727071410503
43,0.30008753080807,0.28887117399799,0.94227249732697,0.33735906330101,0.499995212329,0.49999014173682,0.49999795360108,0.50000489710628,1727071410575
43,0.30008753080807,0.29275100371816,0.94227249732697,0.33735906330101,0.499995212329,0.50000288736133,0.49999795360108,0.50000489710628,1727071410631
43,0.30008753080807,0.29943285209993,0.94227249732697,0.33735906330101,0.499995212329,0.49999790994439,0.49999795360108,0.50000489710628,1727071410649
43,0.30008753080807,0.30994622355035,0.94227249732697,0.33735906330101,0.499995212329,0.49999235745977,0.49999795360108,0.50000489710628,1727071410665
43,0.30008753080807,0.3138288957673,0.94227249732697,0.33735906330101,0.499995212329,0.50000183193003,0.49999795360108,0.50000489710628,1727071411073
43,0.30008753080807,0.32050954301626,0.94227249732697,0.33735906330101,0.499995212329,0.49999821151355,0.49999795360108,0.50000489710628,1727071411153
43,0.30008753080807,0.32050954301626,0.94227249732697,0.33735906330101,0.499995212329,0.49999821151355,0.49999795360108,0.50000489710628,1727071413021
43,0.30008753080807,0.32050954301626,0.94227249732697,0.33735906330101,0.499995212329,0.49999821151355,0.49999795360108,0.50000489710628,1727071418788
43,0.30008753080807,0.32050954301626,0.94950285102876,0.33735906330101,0.499995212329,0.49999821151355,0.49998864457784,0.50000489710628,1727071418795
43,0.30008753080807,0.32050954301626,0.95673985288993,0.33735906330101,0.499995212329,0.49999821151355,0.49998613413202,0.50000489710628,1727071418811
43,0.30008753080807,0.32050954301626,0.97120355348368,0.33735906330101,0.499995212329,0.49999821151355,0.49999029918442,0.50000489710628,1727071418819
43,0.30008753080807,0.32050954301626,0.97843074507426,0.33735906330101,0.499995212329,0.49999821151355,0.49999476136407,0.50000489710628,1727071418831
43,0.30008753080807,0.32050954301626,1.0,0.33735906330101,0.499995212329,0.49999821151355,0.5,0.50000489710628,1727071418848
43,0.30008753080807,0.32050954301626,1.0,0.33735906330101,0.499995212329,0.49999821151355,0.5,0.50000489710628,1727071418864
43,0.30008753080807,0.32050954301626,1.0,0.33735906330101,0.499995212329,0.49999821151355,0.5,0.50000489710628,1727071418881
43,0.30008753080807,0.32050954301626,1.0,0.33735906330101,0.499995212329,0.49999821151355,0.5,0.50000489710628,1727071418898
43,0.30008753080807,0.32050954301626,1.0,0.33735906330101,0.499995212329,0.49999821151355,0.5,0.50000489710628,1727071418914
43,0.30008753080807,0.32050954301626,1.0,0.33735906330101,0.499995212329,0.49999821151355,0.5,0.50000489710628,1727071418931
43,0.30008753080807,0.32050954301626,1.0,0.33735906330101,0.499995212329,0.49999821151355,0.5,0.50000489710628,1727071418948
43,0.30008753080807,0.32050954301626,1.0,0.33735906330101,0.499995212329,0.49999821151355,0.5,0.50000489710628,1727071418964
43,0.30008753080807,0.32050954301626,1.0,0.33735906330101,0.499995212329,0.49999821151355,0.5,0.50000489710628,1727071418985
43,0.30008753080807,0.32050954301626,1.0,0.33735906330101,0.499995212329,0.49999821151355,0.5,0.50000489710628,1727071419001
43,0.30008753080807,0.32050954301626,1.0,0.33735906330101,0.499995212329,0.49999821151355,0.5,0.50000489710628,1727071419001
43,0.30008753080807,0.32050954301626,1.0,0.33735906330101,0.499995212329,0.49999821151355,0.5,0.50000489710628,1727071420760
43,0.30008753080807,0.32050954301626,1.0,0.33735906330101,0.499995212329,0.49999821151355,0.5,0.50000489710628,1727071420767
43,0.30008753080807,0.32050954301626,1.0,0.33735906330101,0.499995212329,0.49999821151355,0.5,0.50000489710628,1727071420781
43,0.30008753080807,0.32050954301626,1.0,0.33735906330101,0.499995212329,0.49999821151355,0.5,0.50000489710628,1727071420798
43,0.30008753080807,0.32050954301626,1.0,0.33735906330101,0.499995212329,0.49999821151355,0.5,0.50000489710628,1727071420814
43,0.30008753080807,0.32050954301626,1.0,0.33735906330101,0.499995212329,0.49999821151355,0.5,0.50000489710628,1727071420831
43,0.30008753080807,0.32050954301626,1.0,0.33735906330101,0.499995212329,0.49999821151355,0.5,0.50000489710628,1727071420847
43,0.30008753080807,0.32050954301626,1.0,0.33735906330101,0.499995212329,0.49999821151355,0.5,0.50000489710628,1727071420864
43,0.30008753080807,0.32050954301626,1.0,0.33735906330101,0.499995212329,0.49999821151355,0.5,0.50000489710628,1727071420881
43,0.30008753080807,0.32050954301626,1.0,0.33735906330101,0.499995212329,0.49999821151355,0.5,0.50000489710628,1727071420898
43,0.30008753080807,0.32050954301626,1.0,0.33735906330101,0.499995212329,0.49999821151355,0.5,0.50000489710628,1727071421021
43,0.30008753080807,0.32050954301626,1.0,0.33735906330101,0.499995212329,0.49999821151355,0.5,0.50000489710628,1727071421378
43,0.30008753080807,0.32050954301626,1.0,0.33735906330101,0.499995212329,0.49999821151355,0.5,0.50000489710628,1727071421385
43,0.30008753080807,0.32050954301626,1.0,0.33735906330101,0.499995212329,0.49999821151355,0.5,0.50000489710628,1727071421398
43,0.30008753080807,0.32050954301626,1.0,0.33735906330101,0.499995212329,0.49999821151355,0.5,0.50000489710628,1727071421414
43,0.30008753080807,0.32050954301626,1.0,0.33735906330101,0.499995212329,0.49999821151355,0.5,0.50000489710628,1727071421431
43,0.30008753080807,0.32050954301626,1.0,0.33735906330101,0.499995212329,0.49999821151355,0.5,0.50000489710628,1727071421448
43,0.30008753080807,0.32050954301626,1.0,0.33735906330101,0.499995212329,0.49999821151355,0.5,0.50000489710628,1727071421464
43,0.30008753080807,0.32050954301626,1.0,0.33735906330101,0.499995212329,0.49999821151355,0.5,0.50000489710628,1727071421481
43,0.30008753080807,0.32050954301626,1.0,0.33735906330101,0.499995212329,0.49999821151355,0.5,0.50000489710628,1727071421498
43,0.30008753080807,0.32050954301626,1.0,0.33735906330101,0.499995212329,0.49999821151355,0.5,0.50000489710628,1727071421514
43,0.30008753080807,0.32050954301626,1.0,0.33735906330101,0.499995212329,0.49999821151355,0.5,0.50000489710628,1727071421527
44,0.0,0.33333333333333,0.66666666666667,0.83333333333333,0.5,0.5,0.5,0.5,1727071424236
44,0.0,0.33333333333333,0.65944010266017,0.83333333333333,0.5,0.5,0.49998866654316,0.5,1727071424251
44,0.0,0.33333333333333,0.65222017186844,0.83333333333333,0.5,0.5,0.49998795881085,0.5,1727071424267
44,0.0,0.33333333333333,0.64767741923376,0.83333333333333,0.5,0.5,0.4999851631204,0.5,1727071424281
44,0.0,0.33333333333333,0.62157088071447,0.83333333333333,0.5,0.5,0.49999338305376,0.5,1727071424297
44,0.0,0.33333333333333,0.61435034861219,0.83333333333333,0.5,0.5,0.49999633410627,0.5,1727071424314
44,0.0,0.33333333333333,0.57679219771896,0.83333333333333,0.5,0.5,0.50000163518974,0.5,1727071424331
44,0.0,0.33333333333333,0.56235285855729,0.83333333333333,0.5,0.5,0.49999691911873,0.5,1727071424347
44,0.0,0.33333333333333,0.5533970013998,0.83333333333333,0.5,0.5,0.49999944443685,0.5,1727071424364
44,0.0,0.33333333333333,0.54617830267354,0.83333333333333,0.5,0.5,0.49999062017594,0.5,1727071424419
44,0.0,0.33333333333333,0.53894941686556,0.83333333333333,0.5,0.5,0.49999494338054,0.5,1727071424443
44,0.0,0.33333333333333,0.53173129249196,0.83333333333333,0.5,0.5,0.49998205934206,0.5,1727071424449
44,0.0,0.33333333333333,0.52449980982978,0.83333333333333,0.5,0.5,0.50000397694956,0.5,1727071424464
44,0.0,0.33333333333333,0.5172809899538,0.83333333333333,0.5,0.5,0.49999569144963,0.5,1727071424481
44,0.0,0.33333333333333,0.51005357327344,0.83333333333333,0.5,0.5,0.49999008472468,0.5,1727071424497
44,0.0,0.33333333333333,0.50283338621692,0.83333333333333,0.5,0.5,0.49999103630716,0.5,1727071424514
44,0.0,0.33333333333333,0.49561416825646,0.83333333333333,0.5,0.5,0.49998518638244,0.5,1727071424564
44,0.0,0.33333333333333,0.48838597106876,0.83333333333333,0.5,0.5,0.49998485886531,0.5,1727071424614
44,0.0,0.33333333333333,0.4811632502769,0.83333333333333,0.5,0.5,0.50000397055784,0.5,1727071424631
44,0.0,0.33333333333333,0.47393676382889,0.83333333333333,0.5,0.5,0.49999142416437,0.5,1727071424687
44,0.0,0.33333333333333,0.46940947213304,0.83333333333333,0.5,0.5,0.49999460260799,0.5,1727071424711
44,0.0,0.33333333333333,0.45497087434889,0.83333333333333,0.5,0.5,0.499983506031,0.5,1727071424747
44,0.0,0.33333333333333,0.44775051184925,0.83333333333333,0.5,0.5,0.49998578400302,0.5,1727071424764
44,0.0,0.33333333333333,0.4405220260933,0.83333333333333,0.5,0.5,0.4999876328288,0.5,1727071424781
44,0.0,0.33333333333333,0.42609098235522,0.83333333333333,0.5,0.5,0.49998081811736,0.5,1727071424797
44,0.0,0.33333333333333,0.41886074236852,0.83333333333333,0.5,0.5,0.49999643503743,0.5,1727071424814
44,0.0,0.33333333333333,0.41434205477782,0.83333333333333,0.5,0.5,0.49999660863854,0.5,1727071424831
44,0.0,0.33333333333333,0.40711470588004,0.83333333333333,0.5,0.5,0.49998959242802,0.5,1727071424847
44,0.0,0.33333333333333,0.38547832303411,0.83333333333333,0.5,0.5,0.4999960926146,0.5,1727071424864
44,0.0,0.33333333333333,0.37826024425583,0.83333333333333,0.5,0.5,0.49997969367848,0.5,1727071424925
44,0.0,0.33333333333333,0.37103955103314,0.83333333333333,0.5,0.5,0.49998500296193,0.5,1727071424965
44,0.0,0.33333333333333,0.36381208340068,0.83333333333333,0.5,0.5,0.49997837024973,0.5,1727071424981
44,0.0,0.33333333333333,0.36648749645408,0.83333333333333,0.5,0.5,0.49999040854873,0.5,1727071424997
44,0.0,0.33333333333333,0.35926558827684,0.83333333333333,0.5,0.5,0.5000064112912,0.5,1727071425099
44,0.0,0.33333333333333,0.35203797960227,0.83333333333333,0.5,0.5,0.50000113497381,0.5,1727071425203
44,0.0,0.33333333333333,0.34481919615759,0.83333333333333,0.5,0.5,0.49999009136876,0.5,1727071426582
44,0.0,0.33333333333333,0.34749516169603,0.83333333333333,0.5,0.5,0.49999760805123,0.5,1727071426683
44,0.0,0.33333333333333,0.34026839593091,0.83333333333333,0.5,0.5,0.4999846257408,0.5,1727071427476
44,0.0,0.33333333333333,0.3330495392989,0.83333333333333,0.5,0.5,0.49997381371867,0.5,1727071429415
44,0.0,0.33333333333333,0.34028317137146,0.83333333333333,0.5,0.5,0.49999881819443,0.5,1727071431475
44,0.0,0.33333333333333,0.34751992899158,0.83333333333333,0.5,0.5,0.49999576971787,0.5,1727071431657
44,0.0,0.33333333333333,0.33767358927494,0.83333333333333,0.5,0.5,0.4999832193328,0.5,1727071432663
44,0.0,0.33333333333333,0.33767358927494,0.83333333333333,0.5,0.5,0.4999832193328,0.5,1727071434729
44,0.0,0.33333333333333,0.33767358927494,0.83333333333333,0.5,0.5,0.4999832193328,0.5,1727071436568
44,0.00394167445333,0.33333333333333,0.33767358927494,0.83333333333333,0.5000069754958,0.5,0.4999832193328,0.5,1727071436741
44,0.01445548015534,0.33333333333333,0.33767358927494,0.83333333333333,0.49998736977564,0.5,0.4999832193328,0.5,1727071436749
44,0.02498198149245,0.33333333333333,0.33767358927494,0.83333333333333,0.49999471913328,0.5,0.4999832193328,0.5,1727071436764
44,0.05932709841136,0.33333333333333,0.33767358927494,0.83333333333333,0.50000716768079,0.5,0.4999832193328,0.5,1727071436780
44,0.13186264357978,0.33333333333333,0.33767358927494,0.83333333333333,0.50000159555623,0.5,0.4999832193328,0.5,1727071436797
44,0.16244656464905,0.33333333333333,0.33767358927494,0.83333333333333,0.50000054913158,0.5,0.4999832193328,0.5,1727071436813
44,0.19679331952828,0.33333333333333,0.33767358927494,0.83333333333333,0.50001074060442,0.5,0.4999832193328,0.5,1727071436830
44,0.26173830027985,0.33333333333333,0.33767358927494,0.83333333333333,0.49999982626554,0.5,0.4999832193328,0.5,1727071436847
44,0.32977617080386,0.33333333333333,0.33767358927494,0.83333333333333,0.50000659950199,0.5,0.4999832193328,0.5,1727071436863
44,0.4051639926382,0.33333333333333,0.33767358927494,0.83333333333333,0.50000853837453,0.5,0.4999832193328,0.5,1727071436880
44,0.42901027439596,0.33333333333333,0.33767358927494,0.83333333333333,0.49999585070318,0.5,0.4999832193328,0.5,1727071436897
44,0.49392164102123,0.33333333333333,0.33767358927494,0.83333333333333,0.49999893583627,0.5,0.4999832193328,0.5,1727071436913
44,0.58947761117302,0.33333333333333,0.33767358927494,0.83333333333333,0.50000045190871,0.5,0.4999832193328,0.5,1727071436930
44,0.68809940080839,0.33333333333333,0.33767358927494,0.83333333333333,0.50000416867861,0.5,0.4999832193328,0.5,1727071436947
44,0.89627277656619,0.33333333333333,0.33767358927494,0.83333333333333,0.50000540524198,0.5,0.4999832193328,0.5,1727071436963
44,1.0,0.33333333333333,0.33767358927494,0.83333333333333,0.5,0.5,0.4999832193328,0.5,1727071436980
44,1.0,0.33333333333333,0.33767358927494,0.83333333333333,0.5,0.5,0.4999832193328,0.5,1727071436997
44,1.0,0.33333333333333,0.33767358927494,0.83333333333333,0.5,0.5,0.4999832193328,0.5,1727071437013
44,1.0,0.33333333333333,0.33767358927494,0.83333333333333,0.5,0.5,0.4999832193328,0.5,1727071437030
44,1.0,0.33333333333333,0.33767358927494,0.83333333333333,0.5,0.5,0.4999832193328,0.5,1727071437047
44,1.0,0.33333333333333,0.33767358927494,0.83333333333333,0.5,0.5,0.4999832193328,0.5,1727071437063
44,1.0,0.33333333333333,0.33767358927494,0.83333333333333,0.5,0.5,0.4999832193328,0.5,1727071437080
44,1.0,0.33333333333333,0.33767358927494,0.83333333333333,0.5,0.5,0.4999832193328,0.5,1727071437097
44,1.0,0.33333333333333,0.33767358927494,0.83333333333333,0.5,0.5,0.4999832193328,0.5,1727071437113
44,1.0,0.33333333333333,0.33767358927494,0.83333333333333,0.5,0.5,0.4999832193328,0.5,1727071437130
44,1.0,0.33333333333333,0.33767358927494,0.83333333333333,0.5,0.5,0.4999832193328,0.5,1727071437147
44,0.98283613918862,0.33333333333333,0.33767358927494,0.83333333333333,0.50000240146334,0.5,0.4999832193328,0.5,1727071437335
44,0.9590143890641,0.33333333333333,0.33767358927494,0.83333333333333,0.49999954601347,0.5,0.4999832193328,0.5,1727071437347
44,0.91139121616689,0.33333333333333,0.33767358927494,0.83333333333333,0.50000313348205,0.5,0.4999832193328,0.5,1727071437364
44,0.80839277025721,0.33333333333333,0.33767358927494,0.83333333333333,0.50000424796093,0.5,0.4999832193328,0.5,1727071437380
44,0.65785050193237,0.33333333333333,0.33767358927494,0.83333333333333,0.50000264054888,0.5,0.4999832193328,0.5,1727071437397
44,0.50338541737319,0.33333333333333,0.33767358927494,0.83333333333333,0.50000058689663,0.5,0.4999832193328,0.5,1727071437414
44,0.37663584875073,0.33333333333333,0.33767358927494,0.83333333333333,0.50000446907454,0.5,0.4999832193328,0.5,1727071437430
44,0.29744818831179,0.33333333333333,0.33767358927494,0.83333333333333,0.50000204888619,0.5,0.4999832193328,0.5,1727071437447
44,0.24987293134011,0.33333333333333,0.33767358927494,0.83333333333333,0.49999559735559,0.5,0.4999832193328,0.5,1727071437464
44,0.22889587238694,0.33333333333333,0.33767358927494,0.83333333333333,0.50000410384977,0.5,0.4999832193328,0.5,1727071437480
44,0.20122249434512,0.33333333333333,0.33767358927494,0.83333333333333,0.50000868704285,0.5,0.4999832193328,0.5,1727071437497
44,0.18405426307164,0.33333333333333,0.33767358927494,0.83333333333333,0.50001030017859,0.5,0.4999832193328,0.5,1727071437514
44,0.17355394828412,0.33333333333333,0.33767358927494,0.83333333333333,0.50000013294019,0.5,0.4999832193328,0.5,1727071437530
44,0.18406913717146,0.33333333333333,0.33767358927494,0.83333333333333,0.50000965140287,0.5,0.4999832193328,0.5,1727071437683
44,0.19745870803454,0.33333333333333,0.33767358927494,0.83333333333333,0.49999651253218,0.5,0.4999832193328,0.5,1727071437697
44,0.24230618685462,0.33333333333333,0.33767358927494,0.83333333333333,0.4999983140569,0.5,0.4999832193328,0.5,1727071437713
44,0.2833434764853,0.33333333333333,0.33767358927494,0.83333333333333,0.50000518405282,0.5,0.4999832193328,0.5,1727071437730
44,0.3348583795792,0.33333333333333,0.33767358927494,0.83333333333333,0.49999702221133,0.5,0.4999832193328,0.5,1727071437747
44,0.37970464666841,0.33333333333333,0.33767358927494,0.83333333333333,0.49999733343191,0.5,0.4999832193328,0.5,1727071437763
44,0.39687476848095,0.33333333333333,0.33767358927494,0.83333333333333,0.49999816364503,0.5,0.4999832193328,0.5,1727071437780
44,0.41791926228768,0.33333333333333,0.33767358927494,0.83333333333333,0.50000955032473,0.5,0.4999832193328,0.5,1727071437797
44,0.43894955959814,0.33333333333333,0.33767358927494,0.83333333333333,0.4999965696988,0.5,0.4999832193328,0.5,1727071437813
44,0.45903521255208,0.33333333333333,0.33767358927494,0.83333333333333,0.5000034550172,0.5,0.4999832193328,0.5,1727071437830
44,0.48007261933467,0.33333333333333,0.33767358927494,0.83333333333333,0.50000836792108,0.5,0.4999832193328,0.5,1727071437847
44,0.49058718766988,0.33333333333333,0.33767358927494,0.83333333333333,0.5000019149324,0.5,0.4999832193328,0.5,1727071437863
44,0.51443017741787,0.33333333333333,0.33767358927494,0.83333333333333,0.49999957316752,0.5,0.4999832193328,0.5,1727071437880
44,0.53828082126284,0.33333333333333,0.33767358927494,0.83333333333333,0.50000272641515,0.5,0.4999832193328,0.5,1727071437897
44,0.54879035814603,0.33333333333333,0.33767358927494,0.83333333333333,0.5000039636764,0.5,0.4999832193328,0.5,1727071437913
44,0.55546368455158,0.33333333333333,0.33767358927494,0.83333333333333,0.5000014689687,0.5,0.4999832193328,0.5,1727071437985
44,0.56212701483279,0.33333333333333,0.33767358927494,0.83333333333333,0.50000267332771,0.5,0.4999832193328,0.5,1727071437997
44,0.57264726984058,0.33333333333333,0.33767358927494,0.83333333333333,0.50000074792668,0.5,0.4999832193328,0.5,1727071438013
44,0.58981463765051,0.33333333333333,0.33767358927494,0.83333333333333,0.49999950962586,0.5,0.4999832193328,0.5,1727071438030
44,0.59369165930903,0.33333333333333,0.33767358927494,0.83333333333333,0.49999957629965,0.5,0.4999832193328,0.5,1727071438047
44,0.60035918044005,0.33333333333333,0.33767358927494,0.83333333333333,0.50000345847154,0.5,0.4999832193328,0.5,1727071438063
44,0.61086439393664,0.33333333333333,0.33767358927494,0.83333333333333,0.50000182874914,0.5,0.4999832193328,0.5,1727071438080
44,0.61754074668373,0.33333333333333,0.33767358927494,0.83333333333333,0.50000145222694,0.5,0.4999832193328,0.5,1727071438143
44,0.62420856329692,0.33333333333333,0.33767358927494,0.83333333333333,0.4999956980576,0.5,0.4999832193328,0.5,1727071438151
44,0.62807975109536,0.33333333333333,0.33767358927494,0.83333333333333,0.50000177565586,0.5,0.4999832193328,0.5,1727071438163
44,0.63475432608569,0.33333333333333,0.33767358927494,0.83333333333333,0.50000029906639,0.5,0.4999832193328,0.5,1727071438183
44,0.6386265024902,0.33333333333333,0.33767358927494,0.83333333333333,0.50000689782805,0.5,0.4999832193328,0.5,1727071438197
44,0.64529621489977,0.33333333333333,0.33767358927494,0.83333333333333,0.5000024060805,0.5,0.4999832193328,0.5,1727071438247
44,0.65196743562287,0.33333333333333,0.33767358927494,0.83333333333333,0.50000830656166,0.5,0.4999832193328,0.5,1727071438871
44,0.65863932987011,0.33333333333333,0.33767358927494,0.83333333333333,0.50000519427269,0.5,0.4999832193328,0.5,1727071438887
44,0.66530669911224,0.33333333333333,0.33767358927494,0.83333333333333,0.49999940175525,0.5,0.4999832193328,0.5,1727071438897
44,0.67196922482304,0.33333333333333,0.33767358927494,0.83333333333333,0.49999999644421,0.5,0.4999832193328,0.5,1727071438959
44,0.67584731677317,0.33333333333333,0.33767358927494,0.83333333333333,0.50000069250634,0.5,0.4999832193328,0.5,1727071438975
44,0.68251389466783,0.33333333333333,0.33767358927494,0.83333333333333,0.50000366700873,0.5,0.4999832193328,0.5,1727071438983
44,0.68918415413987,0.33333333333333,0.33767358927494,0.83333333333333,0.4999997292357,0.5,0.4999832193328,0.5,1727071438999
44,0.695853555667,0.33333333333333,0.33767358927494,0.83333333333333,0.50000431444419,0.5,0.4999832193328,0.5,1727071439134
44,0.69971792489526,0.33333333333333,0.33767358927494,0.83333333333333,0.49999700914947,0.5,0.4999832193328,0.5,1727071439213
44,0.70639114175823,0.33333333333333,0.33767358927494,0.83333333333333,0.50000376224128,0.5,0.4999832193328,0.5,1727071439231
44,0.71026532100032,0.33333333333333,0.33767358927494,0.83333333333333,0.50000217171395,0.5,0.4999832193328,0.5,1727071439379
44,0.71692969309803,0.33333333333333,0.33767358927494,0.83333333333333,0.50000377244003,0.5,0.4999832193328,0.5,1727071439430
44,0.72079655793371,0.33333333333333,0.33767358927494,0.83333333333333,0.49999804520143,0.5,0.4999832193328,0.5,1727071439447
44,0.7274653178076,0.33333333333333,0.33767358927494,0.83333333333333,0.50000213169851,0.5,0.4999832193328,0.5,1727071439577
44,0.73413800632247,0.33333333333333,0.33767358927494,0.83333333333333,0.49999974498113,0.5,0.4999832193328,0.5,1727071439585
44,0.73800907592913,0.33333333333333,0.33767358927494,0.83333333333333,0.50000506454284,0.5,0.4999832193328,0.5,1727071439703
44,0.73800907592913,0.33333333333333,0.33767358927494,0.83333333333333,0.50000506454284,0.5,0.4999832193328,0.5,1727071440693
44,0.73800907592913,0.33333333333333,0.33767358927494,0.83333333333333,0.50000506454284,0.5,0.4999832193328,0.5,1727071441289
44,0.73800907592913,0.33333333333333,0.33767358927494,0.83333333333333,0.50000506454284,0.5,0.4999832193328,0.5,1727071442214
44,0.73800907592913,0.32668332367564,0.33767358927494,0.83333333333333,0.50000506454284,0.49999388082099,0.4999832193328,0.5,1727071442229
44,0.73800907592913,0.30951154217175,0.33767358927494,0.83333333333333,0.50000506454284,0.49999620644321,0.4999832193328,0.5,1727071442245
44,0.73800907592913,0.30285934317577,0.33767358927494,0.83333333333333,0.50000506454284,0.50000218921019,0.4999832193328,0.5,1727071442253
44,0.73800907592913,0.29621489676276,0.33767358927494,0.83333333333333,0.50000506454284,0.50000049242036,0.4999832193328,0.5,1727071442263
44,0.73800907592913,0.26187999348948,0.33767358927494,0.83333333333333,0.50000506454284,0.4999966929643,0.4999832193328,0.5,1727071442280
44,0.73800907592913,0.22247725470926,0.33767358927494,0.83333333333333,0.50000506454284,0.4999996130217,0.4999832193328,0.5,1727071442296
44,0.73800907592913,0.18312113845849,0.33767358927494,0.83333333333333,0.50000506454284,0.5000024675137,0.4999832193328,0.5,1727071442313
44,0.73800907592913,0.14216478285033,0.33767358927494,0.83333333333333,0.50000506454284,0.50000625316454,0.4999832193328,0.5,1727071442330
44,0.73800907592913,0.12235575562134,0.33767358927494,0.83333333333333,0.50000506454284,0.49999717274772,0.4999832193328,0.5,1727071442347
44,0.73800907592913,0.09856011852026,0.33767358927494,0.83333333333333,0.50000506454284,0.49999007882344,0.4999832193328,0.5,1727071442363
44,0.73800907592913,0.0919160291692,0.33767358927494,0.83333333333333,0.50000506454284,0.50001136432169,0.4999832193328,0.5,1727071442380
44,0.73800907592913,0.08813707117902,0.33767358927494,0.83333333333333,0.50000506454284,0.50000226696794,0.4999832193328,0.5,1727071442396
44,0.73800907592913,0.07490594164914,0.33767358927494,0.83333333333333,0.50000506454284,0.50000297067378,0.4999832193328,0.5,1727071442413
44,0.73800907592913,0.05394016830976,0.33767358927494,0.83333333333333,0.50000506454284,0.49999690402421,0.4999832193328,0.5,1727071442430
44,0.73800907592913,0.04731003020427,0.33767358927494,0.83333333333333,0.50000506454284,0.49999566463262,0.4999832193328,0.5,1727071442446
44,0.73800907592913,0.02756006043502,0.33767358927494,0.83333333333333,0.50000506454284,0.49998765636531,0.4999832193328,0.5,1727071442463
44,0.73800907592913,0.01039292008142,0.33767358927494,0.83333333333333,0.50000506454284,0.50001499035166,0.4999832193328,0.5,1727071442480
44,0.73800907592913,0.00375746225346,0.33767358927494,0.83333333333333,0.50000506454284,0.49999214346092,0.4999832193328,0.5,1727071442496
44,0.73800907592913,-9.93178277e-06,0.33767358927494,0.83333333333333,0.50000506454284,0.5000219037306,0.4999832193328,0.5,1727071442513
44,0.73800907592913,-9.93178277e-06,0.33767358927494,0.83333333333333,0.50000506454284,0.5000219037306,0.4999832193328,0.5,1727071442530
44,0.73800907592913,-9.93178277e-06,0.33767358927494,0.83333333333333,0.50000506454284,0.5000219037306,0.4999832193328,0.5,1727071442547
44,0.73800907592913,-9.93178277e-06,0.33767358927494,0.83333333333333,0.50000506454284,0.5000219037306,0.4999832193328,0.5,1727071442563
44,0.73800907592913,-9.93178277e-06,0.33767358927494,0.83333333333333,0.50000506454284,0.5000219037306,0.4999832193328,0.5,1727071442580
44,0.73800907592913,-9.93178277e-06,0.33767358927494,0.83333333333333,0.50000506454284,0.5000219037306,0.4999832193328,0.5,1727071442596
44,0.73800907592913,-9.93178277e-06,0.33767358927494,0.83333333333333,0.50000506454284,0.5000219037306,0.4999832193328,0.5,1727071442613
44,0.73800907592913,-9.93178277e-06,0.33767358927494,0.83333333333333,0.50000506454284,0.5000219037306,0.4999832193328,0.5,1727071442630
44,0.73800907592913,-9.93178277e-06,0.33767358927494,0.83333333333333,0.50000506454284,0.5000219037306,0.4999832193328,0.5,1727071442649
44,0.73800907592913,-9.93178277e-06,0.33767358927494,0.83333333333333,0.50000506454284,0.5000219037306,0.4999832193328,0.5,1727071442663
44,0.73800907592913,-9.93178277e-06,0.33767358927494,0.83333333333333,0.50000506454284,0.5000219037306,0.4999832193328,0.5,1727071442680
44,0.73800907592913,-9.93178277e-06,0.33767358927494,0.83333333333333,0.50000506454284,0.5000219037306,0.4999832193328,0.5,1727071442697
44,0.73800907592913,-9.93178277e-06,0.33767358927494,0.83333333333333,0.50000506454284,0.5000219037306,0.4999832193328,0.5,1727071442713
44,0.73800907592913,-9.93178277e-06,0.33767358927494,0.83333333333333,0.50000506454284,0.5000219037306,0.4999832193328,0.5,1727071442730
44,0.73800907592913,-9.93178277e-06,0.33767358927494,0.83333333333333,0.50000506454284,0.5000219037306,0.4999832193328,0.5,1727071442753
44,0.73800907592913,-9.93178277e-06,0.33767358927494,0.83333333333333,0.50000506454284,0.5000219037306,0.4999832193328,0.5,1727071442769
44,0.73800907592913,-9.93178277e-06,0.33767358927494,0.83333333333333,0.50000506454284,0.5000219037306,0.4999832193328,0.5,1727071442785
44,0.73800907592913,-9.93178277e-06,0.33767358927494,0.83333333333333,0.50000506454284,0.5000219037306,0.4999832193328,0.5,1727071442797
44,0.73800907592913,-9.93178277e-06,0.33767358927494,0.83333333333333,0.50000506454284,0.5000219037306,0.4999832193328,0.5,1727071442815
44,0.73800907592913,-9.93178277e-06,0.33767358927494,0.83333333333333,0.50000506454284,0.5000219037306,0.4999832193328,0.5,1727071442855
44,0.73800907592913,-9.93178277e-06,0.33767358927494,0.83333333333333,0.50000506454284,0.5000219037306,0.4999832193328,0.5,1727071444564
44,0.73135366456958,-9.93178277e-06,0.33767358927494,0.83333333333333,0.49999989798513,0.5000219037306,0.4999832193328,0.5,1727071444876
44,0.7275282468831,-9.93178277e-06,0.33767358927494,0.83333333333333,0.50000291587055,0.5000219037306,0.4999832193328,0.5,1727071444995
44,0.72087681654792,-9.93178277e-06,0.33767358927494,0.83333333333333,0.49999993950571,0.5000219037306,0.4999832193328,0.5,1727071445105
44,0.71422385164682,-9.93178277e-06,0.33767358927494,0.83333333333333,0.50000484131591,0.5000219037306,0.4999832193328,0.5,1727071445405
44,0.70371590542979,-9.93178277e-06,0.33767358927494,0.83333333333333,0.50000474787618,0.5000219037306,0.4999832193328,0.5,1727071445525
44,0.70371590542979,-9.93178277e-06,0.33767358927494,0.83333333333333,0.50000474787618,0.5000219037306,0.4999832193328,0.5,1727071445769
44,0.70371590542979,-9.93178277e-06,0.33767358927494,0.83333333333333,0.50000474787618,0.5000219037306,0.4999832193328,0.5,1727071448852
44,0.70758791357318,-9.93178277e-06,0.33767358927494,0.83333333333333,0.5000018989229,0.5000219037306,0.4999832193328,0.5,1727071448921
44,0.69428986230415,-9.93178277e-06,0.33767358927494,0.83333333333333,0.49999857224586,0.5000219037306,0.4999832193328,0.5,1727071448963
44,0.68763758418976,-9.93178277e-06,0.33767358927494,0.83333333333333,0.50000400717648,0.5000219037306,0.4999832193328,0.5,1727071449013
44,0.68382061935321,-9.93178277e-06,0.33767358927494,0.83333333333333,0.50000309059307,0.5000219037306,0.4999832193328,0.5,1727071449041
44,0.67716280933203,-9.93178277e-06,0.33767358927494,0.83333333333333,0.50000532986343,0.5000219037306,0.4999832193328,0.5,1727071449127
44,0.67716280933203,-9.93178277e-06,0.33767358927494,0.83333333333333,0.50000532986343,0.5000219037306,0.4999832193328,0.5,1727071451219
44,0.67716280933203,-9.93178277e-06,0.33767358927494,0.83333333333333,0.50000532986343,0.5000219037306,0.4999832193328,0.5,1727071452749
44,0.67716280933203,-9.93178277e-06,0.33767358927494,0.83720027569117,0.50000532986343,0.5000219037306,0.4999832193328,0.50000013980545,1727071452835
44,0.67716280933203,-9.93178277e-06,0.33767358927494,0.8305356050931,0.50000532986343,0.5000219037306,0.4999832193328,0.49999854253614,1727071452851
44,0.67716280933203,-9.93178277e-06,0.33767358927494,0.82388349997088,0.50000532986343,0.5000219037306,0.4999832193328,0.4999954781334,1727071452865
44,0.67716280933203,-9.93178277e-06,0.33767358927494,0.81723090961419,0.50000532986343,0.5000219037306,0.4999832193328,0.50000007252173,1727071452879
44,0.67716280933203,-9.93178277e-06,0.33767358927494,0.81058296955624,0.50000532986343,0.5000219037306,0.4999832193328,0.49999914443946,1727071452896
44,0.67716280933203,-9.93178277e-06,0.33767358927494,0.79341091146736,0.50000532986343,0.5000219037306,0.4999832193328,0.49999763642732,1727071452913
44,0.67716280933203,-9.93178277e-06,0.33767358927494,0.78675814980272,0.50000532986343,0.5000219037306,0.4999832193328,0.50000228859967,1727071452929
44,0.67716280933203,-9.93178277e-06,0.33767358927494,0.77244004088948,0.50000532986343,0.5000219037306,0.4999832193328,0.49999670371576,1727071452946
44,0.67716280933203,-9.93178277e-06,0.33767358927494,0.75915010310532,0.50000532986343,0.5000219037306,0.4999832193328,0.49999795505929,1727071452963
44,0.67716280933203,-9.93178277e-06,0.33767358927494,0.74864093647307,0.50000532986343,0.5000219037306,0.4999832193328,0.49999711959428,1727071452979
44,0.67716280933203,-9.93178277e-06,0.33767358927494,0.74199553929949,0.50000532986343,0.5000219037306,0.4999832193328,0.49999752084072,1727071452996
44,0.67716280933203,-9.93178277e-06,0.33767358927494,0.71431383453306,0.50000532986343,0.5000219037306,0.4999832193328,0.49999471582317,1727071453013
44,0.67716280933203,-9.93178277e-06,0.33767358927494,0.70381093890188,0.50000532986343,0.5000219037306,0.4999832193328,0.49999743025361,1727071453029
44,0.67716280933203,-9.93178277e-06,0.33767358927494,0.69716125302274,0.50000532986343,0.5000219037306,0.4999832193328,0.50000431142584,1727071453046
44,0.67716280933203,-9.93178277e-06,0.33767358927494,0.68665801688423,0.50000532986343,0.5000219037306,0.4999832193328,0.49999792715319,1727071453063
44,0.67716280933203,-9.93178277e-06,0.33767358927494,0.65516317109858,0.50000532986343,0.5000219037306,0.4999832193328,0.49999630909059,1727071453079
44,0.67716280933203,-9.93178277e-06,0.33767358927494,0.64086490775667,0.50000532986343,0.5000219037306,0.4999832193328,0.49999256407106,1727071453096
44,0.67716280933203,-9.93178277e-06,0.33767358927494,0.61319000668375,0.50000532986343,0.5000219037306,0.4999832193328,0.49999361714729,1727071453113
44,0.67716280933203,-9.93178277e-06,0.33767358927494,0.59888999660681,0.50000532986343,0.5000219037306,0.4999832193328,0.49999849901779,1727071453129
44,0.67716280933203,-9.93178277e-06,0.33767358927494,0.58171974667424,0.50000532986343,0.5000219037306,0.4999832193328,0.49999779244913,1727071453146
44,0.67716280933203,-9.93178277e-06,0.33767358927494,0.56072316490322,0.50000532986343,0.5000219037306,0.4999832193328,0.50000005983057,1727071453163
44,0.67716280933203,-9.93178277e-06,0.33767358927494,0.55022371785086,0.50000532986343,0.5000219037306,0.4999832193328,0.49999514181459,1727071453179
44,0.67716280933203,-9.93178277e-06,0.33767358927494,0.53971810958075,0.50000532986343,0.5000219037306,0.4999832193328,0.49999653212688,1727071453196
44,0.67716280933203,-9.93178277e-06,0.33767358927494,0.52255387873438,0.50000532986343,0.5000219037306,0.4999832193328,0.5000000232509,1727071453213
44,0.67716280933203,-9.93178277e-06,0.33767358927494,0.51873643738826,0.50000532986343,0.5000219037306,0.4999832193328,0.49999854830224,1727071453229
44,0.67716280933203,-9.93178277e-06,0.33767358927494,0.50822557126696,0.50000532986343,0.5000219037306,0.4999832193328,0.49999622039796,1727071453246
44,0.67716280933203,-9.93178277e-06,0.33767358927494,0.48723300630013,0.50000532986343,0.5000219037306,0.4999832193328,0.50000167295873,1727071453263
44,0.67716280933203,-9.93178277e-06,0.33767358927494,0.48341742716873,0.50000532986343,0.5000219037306,0.4999832193328,0.50000153543955,1727071453279
44,0.67716280933203,-9.93178277e-06,0.33767358927494,0.46242809409961,0.50000532986343,0.5000219037306,0.4999832193328,0.49999792978681,1727071453296
44,0.67716280933203,-9.93178277e-06,0.33767358927494,0.45860975694958,0.50000532986343,0.5000219037306,0.4999832193328,0.499995621428,1727071453313
44,0.67716280933203,-9.93178277e-06,0.33767358927494,0.4519595711228,0.50000532986343,0.5000219037306,0.4999832193328,0.49999241316072,1727071453329
44,0.67716280933203,-9.93178277e-06,0.33767358927494,0.4481487275291,0.50000532986343,0.5000219037306,0.4999832193328,0.49999595781087,1727071453346
44,0.67716280933203,-9.93178277e-06,0.33767358927494,0.43764496636198,0.50000532986343,0.5000219037306,0.4999832193328,0.49999904791781,1727071453396
44,0.67716280933203,-9.93178277e-06,0.33767358927494,0.43007954247981,0.50000532986343,0.5000219037306,0.4999832193328,0.49998965142734,1727071453413
44,0.67716280933203,-9.93178277e-06,0.33767358927494,0.42342624579435,0.50000532986343,0.5000219037306,0.4999832193328,0.49999629669319,1727071453445
44,0.67716280933203,-9.93178277e-06,0.33767358927494,0.41961593741702,0.50000532986343,0.5000219037306,0.4999832193328,0.50000045514969,1727071454363
44,0.67716280933203,-9.93178277e-06,0.33767358927494,0.42628582683142,0.50000532986343,0.5000219037306,0.4999832193328,0.49999471659545,1727071454457
44,0.67716280933203,-9.93178277e-06,0.33767358927494,0.43296812204599,0.50000532986343,0.5000219037306,0.4999832193328,0.49999910497823,1727071454496
44,0.67716280933203,-9.93178277e-06,0.33767358927494,0.43683823006815,0.50000532986343,0.5000219037306,0.4999832193328,0.49999363952678,1727071454553
44,0.67716280933203,-9.93178277e-06,0.33767358927494,0.44350976688263,0.50000532986343,0.5000219037306,0.4999832193328,0.49998941870217,1727071454639
44,0.67716280933203,-9.93178277e-06,0.33767358927494,0.45402360800319,0.50000532986343,0.5000219037306,0.4999832193328,0.49999439195172,1727071454679
44,0.67716280933203,-9.93178277e-06,0.33767358927494,0.46070120459005,0.50000532986343,0.5000219037306,0.4999832193328,0.49999496712315,1727071454751
44,0.67716280933203,-9.93178277e-06,0.33767358927494,0.46070120459005,0.50000532986343,0.5000219037306,0.4999832193328,0.49999496712315,1727071455187
44,0.67716280933203,-9.93178277e-06,0.33767358927494,0.46070120459005,0.50000532986343,0.5000219037306,0.4999832193328,0.49999496712315,1727071456384
44,0.67716280933203,-9.93178277e-06,0.33767358927494,0.47121299525292,0.50000532986343,0.5000219037306,0.4999832193328,0.49999817345869,1727071456415
44,0.67716280933203,-9.93178277e-06,0.33767358927494,0.47121299525292,0.50000532986343,0.5000219037306,0.4999832193328,0.49999817345869,1727071456731
44,0.67716280933203,-9.93178277e-06,0.33767358927494,0.47121299525292,0.50000532986343,0.5000219037306,0.4999832193328,0.49999817345869,1727071457875
44,0.67716280933203,-9.93178277e-06,0.33767358927494,0.46456277045028,0.50000532986343,0.5000219037306,0.4999832193328,0.49999501546119,1727071459143
44,0.67716280933203,-9.93178277e-06,0.33767358927494,0.45406298725974,0.50000532986343,0.5000219037306,0.4999832193328,0.50000113450646,1727071459277
44,0.67716280933203,-9.93178277e-06,0.33767358927494,0.45406298725974,0.50000532986343,0.5000219037306,0.4999832193328,0.50000113450646,1727071459569
45,1.0,0.16666666666667,0.16666666666667,0.5,0.5,0.5,0.5,0.5,1727071463190
45,1.0,0.16666666666667,0.18376115594898,0.5,0.5,0.5,0.49997222674127,0.5,1727071463269
45,1.0,0.16666666666667,0.19099814408643,0.5,0.5,0.5,0.49996579008801,0.5,1727071463285
45,1.0,0.16666666666667,0.20087678827696,0.5,0.5,0.5,0.49998791936152,0.5,1727071463296
45,1.0,0.16666666666667,0.21796960632899,0.5,0.5,0.5,0.4999829131653,0.5,1727071463312
45,1.0,0.16666666666667,0.22785090829299,0.5,0.5,0.5,0.49997425523312,0.5,1727071463329
45,1.0,0.16666666666667,0.24494111951131,0.5,0.5,0.5,0.49999763032351,0.5,1727071463346
45,1.0,0.16666666666667,0.26203422716564,0.5,0.5,0.5,0.4999897629235,0.5,1727071463362
45,1.0,0.16666666666667,0.27912575183006,0.5,0.5,0.5,0.49999810201132,0.5,1727071463379
45,1.0,0.16666666666667,0.28900853077609,0.5,0.5,0.5,0.49997576962322,0.5,1727071463396
45,1.0,0.16666666666667,0.29888827233522,0.5,0.5,0.5,0.49998327753957,0.5,1727071463412
45,1.0,0.16666666666667,0.30875947971354,0.5,0.5,0.5,0.49999378977,0.5,1727071463462
45,1.0,0.16666666666667,0.31599794389573,0.5,0.5,0.5,0.4999748149218,0.5,1727071463479
45,1.0,0.16666666666667,0.31599794389573,0.5,0.5,0.5,0.4999748149218,0.5,1727071467783
45,1.0,0.16666666666667,0.31599794389573,0.5,0.5,0.5,0.4999748149218,0.5,1727071469494
45,0.99333759482013,0.16666666666667,0.31599794389573,0.5,0.49999961567403,0.5,0.4999748149218,0.5,1727071469613
45,0.98668310531323,0.16666666666667,0.31599794389573,0.5,0.49999589745847,0.5,0.4999748149218,0.5,1727071469629
45,0.95234931385748,0.16666666666667,0.31599794389573,0.5,0.4999979217458,0.5,0.4999748149218,0.5,1727071469645
45,0.94184114195612,0.16666666666667,0.31599794389573,0.5,0.49999768156879,0.5,0.4999748149218,0.5,1727071469662
45,0.92467270696831,0.16666666666667,0.31599794389573,0.5,0.49999802118167,0.5,0.4999748149218,0.5,1727071469679
45,0.91416670546783,0.16666666666667,0.31599794389573,0.5,0.49999880406123,0.5,0.4999748149218,0.5,1727071469695
45,0.88267689263012,0.16666666666667,0.31599794389573,0.5,0.49999998518005,0.5,0.4999748149218,0.5,1727071469712
45,0.8721660294186,0.16666666666667,0.31599794389573,0.5,0.49999842715083,0.5,0.4999748149218,0.5,1727071469729
45,0.8655192412084,0.16666666666667,0.31599794389573,0.5,0.49999810425366,0.5,0.4999748149218,0.5,1727071469745
45,0.86168873030514,0.16666666666667,0.31599794389573,0.5,0.49999822583615,0.5,0.4999748149218,0.5,1727071469762
45,0.85503763947364,0.16666666666667,0.31599794389573,0.5,0.49999575197671,0.5,0.4999748149218,0.5,1727071469779
45,0.8340384199349,0.16666666666667,0.31599794389573,0.5,0.49999606662115,0.5,0.4999748149218,0.5,1727071469795
45,0.82353192329645,0.16666666666667,0.31599794389573,0.5,0.49999664218144,0.5,0.4999748149218,0.5,1727071469812
45,0.816878936929,0.16666666666667,0.31599794389573,0.5,0.500001040694,0.5,0.4999748149218,0.5,1727071469829
45,0.80256448650125,0.16666666666667,0.31599794389573,0.5,0.49999751497035,0.5,0.4999748149218,0.5,1727071469845
45,0.78825069223713,0.16666666666667,0.31599794389573,0.5,0.49999424045906,0.5,0.4999748149218,0.5,1727071469862
45,0.7710868495365,0.16666666666667,0.31599794389573,0.5,0.49999705290326,0.5,0.4999748149218,0.5,1727071469879
45,0.75008305719098,0.16666666666667,0.31599794389573,0.5,0.49999490034705,0.5,0.4999748149218,0.5,1727071469895
45,0.72908780248823,0.16666666666667,0.31599794389573,0.5,0.49999746309666,0.5,0.4999748149218,0.5,1727071469912
45,0.72243105108169,0.16666666666667,0.31599794389573,0.5,0.50000015979803,0.5,0.4999748149218,0.5,1727071469929
45,0.70812349652253,0.16666666666667,0.31599794389573,0.5,0.5000002414483,0.5,0.4999748149218,0.5,1727071469945
45,0.6976239337589,0.16666666666667,0.31599794389573,0.5,0.4999960231084,0.5,0.4999748149218,0.5,1727071469962
45,0.676625423929,0.16666666666667,0.31599794389573,0.5,0.49999681961875,0.5,0.4999748149218,0.5,1727071469979
45,0.66611567141467,0.16666666666667,0.31599794389573,0.5,0.49999554327431,0.5,0.4999748149218,0.5,1727071469995
45,0.66229408777644,0.16666666666667,0.31599794389573,0.5,0.50000107576224,0.5,0.4999748149218,0.5,1727071470012
45,0.64798822583085,0.16666666666667,0.31599794389573,0.5,0.4999927711147,0.5,0.4999748149218,0.5,1727071470029
45,0.63748991606693,0.16666666666667,0.31599794389573,0.5,0.49999851426733,0.5,0.4999748149218,0.5,1727071470045
45,0.62698325745465,0.16666666666667,0.31599794389573,0.5,0.49999914631643,0.5,0.4999748149218,0.5,1727071470062
45,0.61268201829391,0.16666666666667,0.31599794389573,0.5,0.49999342416579,0.5,0.4999748149218,0.5,1727071470079
45,0.60218095746091,0.16666666666667,0.31599794389573,0.5,0.49999763345982,0.5,0.4999748149218,0.5,1727071470095
45,0.59459122457408,0.16666666666667,0.31599794389573,0.5,0.49999427160252,0.5,0.4999748149218,0.5,1727071470112
45,0.58408849650645,0.16666666666667,0.31599794389573,0.5,0.49999748082065,0.5,0.4999748149218,0.5,1727071470129
45,0.56979175994576,0.16666666666667,0.31599794389573,0.5,0.49999445836393,0.5,0.4999748149218,0.5,1727071470145
45,0.56596696527213,0.16666666666667,0.31599794389573,0.5,0.49999846925834,0.5,0.4999748149218,0.5,1727071470167
45,0.55166996181477,0.16666666666667,0.31599794389573,0.5,0.4999952125554,0.5,0.4999748149218,0.5,1727071470224
45,0.54116677551051,0.16666666666667,0.31599794389573,0.5,0.49999828903859,0.5,0.4999748149218,0.5,1727071470245
45,0.52687621184325,0.16666666666667,0.31599794389573,0.5,0.49999949525581,0.5,0.4999748149218,0.5,1727071470269
45,0.51636942497639,0.16666666666667,0.31599794389573,0.5,0.50000013971329,0.5,0.4999748149218,0.5,1727071470285
45,0.50971862971023,0.16666666666667,0.31599794389573,0.5,0.49999677264817,0.5,0.4999748149218,0.5,1727071470301
45,0.49254887748944,0.16666666666667,0.31599794389573,0.5,0.49999631085384,0.5,0.4999748149218,0.5,1727071470312
45,0.48204709240004,0.16666666666667,0.31599794389573,0.5,0.50000070685589,0.5,0.4999748149218,0.5,1727071470341
45,0.47154302258582,0.16666666666667,0.31599794389573,0.5,0.49999172972297,0.5,0.4999748149218,0.5,1727071470357
45,0.46104149223526,0.16666666666667,0.31599794389573,0.5,0.49999638546603,0.5,0.4999748149218,0.5,1727071470365
45,0.45723150236922,0.16666666666667,0.31599794389573,0.5,0.50000057152477,0.5,0.4999748149218,0.5,1727071470381
45,0.44672596658161,0.16666666666667,0.31599794389573,0.5,0.50000228662523,0.5,0.4999748149218,0.5,1727071470395
45,0.44291367934282,0.16666666666667,0.31599794389573,0.5,0.49999252263394,0.5,0.4999748149218,0.5,1727071470412
45,0.43241059253992,0.16666666666667,0.31599794389573,0.5,0.49999612841189,0.5,0.4999748149218,0.5,1727071470429
45,0.42576528657083,0.16666666666667,0.31599794389573,0.5,0.49999678208889,0.5,0.4999748149218,0.5,1727071470445
45,0.41911064593262,0.16666666666667,0.31599794389573,0.5,0.50000243370452,0.5,0.4999748149218,0.5,1727071470495
45,0.41245645318583,0.16666666666667,0.31599794389573,0.5,0.49999576777768,0.5,0.4999748149218,0.5,1727071470512
45,0.4086463785916,0.16666666666667,0.31599794389573,0.5,0.50000018812619,0.5,0.4999748149218,0.5,1727071470539
45,0.4019938603902,0.16666666666667,0.31599794389573,0.5,0.4999948083106,0.5,0.4999748149218,0.5,1727071470587
45,0.39818018317614,0.16666666666667,0.31599794389573,0.5,0.4999962300492,0.5,0.4999748149218,0.5,1727071470595
45,0.38768618281177,0.16666666666667,0.31599794389573,0.5,0.49999470455979,0.5,0.4999748149218,0.5,1727071470619
45,0.38387259808932,0.16666666666667,0.31599794389573,0.5,0.49999623821349,0.5,0.4999748149218,0.5,1727071470629
45,0.37336856738891,0.16666666666667,0.31599794389573,0.5,0.4999994132832,0.5,0.4999748149218,0.5,1727071470697
45,0.36672419076878,0.16666666666667,0.31599794389573,0.5,0.50000099573713,0.5,0.4999748149218,0.5,1727071470818
45,0.36290773379732,0.16666666666667,0.31599794389573,0.5,0.5000000373212,0.5,0.4999748149218,0.5,1727071470831
45,0.35909980085228,0.16666666666667,0.31599794389573,0.5,0.49999285700501,0.5,0.4999748149218,0.5,1727071470879
45,0.35244859055451,0.16666666666667,0.31599794389573,0.5,0.49998815072197,0.5,0.4999748149218,0.5,1727071470895
45,0.34580216750425,0.16666666666667,0.31599794389573,0.5,0.50000200571103,0.5,0.4999748149218,0.5,1727071470912
45,0.33530146783601,0.16666666666667,0.31599794389573,0.5,0.49999413680405,0.5,0.4999748149218,0.5,1727071470992
45,0.32865631061876,0.16666666666667,0.31599794389573,0.5,0.499995019038,0.5,0.4999748149218,0.5,1727071471029
45,0.31814981124343,0.16666666666667,0.31599794389573,0.5,0.49999608454446,0.5,0.4999748149218,0.5,1727071471061
45,0.31150020568737,0.16666666666667,0.31599794389573,0.5,0.4999926489799,0.5,0.4999748149218,0.5,1727071471235
45,0.31539034901233,0.16666666666667,0.31599794389573,0.5,0.500005591021,0.5,0.4999748149218,0.5,1727071471586
45,0.32589720233405,0.16666666666667,0.31599794389573,0.5,0.49998995750788,0.5,0.4999748149218,0.5,1727071471672
45,0.32978680809479,0.16666666666667,0.31599794389573,0.5,0.50000208508323,0.5,0.4999748149218,0.5,1727071471712
45,0.32978680809479,0.16666666666667,0.31599794389573,0.5,0.50000208508323,0.5,0.4999748149218,0.5,1727071475101
45,0.32978680809479,0.16666666666667,0.31599794389573,0.5,0.50000208508323,0.5,0.4999748149218,0.5,1727071476132
45,0.32978680809479,0.16666666666667,0.31599794389573,0.50667907457014,0.50000208508323,0.5,0.4999748149218,0.50000156761279,1727071476241
45,0.32978680809479,0.16666666666667,0.31599794389573,0.51334540421093,0.50000208508323,0.5,0.4999748149218,0.50000501436191,1727071476249
45,0.32978680809479,0.16666666666667,0.31599794389573,0.52670652137027,0.50000208508323,0.5,0.4999748149218,0.49999916883432,1727071476265
45,0.32978680809479,0.16666666666667,0.31599794389573,0.5400692355693,0.50000208508323,0.5,0.4999748149218,0.50000537121413,1727071476281
45,0.32978680809479,0.16666666666667,0.31599794389573,0.54673770527233,0.50000208508323,0.5,0.4999748149218,0.49999947667662,1727071476295
45,0.32978680809479,0.16666666666667,0.31599794389573,0.5600985077701,0.50000208508323,0.5,0.4999748149218,0.5000042195827,1727071476312
45,0.32978680809479,0.16666666666667,0.31599794389573,0.58016479266285,0.50000208508323,0.5,0.4999748149218,0.49999705256294,1727071476328
45,0.32978680809479,0.16666666666667,0.31599794389573,0.58683274376896,0.50000208508323,0.5,0.4999748149218,0.50000130088068,1727071476345
45,0.32978680809479,0.16666666666667,0.31599794389573,0.60018919259912,0.50000208508323,0.5,0.4999748149218,0.50000296821974,1727071476362
45,0.32978680809479,0.16666666666667,0.31599794389573,0.60685954016524,0.50000208508323,0.5,0.4999748149218,0.49999871423626,1727071476378
45,0.32978680809479,0.16666666666667,0.31599794389573,0.61353247227451,0.50000208508323,0.5,0.4999748149218,0.49999617610427,1727071476399
45,0.32978680809479,0.16666666666667,0.31599794389573,0.6202044872662,0.50000208508323,0.5,0.4999748149218,0.50000284296098,1727071476423
45,0.32978680809479,0.16666666666667,0.31599794389573,0.62687607364117,0.50000208508323,0.5,0.4999748149218,0.49999946592395,1727071476431
45,0.32978680809479,0.16666666666667,0.31599794389573,0.64023290337199,0.50000208508323,0.5,0.4999748149218,0.50000132169149,1727071476440
45,0.32978680809479,0.16666666666667,0.31599794389573,0.64023290337199,0.50000208508323,0.5,0.4999748149218,0.50000132169149,1727071476440
45,0.32978680809479,0.16666666666667,0.31599794389573,0.64023290337199,0.50000208508323,0.5,0.4999748149218,0.50000132169149,1727071477185
45,0.32978680809479,0.16666666666667,0.31599794389573,0.63357536750915,0.50000208508323,0.5,0.4999748149218,0.50000382916753,1727071477232
45,0.32978680809479,0.16666666666667,0.31599794389573,0.64024981057877,0.50000208508323,0.5,0.4999748149218,0.50000226460138,1727071477303
45,0.32978680809479,0.16666666666667,0.31599794389573,0.64691759702827,0.50000208508323,0.5,0.4999748149218,0.50000608835042,1727071477312
45,0.32978680809479,0.16666666666667,0.31599794389573,0.66409116835574,0.50000208508323,0.5,0.4999748149218,0.49999931281548,1727071477329
45,0.32978680809479,0.16666666666667,0.31599794389573,0.68414650738094,0.50000208508323,0.5,0.4999748149218,0.50000474861171,1727071477345
45,0.32978680809479,0.16666666666667,0.31599794389573,0.69465268742609,0.50000208508323,0.5,0.4999748149218,0.50000381319751,1727071477362
45,0.32978680809479,0.16666666666667,0.31599794389573,0.7051698275034,0.50000208508323,0.5,0.4999748149218,0.50000034443801,1727071477378
45,0.32978680809479,0.16666666666667,0.31599794389573,0.71184067804562,0.50000208508323,0.5,0.4999748149218,0.50000567974163,1727071477395
45,0.32978680809479,0.16666666666667,0.31599794389573,0.71850547306176,0.50000208508323,0.5,0.4999748149218,0.49999873667738,1727071477412
45,0.32978680809479,0.16666666666667,0.31599794389573,0.73567956982541,0.50000208508323,0.5,0.4999748149218,0.50000148042866,1727071477428
45,0.32978680809479,0.16666666666667,0.31599794389573,0.7423408647698,0.50000208508323,0.5,0.4999748149218,0.50000133519679,1727071477445
45,0.32978680809479,0.16666666666667,0.31599794389573,0.7528625118976,0.50000208508323,0.5,0.4999748149218,0.50000053515145,1727071477462
45,0.32978680809479,0.16666666666667,0.31599794389573,0.75952967900218,0.50000208508323,0.5,0.4999748149218,0.50000360555323,1727071477478
45,0.32978680809479,0.16666666666667,0.31599794389573,0.766193465571,0.50000208508323,0.5,0.4999748149218,0.49999645478591,1727071477509
45,0.32978680809479,0.16666666666667,0.31599794389573,0.77006424505265,0.50000208508323,0.5,0.4999748149218,0.50000146286986,1727071477517
45,0.32978680809479,0.16666666666667,0.31599794389573,0.7834195178913,0.50000208508323,0.5,0.4999748149218,0.50000220509955,1727071477724
45,0.32978680809479,0.16666666666667,0.31599794389573,0.78728710788442,0.50000208508323,0.5,0.4999748149218,0.50000541332237,1727071477761
45,0.32978680809479,0.16666666666667,0.31599794389573,0.79395387001358,0.50000208508323,0.5,0.4999748149218,0.50000001260073,1727071477778
45,0.32978680809479,0.16666666666667,0.31599794389573,0.80446496045668,0.50000208508323,0.5,0.4999748149218,0.50000178919535,1727071477795
45,0.32978680809479,0.16666666666667,0.31599794389573,0.81113382320455,0.50000208508323,0.5,0.4999748149218,0.50000558339143,1727071477812
45,0.32978680809479,0.16666666666667,0.31599794389573,0.81780014657599,0.50000208508323,0.5,0.4999748149218,0.50000007568046,1727071480359
45,0.32978680809479,0.16666666666667,0.31599794389573,0.81780014657599,0.50000208508323,0.5,0.4999748149218,0.50000007568046,1727071481034
45,0.32978680809479,0.16666666666667,0.31599794389573,0.81780014657599,0.50000208508323,0.5,0.4999748149218,0.50000007568046,1727071487424
45,0.32978680809479,0.16666666666667,0.31867531666181,0.81780014657599,0.50000208508323,0.5,0.4999697999538,0.50000007568046,1727071487600
45,0.32978680809479,0.16666666666667,0.32590953835872,0.81780014657599,0.50000208508323,0.5,0.49999010660541,0.50000007568046,1727071488414
45,0.32978680809479,0.16666666666667,0.33578408473599,0.81780014657599,0.50000208508323,0.5,0.49997010972764,0.50000007568046,1727071488429
45,0.32978680809479,0.16666666666667,0.32856102092655,0.81780014657599,0.50000208508323,0.5,0.4999971887778,0.50000007568046,1727071490300
45,0.32978680809479,0.16666666666667,0.32134120437013,0.81780014657599,0.50000208508323,0.5,0.49999512971067,0.50000007568046,1727071490394
45,0.32978680809479,0.16666666666667,0.32134120437013,0.81780014657599,0.50000208508323,0.5,0.49999512971067,0.50000007568046,1727071491693
46,0.66666666666667,0.33333333333333,0.0,0.83333333333333,0.5,0.5,0.5,0.5,1727071496310
46,0.68002615131667,0.33333333333333,0.0,0.83333333333333,0.50000638259694,0.5,0.5,0.5,1727071496357
46,0.70386482703765,0.33333333333333,0.0,0.83333333333333,0.50000190077879,0.5,0.5,0.5,1727071496365
46,0.72392303724548,0.33333333333333,0.0,0.83333333333333,0.49999997753884,0.5,0.5,0.5,1727071496377
46,0.79853290812455,0.33333333333333,0.0,0.83333333333333,0.50000516933415,0.5,0.5,0.5,1727071496394
46,0.97906679664379,0.33333333333333,0.0,0.83333333333333,0.50000235868854,0.5,0.5,0.5,1727071496411
46,1.0,0.33333333333333,0.0,0.83333333333333,0.5,0.5,0.5,0.5,1727071496427
46,1.0,0.33333333333333,0.0,0.83333333333333,0.5,0.5,0.5,0.5,1727071496444
46,1.0,0.33333333333333,0.0,0.83333333333333,0.5,0.5,0.5,0.5,1727071496461
46,1.0,0.33333333333333,0.0,0.83333333333333,0.5,0.5,0.5,0.5,1727071496477
46,1.0,0.33333333333333,0.0,0.83333333333333,0.5,0.5,0.5,0.5,1727071496527
46,1.0,0.33333333333333,0.0,0.83333333333333,0.5,0.5,0.5,0.5,1727071496544
46,1.0,0.33333333333333,0.0,0.83333333333333,0.5,0.5,0.5,0.5,1727071496595
46,1.0,0.33333333333333,0.0,0.83333333333333,0.5,0.5,0.5,0.5,1727071497530
46,1.0,0.33333333333333,0.0,0.83333333333333,0.5,0.5,0.5,0.5,1727071498236
46,1.0,0.34000504707877,0.0,0.83333333333333,0.5,0.4999952837753,0.5,0.5,1727071498260
46,1.0,0.34668487695929,0.0,0.83333333333333,0.5,0.4999926507347,0.5,0.5,1727071498311
46,1.0,0.35336121064373,0.0,0.83333333333333,0.5,0.49999327061848,0.5,0.5,1727071498327
46,1.0,0.35724103920509,0.0,0.83333333333333,0.5,0.49999067566708,0.5,0.5,1727071498344
46,1.0,0.36776108639609,0.0,0.83333333333333,0.5,0.49999353836451,0.5,0.5,1727071498361
46,1.0,0.39543695860081,0.0,0.83333333333333,0.5,0.49999471308077,0.5,0.5,1727071498377
46,1.0,0.40595579217815,0.0,0.83333333333333,0.5,0.49999836437321,0.5,0.5,1727071498394
46,1.0,0.41262242306821,0.0,0.83333333333333,0.5,0.49999414373046,0.5,0.5,1727071498411
46,1.0,0.42314299722614,0.0,0.83333333333333,0.5,0.499996285109,0.5,0.5,1727071498427
46,1.0,0.43364793517147,0.0,0.83333333333333,0.5,0.49999856344815,0.5,0.5,1727071498444
46,1.0,0.44416485798442,0.0,0.83333333333333,0.5,0.49999125405985,0.5,0.5,1727071498463
46,1.0,0.44804362417826,0.0,0.83333333333333,0.5,0.50000199798385,0.5,0.5,1727071498479
46,1.0,0.45471297114666,0.0,0.83333333333333,0.5,0.49999587013016,0.5,0.5,1727071498495
46,1.0,0.46522765383559,0.0,0.83333333333333,0.5,0.50000240148518,0.5,0.5,1727071498511
46,1.0,0.46910952169325,0.0,0.83333333333333,0.5,0.49999859744215,0.5,0.5,1727071498527
46,1.0,0.47577831612845,0.0,0.83333333333333,0.5,0.49999309842892,0.5,0.5,1727071498551
46,1.0,0.47965235346777,0.0,0.83333333333333,0.5,0.4999953155421,0.5,0.5,1727071498567
46,1.0,0.4863300059575,0.0,0.83333333333333,0.5,0.49999481187659,0.5,0.5,1727071498577
46,1.0,0.49683610065076,0.0,0.83333333333333,0.5,0.499996064247,0.5,0.5,1727071498594
46,1.0,0.50350756283291,0.0,0.83333333333333,0.5,0.50000009473457,0.5,0.5,1727071498610
46,1.0,0.52846817475254,0.0,0.83333333333333,0.5,0.49999530003418,0.5,0.5,1727071498627
46,1.0,0.53898439063833,0.0,0.83333333333333,0.5,0.5000001570489,0.5,0.5,1727071498644
46,1.0,0.54565229601196,0.0,0.83333333333333,0.5,0.4999957439334,0.5,0.5,1727071498661
46,1.0,0.56282027848082,0.0,0.83333333333333,0.5,0.49999668053711,0.5,0.5,1727071498677
46,1.0,0.56669770523072,0.0,0.83333333333333,0.5,0.49999635628267,0.5,0.5,1727071498727
46,1.0,0.57721176183166,0.0,0.83333333333333,0.5,0.49999216086791,0.5,0.5,1727071498744
46,1.0,0.59437934531455,0.0,0.83333333333333,0.5,0.49999339582377,0.5,0.5,1727071498761
46,1.0,0.60489073728998,0.0,0.83333333333333,0.5,0.50000101277088,0.5,0.5,1727071500192
46,1.0,0.60489073728998,0.0,0.83333333333333,0.5,0.50000101277088,0.5,0.5,1727071501189
47,0.33333333333333,0.33333333333333,0.16666666666667,0.5,0.5,0.5,0.5,0.5,1727071504722
47,0.33333333333333,0.33333333333333,0.18115586196607,0.5,0.5,0.5,0.4999982419293,0.5,1727071504769
47,0.33333333333333,0.33333333333333,0.18839316015081,0.5,0.5,0.5,0.49998762630734,0.5,1727071504783
47,0.33333333333333,0.33333333333333,0.19563094994323,0.5,0.5,0.5,0.49997156721436,0.5,1727071504794
47,0.33333333333333,0.33333333333333,0.22982371133965,0.5,0.5,0.5,0.4999745669294,0.5,1727071504810
47,0.33333333333333,0.33333333333333,0.25156424861319,0.5,0.5,0.5,0.49999066306579,0.5,1727071504827
47,0.33333333333333,0.33333333333333,0.28575845229405,0.5,0.5,0.5,0.49997800532053,0.5,1727071504844
47,0.33333333333333,0.33333333333333,0.30749886566103,0.5,0.5,0.5,0.49999351869404,0.5,1727071504860
47,0.33333333333333,0.33333333333333,0.33905773622611,0.5,0.5,0.5,0.4999768822191,0.5,1727071504877
47,0.33333333333333,0.33333333333333,0.36336860587085,0.5,0.5,0.5,0.49999062592992,0.5,1727071504894
47,0.33333333333333,0.33333333333333,0.39492441833861,0.5,0.5,0.5,0.50000045329946,0.5,1727071504910
47,0.33333333333333,0.33333333333333,0.43847402653511,0.5,0.5,0.5,0.49999905765923,0.5,1727071504927
47,0.33333333333333,0.33333333333333,0.49434349919916,0.5,0.5,0.5,0.49999814420919,0.5,1727071504943
47,0.33333333333333,0.33333333333333,0.51866452425385,0.5,0.5,0.5,0.49999499474241,0.5,1727071504960
47,0.33333333333333,0.33333333333333,0.5476434675208,0.5,0.5,0.5,0.49999146684824,0.5,1727071504977
47,0.33333333333333,0.33333333333333,0.59369106196014,0.5,0.5,0.5,0.49998297161033,0.5,1727071504993
47,0.33333333333333,0.33333333333333,0.60816336224962,0.5,0.5,0.5,0.49998642248389,0.5,1727071505010
47,0.33333333333333,0.33333333333333,0.63714067639627,0.5,0.5,0.5,0.49999316634667,0.5,1727071505027
47,0.33333333333333,0.33333333333333,0.67132367346969,0.5,0.5,0.5,0.5000029161903,0.5,1727071505044
47,0.33333333333333,0.33333333333333,0.68578992130562,0.5,0.5,0.5,0.49999380902986,0.5,1727071505060
47,0.33333333333333,0.33333333333333,0.70750816103036,0.5,0.5,0.5,0.4999894164125,0.5,1727071505077
47,0.33333333333333,0.33333333333333,0.71474477593538,0.5,0.5,0.5,0.49998837508986,0.5,1727071505094
47,0.33333333333333,0.33333333333333,0.72197366927894,0.5,0.5,0.5,0.49998484199944,0.5,1727071505110
47,0.33333333333333,0.33333333333333,0.73644509173245,0.5,0.5,0.5,0.49999248615262,0.5,1727071505127
47,0.33333333333333,0.33333333333333,0.73910557933666,0.5,0.5,0.5,0.49999227732862,0.5,1727071505195
47,0.33333333333333,0.33333333333333,0.74633545515812,0.5,0.5,0.5,0.49998362809221,0.5,1727071505291
47,0.33333333333333,0.33333333333333,0.76804973334321,0.5,0.5,0.5,0.50000013239899,0.5,1727071505327
47,0.33333333333333,0.33333333333333,0.77528145721514,0.5,0.5,0.5,0.49998221388962,0.5,1727071505344
47,0.33333333333333,0.33333333333333,0.78515403272469,0.5,0.5,0.5,0.49998096332682,0.5,1727071505394
47,0.33333333333333,0.33333333333333,0.80947123622017,0.5,0.5,0.5,0.4999979996285,0.5,1727071505410
47,0.33333333333333,0.33333333333333,0.81669999048246,0.5,0.5,0.5,0.49999539917925,0.5,1727071505427
47,0.33333333333333,0.33333333333333,0.83117319750961,0.5,0.5,0.5,0.49999357127577,0.5,1727071505444
47,0.33333333333333,0.33333333333333,0.83840185740481,0.5,0.5,0.5,0.49999150705197,0.5,1727071505460
47,0.33333333333333,0.33333333333333,0.84563021038854,0.5,0.5,0.5,0.49999093993793,0.5,1727071505477
47,0.33333333333333,0.33333333333333,0.86010268006588,0.5,0.5,0.5,0.4999927031144,0.5,1727071505494
47,0.33333333333333,0.33333333333333,0.8745727995639,0.5,0.5,0.5,0.50000538691757,0.5,1727071505510
47,0.33333333333333,0.33333333333333,0.89628546403619,0.5,0.5,0.5,0.49998954736711,0.5,1727071505527
47,0.33333333333333,0.33333333333333,0.93769102300902,0.5,0.5,0.5,0.49998612272034,0.5,1727071505544
47,0.33333333333333,0.33333333333333,0.95478249994769,0.5,0.5,0.5,0.49999004461608,0.5,1727071505560
47,0.33333333333333,0.33333333333333,0.962009045727,0.5,0.5,0.5,0.49999736473742,0.5,1727071505577
47,0.33333333333333,0.33333333333333,0.94756218816607,0.5,0.5,0.5,0.49999118906846,0.5,1727071505979
47,0.33333333333333,0.33333333333333,0.93312261939507,0.5,0.5,0.5,0.49998884181546,0.5,1727071506027
47,0.33333333333333,0.33333333333333,0.92856277590637,0.5,0.5,0.5,0.49998991629702,0.5,1727071506043
47,0.33333333333333,0.33333333333333,0.92133605604196,0.5,0.5,0.5,0.49998312112282,0.5,1727071506075
47,0.33333333333333,0.33333333333333,0.91411123797968,0.5,0.5,0.5,0.50000456758621,0.5,1727071506083
47,0.33333333333333,0.33333333333333,0.90955443741098,0.5,0.5,0.5,0.49999195152777,0.5,1727071506163
47,0.33333333333333,0.33333333333333,0.9023346927108,0.5,0.5,0.5,0.49999057061001,0.5,1727071506177
47,0.33333333333333,0.33333333333333,0.89510395137475,0.5,0.5,0.5,0.5000020515622,0.5,1727071506241
47,0.33333333333333,0.33333333333333,0.88787716524526,0.5,0.5,0.5,0.49999543910674,0.5,1727071506359
47,0.33333333333333,0.33333333333333,0.88065759833036,0.5,0.5,0.5,0.49999322889707,0.5,1727071506383
47,0.33333333333333,0.33333333333333,0.8734301960972,0.5,0.5,0.5,0.49998935237066,0.5,1727071506399
47,0.33333333333333,0.33333333333333,0.86887631530748,0.5,0.5,0.5,0.50000091297935,0.5,1727071506410
47,0.33333333333333,0.33333333333333,0.86887631530748,0.5,0.5,0.5,0.50000091297935,0.5,1727071508087
47,0.33333333333333,0.33333333333333,0.86887631530748,0.5,0.5,0.5,0.50000091297935,0.5,1727071509964
47,0.33333333333333,0.33333333333333,0.86887631530748,0.5,0.5,0.5,0.50000091297935,0.5,1727071510781
47,0.33333333333333,0.33333333333333,0.86887631530748,0.5,0.5,0.5,0.50000091297935,0.5,1727071511866
47,0.33333333333333,0.33333333333333,0.86887631530748,0.5,0.5,0.5,0.50000091297935,0.5,1727071512682
47,0.33333333333333,0.33333333333333,0.86887631530748,0.48671223623874,0.5,0.5,0.50000091297935,0.49999188720251,1727071512695
47,0.33333333333333,0.33333333333333,0.86887631530748,0.47621352903212,0.5,0.5,0.50000091297935,0.49999859127226,1727071512710
47,0.33333333333333,0.33333333333333,0.86887631530748,0.44973653182113,0.5,0.5,0.50000091297935,0.4999984795572,1727071512727
47,0.33333333333333,0.33333333333333,0.86887631530748,0.36390357877657,0.5,0.5,0.50000091297935,0.49999630575356,1727071512743
47,0.33333333333333,0.33333333333333,0.86887631530748,0.2742121375949,0.5,0.5,0.50000091297935,0.49999658501224,1727071512760
47,0.33333333333333,0.33333333333333,0.86887631530748,0.21887395296032,0.5,0.5,0.50000091297935,0.49999650756288,1727071512776
47,0.33333333333333,0.33333333333333,0.86887631530748,0.15686187126083,0.5,0.5,0.50000091297935,0.50000045096837,1727071512793
47,0.33333333333333,0.33333333333333,0.86887631530748,0.11201025354278,0.5,0.5,0.50000091297935,0.49999218553831,1727071512810
47,0.33333333333333,0.33333333333333,0.86887631530748,0.02902549023358,0.5,0.5,0.50000091297935,0.49998956915055,1727071512826
47,0.33333333333333,0.33333333333333,0.86887631530748,0.0,0.5,0.5,0.50000091297935,0.5,1727071512843
47,0.33333333333333,0.33333333333333,0.86887631530748,0.0,0.5,0.5,0.50000091297935,0.5,1727071512860
47,0.33333333333333,0.33333333333333,0.86887631530748,0.0,0.5,0.5,0.50000091297935,0.5,1727071512876
47,0.33333333333333,0.33333333333333,0.86887631530748,0.0,0.5,0.5,0.50000091297935,0.5,1727071512893
47,0.33333333333333,0.33333333333333,0.86887631530748,0.0,0.5,0.5,0.50000091297935,0.5,1727071512910
47,0.33333333333333,0.33333333333333,0.86887631530748,0.0,0.5,0.5,0.50000091297935,0.5,1727071512926
47,0.33333333333333,0.33333333333333,0.86887631530748,0.0,0.5,0.5,0.50000091297935,0.5,1727071512943
47,0.33333333333333,0.33333333333333,0.86887631530748,0.0,0.5,0.5,0.50000091297935,0.5,1727071512960
47,0.33333333333333,0.33333333333333,0.86887631530748,0.0,0.5,0.5,0.50000091297935,0.5,1727071512976
47,0.33333333333333,0.33333333333333,0.86887631530748,0.0,0.5,0.5,0.50000091297935,0.5,1727071512993
47,0.33333333333333,0.33333333333333,0.86887631530748,0.0,0.5,0.5,0.50000091297935,0.5,1727071513021
47,0.33333333333333,0.33333333333333,0.86887631530748,0.0,0.5,0.5,0.50000091297935,0.5,1727071513083
47,0.33333333333333,0.33333333333333,0.86887631530748,0.0,0.5,0.5,0.50000091297935,0.5,1727071516822
47,0.33333333333333,0.34384846919141,0.86887631530748,0.0,0.5,0.49999308942259,0.50000091297935,0.5,1727071516885
47,0.33333333333333,0.35436894448723,0.86887631530748,0.0,0.5,0.49999558301503,0.50000091297935,0.5,1727071516981
47,0.33333333333333,0.36103910344159,0.86887631530748,0.0,0.5,0.50000173436465,0.50000091297935,0.5,1727071517083
47,0.33333333333333,0.37155257453615,0.86887631530748,0.0,0.5,0.49999657913754,0.50000091297935,0.5,1727071517093
47,0.33333333333333,0.3754323902705,0.86887631530748,0.0,0.5,0.49999405044075,0.50000091297935,0.5,1727071517195
47,0.33333333333333,0.38210641061862,0.86887631530748,0.0,0.5,0.49999664503755,0.50000091297935,0.5,1727071517210
47,0.33333333333333,0.39262764526851,0.86887631530748,0.0,0.5,0.49999828050283,0.50000091297935,0.5,1727071517260
47,0.33333333333333,0.3992969951563,0.86887631530748,0.0,0.5,0.49999166537279,0.50000091297935,0.5,1727071517369
47,0.33333333333333,0.40981069790131,0.86887631530748,0.0,0.5,0.49999963109604,0.50000091297935,0.5,1727071517431
47,0.33333333333333,0.41648059921216,0.86887631530748,0.0,0.5,0.49999271685236,0.50000091297935,0.5,1727071517443
47,0.33333333333333,0.42430816724191,0.86887631530748,0.0,0.5,0.49999541875882,0.50000091297935,0.5,1727071517459
47,0.33333333333333,0.43481925331105,0.86887631530748,0.0,0.5,0.4999927568618,0.50000091297935,0.5,1727071517476
47,0.33333333333333,0.44149466412402,0.86887631530748,0.0,0.5,0.4999940325076,0.50000091297935,0.5,1727071517503
47,0.33333333333333,0.4625314111936,0.86887631530748,0.0,0.5,0.50000148727705,0.50000091297935,0.5,1727071517577
47,0.33333333333333,0.46641092882525,0.86887631530748,0.0,0.5,0.49999948252915,0.50000091297935,0.5,1727071517599
47,0.33333333333333,0.47976813380921,0.86887631530748,0.0,0.5,0.49999695445754,0.50000091297935,0.5,1727071517669
47,0.33333333333333,0.48365099079005,0.86887631530748,0.0,0.5,0.49999251134086,0.50000091297935,0.5,1727071517709
47,0.33333333333333,0.47699818276872,0.86887631530748,0.0,0.5,0.49999748908017,0.50000091297935,0.5,1727071518461
47,0.33333333333333,0.47699818276872,0.86887631530748,0.0,0.5,0.49999748908017,0.50000091297935,0.5,1727071518937
48,0.0,0.83333333333333,1.0,0.83333333333333,0.5,0.5,0.5,0.5,1727071525114
48,0.0,0.83333333333333,0.99739007737927,0.83333333333333,0.5,0.5,0.49999233391013,0.5,1727071525121
48,0.0,0.83333333333333,0.99016935083096,0.83333333333333,0.5,0.5,0.49999520728316,0.5,1727071525159
48,0.0,0.83333333333333,0.9685086802613,0.83333333333333,0.5,0.5,0.49999753322117,0.5,1727071525176
48,0.0,0.83333333333333,0.93243380825773,0.83333333333333,0.5,0.5,0.49999410980624,0.5,1727071525192
48,0.0,0.83333333333333,0.8819908209581,0.83333333333333,0.5,0.5,0.49999830144569,0.5,1727071525209
48,0.0,0.83333333333333,0.85312955322053,0.83333333333333,0.5,0.5,0.49998632798304,0.5,1727071525226
48,0.0,0.83333333333333,0.82426387753435,0.83333333333333,0.5,0.5,0.49999524164171,0.5,1727071525242
48,0.0,0.83333333333333,0.80260522265356,0.83333333333333,0.5,0.5,0.499987886675,0.5,1727071525259
48,0.0,0.83333333333333,0.79538402329014,0.83333333333333,0.5,0.5,0.4999936379618,0.5,1727071525276
48,0.0,0.83333333333333,0.78815523932875,0.83333333333333,0.5,0.5,0.49999642964597,0.5,1727071525292
48,0.0,0.83333333333333,0.77371669349494,0.83333333333333,0.5,0.5,0.49998854756451,0.5,1727071525309
48,0.0,0.83333333333333,0.76648824265738,0.83333333333333,0.5,0.5,0.49998964291588,0.5,1727071525327
48,0.0,0.83333333333333,0.75926573845559,0.83333333333333,0.5,0.5,0.50000239659435,0.5,1727071525351
48,0.0,0.83333333333333,0.75203846087527,0.83333333333333,0.5,0.5,0.4999974637567,0.5,1727071525367
48,0.0,0.83333333333333,0.74481219725578,0.83333333333333,0.5,0.5,0.49998711107002,0.5,1727071525376
48,0.0,0.83333333333333,0.73759087985318,0.83333333333333,0.5,0.5,0.49999382040312,0.5,1727071525392
48,0.0,0.83333333333333,0.72314540689674,0.83333333333333,0.5,0.5,0.49997870226881,0.5,1727071525409
48,0.0,0.83333333333333,0.71329638663187,0.83333333333333,0.5,0.5,0.49998547246645,0.5,1727071525426
48,0.0,0.83333333333333,0.70607473671932,0.83333333333333,0.5,0.5,0.49999421549117,0.5,1727071525487
48,0.0,0.83333333333333,0.69884656645583,0.83333333333333,0.5,0.5,0.49999388050483,0.5,1727071525495
48,0.0,0.83333333333333,0.69162567321056,0.83333333333333,0.5,0.5,0.49999860568591,0.5,1727071525557
48,0.0,0.83333333333333,0.68439973616858,0.83333333333333,0.5,0.5,0.49998575855581,0.5,1727071525613
48,0.0,0.83333333333333,0.67717277457775,0.83333333333333,0.5,0.5,0.49997850957805,0.5,1727071525659
48,0.0,0.83333333333333,0.66995052995003,0.83333333333333,0.5,0.5,0.49999093329424,0.5,1727071525677
48,0.0,0.83333333333333,0.66272125045663,0.83333333333333,0.5,0.5,0.49999693602656,0.5,1727071525693
48,0.0,0.83333333333333,0.65550198934108,0.83333333333333,0.5,0.5,0.4999924161129,0.5,1727071525709
48,0.0,0.83333333333333,0.64827452645371,0.83333333333333,0.5,0.5,0.49998791569725,0.5,1727071525731
48,0.0,0.83333333333333,0.64105213124493,0.83333333333333,0.5,0.5,0.50000170550803,0.5,1727071525742
48,0.0,0.83333333333333,0.63382477991637,0.83333333333333,0.5,0.5,0.49999654509273,0.5,1727071525792
48,0.0,0.83333333333333,0.62660465402821,0.83333333333333,0.5,0.5,0.49999704938812,0.5,1727071525842
48,0.0,0.83333333333333,0.61937760500174,0.83333333333333,0.5,0.5,0.49998993996858,0.5,1727071525860
48,0.0,0.83333333333333,0.61215767081917,0.83333333333333,0.5,0.5,0.49998923064916,0.5,1727071525876
48,0.0,0.83333333333333,0.60492761157567,0.83333333333333,0.5,0.5,0.500000410613,0.5,1727071525892
48,0.0,0.83333333333333,0.59770763770403,0.83333333333333,0.5,0.5,0.50000002404545,0.5,1727071525909
48,0.0,0.83333333333333,0.59316615081391,0.83333333333333,0.5,0.5,0.49998923550486,0.5,1727071525961
48,0.0,0.83333333333333,0.58593660853674,0.83333333333333,0.5,0.5,0.49999742443977,0.5,1727071525985
48,0.0,0.83333333333333,0.57871896468897,0.83333333333333,0.5,0.5,0.49998224994758,0.5,1727071526001
48,0.0,0.83333333333333,0.57149116027226,0.83333333333333,0.5,0.5,0.49997942097074,0.5,1727071526025
48,0.0,0.83333333333333,0.56695368533225,0.83333333333333,0.5,0.5,0.49999498128833,0.5,1727071526033
48,0.0,0.83333333333333,0.55973489142255,0.83333333333333,0.5,0.5,0.49998688183092,0.5,1727071526076
48,0.0,0.83333333333333,0.55250458283452,0.83333333333333,0.5,0.5,0.5000004012931,0.5,1727071526103
48,0.0,0.83333333333333,0.5551668083562,0.83333333333333,0.5,0.5,0.4999887926382,0.5,1727071526111
48,0.0,0.83333333333333,0.54794689915193,0.83333333333333,0.5,0.5,0.4999878516059,0.5,1727071526127
48,0.0,0.83333333333333,0.54071737467505,0.83333333333333,0.5,0.5,0.49999637805519,0.5,1727071526151
48,0.0,0.83333333333333,0.53349597336329,0.83333333333333,0.5,0.5,0.50000548262412,0.5,1727071526159
48,0.0,0.83333333333333,0.52627081738113,0.83333333333333,0.5,0.5,0.49998480280314,0.5,1727071526209
48,0.0,0.83333333333333,0.5289408029741,0.83333333333333,0.5,0.5,0.49997572605895,0.5,1727071526226
48,0.0,0.83333333333333,0.5217098475714,0.83333333333333,0.5,0.5,0.49999407825683,0.5,1727071526247
48,0.0,0.83333333333333,0.51448983203384,0.83333333333333,0.5,0.5,0.49999387579332,0.5,1727071526263
48,0.0,0.83333333333333,0.50726987204454,0.83333333333333,0.5,0.5,0.49999328456654,0.5,1727071526279
48,0.0,0.83333333333333,0.50273257619373,0.83333333333333,0.5,0.5,0.50000900792848,0.5,1727071526365
48,0.0,0.83333333333333,0.48829430413625,0.83333333333333,0.5,0.5,0.49999637865878,0.5,1727071526413
48,0.0,0.83333333333333,0.4810731991753,0.83333333333333,0.5,0.5,0.50000400901716,0.5,1727071526429
48,0.0,0.83333333333333,0.4837356016834,0.83333333333333,0.5,0.5,0.49998999138288,0.5,1727071526442
48,0.0,0.83333333333333,0.46930276919858,0.83333333333333,0.5,0.5,0.49999668200914,0.5,1727071526459
48,0.0,0.83333333333333,0.46207522433378,0.83333333333333,0.5,0.5,0.49999165214138,0.5,1727071526509
48,0.0,0.83333333333333,0.44764253632748,0.83333333333333,0.5,0.5,0.49999749818614,0.5,1727071526559
48,0.0,0.83333333333333,0.43320335520634,0.83333333333333,0.5,0.5,0.49999058941139,0.5,1727071526576
48,0.0,0.83333333333333,0.42867747378703,0.83333333333333,0.5,0.5,0.49998304948122,0.5,1727071526592
48,0.0,0.83333333333333,0.42145845949985,0.83333333333333,0.5,0.5,0.49997487610121,0.5,1727071526609
48,0.0,0.83333333333333,0.41422877755602,0.83333333333333,0.5,0.5,0.49998612876089,0.5,1727071526626
48,0.0,0.83333333333333,0.40700724205199,0.83333333333333,0.5,0.5,0.49999794510559,0.5,1727071526642
48,0.0,0.83333333333333,0.39978744151892,0.83333333333333,0.5,0.5,0.49999601362809,0.5,1727071526659
48,0.0,0.83333333333333,0.39256143367675,0.83333333333333,0.5,0.5,0.4999778807444,0.5,1727071526676
48,0.0,0.83333333333333,0.3781275741244,0.83333333333333,0.5,0.5,0.49999384396182,0.5,1727071526692
48,0.0,0.83333333333333,0.37090821924016,0.83333333333333,0.5,0.5,0.49998800885483,0.5,1727071526713
48,0.0,0.83333333333333,0.36367965986432,0.83333333333333,0.5,0.5,0.49999074487565,0.5,1727071526729
48,0.0,0.83333333333333,0.34924676816417,0.83333333333333,0.5,0.5,0.49999931261555,0.5,1727071526745
48,0.0,0.83333333333333,0.34202752998992,0.83333333333333,0.5,0.5,0.49999222507494,0.5,1727071526761
48,0.0,0.83333333333333,0.33480141497538,0.83333333333333,0.5,0.5,0.49997321614899,0.5,1727071526776
48,0.0,0.83333333333333,0.32310939444703,0.83333333333333,0.5,0.5,0.49999498196544,0.5,1727071526792
48,0.0,0.83333333333333,0.31589044692172,0.83333333333333,0.5,0.5,0.49998481684451,0.5,1727071526809
48,0.0,0.83333333333333,0.30867052866901,0.83333333333333,0.5,0.5,0.49998350638424,0.5,1727071526841
48,0.0,0.83333333333333,0.30145066330208,0.83333333333333,0.5,0.5,0.49998165839584,0.5,1727071526920
48,0.0,0.83333333333333,0.30412607440557,0.83333333333333,0.5,0.5,0.49999505415094,0.5,1727071528108
48,0.0,0.83333333333333,0.30680335601285,0.83333333333333,0.5,0.5,0.49999069385074,0.5,1727071528115
48,0.0,0.83333333333333,0.31404158184401,0.83333333333333,0.5,0.5,0.49997391030018,0.5,1727071528159
48,0.0,0.83333333333333,0.32391238122346,0.83333333333333,0.5,0.5,0.49998803620617,0.5,1727071528176
48,0.0,0.83333333333333,0.33114763428748,0.83333333333333,0.5,0.5,0.49999862089651,0.5,1727071528243
48,0.0,0.83333333333333,0.33382522751528,0.83333333333333,0.5,0.5,0.49999164528172,0.5,1727071528260
48,0.0,0.83333333333333,0.34106232539359,0.83333333333333,0.5,0.5,0.49998563069196,0.5,1727071528309
48,0.0,0.83333333333333,0.34829236440937,0.83333333333333,0.5,0.5,0.49996987642024,0.5,1727071528359
48,0.0,0.83333333333333,0.35552592151743,0.83333333333333,0.5,0.5,0.49999494796225,0.5,1727071528376
48,0.0,0.83333333333333,0.35552592151743,0.83333333333333,0.5,0.5,0.49999494796225,0.5,1727071530025
48,0.0,0.83333333333333,0.35552592151743,0.83333333333333,0.5,0.5,0.49999494796225,0.5,1727071532196
48,0.0,0.83333333333333,0.35552592151743,0.83333333333333,0.5,0.5,0.49999494796225,0.5,1727071533130
48,0.0,0.83333333333333,0.35552592151743,0.83333333333333,0.5,0.5,0.49999494796225,0.5,1727071533866
48,0.00668543805397,0.83333333333333,0.35552592151743,0.83333333333333,0.49998524479206,0.5,0.49999494796225,0.5,1727071533977
48,0.01337517224227,0.83333333333333,0.35552592151743,0.83333333333333,0.49998023234949,0.5,0.49999494796225,0.5,1727071533992
48,0.075181623556,0.83333333333333,0.35552592151743,0.83333333333333,0.49999492749912,0.5,0.49999494796225,0.5,1727071534009
48,0.0962403122014,0.83333333333333,0.35552592151743,0.83333333333333,0.49999069814676,0.5,0.49999494796225,0.5,1727071534025
48,0.10292583212288,0.83333333333333,0.35552592151743,0.83333333333333,0.50000430407503,0.5,0.49999494796225,0.5,1727071534042
48,0.12678065496575,0.83333333333333,0.35552592151743,0.83333333333333,0.49999420485863,0.5,0.49999494796225,0.5,1727071534059
48,0.13730765676472,0.83333333333333,0.35552592151743,0.83333333333333,0.49999994940496,0.5,0.49999494796225,0.5,1727071534075
48,0.15447989976716,0.83333333333333,0.35552592151743,0.83333333333333,0.50000405739152,0.5,0.49999494796225,0.5,1727071534092
48,0.16787497177597,0.83333333333333,0.35552592151743,0.83333333333333,0.49999742552313,0.5,0.49999494796225,0.5,1727071534109
48,0.1850415054115,0.83333333333333,0.35552592151743,0.83333333333333,0.4999941090198,0.5,0.49999494796225,0.5,1727071534125
48,0.19172056695736,0.83333333333333,0.35552592151743,0.83333333333333,0.49999686720972,0.5,0.49999494796225,0.5,1727071534142
48,0.20224038307037,0.83333333333333,0.35552592151743,0.83333333333333,0.49999296479847,0.5,0.49999494796225,0.5,1727071534192
48,0.20891434248433,0.83333333333333,0.35552592151743,0.83333333333333,0.49998950661742,0.5,0.49999494796225,0.5,1727071534209
48,0.21558990163796,0.83333333333333,0.35552592151743,0.83333333333333,0.49998804196802,0.5,0.49999494796225,0.5,1727071534225
48,0.2222682941149,0.83333333333333,0.35552592151743,0.83333333333333,0.4999899264663,0.5,0.49999494796225,0.5,1727071534242
48,0.2327829453072,0.83333333333333,0.35552592151743,0.83333333333333,0.49999809280239,0.5,0.49999494796225,0.5,1727071534259
48,0.24616859572989,0.83333333333333,0.35552592151743,0.83333333333333,0.49999929436156,0.5,0.49999494796225,0.5,1727071534275
48,0.25284247978951,0.83333333333333,0.35552592151743,0.83333333333333,0.49999597166886,0.5,0.49999494796225,0.5,1727071534292
48,0.26622437110199,0.83333333333333,0.35552592151743,0.83333333333333,0.49999316676868,0.5,0.49999494796225,0.5,1727071534308
48,0.29007435231161,0.83333333333333,0.35552592151743,0.83333333333333,0.49999737566074,0.5,0.49999494796225,0.5,1727071534325
48,0.30345620967584,0.83333333333333,0.35552592151743,0.83333333333333,0.49999469168798,0.5,0.49999494796225,0.5,1727071534342
48,0.31013645565323,0.83333333333333,0.35552592151743,0.83333333333333,0.49999802565399,0.5,0.49999494796225,0.5,1727071534359
48,0.32064719226496,0.83333333333333,0.35552592151743,0.83333333333333,0.50000100326454,0.5,0.49999494796225,0.5,1727071534375
48,0.3340169430376,0.83333333333333,0.35552592151743,0.83333333333333,0.499986947622,0.5,0.49999494796225,0.5,1727071534392
48,0.3578729905145,0.83333333333333,0.35552592151743,0.83333333333333,0.49999643323902,0.5,0.49999494796225,0.5,1727071534409
48,0.37796103574806,0.83333333333333,0.35552592151743,0.83333333333333,0.49999280502842,0.5,0.49999494796225,0.5,1727071534425
48,0.38847494665897,0.83333333333333,0.35552592151743,0.83333333333333,0.49999829334432,0.5,0.49999494796225,0.5,1727071534442
48,0.39899041822101,0.83333333333333,0.35552592151743,0.83333333333333,0.4999918600884,0.5,0.49999494796225,0.5,1727071534459
48,0.41236045558993,0.83333333333333,0.35552592151743,0.83333333333333,0.49999269578888,0.5,0.49999494796225,0.5,1727071534475
48,0.41902801297801,0.83333333333333,0.35552592151743,0.83333333333333,0.4999977286409,0.5,0.49999494796225,0.5,1727071534492
48,0.44288088834108,0.83333333333333,0.35552592151743,0.83333333333333,0.50000315517816,0.5,0.49999494796225,0.5,1727071534509
48,0.46004912691857,0.83333333333333,0.35552592151743,0.83333333333333,0.50000230848759,0.5,0.49999494796225,0.5,1727071534525
48,0.47056787686446,0.83333333333333,0.35552592151743,0.83333333333333,0.49999896408507,0.5,0.49999494796225,0.5,1727071534542
48,0.47723471615222,0.83333333333333,0.35552592151743,0.83333333333333,0.49999132886872,0.5,0.49999494796225,0.5,1727071534559
48,0.49440873066004,0.83333333333333,0.35552592151743,0.83333333333333,0.49999507189639,0.5,0.49999494796225,0.5,1727071534575
48,0.5220865042592,0.83333333333333,0.35552592151743,0.83333333333333,0.49999585589907,0.5,0.49999494796225,0.5,1727071534592
48,0.53544886089827,0.83333333333333,0.35552592151743,0.83333333333333,0.50000190015578,0.5,0.49999494796225,0.5,1727071534609
48,0.5526183325218,0.83333333333333,0.35552592151743,0.83333333333333,0.50000202495372,0.5,0.49999494796225,0.5,1727071534625
48,0.56597880786285,0.83333333333333,0.35552592151743,0.83333333333333,0.49999607605207,0.5,0.49999494796225,0.5,1727071534649
48,0.57648682828819,0.83333333333333,0.35552592151743,0.83333333333333,0.49999634482117,0.5,0.49999494796225,0.5,1727071534659
48,0.5965506603179,0.83333333333333,0.35552592151743,0.83333333333333,0.499997925175,0.5,0.49999494796225,0.5,1727071534675
48,0.61371940438993,0.83333333333333,0.35552592151743,0.83333333333333,0.49999765574895,0.5,0.49999494796225,0.5,1727071534692
48,0.6203950134406,0.83333333333333,0.35552592151743,0.83333333333333,0.49999684139169,0.5,0.49999494796225,0.5,1727071534709
48,0.62705915299946,0.83333333333333,0.35552592151743,0.83333333333333,0.49999850047194,0.5,0.49999494796225,0.5,1727071534725
48,0.63757756529838,0.83333333333333,0.35552592151743,0.83333333333333,0.49999562075294,0.5,0.49999494796225,0.5,1727071534742
48,0.66810584251438,0.83333333333333,0.35552592151743,0.83333333333333,0.49999888918593,0.5,0.49999494796225,0.5,1727071534759
48,0.69195274577064,0.83333333333333,0.35552592151743,0.83333333333333,0.49999935594093,0.5,0.49999494796225,0.5,1727071534775
48,0.71579416654775,0.83333333333333,0.35552592151743,0.83333333333333,0.49999666993841,0.5,0.49999494796225,0.5,1727071534792
48,0.71197700718877,0.83333333333333,0.35552592151743,0.83333333333333,0.49999563958008,0.5,0.49999494796225,0.5,1727071536003
48,0.70532215125335,0.83333333333333,0.35552592151743,0.83333333333333,0.49999946578384,0.5,0.49999494796225,0.5,1727071536042
48,0.70149744473701,0.83333333333333,0.35552592151743,0.83333333333333,0.49999406221002,0.5,0.49999494796225,0.5,1727071536059
48,0.69484567812141,0.83333333333333,0.35552592151743,0.83333333333333,0.49999972240879,0.5,0.49999494796225,0.5,1727071536091
48,0.68433992495679,0.83333333333333,0.35552592151743,0.83333333333333,0.50000086352366,0.5,0.49999494796225,0.5,1727071536155
48,0.67768520258512,0.83333333333333,0.35552592151743,0.83333333333333,0.49999577738665,0.5,0.49999494796225,0.5,1727071536169
48,0.67102849730695,0.83333333333333,0.35552592151743,0.83333333333333,0.49999864002283,0.5,0.49999494796225,0.5,1727071536177
48,0.66053523079791,0.83333333333333,0.35552592151743,0.83333333333333,0.49999804378609,0.5,0.49999494796225,0.5,1727071536273
48,0.65387963089771,0.83333333333333,0.35552592151743,0.83333333333333,0.500001651657,0.5,0.49999494796225,0.5,1727071536308
48,0.65775156321241,0.83333333333333,0.35552592151743,0.83333333333333,0.49999861343985,0.5,0.49999494796225,0.5,1727071536551
48,0.66440938308577,0.83333333333333,0.35552592151743,0.83333333333333,0.49999638146728,0.5,0.49999494796225,0.5,1727071536559
48,0.66828560802668,0.83333333333333,0.35552592151743,0.83333333333333,0.49999597758729,0.5,0.49999494796225,0.5,1727071536637
48,0.6721534827722,0.83333333333333,0.35552592151743,0.83333333333333,0.49999978274459,0.5,0.49999494796225,0.5,1727071537809
48,0.66550214169359,0.83333333333333,0.35552592151743,0.83333333333333,0.49999665733496,0.5,0.49999494796225,0.5,1727071538347
48,0.66550214169359,0.83333333333333,0.35552592151743,0.83333333333333,0.49999665733496,0.5,0.49999494796225,0.5,1727071538665
48,0.66550214169359,0.83333333333333,0.35552592151743,0.83333333333333,0.49999665733496,0.5,0.49999494796225,0.5,1727071539354
48,0.66550214169359,0.83333333333333,0.35552592151743,0.83333333333333,0.49999665733496,0.5,0.49999494796225,0.5,1727071540258
48,0.66550214169359,0.83333333333333,0.35552592151743,0.83333333333333,0.49999665733496,0.5,0.49999494796225,0.5,1727071541343
48,0.66550214169359,0.83333333333333,0.35552592151743,0.83333333333333,0.49999665733496,0.5,0.49999494796225,0.5,1727071542166
48,0.66550214169359,0.82950882331806,0.35552592151743,0.83333333333333,0.49999665733496,0.49999942236821,0.49999494796225,0.5,1727071542237
48,0.66550214169359,0.81900835008506,0.35552592151743,0.83333333333333,0.49999665733496,0.49999569354421,0.49999494796225,0.5,1727071542253
48,0.66550214169359,0.80570771966526,0.35552592151743,0.83333333333333,0.49999665733496,0.4999999857129,0.49999494796225,0.5,1727071542261
48,0.66550214169359,0.78189112195472,0.35552592151743,0.83333333333333,0.49999665733496,0.50000063352761,0.49999494796225,0.5,1727071542275
48,0.66550214169359,0.72106344265071,0.35552592151743,0.83333333333333,0.49999665733496,0.49999891888198,0.49999494796225,0.5,1727071542292
48,0.66550214169359,0.64709986583655,0.35552592151743,0.83333333333333,0.49999665733496,0.50000480990586,0.49999494796225,0.5,1727071542308
48,0.66550214169359,0.56013301665968,0.35552592151743,0.83333333333333,0.49999665733496,0.5000037054685,0.49999494796225,0.5,1727071542325
48,0.66550214169359,0.46913584622182,0.35552592151743,0.83333333333333,0.49999665733496,0.50000200504599,0.49999494796225,0.5,1727071542342
48,0.66550214169359,0.41099748187254,0.35552592151743,0.83333333333333,0.49999665733496,0.50000210033669,0.49999494796225,0.5,1727071542358
48,0.66550214169359,0.40434486675964,0.35552592151743,0.83333333333333,0.49999665733496,0.50000756575174,0.49999494796225,0.5,1727071542375
48,0.66550214169359,0.39106920529626,0.35552592151743,0.83333333333333,0.49999665733496,0.50000663741759,0.49999494796225,0.5,1727071542392
48,0.66550214169359,0.37007991511071,0.35552592151743,0.83333333333333,0.49999665733496,0.49999733970839,0.49999494796225,0.5,1727071542408
48,0.66550214169359,0.36343167558036,0.35552592151743,0.83333333333333,0.49999665733496,0.49999918540788,0.49999494796225,0.5,1727071542425
48,0.66550214169359,0.35292592082838,0.35552592151743,0.83333333333333,0.49999665733496,0.49999739947157,0.49999494796225,0.5,1727071542441
48,0.66550214169359,0.33193570765223,0.35552592151743,0.83333333333333,0.49999665733496,0.500002609048,0.49999494796225,0.5,1727071542491
48,0.66550214169359,0.31477390670489,0.35552592151743,0.83333333333333,0.49999665733496,0.4999954353859,0.49999494796225,0.5,1727071542508
48,0.66550214169359,0.30050174045997,0.35552592151743,0.83333333333333,0.49999665733496,0.49999055308606,0.49999494796225,0.5,1727071542525
48,0.66550214169359,0.2872295607308,0.35552592151743,0.83333333333333,0.49999665733496,0.50000124021695,0.49999494796225,0.5,1727071542542
48,0.66550214169359,0.28343305871293,0.35552592151743,0.83333333333333,0.49999665733496,0.49999763371094,0.49999494796225,0.5,1727071542558
48,0.66550214169359,0.27677835334033,0.35552592151743,0.83333333333333,0.49999665733496,0.5000065539002,0.49999494796225,0.5,1727071542577
48,0.66550214169359,0.27297556518676,0.35552592151743,0.83333333333333,0.49999665733496,0.49999332217289,0.49999494796225,0.5,1727071542593
48,0.66550214169359,0.26632715671774,0.35552592151743,0.83333333333333,0.49999665733496,0.4999956436424,0.49999494796225,0.5,1727071542608
48,0.66550214169359,0.24162104392551,0.35552592151743,0.83333333333333,0.49999665733496,0.49999365337331,0.49999494796225,0.5,1727071542625
48,0.66550214169359,0.21394355318726,0.35552592151743,0.83333333333333,0.49999665733496,0.49999394933282,0.49999494796225,0.5,1727071542642
48,0.66550214169359,0.1960330984104,0.35552592151743,0.83333333333333,0.49999665733496,0.49999712096937,0.49999494796225,0.5,1727071542658
48,0.66550214169359,0.18553822316772,0.35552592151743,0.83333333333333,0.49999665733496,0.50000030174318,0.49999494796225,0.5,1727071542675
48,0.66550214169359,0.16837016648122,0.35552592151743,0.83333333333333,0.49999665733496,0.49999876691768,0.49999494796225,0.5,1727071542691
48,0.66550214169359,0.16457631965573,0.35552592151743,0.83333333333333,0.49999665733496,0.49999057279283,0.49999494796225,0.5,1727071542708
48,0.66550214169359,0.154074549761,0.35552592151743,0.83333333333333,0.49999665733496,0.50000323821168,0.49999494796225,0.5,1727071542725
48,0.66550214169359,0.1435813335106,0.35552592151743,0.83333333333333,0.49999665733496,0.50000459725669,0.49999494796225,0.5,1727071542741
48,0.66550214169359,0.13308579557892,0.35552592151743,0.83333333333333,0.49999665733496,0.49998723093391,0.49999494796225,0.5,1727071542792
48,0.66550214169359,0.12644445912949,0.35552592151743,0.83333333333333,0.49999665733496,0.50000248203134,0.49999494796225,0.5,1727071542841
48,0.66550214169359,0.1159435187263,0.35552592151743,0.83333333333333,0.49999665733496,0.49999238088052,0.49999494796225,0.5,1727071542858
48,0.66550214169359,0.10930522833314,0.35552592151743,0.83333333333333,0.49999665733496,0.5000037808018,0.49999494796225,0.5,1727071542875
48,0.66550214169359,0.09880939067971,0.35552592151743,0.83333333333333,0.49999665733496,0.49998515713726,0.49999494796225,0.5,1727071542891
48,0.66550214169359,0.08831066358931,0.35552592151743,0.83333333333333,0.49999665733496,0.49999515784969,0.49999494796225,0.5,1727071542908
48,0.66550214169359,0.07781178305194,0.35552592151743,0.83333333333333,0.49999665733496,0.50000605728559,0.49999494796225,0.5,1727071542925
48,0.66550214169359,0.06064429845039,0.35552592151743,0.83333333333333,0.49999665733496,0.50000329294406,0.49999494796225,0.5,1727071542941
48,0.66550214169359,0.05015659448278,0.35552592151743,0.83333333333333,0.49999665733496,0.49999495186551,0.49999494796225,0.5,1727071542958
48,0.66550214169359,0.04351890804914,0.35552592151743,0.83333333333333,0.49999665733496,0.50000783058935,0.49999494796225,0.5,1727071542975
48,0.66550214169359,0.02635450887579,0.35552592151743,0.83333333333333,0.49999665733496,0.4999986778662,0.49999494796225,0.5,1727071542992
48,0.66550214169359,0.01971030712255,0.35552592151743,0.83333333333333,0.49999665733496,0.49999465492923,0.49999494796225,0.5,1727071543008
48,0.66550214169359,6.35367326e-06,0.35552592151743,0.83333333333333,0.49999665733496,0.49998598856069,0.49999494796225,0.5,1727071543025
48,0.66550214169359,6.35367326e-06,0.35552592151743,0.83333333333333,0.49999665733496,0.49998598856069,0.49999494796225,0.5,1727071543045
48,0.66550214169359,6.35367326e-06,0.35552592151743,0.83333333333333,0.49999665733496,0.49998598856069,0.49999494796225,0.5,1727071543061
48,0.66550214169359,6.35367326e-06,0.35552592151743,0.83333333333333,0.49999665733496,0.49998598856069,0.49999494796225,0.5,1727071543077
48,0.66550214169359,6.35367326e-06,0.35552592151743,0.83333333333333,0.49999665733496,0.49998598856069,0.49999494796225,0.5,1727071543091
48,0.66550214169359,6.35367326e-06,0.35552592151743,0.83333333333333,0.49999665733496,0.49998598856069,0.49999494796225,0.5,1727071543108
48,0.66550214169359,6.35367326e-06,0.35552592151743,0.83333333333333,0.49999665733496,0.49998598856069,0.49999494796225,0.5,1727071543125
48,0.66550214169359,6.35367326e-06,0.35552592151743,0.83333333333333,0.49999665733496,0.49998598856069,0.49999494796225,0.5,1727071543142
48,0.66550214169359,6.35367326e-06,0.35552592151743,0.83333333333333,0.49999665733496,0.49998598856069,0.49999494796225,0.5,1727071543158
48,0.66550214169359,6.35367326e-06,0.35552592151743,0.83333333333333,0.49999665733496,0.49998598856069,0.49999494796225,0.5,1727071543179
48,0.66550214169359,6.35367326e-06,0.35552592151743,0.83333333333333,0.49999665733496,0.49998598856069,0.49999494796225,0.5,1727071543195
48,0.66550214169359,6.35367326e-06,0.35552592151743,0.83333333333333,0.49999665733496,0.49998598856069,0.49999494796225,0.5,1727071543211
48,0.66550214169359,6.35367326e-06,0.35552592151743,0.83333333333333,0.49999665733496,0.49998598856069,0.49999494796225,0.5,1727071543225
48,0.66550214169359,6.35367326e-06,0.35552592151743,0.83333333333333,0.49999665733496,0.49998598856069,0.49999494796225,0.5,1727071543242
48,0.66550214169359,6.35367326e-06,0.35552592151743,0.83333333333333,0.49999665733496,0.49998598856069,0.49999494796225,0.5,1727071543258
48,0.66550214169359,6.35367326e-06,0.35552592151743,0.83333333333333,0.49999665733496,0.49998598856069,0.49999494796225,0.5,1727071543275
48,0.66550214169359,6.35367326e-06,0.35552592151743,0.83333333333333,0.49999665733496,0.49998598856069,0.49999494796225,0.5,1727071543292
48,0.66550214169359,6.35367326e-06,0.35552592151743,0.83333333333333,0.49999665733496,0.49998598856069,0.49999494796225,0.5,1727071543308
48,0.66550214169359,6.35367326e-06,0.35552592151743,0.83333333333333,0.49999665733496,0.49998598856069,0.49999494796225,0.5,1727071543325
48,0.66550214169359,6.35367326e-06,0.35552592151743,0.83333333333333,0.49999665733496,0.49998598856069,0.49999494796225,0.5,1727071543341
48,0.66550214169359,6.35367326e-06,0.35552592151743,0.83333333333333,0.49999665733496,0.49998598856069,0.49999494796225,0.5,1727071543358
48,0.66550214169359,6.35367326e-06,0.35552592151743,0.83333333333333,0.49999665733496,0.49998598856069,0.49999494796225,0.5,1727071543375
48,0.66550214169359,6.35367326e-06,0.35552592151743,0.83333333333333,0.49999665733496,0.49998598856069,0.49999494796225,0.5,1727071543391
48,0.66550214169359,6.35367326e-06,0.35552592151743,0.83333333333333,0.49999665733496,0.49998598856069,0.49999494796225,0.5,1727071543408
48,0.66550214169359,6.35367326e-06,0.35552592151743,0.83333333333333,0.49999665733496,0.49998598856069,0.49999494796225,0.5,1727071543425
48,0.66550214169359,6.35367326e-06,0.35552592151743,0.83333333333333,0.49999665733496,0.49998598856069,0.49999494796225,0.5,1727071543441
48,0.66550214169359,6.35367326e-06,0.35552592151743,0.83333333333333,0.49999665733496,0.49998598856069,0.49999494796225,0.5,1727071543458
48,0.66550214169359,6.35367326e-06,0.35552592151743,0.83333333333333,0.49999665733496,0.49998598856069,0.49999494796225,0.5,1727071543475
48,0.66550214169359,6.35367326e-06,0.35552592151743,0.83333333333333,0.49999665733496,0.49998598856069,0.49999494796225,0.5,1727071543491
48,0.66550214169359,6.35367326e-06,0.35552592151743,0.83333333333333,0.49999665733496,0.49998598856069,0.49999494796225,0.5,1727071543508
48,0.66550214169359,6.35367326e-06,0.35552592151743,0.83333333333333,0.49999665733496,0.49998598856069,0.49999494796225,0.5,1727071543525
48,0.66550214169359,6.35367326e-06,0.35552592151743,0.83333333333333,0.49999665733496,0.49998598856069,0.49999494796225,0.5,1727071543541
48,0.66550214169359,6.35367326e-06,0.35552592151743,0.83333333333333,0.49999665733496,0.49998598856069,0.49999494796225,0.5,1727071543558
48,0.66550214169359,6.35367326e-06,0.35552592151743,0.83333333333333,0.49999665733496,0.49998598856069,0.49999494796225,0.5,1727071543575
48,0.66550214169359,6.35367326e-06,0.35552592151743,0.83333333333333,0.49999665733496,0.49998598856069,0.49999494796225,0.5,1727071543591
48,0.66550214169359,6.35367326e-06,0.35552592151743,0.83333333333333,0.49999665733496,0.49998598856069,0.49999494796225,0.5,1727071543608
48,0.66550214169359,6.35367326e-06,0.35552592151743,0.83333333333333,0.49999665733496,0.49998598856069,0.49999494796225,0.5,1727071543639
48,0.66550214169359,6.35367326e-06,0.35552592151743,0.83333333333333,0.49999665733496,0.49998598856069,0.49999494796225,0.5,1727071543701
48,0.66550214169359,6.35367326e-06,0.35552592151743,0.83333333333333,0.49999665733496,0.49998598856069,0.49999494796225,0.5,1727071546349
48,0.65885099563218,6.35367326e-06,0.35552592151743,0.83333333333333,0.5000029371307,0.49998598856069,0.49999494796225,0.5,1727071546379
48,0.65219686302076,6.35367326e-06,0.35552592151743,0.83333333333333,0.49999808300342,0.49998598856069,0.49999494796225,0.5,1727071546934
48,0.64460396176955,6.35367326e-06,0.35552592151743,0.83333333333333,0.50000244156801,0.49998598856069,0.49999494796225,0.5,1727071546973
48,0.64460396176955,6.35367326e-06,0.35552592151743,0.83333333333333,0.50000244156801,0.49998598856069,0.49999494796225,0.5,1727071546974
48,0.64460396176955,6.35367326e-06,0.35552592151743,0.83333333333333,0.50000244156801,0.49998598856069,0.49999494796225,0.5,1727071549920
48,0.64460396176955,6.35367326e-06,0.35552592151743,0.82951141308031,0.50000244156801,0.49998598856069,0.49999494796225,0.50000190027475,1727071550061
48,0.64460396176955,6.35367326e-06,0.35552592151743,0.82568517622707,0.50000244156801,0.49998598856069,0.49999494796225,0.50000423004277,1727071550085
48,0.64460396176955,6.35367326e-06,0.35552592151743,0.82185852153819,0.50000244156801,0.49998598856069,0.49999494796225,0.49999844819278,1727071550101
48,0.64460396176955,6.35367326e-06,0.35552592151743,0.81520808452577,0.50000244156801,0.49998598856069,0.49999494796225,0.50000418437217,1727071550109
48,0.64460396176955,6.35367326e-06,0.35552592151743,0.81137383233774,0.50000244156801,0.49998598856069,0.49999494796225,0.50000239027546,1727071550125
48,0.64460396176955,6.35367326e-06,0.35552592151743,0.80472789517956,0.50000244156801,0.49998598856069,0.49999494796225,0.50000251860411,1727071550174
48,0.64460396176955,6.35367326e-06,0.35552592151743,0.80089351233828,0.50000244156801,0.49998598856069,0.49999494796225,0.50000063199176,1727071550191
48,0.64460396176955,6.35367326e-06,0.35552592151743,0.79424292238282,0.50000244156801,0.49998598856069,0.49999494796225,0.49999829388358,1727071550208
48,0.64460396176955,6.35367326e-06,0.35552592151743,0.77993754467284,0.50000244156801,0.49998598856069,0.49999494796225,0.49999950919881,1727071550224
48,0.64460396176955,6.35367326e-06,0.35552592151743,0.77611366102228,0.50000244156801,0.49998598856069,0.49999494796225,0.50000320697579,1727071550243
48,0.64460396176955,6.35367326e-06,0.35552592151743,0.76945520685454,0.50000244156801,0.49998598856069,0.49999494796225,0.50000489592644,1727071550259
48,0.64460396176955,6.35367326e-06,0.35552592151743,0.76563386847798,0.50000244156801,0.49998598856069,0.49999494796225,0.50000168240124,1727071550291
48,0.64460396176955,6.35367326e-06,0.35552592151743,0.76180417760502,0.50000244156801,0.49998598856069,0.49999494796225,0.50000227636222,1727071550308
48,0.64460396176955,6.35367326e-06,0.35552592151743,0.7513107870164,0.50000244156801,0.49998598856069,0.49999494796225,0.50000170396795,1727071550537
48,0.64460396176955,6.35367326e-06,0.35552592151743,0.736997745888,0.50000244156801,0.49998598856069,0.49999494796225,0.50000733457586,1727071550806
48,0.64460396176955,6.35367326e-06,0.35552592151743,0.72648819272327,0.50000244156801,0.49998598856069,0.49999494796225,0.49999767667143,1727071550893
48,0.64460396176955,6.35367326e-06,0.35552592151743,0.72648819272327,0.50000244156801,0.49998598856069,0.49999494796225,0.49999767667143,1727071552461
49,0.0,0.33333333333333,0.66666666666667,0.83333333333333,0.5,0.5,0.5,0.5,1727071556286
49,0.0,0.33333333333333,0.66406568837091,0.83333333333333,0.5,0.5,0.49998582269019,0.5,1727071556349
49,0.0,0.33333333333333,0.65684401235005,0.83333333333333,0.5,0.5,0.49999519422207,0.5,1727071556365
49,0.0,0.33333333333333,0.64961627793466,0.83333333333333,0.5,0.5,0.49999230657194,0.5,1727071556374
49,0.0,0.33333333333333,0.62796530567623,0.83333333333333,0.5,0.5,0.49998642465234,0.5,1727071556391
49,0.0,0.33333333333333,0.58754077082513,0.83333333333333,0.5,0.5,0.49999924846666,0.5,1727071556407
49,0.0,0.33333333333333,0.54288826295979,0.83333333333333,0.5,0.5,0.49998578068815,0.5,1727071556424
49,0.0,0.33333333333333,0.52397895263199,0.83333333333333,0.5,0.5,0.49998333104009,0.5,1727071556441
49,0.0,0.33333333333333,0.5095452555728,0.83333333333333,0.5,0.5,0.49999551336143,0.5,1727071556457
49,0.0,0.33333333333333,0.50231745593491,0.83333333333333,0.5,0.5,0.49999251830519,0.5,1727071556474
49,0.0,0.33333333333333,0.49059501483702,0.83333333333333,0.5,0.5,0.4999932050054,0.5,1727071556491
49,0.0,0.33333333333333,0.48337603778733,0.83333333333333,0.5,0.5,0.49998555511323,0.5,1727071556515
49,0.0,0.33333333333333,0.46893654665914,0.83333333333333,0.5,0.5,0.49998101254804,0.5,1727071556524
49,0.0,0.33333333333333,0.46171647512754,0.83333333333333,0.5,0.5,0.49998107534816,0.5,1727071556574
49,0.0,0.33333333333333,0.45448499881964,0.83333333333333,0.5,0.5,0.50000511379712,0.5,1727071556591
49,0.0,0.33333333333333,0.44726524786021,0.83333333333333,0.5,0.5,0.50000301497568,0.5,1727071556608
49,0.0,0.33333333333333,0.44004759853037,0.83333333333333,0.5,0.5,0.49998489108346,0.5,1727071556624
49,0.0,0.33333333333333,0.43281841736762,0.83333333333333,0.5,0.5,0.49999209524942,0.5,1727071556674
49,0.0,0.33333333333333,0.42560007788691,0.83333333333333,0.5,0.5,0.49997882754118,0.5,1727071558099
49,0.0,0.33333333333333,0.41837142615779,0.83333333333333,0.5,0.5,0.49998196537856,0.5,1727071558115
49,0.0,0.33333333333333,0.41114970813887,0.83333333333333,0.5,0.5,0.49999511067552,0.5,1727071558157
49,0.0,0.33333333333333,0.39944491814704,0.83333333333333,0.5,0.5,0.49998560579831,0.5,1727071558219
49,0.0,0.33333333333333,0.39222434474584,0.83333333333333,0.5,0.5,0.4999898274766,0.5,1727071558257
49,0.0,0.33333333333333,0.3876977542159,0.83333333333333,0.5,0.5,0.49998763239591,0.5,1727071558275
49,0.0,0.33333333333333,0.38047979229082,0.83333333333333,0.5,0.5,0.49997022204379,0.5,1727071558337
49,0.0,0.33333333333333,0.38314648299384,0.83333333333333,0.5,0.5,0.49998642260278,0.5,1727071558353
49,0.0,0.33333333333333,0.37592669023815,0.83333333333333,0.5,0.5,0.49998421942548,0.5,1727071558465
49,0.0,0.33333333333333,0.36870649474742,0.83333333333333,0.5,0.5,0.49998538037074,0.5,1727071558551
49,0.0,0.33333333333333,0.3614773315582,0.83333333333333,0.5,0.5,0.49999327660734,0.5,1727071558559
49,0.0,0.33333333333333,0.36415616756114,0.83333333333333,0.5,0.5,0.49997605098069,0.5,1727071558583
49,0.0,0.33333333333333,0.35693552117287,0.83333333333333,0.5,0.5,0.49998103538014,0.5,1727071558639
49,0.0,0.33333333333333,0.34970827513917,0.83333333333333,0.5,0.5,0.49997226005413,0.5,1727071558869
49,0.0,0.33333333333333,0.34248520421218,0.83333333333333,0.5,0.5,0.49999879203187,0.5,1727071559598
49,0.0,0.33333333333333,0.33797746335408,0.83333333333333,0.5,0.5,0.49997436899232,0.5,1727071559607
49,0.0,0.33333333333333,0.34064510160686,0.83333333333333,0.5,0.5,0.49998329885242,0.5,1727071562709
49,0.0,0.33333333333333,0.33613477737826,0.83333333333333,0.5,0.5,0.49998180665645,0.5,1727071562813
49,0.0,0.33333333333333,0.33881124902802,0.83333333333333,0.5,0.5,0.49998496155593,0.5,1727071563210
49,0.0,0.33333333333333,0.33429292043855,0.83333333333333,0.5,0.5,0.49998184625008,0.5,1727071563550
49,0.0,0.33333333333333,0.31985989453283,0.83333333333333,0.5,0.5,0.49999186607677,0.5,1727071564390
49,0.0,0.33333333333333,0.32253630599965,0.83333333333333,0.5,0.5,0.49999561525069,0.5,1727071564408
49,0.0,0.33333333333333,0.32977281045155,0.83333333333333,0.5,0.5,0.49999480475621,0.5,1727071564492
49,0.0,0.33333333333333,0.3396458951155,0.83333333333333,0.5,0.5,0.49998786754867,0.5,1727071564571
49,0.0,0.33333333333333,0.34688310460168,0.83333333333333,0.5,0.5,0.49998097631456,0.5,1727071564831
49,0.0,0.33333333333333,0.35676159206679,0.83333333333333,0.5,0.5,0.49999852869006,0.5,1727071564840
49,0.0,0.33333333333333,0.3495357811912,0.83333333333333,0.5,0.5,0.49997740091179,0.5,1727071565736
49,0.0,0.33333333333333,0.35677114711455,0.83333333333333,0.5,0.5,0.49998668930493,0.5,1727071566464
49,0.0,0.33333333333333,0.36665110699775,0.83333333333333,0.5,0.5,0.49999133956631,0.5,1727071566527
49,0.0,0.33333333333333,0.36665110699775,0.83333333333333,0.5,0.5,0.49999133956631,0.5,1727071568079
49,0.0,0.33333333333333,0.36665110699775,0.83333333333333,0.5,0.5,0.49999133956631,0.5,1727071569394
49,0.01052409788925,0.33333333333333,0.36665110699775,0.83333333333333,0.50000216059782,0.5,0.49999133956631,0.5,1727071569551
49,0.01444972058143,0.33333333333333,0.36665110699775,0.83333333333333,0.50000743596862,0.5,0.49999133956631,0.5,1727071569590
49,0.02113680386951,0.33333333333333,0.36665110699775,0.83333333333333,0.49999662929678,0.5,0.49999133956631,0.5,1727071569607
49,0.03830904585238,0.33333333333333,0.36665110699775,0.83333333333333,0.50000258836044,0.5,0.49999133956631,0.5,1727071569624
49,0.06218106544195,0.33333333333333,0.36665110699775,0.83333333333333,0.49999373059445,0.5,0.49999133956631,0.5,1727071569640
49,0.07269925364808,0.33333333333333,0.36665110699775,0.83333333333333,0.49998558255987,0.5,0.49999133956631,0.5,1727071569657
49,0.0898701327943,0.33333333333333,0.36665110699775,0.83333333333333,0.49998898493543,0.5,0.49999133956631,0.5,1727071569674
49,0.10328065925733,0.33333333333333,0.36665110699775,0.83333333333333,0.5000058306634,0.5,0.49999133956631,0.5,1727071569690
49,0.10996061521365,0.33333333333333,0.36665110699775,0.83333333333333,0.49998680404612,0.5,0.49999133956631,0.5,1727071569740
49,0.12047525810856,0.33333333333333,0.36665110699775,0.83333333333333,0.49999752224777,0.5,0.49999133956631,0.5,1727071569757
49,0.14062993675255,0.33333333333333,0.36665110699775,0.83333333333333,0.49999882505313,0.5,0.49999133956631,0.5,1727071569773
49,0.157803306096,0.33333333333333,0.36665110699775,0.83333333333333,0.49998367038835,0.5,0.49999133956631,0.5,1727071569790
49,0.17119874158529,0.33333333333333,0.36665110699775,0.83333333333333,0.49999835279485,0.5,0.49999133956631,0.5,1727071569807
49,0.18171445898419,0.33333333333333,0.36665110699775,0.83333333333333,0.49998899426597,0.5,0.49999133956631,0.5,1727071569823
49,0.18838994712802,0.33333333333333,0.36665110699775,0.83333333333333,0.49998735723743,0.5,0.49999133956631,0.5,1727071569840
49,0.19507441532226,0.33333333333333,0.36665110699775,0.83333333333333,0.49999689355559,0.5,0.49999133956631,0.5,1727071569857
49,0.20175423872384,0.33333333333333,0.36665110699775,0.83333333333333,0.50000047909927,0.5,0.49999133956631,0.5,1727071569873
49,0.20564776138437,0.33333333333333,0.36665110699775,0.83333333333333,0.50000194510281,0.5,0.49999133956631,0.5,1727071569890
49,0.22576975266985,0.33333333333333,0.36665110699775,0.83333333333333,0.50000060478593,0.5,0.49999133956631,0.5,1727071569907
49,0.23244418355007,0.33333333333333,0.36665110699775,0.83333333333333,0.4999977483781,0.5,0.49999133956631,0.5,1727071569923
49,0.24961668547417,0.33333333333333,0.36665110699775,0.83333333333333,0.50000143550189,0.5,0.49999133956631,0.5,1727071569940
49,0.25350681164096,0.33333333333333,0.36665110699775,0.83333333333333,0.49999903568908,0.5,0.49999133956631,0.5,1727071569957
49,0.26018480754015,0.33333333333333,0.36665110699775,0.83333333333333,0.50000020765195,0.5,0.49999133956631,0.5,1727071569979
49,0.26685938494919,0.33333333333333,0.36665110699775,0.83333333333333,0.49999770286772,0.5,0.49999133956631,0.5,1727071570003
49,0.27074950198064,0.33333333333333,0.36665110699775,0.83333333333333,0.49999540072238,0.5,0.49999133956631,0.5,1727071570011
49,0.27742808780052,0.33333333333333,0.36665110699775,0.83333333333333,0.49999719705627,0.5,0.49999133956631,0.5,1727071570023
49,0.28410186956034,0.33333333333333,0.36665110699775,0.83333333333333,0.49999398943374,0.5,0.49999133956631,0.5,1727071570040
49,0.29077717221192,0.33333333333333,0.36665110699775,0.83333333333333,0.4999924115777,0.5,0.49999133956631,0.5,1727071570090
49,0.29466195830123,0.33333333333333,0.36665110699775,0.83333333333333,0.50000042497863,0.5,0.49999133956631,0.5,1727071570107
49,0.30803741928781,0.33333333333333,0.36665110699775,0.83333333333333,0.49999137042286,0.5,0.49999133956631,0.5,1727071570123
49,0.31471608212558,0.33333333333333,0.36665110699775,0.83333333333333,0.49999317100741,0.5,0.49999133956631,0.5,1727071570140
49,0.32523195867677,0.33333333333333,0.36665110699775,0.83333333333333,0.50000114001956,0.5,0.49999133956631,0.5,1727071570157
49,0.3357405674556,0.33333333333333,0.36665110699775,0.83333333333333,0.49998750136477,0.5,0.49999133956631,0.5,1727071570173
49,0.34241868032072,0.33333333333333,0.36665110699775,0.83333333333333,0.50000306711441,0.5,0.49999133956631,0.5,1727071570249
49,0.35293724977487,0.33333333333333,0.36665110699775,0.83333333333333,0.49999889195688,0.5,0.49999133956631,0.5,1727071570273
49,0.3596100862509,0.33333333333333,0.36665110699775,0.83333333333333,0.49999520817368,0.5,0.49999133956631,0.5,1727071570351
49,0.36348580720098,0.33333333333333,0.36665110699775,0.83333333333333,0.49999415811257,0.5,0.49999133956631,0.5,1727071570439
49,0.37015886927653,0.33333333333333,0.36665110699775,0.83333333333333,0.49999078847935,0.5,0.49999133956631,0.5,1727071570525
49,0.37404422952625,0.33333333333333,0.36665110699775,0.83333333333333,0.49999829990615,0.5,0.49999133956631,0.5,1727071570589
49,0.38456184288444,0.33333333333333,0.36665110699775,0.83333333333333,0.49999358114211,0.5,0.49999133956631,0.5,1727071570613
49,0.3912299302117,0.33333333333333,0.36665110699775,0.83333333333333,0.49999927861199,0.5,0.49999133956631,0.5,1727071570637
49,0.39790451693002,0.33333333333333,0.36665110699775,0.83333333333333,0.49999729793687,0.5,0.49999133956631,0.5,1727071570701
49,0.40842161761828,0.33333333333333,0.36665110699775,0.83333333333333,0.49999233688577,0.5,0.49999133956631,0.5,1727071570723
49,0.4150908328588,0.33333333333333,0.36665110699775,0.83333333333333,0.49999877743217,0.5,0.49999133956631,0.5,1727071570788
49,0.41896816240441,0.33333333333333,0.36665110699775,0.83333333333333,0.49999911950889,0.5,0.49999133956631,0.5,1727071570823
49,0.4256435648268,0.33333333333333,0.36665110699775,0.83333333333333,0.49999788734453,0.5,0.49999133956631,0.5,1727071570851
49,0.43232005304329,0.33333333333333,0.36665110699775,0.83333333333333,0.49999755663994,0.5,0.49999133956631,0.5,1727071570890
49,0.43620177165172,0.33333333333333,0.36665110699775,0.83333333333333,0.50000142343314,0.5,0.49999133956631,0.5,1727071570907
49,0.44286956474923,0.33333333333333,0.36665110699775,0.83333333333333,0.4999941448347,0.5,0.49999133956631,0.5,1727071570923
49,0.45338172897878,0.33333333333333,0.36665110699775,0.83333333333333,0.4999977375585,0.5,0.49999133956631,0.5,1727071570985
49,0.46389597099164,0.33333333333333,0.36665110699775,0.83333333333333,0.50000282909712,0.5,0.49999133956631,0.5,1727071571089
49,0.47441411069933,0.33333333333333,0.36665110699775,0.83333333333333,0.49999903046208,0.5,0.49999133956631,0.5,1727071571119
49,0.48108212553924,0.33333333333333,0.36665110699775,0.83333333333333,0.50000392331356,0.5,0.49999133956631,0.5,1727071571215
49,0.4849543236384,0.33333333333333,0.36665110699775,0.83333333333333,0.50000035818694,0.5,0.49999133956631,0.5,1727071571231
49,0.49162341718386,0.33333333333333,0.36665110699775,0.83333333333333,0.4999945344194,0.5,0.49999133956631,0.5,1727071571247
49,0.49829901732749,0.33333333333333,0.36665110699775,0.83333333333333,0.49999360846886,0.5,0.49999133956631,0.5,1727071571290
49,0.51547263945498,0.33333333333333,0.36665110699775,0.83333333333333,0.49999691473396,0.5,0.49999133956631,0.5,1727071571374
49,0.52598386651616,0.33333333333333,0.36665110699775,0.83333333333333,0.49999946793625,0.5,0.49999133956631,0.5,1727071571563
49,0.53649535832477,0.33333333333333,0.36665110699775,0.83333333333333,0.50000213847505,0.5,0.49999133956631,0.5,1727071571627
49,0.54701035511993,0.33333333333333,0.36665110699775,0.83333333333333,0.49999652086189,0.5,0.49999133956631,0.5,1727071571770
49,0.55752229593699,0.33333333333333,0.36665110699775,0.83333333333333,0.49999946678842,0.5,0.49999133956631,0.5,1727071571817
49,0.5680297389516,0.33333333333333,0.36665110699775,0.83333333333333,0.4999993056209,0.5,0.49999133956631,0.5,1727071571943
49,0.57854788503285,0.33333333333333,0.36665110699775,0.83333333333333,0.49999603337083,0.5,0.49999133956631,0.5,1727071571959
49,0.5852147954623,0.33333333333333,0.36665110699775,0.83333333333333,0.49999961109748,0.5,0.49999133956631,0.5,1727071573322
49,0.59857979829488,0.33333333333333,0.36665110699775,0.83333333333333,0.49999687029633,0.5,0.49999133956631,0.5,1727071573329
49,0.59857979829488,0.33333333333333,0.36665110699775,0.83333333333333,0.49999687029633,0.5,0.49999133956631,0.5,1727071573329
49,0.59857979829488,0.33333333333333,0.36665110699775,0.83333333333333,0.49999687029633,0.5,0.49999133956631,0.5,1727071574091
49,0.59857979829488,0.33333333333333,0.36665110699775,0.83333333333333,0.49999687029633,0.5,0.49999133956631,0.5,1727071575168
49,0.59857979829488,0.32668525893289,0.36665110699775,0.83333333333333,0.49999687029633,0.50000673884514,0.49999133956631,0.5,1727071575215
49,0.59857979829488,0.31341511518747,0.36665110699775,0.83333333333333,0.49999687029633,0.50000026364823,0.49999133956631,0.5,1727071575231
49,0.59857979829488,0.30014663406335,0.36665110699775,0.83333333333333,0.49999687029633,0.50000722760507,0.49999133956631,0.5,1727071575240
49,0.59857979829488,0.24359223823475,0.36665110699775,0.83333333333333,0.49999687029633,0.5000086697001,0.49999133956631,0.5,1727071575257
49,0.59857979829488,0.19357295595606,0.36665110699775,0.83333333333333,0.49999687029633,0.50001449188454,0.49999133956631,0.5,1727071575273
49,0.59857979829488,0.14603378540419,0.36665110699775,0.83333333333333,0.49999687029633,0.50001721851826,0.49999133956631,0.5,1727071575290
49,0.59857979829488,0.09615427883461,0.36665110699775,0.83333333333333,0.49999687029633,0.49999931085838,0.49999133956631,0.5,1727071575307
49,0.59857979829488,0.05520351643752,0.36665110699775,0.83333333333333,0.49999687029633,0.50002143917579,0.49999133956631,0.5,1727071575323
49,0.59857979829488,0.03141479222768,0.36665110699775,0.83333333333333,0.49999687029633,0.50000116056672,0.49999133956631,0.5,1727071575340
49,0.59857979829488,0.00763115728197,0.36665110699775,0.83333333333333,0.49999687029633,0.49999916957337,0.49999133956631,0.5,1727071575356
49,0.59857979829488,1.76306525e-06,0.36665110699775,0.83333333333333,0.49999687029633,0.49999611191686,0.49999133956631,0.5,1727071575373
49,0.59857979829488,1.76306525e-06,0.36665110699775,0.83333333333333,0.49999687029633,0.49999611191686,0.49999133956631,0.5,1727071575390
49,0.59857979829488,1.76306525e-06,0.36665110699775,0.83333333333333,0.49999687029633,0.49999611191686,0.49999133956631,0.5,1727071575406
49,0.59857979829488,1.76306525e-06,0.36665110699775,0.83333333333333,0.49999687029633,0.49999611191686,0.49999133956631,0.5,1727071575423
49,0.59857979829488,1.76306525e-06,0.36665110699775,0.83333333333333,0.49999687029633,0.49999611191686,0.49999133956631,0.5,1727071575440
49,0.59857979829488,1.76306525e-06,0.36665110699775,0.83333333333333,0.49999687029633,0.49999611191686,0.49999133956631,0.5,1727071575457
49,0.59857979829488,1.76306525e-06,0.36665110699775,0.83333333333333,0.49999687029633,0.49999611191686,0.49999133956631,0.5,1727071575473
49,0.59857979829488,1.76306525e-06,0.36665110699775,0.83333333333333,0.49999687029633,0.49999611191686,0.49999133956631,0.5,1727071575587
49,0.59857979829488,1.76306525e-06,0.36665110699775,0.83333333333333,0.49999687029633,0.49999611191686,0.49999133956631,0.5,1727071576316
49,0.59192358486871,1.76306525e-06,0.36665110699775,0.83333333333333,0.50000033262528,0.49999611191686,0.49999133956631,0.5,1727071576403
49,0.58141809682362,1.76306525e-06,0.36665110699775,0.83333333333333,0.49999159666842,0.49999611191686,0.49999133956631,0.5,1727071576792
49,0.58141809682362,1.76306525e-06,0.36665110699775,0.83333333333333,0.49999159666842,0.49999611191686,0.49999133956631,0.5,1727071578263
49,0.58141809682362,1.76306525e-06,0.36665110699775,0.83333333333333,0.49999159666842,0.49999611191686,0.49999133956631,0.5,1727071579953
49,0.58141809682362,1.76306525e-06,0.36665110699775,0.84000249010534,0.49999159666842,0.49999611191686,0.49999133956631,0.50000125950769,1727071579975
49,0.58141809682362,1.76306525e-06,0.36665110699775,0.83617812522205,0.49999159666842,0.49999611191686,0.49999133956631,0.50000451469426,1727071580355
49,0.58141809682362,1.76306525e-06,0.36665110699775,0.82186641877475,0.49999159666842,0.49999611191686,0.49999133956631,0.50000251025277,1727071580406
49,0.58141809682362,1.76306525e-06,0.36665110699775,0.81521529897897,0.49999159666842,0.49999611191686,0.49999133956631,0.49999995567671,1727071580423
49,0.58141809682362,1.76306525e-06,0.36665110699775,0.80470511103015,0.49999159666842,0.49999611191686,0.49999133956631,0.49999865068117,1727071580440
49,0.58141809682362,1.76306525e-06,0.36665110699775,0.79040128281694,0.49999159666842,0.49999611191686,0.49999133956631,0.50000067978957,1727071580456
49,0.58141809682362,1.76306525e-06,0.36665110699775,0.78656837801323,0.49999159666842,0.49999611191686,0.49999133956631,0.49999954643695,1727071580473
49,0.58141809682362,1.76306525e-06,0.36665110699775,0.77606643175228,0.49999159666842,0.49999611191686,0.49999133956631,0.50000262927462,1727071580490
49,0.58141809682362,1.76306525e-06,0.36665110699775,0.76941934492807,0.49999159666842,0.49999611191686,0.49999133956631,0.50000214184027,1727071580506
49,0.58141809682362,1.76306525e-06,0.36665110699775,0.7618118913195,0.49999159666842,0.49999611191686,0.49999133956631,0.50000647948028,1727071580523
49,0.58141809682362,1.76306525e-06,0.36665110699775,0.74464165191599,0.49999159666842,0.49999611191686,0.49999133956631,0.50000603225082,1727071580540
49,0.58141809682362,1.76306525e-06,0.36665110699775,0.73414122870747,0.49999159666842,0.49999611191686,0.49999133956631,0.50000155020381,1727071580556
49,0.58141809682362,1.76306525e-06,0.36665110699775,0.71314275586219,0.49999159666842,0.49999611191686,0.49999133956631,0.50000245818496,1727071580573
49,0.58141809682362,1.76306525e-06,0.36665110699775,0.70263358743933,0.49999159666842,0.49999611191686,0.49999133956631,0.50000163101438,1727071580589
49,0.58141809682362,1.76306525e-06,0.36665110699775,0.69880671598594,0.49999159666842,0.49999611191686,0.49999133956631,0.50000390249424,1727071580615
49,0.58141809682362,1.76306525e-06,0.36665110699775,0.68164477672038,0.49999159666842,0.49999611191686,0.49999133956631,0.49999918504408,1727071580631
49,0.58141809682362,1.76306525e-06,0.36665110699775,0.67113681087001,0.49999159666842,0.49999611191686,0.49999133956631,0.4999990120235,1727071580647
49,0.58141809682362,1.76306525e-06,0.36665110699775,0.66063375771362,0.49999159666842,0.49999611191686,0.49999133956631,0.50000180932894,1727071580656
49,0.58141809682362,1.76306525e-06,0.36665110699775,0.65012567175842,0.49999159666842,0.49999611191686,0.49999133956631,0.50000158934141,1727071580673
49,0.58141809682362,1.76306525e-06,0.36665110699775,0.64347455945396,0.49999159666842,0.49999611191686,0.49999133956631,0.49999854149824,1727071580690
49,0.58141809682362,1.76306525e-06,0.36665110699775,0.63682221656166,0.49999159666842,0.49999611191686,0.49999133956631,0.50000424735023,1727071580706
49,0.58141809682362,1.76306525e-06,0.36665110699775,0.63016753782307,0.49999159666842,0.49999611191686,0.49999133956631,0.49999893955371,1727071580723
49,0.58141809682362,1.76306525e-06,0.36665110699775,0.61966849764221,0.49999159666842,0.49999611191686,0.49999133956631,0.50000441178711,1727071580740
49,0.58141809682362,1.76306525e-06,0.36665110699775,0.6024964600787,0.49999159666842,0.49999611191686,0.49999133956631,0.50000268544077,1727071580756
49,0.58141809682362,1.76306525e-06,0.36665110699775,0.5958508159559,0.49999159666842,0.49999611191686,0.49999133956631,0.50000303877875,1727071580829
49,0.58141809682362,1.76306525e-06,0.36665110699775,0.59202607854832,0.49999159666842,0.49999611191686,0.49999133956631,0.50000700199422,1727071580840
49,0.58141809682362,1.76306525e-06,0.36665110699775,0.58152534542594,0.49999159666842,0.49999611191686,0.49999133956631,0.50000150409198,1727071580856
49,0.58141809682362,1.76306525e-06,0.36665110699775,0.57486692721167,0.49999159666842,0.49999611191686,0.49999133956631,0.50000360175726,1727071580873
49,0.58141809682362,1.76306525e-06,0.36665110699775,0.56821534827483,0.49999159666842,0.49999611191686,0.49999133956631,0.49999997551301,1727071581370
49,0.58141809682362,1.76306525e-06,0.36665110699775,0.56440037325494,0.49999159666842,0.49999611191686,0.49999133956631,0.50000025268428,1727071581406
49,0.58141809682362,1.76306525e-06,0.36665110699775,0.55774468697104,0.49999159666842,0.49999611191686,0.49999133956631,0.50000424918481,1727071581431
49,0.58141809682362,1.76306525e-06,0.36665110699775,0.54724371309489,0.49999159666842,0.49999611191686,0.49999133956631,0.49999831211289,1727071581544
49,0.58141809682362,1.76306525e-06,0.36665110699775,0.54059219745209,0.49999159666842,0.49999611191686,0.49999133956631,0.50000528743676,1727071582161
49,0.58141809682362,1.76306525e-06,0.36665110699775,0.53676989183594,0.49999159666842,0.49999611191686,0.49999133956631,0.50000046324231,1727071582311
49,0.58141809682362,1.76306525e-06,0.36665110699775,0.52627333204505,0.49999159666842,0.49999611191686,0.49999133956631,0.5000083760792,1727071582327
49,0.58141809682362,1.76306525e-06,0.36665110699775,0.51576403258367,0.49999159666842,0.49999611191686,0.49999133956631,0.49999625744617,1727071582413
49,0.58141809682362,1.76306525e-06,0.36665110699775,0.509109279981,0.49999159666842,0.49999611191686,0.49999133956631,0.50000115310122,1727071583379
49,0.58141809682362,1.76306525e-06,0.36665110699775,0.509109279981,0.49999159666842,0.49999611191686,0.49999133956631,0.50000115310122,1727071583775
50,0.33333333333333,0.66666666666667,0.83333333333333,0.5,0.5,0.5,0.5,0.5,1727071586818
50,0.33333333333333,0.66666666666667,0.81889444493898,0.5,0.5,0.5,0.49999240896036,0.5,1727071586951
50,0.33333333333333,0.66666666666667,0.80444400767484,0.5,0.5,0.5,0.5000031409594,0.5,1727071586958
50,0.33333333333333,0.66666666666667,0.79722418000398,0.5,0.5,0.5,0.50000211429625,0.5,1727071586972
50,0.33333333333333,0.66666666666667,0.78013369601291,0.5,0.5,0.5,0.49999273488634,0.5,1727071586989
50,0.33333333333333,0.66666666666667,0.75848255433996,0.5,0.5,0.5,0.49998850486523,0.5,1727071587005
50,0.33333333333333,0.66666666666667,0.73416981653554,0.5,0.5,0.5,0.49999018663262,0.5,1727071587022
50,0.33333333333333,0.66666666666667,0.67110178363129,0.5,0.5,0.5,0.50000786343347,0.5,1727071587039
50,0.33333333333333,0.66666666666667,0.60083422358276,0.5,0.5,0.5,0.50000285827485,0.5,1727071587055
50,0.33333333333333,0.66666666666667,0.54498417719876,0.5,0.5,0.5,0.49998382073918,0.5,1727071587072
50,0.33333333333333,0.66666666666667,0.46481749014505,0.5,0.5,0.5,0.49999196640412,0.5,1727071587089
50,0.33333333333333,0.66666666666667,0.37026179776497,0.5,0.5,0.5,0.49998570234501,0.5,1727071587105
50,0.33333333333333,0.66666666666667,0.28290873897842,0.5,0.5,0.5,0.49998764810672,0.5,1727071587122
50,0.33333333333333,0.66666666666667,0.1784489780171,0.5,0.5,0.5,0.49996545355521,0.5,1727071587139
50,0.33333333333333,0.66666666666667,0.09112062518024,0.5,0.5,0.5,0.4999610340192,0.5,1727071587155
50,0.33333333333333,0.66666666666667,0.02095911609969,0.5,0.5,0.5,0.49994029324621,0.5,1727071587172
50,0.33333333333333,0.66666666666667,0.0,0.5,0.5,0.5,0.5,0.5,1727071587189
50,0.33333333333333,0.66666666666667,0.0,0.5,0.5,0.5,0.5,0.5,1727071587205
50,0.33333333333333,0.66666666666667,0.0,0.5,0.5,0.5,0.5,0.5,1727071587222
50,0.33333333333333,0.66666666666667,0.0,0.5,0.5,0.5,0.5,0.5,1727071587239
50,0.33333333333333,0.66666666666667,0.0,0.5,0.5,0.5,0.5,0.5,1727071587255
50,0.33333333333333,0.66666666666667,0.0,0.5,0.5,0.5,0.5,0.5,1727071587272
50,0.33333333333333,0.66666666666667,0.0,0.5,0.5,0.5,0.5,0.5,1727071587289
50,0.33333333333333,0.66666666666667,0.0,0.5,0.5,0.5,0.5,0.5,1727071587305
50,0.33333333333333,0.66666666666667,0.0,0.5,0.5,0.5,0.5,0.5,1727071587322
50,0.33333333333333,0.66666666666667,0.0,0.5,0.5,0.5,0.5,0.5,1727071587339
50,0.33333333333333,0.66666666666667,0.0,0.5,0.5,0.5,0.5,0.5,1727071587355
50,0.33333333333333,0.66666666666667,0.01450835437653,0.5,0.5,0.5,0.49994294776674,0.5,1727071587727
50,0.33333333333333,0.66666666666667,0.03882688799334,0.5,0.5,0.5,0.49998447484849,0.5,1727071587739
50,0.33333333333333,0.66666666666667,0.07039084344885,0.5,0.5,0.5,0.5000055670343,0.5,1727071587755
50,0.33333333333333,0.66666666666667,0.11902482336473,0.5,0.5,0.5,0.49998982183765,0.5,1727071587772
50,0.33333333333333,0.66666666666667,0.19197742588348,0.5,0.5,0.5,0.50000191114084,0.5,1727071587789
50,0.33333333333333,0.66666666666667,0.20906888974153,0.5,0.5,0.5,0.50001176575235,0.5,1727071587805
50,0.33333333333333,0.66666666666667,0.22616114506991,0.5,0.5,0.5,0.50001219079386,0.5,1727071587822
50,0.33333333333333,0.66666666666667,0.24325583646721,0.5,0.5,0.5,0.49998667123213,0.5,1727071587839
50,0.33333333333333,0.66666666666667,0.25048386080131,0.5,0.5,0.5,0.49998894522795,0.5,1727071587965
50,0.33333333333333,0.66666666666667,0.24599058513419,0.5,0.5,0.5,0.49998007571764,0.5,1727071588037
50,0.33333333333333,0.66666666666667,0.23877138985561,0.5,0.5,0.5,0.49997074651688,0.5,1727071588072
50,0.33333333333333,0.66666666666667,0.23154350705003,0.5,0.5,0.5,0.49996660198286,0.5,1727071588147
50,0.33333333333333,0.66666666666667,0.22432387109968,0.5,0.5,0.5,0.49996165844085,0.5,1727071588251
50,0.33333333333333,0.66666666666667,0.21710309374958,0.5,0.5,0.5,0.49996938347116,0.5,1727071589233
50,0.33333333333333,0.66666666666667,0.20988248649752,0.5,0.5,0.5,0.49997541042034,0.5,1727071589249
50,0.33333333333333,0.66666666666667,0.2026611223466,0.5,0.5,0.5,0.49999040354581,0.5,1727071589311
50,0.33333333333333,0.66666666666667,0.19543918736541,0.5,0.5,0.5,0.50001260764545,0.5,1727071589407
50,0.33333333333333,0.66666666666667,0.18821972755599,0.5,0.5,0.5,0.50000590526221,0.5,1727071591133
50,0.33333333333333,0.66666666666667,0.18100008633765,0.5,0.5,0.5,0.50000118700957,0.5,1727071591172
50,0.33333333333333,0.66666666666667,0.17377976991919,0.5,0.5,0.5,0.50000466844126,0.5,1727071591222
50,0.33333333333333,0.66666666666667,0.17647530574059,0.5,0.5,0.5,0.4999757565218,0.5,1727071591363
50,0.33333333333333,0.66666666666667,0.16925397021258,0.5,0.5,0.5,0.49999159208573,0.5,1727071591545
50,0.33333333333333,0.66666666666667,0.16925397021258,0.5,0.5,0.5,0.49999159208573,0.5,1727071592123
50,0.33333333333333,0.66666666666667,0.16925397021258,0.5,0.5,0.5,0.49999159208573,0.5,1727071593581
50,0.33722256758291,0.66666666666667,0.16925397021258,0.5,0.50000674389867,0.5,0.49999159208573,0.5,1727071593667
50,0.34389652154419,0.66666666666667,0.16925397021258,0.5,0.50000391181882,0.5,0.49999159208573,0.5,1727071593675
50,0.35726595143705,0.66666666666667,0.16925397021258,0.5,0.50000400647851,0.5,0.49999159208573,0.5,1727071593688
50,0.36394343380818,0.66666666666667,0.16925397021258,0.5,0.50000446515448,0.5,0.49999159208573,0.5,1727071593705
50,0.38779120257305,0.66666666666667,0.16925397021258,0.5,0.50000569418496,0.5,0.49999159208573,0.5,1727071593722
50,0.39446465142961,0.66666666666667,0.16925397021258,0.5,0.50000266309074,0.5,0.49999159208573,0.5,1727071593739
50,0.41454606563448,0.66666666666667,0.16925397021258,0.5,0.50000630859178,0.5,0.49999159208573,0.5,1727071593755
50,0.42122327591809,0.66666666666667,0.16925397021258,0.5,0.50000648173986,0.5,0.49999159208573,0.5,1727071593772
50,0.42789376260014,0.66666666666667,0.16925397021258,0.5,0.50000118327165,0.5,0.49999159208573,0.5,1727071593788
50,0.44125835255092,0.66666666666667,0.16925397021258,0.5,0.4999974590022,0.5,0.49999159208573,0.5,1727071593805
50,0.44793026795932,0.66666666666667,0.16925397021258,0.5,0.50000568053783,0.5,0.49999159208573,0.5,1727071593822
50,0.46801716417881,0.66666666666667,0.16925397021258,0.5,0.50000136643583,0.5,0.49999159208573,0.5,1727071593838
50,0.4746818214834,0.66666666666667,0.16925397021258,0.5,0.50000372664233,0.5,0.49999159208573,0.5,1727071593855
50,0.4813528746075,0.66666666666667,0.16925397021258,0.5,0.4999992676016,0.5,0.49999159208573,0.5,1727071593872
50,0.48802904972603,0.66666666666667,0.16925397021258,0.5,0.49999871548004,0.5,0.49999159208573,0.5,1727071593888
50,0.49469399346013,0.66666666666667,0.16925397021258,0.5,0.5000012480457,0.5,0.49999159208573,0.5,1727071593905
50,0.50136764011118,0.66666666666667,0.16925397021258,0.5,0.49999883282699,0.5,0.49999159208573,0.5,1727071593922
50,0.51188353910703,0.66666666666667,0.16925397021258,0.5,0.50000478761273,0.5,0.49999159208573,0.5,1727071593938
50,0.51855689448845,0.66666666666667,0.16925397021258,0.5,0.50000218673971,0.5,0.49999159208573,0.5,1727071593988
50,0.52522468912116,0.66666666666667,0.16925397021258,0.5,0.50000661722037,0.5,0.49999159208573,0.5,1727071594008
50,0.53189658877444,0.66666666666667,0.16925397021258,0.5,0.50000301866275,0.5,0.49999159208573,0.5,1727071594022
50,0.53856996464688,0.66666666666667,0.16925397021258,0.5,0.5000005130907,0.5,0.49999159208573,0.5,1727071594038
50,0.54523887592674,0.66666666666667,0.16925397021258,0.5,0.50000562025864,0.5,0.49999159208573,0.5,1727071594135
50,0.55575312257746,0.66666666666667,0.16925397021258,0.5,0.49999950489971,0.5,0.49999159208573,0.5,1727071594150
50,0.56242170405541,0.66666666666667,0.16925397021258,0.5,0.50000428851832,0.5,0.49999159208573,0.5,1727071594166
50,0.56909248664992,0.66666666666667,0.16925397021258,0.5,0.5000001204559,0.5,0.49999159208573,0.5,1727071594174
50,0.57576267988056,0.66666666666667,0.16925397021258,0.5,0.5000058979174,0.5,0.49999159208573,0.5,1727071594269
50,0.57576267988056,0.66666666666667,0.16925397021258,0.5,0.5000058979174,0.5,0.49999159208573,0.5,1727071596527
50,0.57576267988056,0.66666666666667,0.16925397021258,0.5,0.5000058979174,0.5,0.49999159208573,0.5,1727071597628
50,0.57576267988056,0.66666666666667,0.16925397021258,0.5,0.5000058979174,0.5,0.49999159208573,0.5,1727071598523
50,0.57576267988056,0.66666666666667,0.16925397021258,0.5,0.5000058979174,0.5,0.49999159208573,0.5,1727071600185
50,0.57576267988056,0.66666666666667,0.16925397021258,0.50667177896843,0.5000058979174,0.5,0.49999159208573,0.49999625187705,1727071600273
50,0.57576267988056,0.66666666666667,0.16925397021258,0.51334309492247,0.5000058979174,0.5,0.49999159208573,0.50000334648459,1727071600288
50,0.57576267988056,0.66666666666667,0.16925397021258,0.52001210799708,0.5000058979174,0.5,0.49999159208573,0.49999765393869,1727071600313
50,0.57576267988056,0.66666666666667,0.16925397021258,0.53718564245293,0.5000058979174,0.5,0.49999159208573,0.5000007193377,1727071600337
50,0.57576267988056,0.66666666666667,0.16925397021258,0.54385237437075,0.5000058979174,0.5,0.49999159208573,0.49999363554493,1727071600342
50,0.57576267988056,0.66666666666667,0.16925397021258,0.55052508194919,0.5000058979174,0.5,0.49999159208573,0.50000138087912,1727071600355
50,0.57576267988056,0.66666666666667,0.16925397021258,0.5571963599968,0.5000058979174,0.5,0.49999159208573,0.49999751381378,1727071600371
50,0.57576267988056,0.66666666666667,0.16925397021258,0.56386492186008,0.5000058979174,0.5,0.49999159208573,0.50000229198243,1727071600390
50,0.57576267988056,0.66666666666667,0.16925397021258,0.57053229916629,0.5000058979174,0.5,0.49999159208573,0.49999585939746,1727071600405
50,0.57576267988056,0.66666666666667,0.16925397021258,0.58770381451466,0.5000058979174,0.5,0.49999159208573,0.49999744785576,1727071600430
50,0.57576267988056,0.66666666666667,0.16925397021258,0.59438018281643,0.5000058979174,0.5,0.49999159208573,0.49999710580008,1727071600438
50,0.57576267988056,0.66666666666667,0.16925397021258,0.62491179899838,0.5000058979174,0.5,0.49999159208573,0.49999289315891,1727071600455
50,0.57576267988056,0.66666666666667,0.16925397021258,0.63826971705594,0.5000058979174,0.5,0.49999159208573,0.49999552737993,1727071600471
50,0.57576267988056,0.66666666666667,0.16925397021258,0.66879788682559,0.5000058979174,0.5,0.49999159208573,0.49999873197951,1727071600488
50,0.57576267988056,0.66666666666667,0.16925397021258,0.6754730124316,0.5000058979174,0.5,0.49999159208573,0.49999767032291,1727071600505
50,0.57576267988056,0.66666666666667,0.16925397021258,0.6926396660241,0.5000058979174,0.5,0.49999159208573,0.49999620541341,1727071600521
50,0.57576267988056,0.66666666666667,0.16925397021258,0.70599629845828,0.5000058979174,0.5,0.49999159208573,0.49999786529692,1727071600538
50,0.57576267988056,0.66666666666667,0.16925397021258,0.73949542595724,0.5000058979174,0.5,0.49999159208573,0.50000173743974,1727071600555
50,0.57576267988056,0.66666666666667,0.16925397021258,0.75666153099857,0.5000058979174,0.5,0.49999159208573,0.49999999591267,1727071600571
50,0.57576267988056,0.66666666666667,0.16925397021258,0.78342449381925,0.5000058979174,0.5,0.49999159208573,0.4999966520832,1727071600588
50,0.57576267988056,0.66666666666667,0.16925397021258,0.80347658840117,0.5000058979174,0.5,0.49999159208573,0.49999982485003,1727071600605
50,0.57576267988056,0.66666666666667,0.16925397021258,0.81014927099884,0.5000058979174,0.5,0.49999159208573,0.49999762069637,1727071600621
50,0.57576267988056,0.66666666666667,0.16925397021258,0.8168144972726,0.5000058979174,0.5,0.49999159208573,0.49999954142188,1727071601897
50,0.57576267988056,0.66666666666667,0.16925397021258,0.80352030816314,0.5000058979174,0.5,0.49999159208573,0.49999855105022,1727071601919
50,0.57576267988056,0.66666666666667,0.16925397021258,0.79686416734453,0.5000058979174,0.5,0.49999159208573,0.50000138449529,1727071601927
50,0.57576267988056,0.66666666666667,0.16925397021258,0.79020554277585,0.5000058979174,0.5,0.49999159208573,0.49999478362801,1727071601938
50,0.57576267988056,0.66666666666667,0.16925397021258,0.78355048956255,0.5000058979174,0.5,0.49999159208573,0.49999820948584,1727071601955
50,0.57576267988056,0.66666666666667,0.16925397021258,0.77690110270101,0.5000058979174,0.5,0.49999159208573,0.49999646212823,1727071602023
50,0.57576267988056,0.66666666666667,0.16925397021258,0.77307015809026,0.5000058979174,0.5,0.49999159208573,0.49999635436855,1727071602189
50,0.57576267988056,0.66666666666667,0.16925397021258,0.76641766447774,0.5000058979174,0.5,0.49999159208573,0.5000012366506,1727071602205
50,0.57576267988056,0.66666666666667,0.16925397021258,0.75591913383859,0.5000058979174,0.5,0.49999159208573,0.49999783885427,1727071603495
50,0.57576267988056,0.66666666666667,0.16925397021258,0.76257853017588,0.5000058979174,0.5,0.49999159208573,0.49999668672144,1727071603829
50,0.57576267988056,0.66666666666667,0.16925397021258,0.76257853017588,0.5000058979174,0.5,0.49999159208573,0.49999668672144,1727071604977
51,0.16666666666667,1.0,0.33333333333333,0.33333333333333,0.5,0.5,0.5,0.5,1727071608700
51,0.16666666666667,1.0,0.33074885154374,0.33333333333333,0.5,0.5,0.49997756407513,0.5,1727071608803
51,0.16666666666667,1.0,0.3235259964881,0.33333333333333,0.5,0.5,0.50000306510681,0.5,1727071608817
51,0.16666666666667,1.0,0.30909659503202,0.33333333333333,0.5,0.5,0.49997980946961,0.5,1727071608833
51,0.16666666666667,1.0,0.30187583854799,0.33333333333333,0.5,0.5,0.49998638713815,0.5,1727071608848
51,0.16666666666667,1.0,0.29464983965205,0.33333333333333,0.5,0.5,0.4999647809576,0.5,1727071608888
51,0.16666666666667,1.0,0.28021760345129,0.33333333333333,0.5,0.5,0.49996727020024,0.5,1727071608904
51,0.16666666666667,1.0,0.27299734843174,0.33333333333333,0.5,0.5,0.49996900680661,0.5,1727071608928
51,0.16666666666667,1.0,0.26577606744049,0.33333333333333,0.5,0.5,0.49998122943798,0.5,1727071608985
51,0.16666666666667,1.0,0.2585566018454,0.33333333333333,0.5,0.5,0.49997506856135,0.5,1727071608992
51,0.16666666666667,1.0,0.25133679373395,0.33333333333333,0.5,0.5,0.49997231511295,0.5,1727071609008
51,0.16666666666667,1.0,0.24411492111196,0.33333333333333,0.5,0.5,0.49999140471344,0.5,1727071609030
51,0.16666666666667,1.0,0.22703144042714,0.33333333333333,0.5,0.5,0.49998377599982,0.5,1727071609071
51,0.16666666666667,1.0,0.21980313069803,0.33333333333333,0.5,0.5,0.49998449650272,0.5,1727071609094
51,0.16666666666667,1.0,0.21723150850627,0.33333333333333,0.5,0.5,0.49999815246247,0.5,1727071609110
51,0.16666666666667,1.0,0.21001168010275,0.33333333333333,0.5,0.5,0.49999574532981,0.5,1727071609221
51,0.16666666666667,1.0,0.20279313740807,0.33333333333333,0.5,0.5,0.49997836203907,0.5,1727071609325
51,0.16666666666667,1.0,0.18836831464001,0.33333333333333,0.5,0.5,0.49999106769054,0.5,1727071609371
51,0.16666666666667,1.0,0.17853005871421,0.33333333333333,0.5,0.5,0.49997500004863,0.5,1727071609388
51,0.16666666666667,1.0,0.17130782580884,0.33333333333333,0.5,0.5,0.50000192195401,0.5,1727071609467
51,0.16666666666667,1.0,0.16408845502298,0.33333333333333,0.5,0.5,0.49999351470858,0.5,1727071609507
51,0.16666666666667,1.0,0.16408845502298,0.33333333333333,0.5,0.5,0.49999351470858,0.5,1727071611383
51,0.16666666666667,1.0,0.16408845502298,0.33333333333333,0.5,0.5,0.49999351470858,0.5,1727071613294
51,0.16666666666667,1.0,0.16408845502298,0.34000548061789,0.5,0.5,0.49999351470858,0.5000051213394,1727071613317
51,0.16666666666667,1.0,0.16408845502298,0.34667163249511,0.5,0.5,0.49999351470858,0.49999511145698,1727071613324
51,0.16666666666667,1.0,0.16408845502298,0.35719358816828,0.5,0.5,0.49999351470858,0.499994178077,1727071613337
51,0.16666666666667,1.0,0.16408845502298,0.36107277534343,0.5,0.5,0.49999351470858,0.49999625778137,1727071613354
51,0.16666666666667,1.0,0.16408845502298,0.37444936121761,0.5,0.5,0.49999351470858,0.50000283179893,1727071613371
51,0.16666666666667,1.0,0.16408845502298,0.38112029535005,0.5,0.5,0.49999351470858,0.49999757009446,1727071613387
51,0.16666666666667,1.0,0.16408845502298,0.38779507888486,0.5,0.5,0.49999351470858,0.49999574603735,1727071613404
51,0.16666666666667,1.0,0.16408845502298,0.3983074316592,0.5,0.5,0.49999351470858,0.49999977834117,1727071613421
51,0.16666666666667,1.0,0.16408845502298,0.40498079072697,0.5,0.5,0.49999351470858,0.49999678059818,1727071613442
51,0.16666666666667,1.0,0.16408845502298,0.41549025765447,0.5,0.5,0.49999351470858,0.49999830163459,1727071613458
51,0.16666666666667,1.0,0.16408845502298,0.42601085050249,0.5,0.5,0.49999351470858,0.49999630214482,1727071613474
51,0.16666666666667,1.0,0.16408845502298,0.43268188002485,0.5,0.5,0.49999351470858,0.50000400319002,1727071613498
51,0.16666666666667,1.0,0.16408845502298,0.44985006928324,0.5,0.5,0.49999351470858,0.50000308450582,1727071613537
51,0.16666666666667,1.0,0.16408845502298,0.45652338243684,0.5,0.5,0.49999351470858,0.50000023840482,1727071613554
51,0.16666666666667,1.0,0.16408845502298,0.46319407035775,0.5,0.5,0.49999351470858,0.49999541613176,1727071613576
51,0.16666666666667,1.0,0.16408845502298,0.47371104774153,0.5,0.5,0.49999351470858,0.50000255619454,1727071613657
51,0.16666666666667,1.0,0.16408845502298,0.48421866719369,0.5,0.5,0.49999351470858,0.4999909124879,1727071613767
51,0.16666666666667,1.0,0.16408845502298,0.49473161111592,0.5,0.5,0.49999351470858,0.49999492858683,1727071616967
51,0.16666666666667,1.0,0.16408845502298,0.5014088436372,0.5,0.5,0.49999351470858,0.49999520070128,1727071617063
51,0.16666666666667,1.0,0.16408845502298,0.50807518760166,0.5,0.5,0.49999351470858,0.4999987378323,1727071617917
51,0.16666666666667,1.0,0.16408845502298,0.51195460783392,0.5,0.5,0.49999351470858,0.50000055113014,1727071617954
51,0.16666666666667,1.0,0.16408845502298,0.52246379307063,0.5,0.5,0.49999351470858,0.49999062872271,1727071618163
51,0.16666666666667,1.0,0.16408845502298,0.52633352204234,0.5,0.5,0.49999351470858,0.49999649211362,1727071618289
51,0.16666666666667,1.0,0.16408845502298,0.53021489563198,0.5,0.5,0.49999351470858,0.49999965446606,1727071618487
51,0.16666666666667,1.0,0.16408845502298,0.53688891983243,0.5,0.5,0.49999351470858,0.49999762631509,1727071618615
51,0.16666666666667,1.0,0.16408845502298,0.54469124511776,0.5,0.5,0.49999351470858,0.49999926282294,1727071618679
51,0.16666666666667,1.0,0.16408845502298,0.55520048879814,0.5,0.5,0.49999351470858,0.50000033468494,1727071619367
51,0.16666666666667,1.0,0.16408845502298,0.56187309956545,0.5,0.5,0.49999351470858,0.49999740351787,1727071619565
51,0.16666666666667,1.0,0.16408845502298,0.56574978710754,0.5,0.5,0.49999351470858,0.4999972566694,1727071619661
51,0.16666666666667,1.0,0.16408845502298,0.57241780559358,0.5,0.5,0.49999351470858,0.50000162296414,1727071620317
51,0.16666666666667,1.0,0.16408845502298,0.57241780559358,0.5,0.5,0.49999351470858,0.50000162296414,1727071620317
51,0.16666666666667,1.0,0.16408845502298,0.57241780559358,0.5,0.5,0.49999351470858,0.50000162296414,1727071625005
51,0.17335254697717,1.0,0.16408845502298,0.57241780559358,0.500018343261,0.5,0.49999351470858,0.50000162296414,1727071625109
51,0.1867360481675,1.0,0.16408845502298,0.57241780559358,0.49999695339459,0.5,0.49999351470858,0.50000162296414,1727071625125
51,0.21059627664251,1.0,0.16408845502298,0.57241780559358,0.49999554317427,0.5,0.49999351470858,0.50000162296414,1727071625137
51,0.2516292566404,1.0,0.16408845502298,0.57241780559358,0.49999833754665,0.5,0.49999351470858,0.50000162296414,1727071625153
51,0.32985512316832,1.0,0.16408845502298,0.57241780559358,0.50000852805048,0.5,0.49999351470858,0.50000162296414,1727071625170
51,0.46305805197473,1.0,0.16408845502298,0.57241780559358,0.4999973042833,0.5,0.49999351470858,0.50000162296414,1727071625187
51,0.70954360269109,1.0,0.16408845502298,0.57241780559358,0.50000295397047,0.5,0.49999351470858,0.50000162296414,1727071625203
51,0.87080860470157,1.0,0.16408845502298,0.57241780559358,0.50000423267141,0.5,0.49999351470858,0.50000162296414,1727071625220
51,1.0,1.0,0.16408845502298,0.57241780559358,0.5,0.5,0.49999351470858,0.50000162296414,1727071625237
51,1.0,1.0,0.16408845502298,0.57241780559358,0.5,0.5,0.49999351470858,0.50000162296414,1727071625253
51,1.0,1.0,0.16408845502298,0.57241780559358,0.5,0.5,0.49999351470858,0.50000162296414,1727071625270
51,1.0,1.0,0.16408845502298,0.57241780559358,0.5,0.5,0.49999351470858,0.50000162296414,1727071625287
51,1.0,1.0,0.16408845502298,0.57241780559358,0.5,0.5,0.49999351470858,0.50000162296414,1727071625304
51,1.0,1.0,0.16408845502298,0.57241780559358,0.5,0.5,0.49999351470858,0.50000162296414,1727071625320
51,1.0,1.0,0.16408845502298,0.57241780559358,0.5,0.5,0.49999351470858,0.50000162296414,1727071625337
51,1.0,1.0,0.16408845502298,0.57241780559358,0.5,0.5,0.49999351470858,0.50000162296414,1727071625354
51,1.0,1.0,0.16408845502298,0.57241780559358,0.5,0.5,0.49999351470858,0.50000162296414,1727071625370
51,1.0,1.0,0.16408845502298,0.57241780559358,0.5,0.5,0.49999351470858,0.50000162296414,1727071625387
51,1.0,1.0,0.16408845502298,0.57241780559358,0.5,0.5,0.49999351470858,0.50000162296414,1727071625513
51,1.0,1.0,0.16408845502298,0.57241780559358,0.5,0.5,0.49999351470858,0.50000162296414,1727071626947
52,1.0,1.0,0.5,0.0,0.5,0.5,0.5,0.5,1727071631295
52,1.0,1.0,0.49015323095996,0.0,0.5,0.5,0.49999136339565,0.5,1727071631333
52,1.0,1.0,0.482933635009,0.0,0.5,0.5,0.49998812157347,0.5,1727071631388
52,1.0,1.0,0.48033929384902,0.0,0.5,0.5,0.49998365792253,0.5,1727071631412
52,1.0,1.0,0.45869242895214,0.0,0.5,0.5,0.50000630558467,0.5,1727071631453
52,1.0,1.0,0.4514740265511,0.0,0.5,0.5,0.49999414388253,0.5,1727071631470
52,1.0,1.0,0.43703258991513,0.0,0.5,0.5,0.50000442979893,0.5,1727071631487
52,1.0,1.0,0.42981358975987,0.0,0.5,0.5,0.49999647458428,0.5,1727071631516
52,1.0,1.0,0.42258542559185,0.0,0.5,0.5,0.49999597872628,0.5,1727071631555
52,1.0,1.0,0.4153671799737,0.0,0.5,0.5,0.4999818088157,0.5,1727071631611
52,1.0,1.0,0.40814705090888,0.0,0.5,0.5,0.49998234415229,0.5,1727071631626
52,1.0,1.0,0.40091979555529,0.0,0.5,0.5,0.49997434887087,0.5,1727071631642
52,1.0,1.0,0.39369733118434,0.0,0.5,0.5,0.49999384898251,0.5,1727071631666
52,1.0,1.0,0.38647769301581,0.0,0.5,0.5,0.49999049210419,0.5,1727071631737
52,1.0,1.0,0.37924903088006,0.0,0.5,0.5,0.49999404586766,0.5,1727071631786
52,1.0,1.0,0.37202945073899,0.0,0.5,0.5,0.49999012380293,0.5,1727071631897
52,1.0,1.0,0.36481049058661,0.0,0.5,0.5,0.49998081829802,0.5,1727071631911
52,1.0,1.0,0.35758178016337,0.0,0.5,0.5,0.49998480066779,0.5,1727071631926
52,1.0,1.0,0.35036181668373,0.0,0.5,0.5,0.49998397629935,0.5,1727071631983
52,1.0,1.0,0.34313868462593,0.0,0.5,0.5,0.50001116298588,0.5,1727071632020
52,1.0,1.0,0.33591244827388,0.0,0.5,0.5,0.49999350981095,0.5,1727071632109
52,1.0,1.0,0.32869327237015,0.0,0.5,0.5,0.49998562200578,0.5,1727071632153
52,1.0,1.0,0.32147253458458,0.0,0.5,0.5,0.49999187592425,0.5,1727071632917
52,1.0,1.0,0.31424651198865,0.0,0.5,0.5,0.49997131064759,0.5,1727071633005
52,1.0,1.0,0.30702428012443,0.0,0.5,0.5,0.49999161530344,0.5,1727071633243
52,1.0,1.0,0.30970151007748,0.0,0.5,0.5,0.49998777830895,0.5,1727071634217
52,1.0,1.0,0.31693795008328,0.0,0.5,0.5,0.49998764597519,0.5,1727071634265
52,1.0,1.0,0.32681776461564,0.0,0.5,0.5,0.49999392322866,0.5,1727071634415
52,1.0,1.0,0.33404557656092,0.0,0.5,0.5,0.49999769031819,0.5,1727071634423
52,1.0,1.0,0.34392650608665,0.0,0.5,0.5,0.49999376888916,0.5,1727071636403
52,1.0,1.0,0.33670709605354,0.0,0.5,0.5,0.49998808593481,0.5,1727071637107
52,1.0,1.0,0.32947937950501,0.0,0.5,0.5,0.49998335259272,0.5,1727071637120
52,1.0,1.0,0.32689858626192,0.0,0.5,0.5,0.50000336705509,0.5,1727071637353
52,1.0,1.0,0.32689858626192,0.0,0.5,0.5,0.50000336705509,0.5,1727071637701
52,1.0,1.0,0.32689858626192,0.0,0.5,0.5,0.50000336705509,0.5,1727071638780
52,1.0,1.0,0.32689858626192,0.0,0.5,0.5,0.50000336705509,0.5,1727071640006
52,1.0,1.0,0.32689858626192,0.0,0.5,0.5,0.50000336705509,0.5,1727071641036
52,1.0,1.0,0.32689858626192,0.00393186057416,0.5,0.5,0.50000336705509,0.49998566813117,1727071641099
52,1.0,1.0,0.32689858626192,0.0144502531581,0.5,0.5,0.50000336705509,0.49997647210382,1727071641107
52,1.0,1.0,0.32689858626192,0.03162541782299,0.5,0.5,0.50000336705509,0.4999895236903,1727071641119
52,1.0,1.0,0.32689858626192,0.07267715217341,0.5,0.5,0.50000336705509,0.50000039143604,1727071641136
52,1.0,1.0,0.32689858626192,0.10327864182872,0.5,0.5,0.50000336705509,0.5000026822927,1727071641152
52,1.0,1.0,0.32689858626192,0.14432805776275,0.5,0.5,0.50000336705509,0.50000696393521,1727071641169
52,1.0,1.0,0.32689858626192,0.19177813603681,0.5,0.5,0.50000336705509,0.49999191390397,1727071641186
52,1.0,1.0,0.32689858626192,0.22910157779472,0.5,0.5,0.50000336705509,0.49999296367408,1727071641203
52,1.0,1.0,0.32689858626192,0.25966375344166,0.5,0.5,0.50000336705509,0.49998575368233,1727071641219
52,1.0,1.0,0.32689858626192,0.29022827286134,0.5,0.5,0.50000336705509,0.49999745233309,1727071641236
52,1.0,1.0,0.32689858626192,0.31033520006517,0.5,0.5,0.50000336705509,0.49999679094552,1727071641253
52,1.0,1.0,0.32689858626192,0.34762646804753,0.5,0.5,0.50000336705509,0.49999603202069,1727071641269
52,1.0,1.0,0.32689858626192,0.36479333734225,0.5,0.5,0.50000336705509,0.4999940251103,1727071641286
52,1.0,1.0,0.32689858626192,0.39162003894872,0.5,0.5,0.50000336705509,0.49999077969717,1727071641303
52,1.0,1.0,0.32689858626192,0.40878808129729,0.5,0.5,0.50000336705509,0.49999002540392,1727071641319
52,1.0,1.0,0.32689858626192,0.41547060020494,0.5,0.5,0.50000336705509,0.49999476162055,1727071641399
52,1.0,1.0,0.32689858626192,0.41165473883748,0.5,0.5,0.50000336705509,0.49999433415136,1727071641843
52,1.0,1.0,0.32689858626192,0.4078380807305,0.5,0.5,0.50000336705509,0.4999932339718,1727071641867
52,1.0,1.0,0.32689858626192,0.39067158916589,0.5,0.5,0.50000336705509,0.4999954099052,1727071641882
52,1.0,1.0,0.32689858626192,0.38017149122391,0.5,0.5,0.50000336705509,0.50000197764139,1727071641923
52,1.0,1.0,0.32689858626192,0.37636227495665,0.5,0.5,0.50000336705509,0.49999387742883,1727071642469
52,1.0,1.0,0.32689858626192,0.36970521884356,0.5,0.5,0.50000336705509,0.49999779944864,1727071642573
52,1.0,1.0,0.32689858626192,0.36590054545152,0.5,0.5,0.50000336705509,0.4999936024152,1727071642627
52,1.0,1.0,0.32689858626192,0.35539395284054,0.5,0.5,0.50000336705509,0.49999449287638,1727071642636
52,1.0,1.0,0.32689858626192,0.3515902425653,0.5,0.5,0.50000336705509,0.49999105775016,1727071645193
52,1.0,1.0,0.32689858626192,0.34108575064529,0.5,0.5,0.50000336705509,0.4999938839734,1727071645407
52,1.0,1.0,0.32689858626192,0.34108575064529,0.5,0.5,0.50000336705509,0.4999938839734,1727071646025
52,1.0,1.0,0.32689858626192,0.34108575064529,0.5,0.5,0.50000336705509,0.4999938839734,1727071647674
52,0.99617097262652,1.0,0.32689858626192,0.34108575064529,0.50000077062945,0.5,0.50000336705509,0.4999938839734,1727071647799
52,1.0,1.0,0.32689858626192,0.34108575064529,0.5,0.5,0.50000336705509,0.4999938839734,1727071647806
52,1.0,1.0,0.32689858626192,0.34108575064529,0.5,0.5,0.50000336705509,0.4999938839734,1727071647819
52,1.0,1.0,0.32689858626192,0.34108575064529,0.5,0.5,0.50000336705509,0.4999938839734,1727071647836
52,1.0,1.0,0.32689858626192,0.34108575064529,0.5,0.5,0.50000336705509,0.4999938839734,1727071647852
52,1.0,1.0,0.32689858626192,0.34108575064529,0.5,0.5,0.50000336705509,0.4999938839734,1727071647869
52,1.0,1.0,0.32689858626192,0.34108575064529,0.5,0.5,0.50000336705509,0.4999938839734,1727071647886
52,1.0,1.0,0.32689858626192,0.34108575064529,0.5,0.5,0.50000336705509,0.4999938839734,1727071647902
52,1.0,1.0,0.32689858626192,0.34108575064529,0.5,0.5,0.50000336705509,0.4999938839734,1727071647919
52,1.0,1.0,0.32689858626192,0.34108575064529,0.5,0.5,0.50000336705509,0.4999938839734,1727071647935
52,1.0,1.0,0.32689858626192,0.34108575064529,0.5,0.5,0.50000336705509,0.4999938839734,1727071647952
52,1.0,1.0,0.32689858626192,0.34108575064529,0.5,0.5,0.50000336705509,0.4999938839734,1727071647969
52,1.0,1.0,0.32689858626192,0.34108575064529,0.5,0.5,0.50000336705509,0.4999938839734,1727071647986
52,1.0,1.0,0.32689858626192,0.34108575064529,0.5,0.5,0.50000336705509,0.4999938839734,1727071648002
52,1.0,1.0,0.32689858626192,0.34108575064529,0.5,0.5,0.50000336705509,0.4999938839734,1727071648019
52,1.0,1.0,0.32689858626192,0.34108575064529,0.5,0.5,0.50000336705509,0.4999938839734,1727071648036
52,1.0,1.0,0.32689858626192,0.34108575064529,0.5,0.5,0.50000336705509,0.4999938839734,1727071648052
52,1.0,1.0,0.32689858626192,0.34108575064529,0.5,0.5,0.50000336705509,0.4999938839734,1727071648069
52,1.0,1.0,0.32689858626192,0.34108575064529,0.5,0.5,0.50000336705509,0.4999938839734,1727071648086
52,1.0,1.0,0.32689858626192,0.34108575064529,0.5,0.5,0.50000336705509,0.4999938839734,1727071648135
52,1.0,1.0,0.32689858626192,0.34108575064529,0.5,0.5,0.50000336705509,0.4999938839734,1727071648152
52,1.0,1.0,0.32689858626192,0.34108575064529,0.5,0.5,0.50000336705509,0.4999938839734,1727071648169
52,1.0,1.0,0.32689858626192,0.34108575064529,0.5,0.5,0.50000336705509,0.4999938839734,1727071648186
52,1.0,1.0,0.32689858626192,0.34108575064529,0.5,0.5,0.50000336705509,0.4999938839734,1727071648202
52,1.0,1.0,0.32689858626192,0.34108575064529,0.5,0.5,0.50000336705509,0.4999938839734,1727071648218
52,1.0,1.0,0.32689858626192,0.34108575064529,0.5,0.5,0.50000336705509,0.4999938839734,1727071648218
52,1.0,1.0,0.32689858626192,0.34108575064529,0.5,0.5,0.50000336705509,0.4999938839734,1727071648908
52,1.0,0.99334502056019,0.32689858626192,0.34108575064529,0.5,0.49999709157557,0.50000336705509,0.4999938839734,1727071648955
52,1.0,0.98669663307868,0.32689858626192,0.34108575064529,0.5,0.49999807171052,0.50000336705509,0.4999938839734,1727071648969
52,1.0,0.96676231063586,0.32689858626192,0.34108575064529,0.5,0.499996164651,0.50000336705509,0.4999938839734,1727071648986
52,1.0,0.91251850196546,0.32689858626192,0.34108575064529,0.5,0.49999487348591,0.50000336705509,0.4999938839734,1727071649002
52,1.0,0.88869536902547,0.32689858626192,0.34108575064529,0.5,0.49999851777679,0.50000336705509,0.4999938839734,1727071649019
52,1.0,0.84770980075673,0.32689858626192,0.34108575064529,0.5,0.49999894102387,0.50000336705509,0.4999938839734,1727071649036
52,1.0,0.82003514998724,0.32689858626192,0.34108575064529,0.5,0.49999774284429,0.50000336705509,0.4999938839734,1727071649052
52,1.0,0.78690537592159,0.32689858626192,0.34108575064529,0.5,0.50000123163706,0.50000336705509,0.4999938839734,1727071649069
52,1.0,0.7287597376285,0.32689858626192,0.34108575064529,0.5,0.49999668137454,0.50000336705509,0.4999938839734,1727071649086
52,1.0,0.6679347381874,0.32689858626192,0.34108575064529,0.5,0.50000223631628,0.50000336705509,0.4999938839734,1727071649102
52,1.0,0.59400340037322,0.32689858626192,0.34108575064529,0.5,0.49999777877342,0.50000336705509,0.4999938839734,1727071649119
52,1.0,0.50550373868507,0.32689858626192,0.34108575064529,0.5,0.49999165825337,0.50000336705509,0.4999938839734,1727071649135
52,1.0,0.43416213505696,0.32689858626192,0.34108575064529,0.5,0.49999332043919,0.50000336705509,0.4999938839734,1727071649152
52,1.0,0.41699028819144,0.32689858626192,0.34108575064529,0.5,0.49999531090946,0.50000336705509,0.4999938839734,1727071649169
52,1.0,0.3998219146641,0.32689858626192,0.34108575064529,0.5,0.49999445971511,0.50000336705509,0.4999938839734,1727071649185
52,1.0,0.37601269795185,0.32689858626192,0.34108575064529,0.5,0.50000236614414,0.50000336705509,0.4999938839734,1727071649202
52,1.0,0.30735284231369,0.32689858626192,0.34108575064529,0.5,0.50000099299078,0.50000336705509,0.4999938839734,1727071649219
52,1.0,0.27692939607664,0.32689858626192,0.34108575064529,0.5,0.49999338825089,0.50000336705509,0.4999938839734,1727071649235
52,1.0,0.23993718548267,0.32689858626192,0.34108575064529,0.5,0.50000143595291,0.50000336705509,0.4999938839734,1727071649252
52,1.0,0.22943448265535,0.32689858626192,0.34108575064529,0.5,0.49999572972798,0.50000336705509,0.4999938839734,1727071649272
52,1.0,0.22278790015089,0.32689858626192,0.34108575064529,0.5,0.49999616956261,0.50000336705509,0.4999938839734,1727071649294
52,1.0,0.21229304052862,0.32689858626192,0.34108575064529,0.5,0.49999912602246,0.50000336705509,0.4999938839734,1727071649302
52,1.0,0.18188321380961,0.32689858626192,0.34108575064529,0.5,0.49999196946261,0.50000336705509,0.4999938839734,1727071649319
52,1.0,0.12378015920222,0.32689858626192,0.34108575064529,0.5,0.49998388054753,0.50000336705509,0.4999938839734,1727071649335
52,1.0,0.06974800069565,0.32689858626192,0.34108575064529,0.5,0.49998355208852,0.50000336705509,0.4999938839734,1727071649352
52,1.0,0.0,0.32689858626192,0.34108575064529,0.5,0.5,0.50000336705509,0.4999938839734,1727071649369
52,1.0,0.0,0.32689858626192,0.34108575064529,0.5,0.5,0.50000336705509,0.4999938839734,1727071649386
52,1.0,0.0,0.32689858626192,0.34108575064529,0.5,0.5,0.50000336705509,0.4999938839734,1727071649402
52,1.0,0.0,0.32689858626192,0.34108575064529,0.5,0.5,0.50000336705509,0.4999938839734,1727071649419
52,1.0,0.0,0.32689858626192,0.34108575064529,0.5,0.5,0.50000336705509,0.4999938839734,1727071649435
52,1.0,0.0,0.32689858626192,0.34108575064529,0.5,0.5,0.50000336705509,0.4999938839734,1727071649452
52,1.0,0.0,0.32689858626192,0.34108575064529,0.5,0.5,0.50000336705509,0.4999938839734,1727071649469
52,1.0,0.0,0.32689858626192,0.34108575064529,0.5,0.5,0.50000336705509,0.4999938839734,1727071649486
52,1.0,0.0,0.32689858626192,0.34108575064529,0.5,0.5,0.50000336705509,0.4999938839734,1727071649715
52,1.0,0.0,0.32689858626192,0.34108575064529,0.5,0.5,0.50000336705509,0.4999938839734,1727071650888
52,0.99334778432923,0.0,0.32689858626192,0.34108575064529,0.50000413393385,0.5,0.50000336705509,0.4999938839734,1727071651133
52,0.98668761560883,0.0,0.32689858626192,0.34108575064529,0.49999790821641,0.5,0.50000336705509,0.4999938839734,1727071651148
52,0.97619010907761,0.0,0.32689858626192,0.34108575064529,0.50000247011404,0.5,0.50000336705509,0.4999938839734,1727071651164
52,0.97236061670359,0.0,0.32689858626192,0.34108575064529,0.50000305376024,0.5,0.50000336705509,0.4999938839734,1727071651180
52,0.96570589638891,0.0,0.32689858626192,0.34108575064529,0.49999918554135,0.5,0.50000336705509,0.4999938839734,1727071651259
52,0.96187870365465,0.0,0.32689858626192,0.34108575064529,0.50000081005112,0.5,0.50000336705509,0.4999938839734,1727071651269
52,0.95522008525869,0.0,0.32689858626192,0.34108575064529,0.50000215031165,0.5,0.50000336705509,0.4999938839734,1727071651443
52,0.94856356602825,0.0,0.32689858626192,0.34108575064529,0.50000447105228,0.5,0.50000336705509,0.4999938839734,1727071651456
52,0.94856356602825,0.0,0.32689858626192,0.34108575064529,0.50000447105228,0.5,0.50000336705509,0.4999938839734,1727071651807
52,0.94856356602825,0.0,0.32689858626192,0.34108575064529,0.50000447105228,0.5,0.50000336705509,0.4999938839734,1727071654278
52,0.94856356602825,0.0,0.32689858626192,0.34108575064529,0.50000447105228,0.5,0.50000336705509,0.4999938839734,1727071654872
52,0.94473808769427,0.0,0.32689858626192,0.34108575064529,0.49999982748424,0.5,0.50000336705509,0.4999938839734,1727071654967
52,0.94090848842008,0.0,0.32689858626192,0.34108575064529,0.5000003685587,0.5,0.50000336705509,0.4999938839734,1727071654975
52,0.93425493332944,0.0,0.32689858626192,0.34108575064529,0.50000408727604,0.5,0.50000336705509,0.4999938839734,1727071654985
52,0.93042787433904,0.0,0.32689858626192,0.34108575064529,0.49999864791562,0.5,0.50000336705509,0.4999938839734,1727071655002
52,0.92377344060153,0.0,0.32689858626192,0.34108575064529,0.50000197738396,0.5,0.50000336705509,0.4999938839734,1727071655019
52,0.91326899223047,0.0,0.32689858626192,0.34108575064529,0.50000353269436,0.5,0.50000336705509,0.4999938839734,1727071655069
52,0.90276063965571,0.0,0.32689858626192,0.34108575064529,0.50000324911355,0.5,0.50000336705509,0.4999938839734,1727071655101
52,0.90276063965571,0.0,0.32689858626192,0.34108575064529,0.50000324911355,0.5,0.50000336705509,0.4999938839734,1727071655513
52,0.90276063965571,0.0,0.32689858626192,0.34108575064529,0.50000324911355,0.5,0.50000336705509,0.4999938839734,1727071658364
52,0.89894219809635,0.0,0.32689858626192,0.34108575064529,0.50000179301557,0.5,0.50000336705509,0.4999938839734,1727071658419
52,0.89511249617207,0.0,0.32689858626192,0.34108575064529,0.50000231287967,0.5,0.50000336705509,0.4999938839734,1727071658469
52,0.88460235887305,0.0,0.32689858626192,0.34108575064529,0.50000114622926,0.5,0.50000336705509,0.4999938839734,1727071658518
52,0.88846343511883,0.0,0.32689858626192,0.34108575064529,0.50000091850267,0.5,0.50000336705509,0.4999938839734,1727071660693
52,0.89513899529854,0.0,0.32689858626192,0.34108575064529,0.50000025697956,0.5,0.50000336705509,0.4999938839734,1727071660853
52,0.90180973016824,0.0,0.32689858626192,0.34108575064529,0.50000465746658,0.5,0.50000336705509,0.4999938839734,1727071660953
52,0.90180973016824,0.0,0.32689858626192,0.34108575064529,0.50000465746658,0.5,0.50000336705509,0.4999938839734,1727071661405
52,0.90180973016824,0.0,0.32689858626192,0.34108575064529,0.50000465746658,0.5,0.50000336705509,0.4999938839734,1727071664360
52,0.90180973016824,0.0,0.32431359232429,0.34108575064529,0.50000465746658,0.5,0.49998714973354,0.4999938839734,1727071664415
52,0.90180973016824,0.0,0.32698913471316,0.34108575064529,0.50000465746658,0.5,0.49999879537743,0.4999938839734,1727071664557
52,0.90180973016824,0.0,0.33686027850112,0.34108575064529,0.50000465746658,0.5,0.50000911203324,0.4999938839734,1727071664787
52,0.90180973016824,0.0,0.34409817510773,0.34108575064529,0.50000465746658,0.5,0.49999586058175,0.4999938839734,1727071666807
52,0.90180973016824,0.0,0.34677535114241,0.34108575064529,0.50000465746658,0.5,0.49999271697253,0.4999938839734,1727071666925
52,0.90180973016824,0.0,0.3395490868808,0.34108575064529,0.50000465746658,0.5,0.49997519546769,0.4999938839734,1727071667931
52,0.90180973016824,0.0,0.3395490868808,0.34108575064529,0.50000465746658,0.5,0.49997519546769,0.4999938839734,1727071668413
53,0.16666666666667,0.66666666666667,1.0,0.83333333333333,0.5,0.5,0.5,0.5,1727071670822
53,0.16666666666667,0.66666666666667,1.0,0.83333333333333,0.5,0.5,0.5,0.5,1727071670845
53,0.16666666666667,0.66666666666667,0.99277255595123,0.83333333333333,0.5,0.5,0.49999495314186,0.5,1727071670884
53,0.16666666666667,0.66666666666667,0.97833326744527,0.83333333333333,0.5,0.5,0.49999153927432,0.5,1727071670901
53,0.16666666666667,0.66666666666667,0.97110302349054,0.83333333333333,0.5,0.5,0.50000017408406,0.5,1727071670918
53,0.16666666666667,0.66666666666667,0.96387670110472,0.83333333333333,0.5,0.5,0.49999195983349,0.5,1727071670934
53,0.16666666666667,0.66666666666667,0.94943499220484,0.83333333333333,0.5,0.5,0.49999901633773,0.5,1727071670951
53,0.16666666666667,0.66666666666667,0.93700061223744,0.83333333333333,0.5,0.5,0.49999844017179,0.5,1727071670968
53,0.16666666666667,0.66666666666667,0.9225603775224,0.83333333333333,0.5,0.5,0.49999914118331,0.5,1727071670984
53,0.16666666666667,0.66666666666667,0.91533497001262,0.83333333333333,0.5,0.5,0.49998645892555,0.5,1727071671001
53,0.16666666666667,0.66666666666667,0.90088538683906,0.83333333333333,0.5,0.5,0.49999232274934,0.5,1727071671018
53,0.16666666666667,0.66666666666667,0.88644500800306,0.83333333333333,0.5,0.5,0.49999363374238,0.5,1727071671034
53,0.16666666666667,0.66666666666667,0.85227755745065,0.83333333333333,0.5,0.5,0.49998942853769,0.5,1727071671051
53,0.16666666666667,0.66666666666667,0.81621151809418,0.83333333333333,0.5,0.5,0.49998217542617,0.5,1727071671068
53,0.16666666666667,0.66666666666667,0.76578299735598,0.83333333333333,0.5,0.5,0.4999960968676,0.5,1727071671084
53,0.16666666666667,0.66666666666667,0.75855665985154,0.83333333333333,0.5,0.5,0.49998625988962,0.5,1727071671101
53,0.16666666666667,0.66666666666667,0.74411521621024,0.83333333333333,0.5,0.5,0.49999329083073,0.5,1727071671118
53,0.16666666666667,0.66666666666667,0.72966779435339,0.83333333333333,0.5,0.5,0.49998870398783,0.5,1727071671134
53,0.16666666666667,0.66666666666667,0.71522719455924,0.83333333333333,0.5,0.5,0.49999139456885,0.5,1727071671151
53,0.16666666666667,0.66666666666667,0.69091232545135,0.83333333333333,0.5,0.5,0.50000511418493,0.5,1727071671168
53,0.16666666666667,0.66666666666667,0.63775577450604,0.83333333333333,0.5,0.5,0.49998637740445,0.5,1727071671184
53,0.16666666666667,0.66666666666667,0.5344798179262,0.83333333333333,0.5,0.5,0.49999526436276,0.5,1727071671201
53,0.16666666666667,0.66666666666667,0.43553756477262,0.83333333333333,0.5,0.5,0.49998140244554,0.5,1727071671218
53,0.16666666666667,0.66666666666667,0.35093373058713,0.83333333333333,0.5,0.5,0.49999363924928,0.5,1727071671235
53,0.16666666666667,0.66666666666667,0.29782440066174,0.83333333333333,0.5,0.5,0.49998031319524,0.5,1727071671251
53,0.16666666666667,0.66666666666667,0.28339199438662,0.83333333333333,0.5,0.5,0.49998488102672,0.5,1727071671268
53,0.16666666666667,0.66666666666667,0.26176472610511,0.83333333333333,0.5,0.5,0.49998323270335,0.5,1727071671284
53,0.16666666666667,0.66666666666667,0.24014528427664,0.83333333333333,0.5,0.5,0.49998528810403,0.5,1727071671301
53,0.16666666666667,0.66666666666667,0.20419234142806,0.83333333333333,0.5,0.5,0.49998534935509,0.5,1727071671318
53,0.16666666666667,0.66666666666667,0.17729491244635,0.83333333333333,0.5,0.5,0.49996341990765,0.5,1727071671334
53,0.16666666666667,0.66666666666667,0.14576891699478,0.83333333333333,0.5,0.5,0.49998404477875,0.5,1727071671351
53,0.16666666666667,0.66666666666667,0.12868370939032,0.83333333333333,0.5,0.5,0.4999980317149,0.5,1727071671368
53,0.16666666666667,0.66666666666667,0.12146426533053,0.83333333333333,0.5,0.5,0.49998961927189,0.5,1727071671384
53,0.16666666666667,0.66666666666667,0.10438102510754,0.83333333333333,0.5,0.5,0.49997570387704,0.5,1727071671401
53,0.16666666666667,0.66666666666667,0.09716173105358,0.83333333333333,0.5,0.5,0.49996397132773,0.5,1727071671575
53,0.16666666666667,0.66666666666667,0.08994874552944,0.83333333333333,0.5,0.5,0.49998071967054,0.5,1727071671621
53,0.16666666666667,0.66666666666667,0.08273014639091,0.83333333333333,0.5,0.5,0.49995762849739,0.5,1727071671636
53,0.16666666666667,0.66666666666667,0.07550959547556,0.83333333333333,0.5,0.5,0.49996497442449,0.5,1727071671652
53,0.16666666666667,0.66666666666667,0.06828874340023,0.83333333333333,0.5,0.5,0.49997761843605,0.5,1727071671668
53,0.16666666666667,0.66666666666667,0.06107595322895,0.83333333333333,0.5,0.5,0.49999294290626,0.5,1727071671684
53,0.16666666666667,0.66666666666667,0.02236569709559,0.83333333333333,0.5,0.5,0.49996772688412,0.5,1727071671701
53,0.16666666666667,0.66666666666667,0.01515221354415,0.83333333333333,0.5,0.5,0.49999915779844,0.5,1727071671718
53,0.16666666666667,0.66666666666667,0.0,0.83333333333333,0.5,0.5,0.5,0.5,1727071671734
53,0.16666666666667,0.66666666666667,0.0,0.83333333333333,0.5,0.5,0.5,0.5,1727071671784
53,0.16666666666667,0.66666666666667,0.0,0.83333333333333,0.5,0.5,0.5,0.5,1727071671801
53,0.16666666666667,0.66666666666667,0.0072470392037,0.83333333333333,0.5,0.5,0.49994844289717,0.5,1727071672049
53,0.16666666666667,0.66666666666667,0.01448361473792,0.83333333333333,0.5,0.5,0.49994654683379,0.5,1727071672064
53,0.16666666666667,0.66666666666667,0.02438004489041,0.83333333333333,0.5,0.5,0.49995656622209,0.5,1727071672081
53,0.16666666666667,0.66666666666667,0.03162475621322,0.83333333333333,0.5,0.5,0.49995551323115,0.5,1727071672089
53,0.16666666666667,0.66666666666667,0.04871647061787,0.83333333333333,0.5,0.5,0.49996891066784,0.5,1727071672104
53,0.16666666666667,0.66666666666667,0.05596209875619,0.83333333333333,0.5,0.5,0.49995192659791,0.5,1727071672118
53,0.16666666666667,0.66666666666667,0.06584804851436,0.83333333333333,0.5,0.5,0.49999857717507,0.5,1727071672134
53,0.16666666666667,0.66666666666667,0.08294184107172,0.83333333333333,0.5,0.5,0.49997563519607,0.5,1727071672151
53,0.16666666666667,0.66666666666667,0.09017761931778,0.83333333333333,0.5,0.5,0.49998588038766,0.5,1727071672169
53,0.16666666666667,0.66666666666667,0.1072776837254,0.83333333333333,0.5,0.5,0.49999322095334,0.5,1727071672184
53,0.16666666666667,0.66666666666667,0.11451419268025,0.83333333333333,0.5,0.5,0.49999191454957,0.5,1727071673127
53,0.16666666666667,0.66666666666667,0.12175238643139,0.83333333333333,0.5,0.5,0.4999668788304,0.5,1727071673168
53,0.16666666666667,0.66666666666667,0.12898801307351,0.83333333333333,0.5,0.5,0.49997834087431,0.5,1727071673237
53,0.16666666666667,0.66666666666667,0.13622589651102,0.83333333333333,0.5,0.5,0.49995871383964,0.5,1727071673253
53,0.16666666666667,0.66666666666667,0.14611281565782,0.83333333333333,0.5,0.5,0.49998290110231,0.5,1727071673309
53,0.16666666666667,0.66666666666667,0.15335075133429,0.83333333333333,0.5,0.5,0.49996334584631,0.5,1727071673324
53,0.16666666666667,0.66666666666667,0.16322894088108,0.83333333333333,0.5,0.5,0.49999332269619,0.5,1727071673368
53,0.16666666666667,0.66666666666667,0.17311952773299,0.83333333333333,0.5,0.5,0.49996967420045,0.5,1727071673384
53,0.16666666666667,0.66666666666667,0.18035666596305,0.83333333333333,0.5,0.5,0.49996129138157,0.5,1727071673401
53,0.16666666666667,0.66666666666667,0.1875899638539,0.83333333333333,0.5,0.5,0.49999923481067,0.5,1727071673515
53,0.16666666666667,0.66666666666667,0.18037093516257,0.83333333333333,0.5,0.5,0.49998692967617,0.5,1727071673989
53,0.16666666666667,0.66666666666667,0.17315074331491,0.83333333333333,0.5,0.5,0.49998862822027,0.5,1727071674034
53,0.16666666666667,0.66666666666667,0.16593120073607,0.83333333333333,0.5,0.5,0.49998219488416,0.5,1727071674179
53,0.16666666666667,0.66666666666667,0.16593120073607,0.83333333333333,0.5,0.5,0.49998219488416,0.5,1727071675733
53,0.16666666666667,0.66666666666667,0.16593120073607,0.83333333333333,0.5,0.5,0.49998219488416,0.5,1727071680143
53,0.16666666666667,0.66666666666667,0.16593120073607,0.83333333333333,0.5,0.5,0.49998219488416,0.5,1727071681198
53,0.16666666666667,0.66001873811821,0.16593120073607,0.83333333333333,0.5,0.50000107519211,0.49998219488416,0.5,1727071681261
53,0.16666666666667,0.6467277272079,0.16593120073607,0.83333333333333,0.5,0.50000029383649,0.49998219488416,0.5,1727071681267
53,0.16666666666667,0.58592159811653,0.16593120073607,0.83333333333333,0.5,0.49999421077515,0.49998219488416,0.5,1727071681284
53,0.16666666666667,0.54227000564116,0.16593120073607,0.83333333333333,0.5,0.49999767645905,0.49998219488416,0.5,1727071681301
53,0.16666666666667,0.51183524722591,0.16593120073607,0.83333333333333,0.5,0.50000047054736,0.49998219488416,0.5,1727071681317
53,0.16666666666667,0.4946666206742,0.16593120073607,0.83333333333333,0.5,0.50000003405144,0.49998219488416,0.5,1727071681346
53,0.16666666666667,0.48138095133806,0.16593120073607,0.83333333333333,0.5,0.49999503055807,0.49998219488416,0.5,1727071681387
53,0.16666666666667,0.45370375764054,0.16593120073607,0.83333333333333,0.5,0.49999504712829,0.49998219488416,0.5,1727071681401
53,0.16666666666667,0.44042425409387,0.16593120073607,0.83333333333333,0.5,0.49999701245978,0.49998219488416,0.5,1727071681417
53,0.16666666666667,0.42991868073305,0.16593120073607,0.83333333333333,0.5,0.49999524810214,0.49998219488416,0.5,1727071681434
53,0.16666666666667,0.41663895744083,0.16593120073607,0.83333333333333,0.5,0.49999746929298,0.49998219488416,0.5,1727071681450
53,0.16666666666667,0.409992567563,0.16593120073607,0.83333333333333,0.5,0.4999976409781,0.49998219488416,0.5,1727071681467
53,0.16666666666667,0.40334620119014,0.16593120073607,0.83333333333333,0.5,0.49999779632155,0.49998219488416,0.5,1727071681484
53,0.16666666666667,0.39283651391137,0.16593120073607,0.83333333333333,0.5,0.49999947127972,0.49998219488416,0.5,1727071681501
53,0.16666666666667,0.37567339623522,0.16593120073607,0.83333333333333,0.5,0.49999407007076,0.49998219488416,0.5,1727071681517
53,0.16666666666667,0.35850302898018,0.16593120073607,0.83333333333333,0.5,0.49999493244359,0.49998219488416,0.5,1727071681534
53,0.16666666666667,0.35185373217452,0.16593120073607,0.83333333333333,0.5,0.499997755563,0.49998219488416,0.5,1727071681551
53,0.16666666666667,0.34520562852831,0.16593120073607,0.83333333333333,0.5,0.49999953655913,0.49998219488416,0.5,1727071681567
53,0.16666666666667,0.33855803970236,0.16593120073607,0.83333333333333,0.5,0.50000087553537,0.49998219488416,0.5,1727071681584
53,0.16666666666667,0.31756387977028,0.16593120073607,0.83333333333333,0.5,0.49999523491336,0.49998219488416,0.5,1727071681601
53,0.16666666666667,0.30429639918679,0.16593120073607,0.83333333333333,0.5,0.50000103116077,0.49998219488416,0.5,1727071681617
53,0.16666666666667,0.293796607854,0.16593120073607,0.83333333333333,0.5,0.4999930406715,0.49998219488416,0.5,1727071681634
53,0.16666666666667,0.28053144911668,0.16593120073607,0.83333333333333,0.5,0.49999662884688,0.49998219488416,0.5,1727071681651
53,0.16666666666667,0.27388299611752,0.16593120073607,0.83333333333333,0.5,0.49999900566543,0.49998219488416,0.5,1727071681667
53,0.16666666666667,0.24242779983277,0.16593120073607,0.83333333333333,0.5,0.49999184138152,0.49998219488416,0.5,1727071681684
53,0.16666666666667,0.21603420404577,0.16593120073607,0.83333333333333,0.5,0.5000020033197,0.49998219488416,0.5,1727071681700
53,0.16666666666667,0.1922322771774,0.16593120073607,0.83333333333333,0.5,0.50000451336544,0.49998219488416,0.5,1727071681717
53,0.16666666666667,0.18173170007112,0.16593120073607,0.83333333333333,0.5,0.49999553690306,0.49998219488416,0.5,1727071681869
53,0.16666666666667,0.17508319037385,0.16593120073607,0.83333333333333,0.5,0.49999852260927,0.49998219488416,0.5,1727071681884
53,0.16666666666667,0.16458677059683,0.16593120073607,0.83333333333333,0.5,0.50000395357244,0.49998219488416,0.5,1727071681901
53,0.16666666666667,0.14742853643502,0.16593120073607,0.83333333333333,0.5,0.49998886935575,0.49998219488416,0.5,1727071681917
53,0.16666666666667,0.14078354038728,0.16593120073607,0.83333333333333,0.5,0.49998704664371,0.49998219488416,0.5,1727071681940
53,0.16666666666667,0.12361373205318,0.16593120073607,0.83333333333333,0.5,0.49998730364692,0.49998219488416,0.5,1727071682115
53,0.16666666666667,0.11697256430077,0.16593120073607,0.83333333333333,0.5,0.50000269626752,0.49998219488416,0.5,1727071682131
53,0.16666666666667,0.12365016793774,0.16593120073607,0.83333333333333,0.5,0.50000164389932,0.49998219488416,0.5,1727071682495
53,0.16666666666667,0.13033165281663,0.16593120073607,0.83333333333333,0.5,0.49999500223731,0.49998219488416,0.5,1727071682534
53,0.16666666666667,0.13701514668688,0.16593120073607,0.83333333333333,0.5,0.49998572806603,0.49998219488416,0.5,1727071682607
53,0.16666666666667,0.14369807062906,0.16593120073607,0.83333333333333,0.5,0.49999911113151,0.49998219488416,0.5,1727071682622
53,0.16666666666667,0.14759492737305,0.16593120073607,0.83333333333333,0.5,0.49999281187187,0.49998219488416,0.5,1727071682634
53,0.16666666666667,0.15427694671959,0.16593120073607,0.83333333333333,0.5,0.49998598073365,0.49998219488416,0.5,1727071682650
53,0.16666666666667,0.16095401024228,0.16593120073607,0.83333333333333,0.5,0.50000665978775,0.49998219488416,0.5,1727071682667
53,0.16666666666667,0.17146807777397,0.16593120073607,0.83333333333333,0.5,0.4999981541098,0.49998219488416,0.5,1727071682717
53,0.16666666666667,0.17814783126791,0.16593120073607,0.83333333333333,0.5,0.49999453816914,0.49998219488416,0.5,1727071682740
53,0.16666666666667,0.18205071004276,0.16593120073607,0.83333333333333,0.5,0.50000072992572,0.49998219488416,0.5,1727071682751
53,0.16666666666667,0.18873347491311,0.16593120073607,0.83333333333333,0.5,0.49999337780452,0.49998219488416,0.5,1727071683011
53,0.16666666666667,0.1849382709694,0.16593120073607,0.83333333333333,0.5,0.49998724056244,0.49998219488416,0.5,1727071683050
53,0.16666666666667,0.1849382709694,0.16593120073607,0.83333333333333,0.5,0.49998724056244,0.49998219488416,0.5,1727071684009
53,0.16666666666667,0.1849382709694,0.16593120073607,0.83333333333333,0.5,0.49998724056244,0.49998219488416,0.5,1727071686780
53,0.16666666666667,0.178294156101,0.16593120073607,0.83333333333333,0.5,0.49998441794057,0.49998219488416,0.5,1727071686931
53,0.16666666666667,0.1640413195844,0.16593120073607,0.83333333333333,0.5,0.49999277999455,0.49998219488416,0.5,1727071687001
53,0.16666666666667,0.1640413195844,0.16593120073607,0.83333333333333,0.5,0.49999277999455,0.49998219488416,0.5,1727071687342
53,0.16666666666667,0.1640413195844,0.16593120073607,0.83333333333333,0.5,0.49999277999455,0.49998219488416,0.5,1727071689490
53,0.17057052054961,0.1640413195844,0.16593120073607,0.83333333333333,0.50000169078148,0.49999277999455,0.49998219488416,0.5,1727071689655
53,0.18108460088797,0.1640413195844,0.16593120073607,0.83333333333333,0.50000981938695,0.49999277999455,0.49998219488416,0.5,1727071689667
53,0.1877645665125,0.1640413195844,0.16593120073607,0.83333333333333,0.50001350136547,0.49999277999455,0.49998219488416,0.5,1727071689686
53,0.19444076502708,0.1640413195844,0.16593120073607,0.83333333333333,0.49999331515488,0.49999277999455,0.49998219488416,0.5,1727071689711
53,0.20111863811727,0.1640413195844,0.16593120073607,0.83333333333333,0.49999457516112,0.49999277999455,0.49998219488416,0.5,1727071689719
53,0.20780070885782,0.1640413195844,0.16593120073607,0.83333333333333,0.5000008536765,0.49999277999455,0.49998219488416,0.5,1727071689734
53,0.21447860321176,0.1640413195844,0.16593120073607,0.83333333333333,0.50000199429282,0.49999277999455,0.49998219488416,0.5,1727071689750
53,0.22115526110957,0.1640413195844,0.16593120073607,0.83333333333333,0.50000165572936,0.49999277999455,0.49998219488416,0.5,1727071689767
53,0.23167317910854,0.1640413195844,0.16593120073607,0.83333333333333,0.5000133239705,0.49999277999455,0.49998219488416,0.5,1727071689783
53,0.23834653871345,0.1640413195844,0.16593120073607,0.83333333333333,0.50000911886805,0.49999277999455,0.49998219488416,0.5,1727071689800
53,0.25846466062405,0.1640413195844,0.16593120073607,0.83333333333333,0.50000338536141,0.49999277999455,0.49998219488416,0.5,1727071689817
53,0.27563528589008,0.1640413195844,0.16593120073607,0.83333333333333,0.50000473743159,0.49999277999455,0.49998219488416,0.5,1727071689833
53,0.28901365326975,0.1640413195844,0.16593120073607,0.83333333333333,0.49999822909613,0.49999277999455,0.49998219488416,0.5,1727071689850
53,0.29568493191875,0.1640413195844,0.16593120073607,0.83333333333333,0.50000809165669,0.49999277999455,0.49998219488416,0.5,1727071689867
53,0.31673105796865,0.1640413195844,0.16593120073607,0.83333333333333,0.50000776412482,0.49999277999455,0.49998219488416,0.5,1727071689884
53,0.32340532299678,0.1640413195844,0.16593120073607,0.83333333333333,0.50000511805046,0.49999277999455,0.49998219488416,0.5,1727071689900
53,0.37787723565148,0.1640413195844,0.16593120073607,0.83333333333333,0.50000027446663,0.49999277999455,0.49998219488416,0.5,1727071689917
53,0.42189796488629,0.1640413195844,0.16593120073607,0.83333333333333,0.50000464202942,0.49999277999455,0.49998219488416,0.5,1727071689933
53,0.46589847961495,0.1640413195844,0.16593120073607,0.83333333333333,0.50000475312419,0.49999277999455,0.49998219488416,0.5,1727071689950
53,0.52409335428796,0.1640413195844,0.16593120073607,0.83333333333333,0.50000074541177,0.49999277999455,0.49998219488416,0.5,1727071689967
53,0.5785363925021,0.1640413195844,0.16593120073607,0.83333333333333,0.4999986232107,0.49999277999455,0.49998219488416,0.5,1727071689983
53,0.65015682352598,0.1640413195844,0.16593120073607,0.83333333333333,0.5000018235827,0.49999277999455,0.49998219488416,0.5,1727071690000
53,0.72175569474297,0.1640413195844,0.16593120073607,0.83333333333333,0.500001048803,0.49999277999455,0.49998219488416,0.5,1727071690017
53,0.81725857799547,0.1640413195844,0.16593120073607,0.83333333333333,0.49999847066936,0.49999277999455,0.49998219488416,0.5,1727071690033
53,0.85159762952177,0.1640413195844,0.16593120073607,0.83333333333333,0.49999881361981,0.49999277999455,0.49998219488416,0.5,1727071690050
53,0.8859460769771,0.1640413195844,0.16593120073607,0.83333333333333,0.50000369613201,0.49999277999455,0.49998219488416,0.5,1727071690067
53,0.88980384531914,0.1640413195844,0.16593120073607,0.83333333333333,0.50000185999929,0.49999277999455,0.49998219488416,0.5,1727071690083
53,0.91083081529791,0.1640413195844,0.16593120073607,0.83333333333333,0.50000002187932,0.49999277999455,0.49998219488416,0.5,1727071690100
53,0.92800278660139,0.1640413195844,0.16593120073607,0.83333333333333,0.50000130418473,0.49999277999455,0.49998219488416,0.5,1727071690117
53,0.93467676019559,0.1640413195844,0.16593120073607,0.83333333333333,0.49999992419772,0.49999277999455,0.49998219488416,0.5,1727071690133
53,0.9451831484987,0.1640413195844,0.16593120073607,0.83333333333333,0.49999932333654,0.49999277999455,0.49998219488416,0.5,1727071690150
53,0.95185142823907,0.1640413195844,0.16593120073607,0.83333333333333,0.50000241953624,0.49999277999455,0.49998219488416,0.5,1727071690167
53,0.96236772629751,0.1640413195844,0.16593120073607,0.83333333333333,0.50000631203675,0.49999277999455,0.49998219488416,0.5,1727071690183
53,0.96623505758829,0.1640413195844,0.16593120073607,0.83333333333333,0.500001943945,0.49999277999455,0.49998219488416,0.5,1727071690209
53,0.97289119365987,0.1640413195844,0.16593120073607,0.83333333333333,0.49999949774898,0.49999277999455,0.49998219488416,0.5,1727071690224
53,0.97956462374536,0.1640413195844,0.16593120073607,0.83333333333333,0.50000483259589,0.49999277999455,0.49998219488416,0.5,1727071690233
53,0.98623764288684,0.1640413195844,0.16593120073607,0.83333333333333,0.50000306546375,0.49999277999455,0.49998219488416,0.5,1727071690256
53,0.99009550598342,0.1640413195844,0.16593120073607,0.83333333333333,0.50000142191431,0.49999277999455,0.49998219488416,0.5,1727071690321
53,0.98343390260132,0.1640413195844,0.16593120073607,0.83333333333333,0.50000140057524,0.49999277999455,0.49998219488416,0.5,1727071690503
53,0.97678331131617,0.1640413195844,0.16593120073607,0.83333333333333,0.49999941393827,0.49999277999455,0.49998219488416,0.5,1727071690517
53,0.97012802632532,0.1640413195844,0.16593120073607,0.83333333333333,0.50000223644285,0.49999277999455,0.49998219488416,0.5,1727071690534
53,0.94630710547889,0.1640413195844,0.16593120073607,0.83333333333333,0.49999972955462,0.49999277999455,0.49998219488416,0.5,1727071690550
53,0.90531983019169,0.1640413195844,0.16593120073607,0.83333333333333,0.49999845063019,0.49999277999455,0.49998219488416,0.5,1727071690567
53,0.84330497641738,0.1640413195844,0.16593120073607,0.83333333333333,0.49999863043754,0.49999277999455,0.49998219488416,0.5,1727071690583
53,0.81284267778527,0.1640413195844,0.16593120073607,0.83333333333333,0.4999981968603,0.49999277999455,0.49998219488416,0.5,1727071690600
53,0.80619075201168,0.1640413195844,0.16593120073607,0.83333333333333,0.50000320330066,0.49999277999455,0.49998219488416,0.5,1727071690617
53,0.79569439641562,0.1640413195844,0.16593120073607,0.83333333333333,0.50000110125204,0.49999277999455,0.49998219488416,0.5,1727071690636
53,0.78903314791715,0.1640413195844,0.16593120073607,0.83333333333333,0.50000126217151,0.49999277999455,0.49998219488416,0.5,1727071690650
53,0.77574127406852,0.1640413195844,0.16593120073607,0.83333333333333,0.50000151171495,0.49999277999455,0.49998219488416,0.5,1727071690667
53,0.74140233155932,0.1640413195844,0.16593120073607,0.83333333333333,0.50000129660325,0.49999277999455,0.49998219488416,0.5,1727071690683
53,0.73475100895492,0.1640413195844,0.16593120073607,0.83333333333333,0.50000702486062,0.49999277999455,0.49998219488416,0.5,1727071690700
53,0.7214502193791,0.1640413195844,0.16593120073607,0.83333333333333,0.5000023073176,0.49999277999455,0.49998219488416,0.5,1727071690717
53,0.71095421511362,0.1640413195844,0.16593120073607,0.83333333333333,0.50000021168349,0.49999277999455,0.49998219488416,0.5,1727071690767
53,0.70044749038394,0.1640413195844,0.16593120073607,0.83333333333333,0.50000077528929,0.49999277999455,0.49998219488416,0.5,1727071691825
53,0.68716022533325,0.1640413195844,0.16593120073607,0.83333333333333,0.50000375285019,0.49999277999455,0.49998219488416,0.5,1727071691927
53,0.68333052288714,0.1640413195844,0.16593120073607,0.83333333333333,0.50000439840935,0.49999277999455,0.49998219488416,0.5,1727071691935
53,0.67667685443094,0.1640413195844,0.16593120073607,0.83333333333333,0.4999999591589,0.49999277999455,0.49998219488416,0.5,1727071691950
53,0.66617470031299,0.1640413195844,0.16593120073607,0.83333333333333,0.50000329141871,0.49999277999455,0.49998219488416,0.5,1727071691967
53,0.65566881127952,0.1640413195844,0.16593120073607,0.83333333333333,0.50000442734614,0.49999277999455,0.49998219488416,0.5,1727071692039
53,0.64902107598693,0.1640413195844,0.16593120073607,0.83333333333333,0.50000349025661,0.49999277999455,0.49998219488416,0.5,1727071692054
53,0.64520062369397,0.1640413195844,0.16593120073607,0.83333333333333,0.50000038411556,0.49999277999455,0.49998219488416,0.5,1727071692067
53,0.63469400383339,0.1640413195844,0.16593120073607,0.83333333333333,0.50000105701097,0.49999277999455,0.49998219488416,0.5,1727071692086
53,0.63856387624109,0.1640413195844,0.16593120073607,0.83333333333333,0.49999667766254,0.49999277999455,0.49998219488416,0.5,1727071693101
53,0.64523277566777,0.1640413195844,0.16593120073607,0.83333333333333,0.50000123566328,0.49999277999455,0.49998219488416,0.5,1727071693117
53,0.64910937500195,0.1640413195844,0.16593120073607,0.83333333333333,0.50000103181848,0.49999277999455,0.49998219488416,0.5,1727071693171
53,0.65577927647466,0.1640413195844,0.16593120073607,0.83333333333333,0.50000611459941,0.49999277999455,0.49998219488416,0.5,1727071693183
53,0.66628530538684,0.1640413195844,0.16593120073607,0.83333333333333,0.50000504362847,0.49999277999455,0.49998219488416,0.5,1727071693200
53,0.67295483407484,0.1640413195844,0.16593120073607,0.83333333333333,0.50000059013645,0.49999277999455,0.49998219488416,0.5,1727071693217
53,0.67295483407484,0.1640413195844,0.16593120073607,0.83333333333333,0.50000059013645,0.49999277999455,0.49998219488416,0.5,1727071693781
53,0.67295483407484,0.1640413195844,0.16593120073607,0.83333333333333,0.50000059013645,0.49999277999455,0.49998219488416,0.5,1727071695143
53,0.67295483407484,0.17072475492733,0.16593120073607,0.83333333333333,0.50000059013645,0.49999780110007,0.49998219488416,0.5,1727071696307
53,0.67295483407484,0.16692927716755,0.16593120073607,0.83333333333333,0.50000059013645,0.49999180109029,0.49998219488416,0.5,1727071697037
53,0.67295483407484,0.15643275529579,0.16593120073607,0.83333333333333,0.50000059013645,0.49999730589097,0.49998219488416,0.5,1727071697099
53,0.67295483407484,0.14978217018758,0.16593120073607,0.83333333333333,0.50000059013645,0.50000337210935,0.49998219488416,0.5,1727071697118
53,0.67295483407484,0.14600182207737,0.16593120073607,0.83333333333333,0.50000059013645,0.49999746323617,0.49998219488416,0.5,1727071697138
53,0.67295483407484,0.14600182207737,0.16593120073607,0.83333333333333,0.50000059013645,0.49999746323617,0.49998219488416,0.5,1727071697629
54,0.5,0.16666666666667,0.83333333333333,0.5,0.5,0.5,0.5,0.5,1727071708813
54,0.5,0.16666666666667,0.83333333333333,0.50667027736896,0.5,0.5,0.5,0.49999515776386,1727071709105
54,0.5,0.16666666666667,0.83333333333333,0.50285210836356,0.5,0.5,0.5,0.49999309413318,1727071709129
54,0.5,0.16666666666667,0.83333333333333,0.49620003562464,0.5,0.5,0.5,0.50000002632123,1727071709297
54,0.5,0.16666666666667,0.83333333333333,0.49238323031518,0.5,0.5,0.5,0.49999897138159,1727071709313
54,0.5,0.16666666666667,0.83333333333333,0.48856667205009,0.5,0.5,0.5,0.49999808995356,1727071709629
54,0.5,0.16666666666667,0.83333333333333,0.47806165332492,0.5,0.5,0.5,0.50000008698091,1727071709677
54,0.5,0.16666666666667,0.83333333333333,0.47424840344228,0.5,0.5,0.5,0.50000171248802,1727071709755
54,0.5,0.16666666666667,0.83333333333333,0.46759877798452,0.5,0.5,0.5,0.49999906112911,1727071709770
54,0.5,0.16666666666667,0.83333333333333,0.46759877798452,0.5,0.5,0.5,0.49999906112911,1727071710460
54,0.5,0.16666666666667,0.83333333333333,0.46759877798452,0.5,0.5,0.5,0.49999906112911,1727071712694
54,0.50668228033797,0.16666666666667,0.83333333333333,0.46759877798452,0.5000039033679,0.5,0.5,0.49999906112911,1727071712893
54,0.51335021425394,0.16666666666667,0.83333333333333,0.46759877798452,0.50000848836475,0.5,0.5,0.49999906112911,1727071712901
54,0.53051910267714,0.16666666666667,0.83333333333333,0.46759877798452,0.50000805982969,0.5,0.5,0.49999906112911,1727071712916
54,0.60886750435058,0.16666666666667,0.83333333333333,0.46759877798452,0.5000038296515,0.5,0.5,0.49999906112911,1727071712932
54,0.7519064650018,0.16666666666667,0.83333333333333,0.46759877798452,0.49999932463822,0.5,0.5,0.49999906112911,1727071712949
54,0.95653990249097,0.16666666666667,0.83333333333333,0.46759877798452,0.50000065844371,0.5,0.5,0.49999906112911,1727071712966
54,1.0,0.16666666666667,0.83333333333333,0.46759877798452,0.5,0.5,0.5,0.49999906112911,1727071712982
54,1.0,0.16666666666667,0.83333333333333,0.46759877798452,0.5,0.5,0.5,0.49999906112911,1727071712999
54,1.0,0.16666666666667,0.83333333333333,0.46759877798452,0.5,0.5,0.5,0.49999906112911,1727071713015
54,1.0,0.16666666666667,0.83333333333333,0.46759877798452,0.5,0.5,0.5,0.49999906112911,1727071713032
54,1.0,0.16666666666667,0.83333333333333,0.46759877798452,0.5,0.5,0.5,0.49999906112911,1727071713049
54,1.0,0.16666666666667,0.83333333333333,0.46759877798452,0.5,0.5,0.5,0.49999906112911,1727071713065
54,1.0,0.16666666666667,0.83333333333333,0.46759877798452,0.5,0.5,0.5,0.49999906112911,1727071713171
54,1.0,0.16666666666667,0.83333333333333,0.46759877798452,0.5,0.5,0.5,0.49999906112911,1727071713182
54,1.0,0.16666666666667,0.83333333333333,0.46759877798452,0.5,0.5,0.5,0.49999906112911,1727071713199
54,1.0,0.16666666666667,0.83333333333333,0.46759877798452,0.5,0.5,0.5,0.49999906112911,1727071713216
54,1.0,0.16666666666667,0.83333333333333,0.46759877798452,0.5,0.5,0.5,0.49999906112911,1727071713439
54,1.0,0.16666666666667,0.83333333333333,0.46759877798452,0.5,0.5,0.5,0.49999906112911,1727071714336
54,1.0,0.17334652150132,0.83333333333333,0.46759877798452,0.5,0.49998950345371,0.5,0.49999906112911,1727071714343
54,1.0,0.18674117238591,0.83333333333333,0.46759877798452,0.5,0.49999657791144,0.5,0.49999906112911,1727071714350
54,1.0,0.20391596455388,0.83333333333333,0.46759877798452,0.5,0.4999899525135,0.5,0.49999906112911,1727071714366
54,1.0,0.22108497037778,0.83333333333333,0.46759877798452,0.5,0.49999058196049,0.5,0.49999906112911,1727071714382
54,1.0,0.31366776096281,0.83333333333333,0.46759877798452,0.5,0.4999939137224,0.5,0.49999906112911,1727071714399
54,1.0,0.38905412915164,0.83333333333333,0.46759877798452,0.5,0.49999311950739,0.5,0.49999906112911,1727071714415
54,1.0,0.45702081730943,0.83333333333333,0.46759877798452,0.5,0.49999576363628,0.5,0.49999906112911,1727071714432
54,1.0,0.48756430967698,0.83333333333333,0.46759877798452,0.5,0.50000367851772,0.5,0.49999906112911,1727071714449
54,1.0,0.52859007967124,0.83333333333333,0.46759877798452,0.5,0.49999613067816,0.5,0.49999906112911,1727071714466
54,1.0,0.54195304265608,0.83333333333333,0.46759877798452,0.5,0.50000055936602,0.5,0.49999906112911,1727071714482
54,1.0,0.55246611309477,0.83333333333333,0.46759877798452,0.5,0.4999968570323,0.5,0.49999906112911,1727071714613
54,1.0,0.54864616138542,0.83333333333333,0.46759877798452,0.5,0.49999999479541,0.5,0.49999906112911,1727071715253
54,1.0,0.5419893277191,0.83333333333333,0.46759877798452,0.5,0.49999671959768,0.5,0.49999906112911,1727071715268
54,1.0,0.53534124635838,0.83333333333333,0.46759877798452,0.5,0.49999804498904,0.5,0.49999906112911,1727071715293
54,1.0,0.52484214821281,0.83333333333333,0.46759877798452,0.5,0.49999190345257,0.5,0.49999906112911,1727071715300
54,1.0,0.52102363195917,0.83333333333333,0.46759877798452,0.5,0.49999410265702,0.5,0.49999906112911,1727071715316
54,1.0,0.51436883877293,0.83333333333333,0.46759877798452,0.5,0.50000028274164,0.5,0.49999906112911,1727071715397
54,1.0,0.51054879850432,0.83333333333333,0.46759877798452,0.5,0.50000365909209,0.5,0.49999906112911,1727071715459
54,1.0,0.50389955256133,0.83333333333333,0.46759877798452,0.5,0.49999470181512,0.5,0.49999906112911,1727071715539
54,1.0,0.49339699658244,0.83333333333333,0.46759877798452,0.5,0.50000222743972,0.5,0.49999906112911,1727071715554
54,1.0,0.49339699658244,0.83333333333333,0.46759877798452,0.5,0.50000222743972,0.5,0.49999906112911,1727071715989
55,0.16666666666667,0.66666666666667,0.0,0.0,0.5,0.5,0.5,0.5,1727071720568
55,0.16666666666667,0.66666666666667,0.00989760132815,0.0,0.5,0.5,0.49998321554752,0.5,1727071720631
55,0.16666666666667,0.66666666666667,0.02977134664802,0.0,0.5,0.5,0.50001856339507,0.5,1727071720638
55,0.16666666666667,0.66666666666667,0.04427205796427,0.0,0.5,0.5,0.49995817001144,0.5,1727071720649
55,0.16666666666667,0.66666666666667,0.1045024987976,0.0,0.5,0.5,0.49999519182127,0.5,1727071720665
55,0.16666666666667,0.66666666666667,0.22721237016467,0.0,0.5,0.5,0.49997456675178,0.5,1727071720682
55,0.16666666666667,0.66666666666667,0.43267118201623,0.0,0.5,0.5,0.49999123006155,0.5,1727071720699
55,0.16666666666667,0.66666666666667,0.75988817100262,0.0,0.5,0.5,0.50000084751309,0.5,1727071720715
55,0.16666666666667,0.66666666666667,1.0,0.0,0.5,0.5,0.5,0.5,1727071720732
55,0.16666666666667,0.66666666666667,1.0,0.0,0.5,0.5,0.5,0.5,1727071720749
55,0.16666666666667,0.66666666666667,1.0,0.0,0.5,0.5,0.5,0.5,1727071720765
55,0.16666666666667,0.66666666666667,1.0,0.0,0.5,0.5,0.5,0.5,1727071720782
55,0.16666666666667,0.66666666666667,1.0,0.0,0.5,0.5,0.5,0.5,1727071720799
55,0.16666666666667,0.66666666666667,1.0,0.0,0.5,0.5,0.5,0.5,1727071721061
55,0.16666666666667,0.66666666666667,1.0,0.0,0.5,0.5,0.5,0.5,1727071723966
55,0.18005926971186,0.66666666666667,1.0,0.0,0.49999709149768,0.5,0.5,0.5,1727071723982
55,0.18674163361959,0.66666666666667,1.0,0.0,0.50000400433064,0.5,0.5,0.5,1727071723998
55,0.20687445897783,0.66666666666667,1.0,0.0,0.50001559163622,0.5,0.5,0.5,1727071724015
55,0.2202616753708,0.66666666666667,1.0,0.0,0.50000016051067,0.5,0.5,0.5,1727071724032
55,0.24714440229787,0.66666666666667,1.0,0.0,0.50000658823828,0.5,0.5,0.5,1727071724048
55,0.29489859672578,0.66666666666667,1.0,0.0,0.50000636323748,0.5,0.5,0.5,1727071724065
55,0.36655677688112,0.66666666666667,1.0,0.0,0.50000262067243,0.5,0.5,0.5,1727071724082
55,0.43453880738748,0.66666666666667,1.0,0.0,0.50000027854746,0.5,0.5,0.5,1727071724098
55,0.51663807676667,0.66666666666667,1.0,0.0,0.50000525521682,0.5,0.5,0.5,1727071724115
55,0.54047481168655,0.66666666666667,1.0,0.0,0.49999852737749,0.5,0.5,0.5,1727071724132
55,0.55099033486308,0.66666666666667,1.0,0.0,0.50000393676414,0.5,0.5,0.5,1727071724148
55,0.58533539377459,0.66666666666667,1.0,0.0,0.49999797524696,0.5,0.5,0.5,1727071724165
55,0.6025066355579,0.66666666666667,1.0,0.0,0.49999931658384,0.5,0.5,0.5,1727071724182
55,0.64352850790743,0.66666666666667,1.0,0.0,0.5000033510465,0.5,0.5,0.5,1727071724198
55,0.67405692493066,0.66666666666667,1.0,0.0,0.4999972473828,0.5,0.5,0.5,1727071724215
55,0.69122591406144,0.66666666666667,1.0,0.0,0.49999715605213,0.5,0.5,0.5,1727071724232
55,0.71891326349347,0.66666666666667,1.0,0.0,0.50000317010082,0.5,0.5,0.5,1727071724248
55,0.74275645386955,0.66666666666667,1.0,0.0,0.50000144819847,0.5,0.5,0.5,1727071724265
55,0.75326048008549,0.66666666666667,1.0,0.0,0.49999941838293,0.5,0.5,0.5,1727071724282
55,0.76377542196188,0.66666666666667,1.0,0.0,0.50000336699813,0.5,0.5,0.5,1727071724304
55,0.77044942774745,0.66666666666667,1.0,0.0,0.500001768824,0.5,0.5,0.5,1727071724328
55,0.77710729784708,0.66666666666667,1.0,0.0,0.49999978826213,0.5,0.5,0.5,1727071724336
55,0.78098071006615,0.66666666666667,1.0,0.0,0.49999791158429,0.5,0.5,0.5,1727071724348
55,0.7876541782081,0.66666666666667,1.0,0.0,0.50000426351762,0.5,0.5,0.5,1727071724365
55,0.79431489345194,0.66666666666667,1.0,0.0,0.50000380172143,0.5,0.5,0.5,1727071724382
55,0.80483349597803,0.66666666666667,1.0,0.0,0.50000142518596,0.5,0.5,0.5,1727071724398
55,0.81150132167206,0.66666666666667,1.0,0.0,0.50000468172802,0.5,0.5,0.5,1727071724416
55,0.81816310592805,0.66666666666667,1.0,0.0,0.49999683868019,0.5,0.5,0.5,1727071724432
55,0.82483150391671,0.66666666666667,1.0,0.0,0.50000037685303,0.5,0.5,0.5,1727071724464
55,0.84200455649461,0.66666666666667,1.0,0.0,0.50000230047151,0.5,0.5,0.5,1727071724498
55,0.84867890948094,0.66666666666667,1.0,0.0,0.50000099679858,0.5,0.5,0.5,1727071724518
55,0.85254099481037,0.66666666666667,1.0,0.0,0.50000126676963,0.5,0.5,0.5,1727071724532
55,0.85920681870297,0.66666666666667,1.0,0.0,0.50000338921838,0.5,0.5,0.5,1727071724548
55,0.86587980720327,0.66666666666667,1.0,0.0,0.5000014249756,0.5,0.5,0.5,1727071725811
55,0.87254636792395,0.66666666666667,1.0,0.0,0.50000388314801,0.5,0.5,0.5,1727071727663
55,0.87921434974098,0.66666666666667,1.0,0.0,0.49999949473165,0.5,0.5,0.5,1727071727715
55,0.87921434974098,0.66666666666667,1.0,0.0,0.49999949473165,0.5,0.5,0.5,1727071728891
55,0.87921434974098,0.66666666666667,1.0,0.0,0.49999949473165,0.5,0.5,0.5,1727071730119
55,0.87921434974098,0.67718008352644,1.0,0.0,0.49999949473165,0.50000269478012,0.5,0.5,1727071730325
55,0.87921434974098,0.68384558930813,1.0,0.0,0.49999949473165,0.50000033329512,0.5,0.5,1727071730365
55,0.87921434974098,0.69052070983789,1.0,0.0,0.49999949473165,0.50000138757503,0.5,0.5,1727071730388
55,0.87921434974098,0.70102668504498,1.0,0.0,0.49999949473165,0.50000236768463,0.5,0.5,1727071730431
55,0.87921434974098,0.71438425002072,1.0,0.0,0.49999949473165,0.50000020887497,0.5,0.5,1727071730448
55,0.87921434974098,0.72106128978386,1.0,0.0,0.49999949473165,0.50000014118904,0.5,0.5,1727071730465
55,0.87921434974098,0.74209005075914,1.0,0.0,0.49999949473165,0.5000012542339,0.5,0.5,1727071730482
55,0.87921434974098,0.74875351096978,1.0,0.0,0.49999949473165,0.50000018502738,0.5,0.5,1727071730506
55,0.87921434974098,0.75542755233554,1.0,0.0,0.49999949473165,0.50000176399409,0.5,0.5,1727071730555
55,0.87921434974098,0.76209537769237,1.0,0.0,0.49999949473165,0.49999832764884,0.5,0.5,1727071730565
55,0.87921434974098,0.76876236457813,1.0,0.0,0.49999949473165,0.50000371581634,0.5,0.5,1727071730665
55,0.87921434974098,0.77263117900787,1.0,0.0,0.49999949473165,0.49999977907783,0.5,0.5,1727071730681
55,0.87921434974098,0.77263117900787,1.0,0.0,0.49999949473165,0.49999977907783,0.5,0.5,1727071731202
55,0.87921434974098,0.77263117900787,1.0,0.0,0.49999949473165,0.49999977907783,0.5,0.5,1727071734484
55,0.87921434974098,0.76880812254844,1.0,0.0,0.49999949473165,0.50000392987853,0.5,0.5,1727071734523
55,0.87921434974098,0.77547923498533,1.0,0.0,0.49999949473165,0.49999875704807,0.5,0.5,1727071734564
55,0.87921434974098,0.78214550454091,1.0,0.0,0.49999949473165,0.50000445574628,0.5,0.5,1727071734584
55,0.87921434974098,0.78881448299699,1.0,0.0,0.49999949473165,0.5000004785151,0.5,0.5,1727071734608
55,0.87921434974098,0.79548738440601,1.0,0.0,0.49999949473165,0.50000259625533,0.5,0.5,1727071734624
55,0.87921434974098,0.80215263189375,1.0,0.0,0.49999949473165,0.50000063627352,0.5,0.5,1727071734681
55,0.87921434974098,0.80215263189375,1.0,0.0,0.49999949473165,0.50000063627352,0.5,0.5,1727071735077
55,0.87921434974098,0.80215263189375,1.0,0.0,0.49999949473165,0.50000063627352,0.5,0.5,1727071736512
55,0.87921434974098,0.80215263189375,1.0,0.0,0.49999949473165,0.50000063627352,0.5,0.5,1727071736605
55,0.87921434974098,0.80215263189375,1.0,0.01342567177727,0.49999949473165,0.50000063627352,0.5,0.49998933140257,1727071736614
55,0.87921434974098,0.80215263189375,1.0,0.0268650072254,0.49999949473165,0.50000063627352,0.5,0.50000690743025,1727071736631
55,0.87921434974098,0.80215263189375,1.0,0.04707146775698,0.49999949473165,0.50000063627352,0.5,0.49998987555178,1727071736648
55,0.87921434974098,0.80215263189375,1.0,0.09128351612094,0.49999949473165,0.50000063627352,0.5,0.4999857975322,1727071736664
55,0.87921434974098,0.80215263189375,1.0,0.12508936188804,0.49999949473165,0.50000063627352,0.5,0.4999956700742,1727071736681
55,0.87921434974098,0.80215263189375,1.0,0.14894619980326,0.49999949473165,0.50000063627352,0.5,0.49998943299251,1727071736698
55,0.87921434974098,0.80215263189375,1.0,0.16611552214386,0.49999949473165,0.50000063627352,0.5,0.49998999032612,1727071736714
55,0.87921434974098,0.80215263189375,1.0,0.17951097972433,0.49999949473165,0.50000063627352,0.5,0.50000421978852,1727071736731
55,0.87921434974098,0.80215263189375,1.0,0.19667590055221,0.49999949473165,0.50000063627352,0.5,0.49999873790454,1727071736748
55,0.87921434974098,0.80215263189375,1.0,0.21007005425244,0.49999949473165,0.50000063627352,0.5,0.49999176866487,1727071736764
55,0.87921434974098,0.80215263189375,1.0,0.23019336793015,0.49999949473165,0.50000063627352,0.5,0.49999238544215,1727071736781
55,0.87921434974098,0.80215263189375,1.0,0.23687532696906,0.49999949473165,0.50000063627352,0.5,0.49999819259504,1727071736798
55,0.87921434974098,0.80215263189375,1.0,0.24354404671719,0.49999949473165,0.50000063627352,0.5,0.49998905319498,1727071736848
55,0.87921434974098,0.80215263189375,1.0,0.25022368500546,0.49999949473165,0.50000063627352,0.5,0.49999219199844,1727071736945
55,0.87921434974098,0.80215263189375,1.0,0.25690345728686,0.49999949473165,0.50000063627352,0.5,0.49999539381197,1727071736960
55,0.87921434974098,0.80215263189375,1.0,0.26741726497163,0.49999949473165,0.50000063627352,0.5,0.50000200359397,1727071736968
55,0.87921434974098,0.80215263189375,1.0,0.27408981539826,0.49999949473165,0.50000063627352,0.5,0.49999737816922,1727071736984
55,0.87921434974098,0.80215263189375,1.0,0.28076637799575,0.49999949473165,0.50000063627352,0.5,0.49999703670406,1727071736998
55,0.87921434974098,0.80215263189375,1.0,0.28744112346446,0.49999949473165,0.50000063627352,0.5,0.49999483962251,1727071737016
55,0.87921434974098,0.80215263189375,1.0,0.29412027351783,0.49999949473165,0.50000063627352,0.5,0.49999715945214,1727071737032
55,0.87921434974098,0.80215263189375,1.0,0.30079070550888,0.49999949473165,0.50000063627352,0.5,0.49999069640087,1727071737048
55,0.87921434974098,0.80215263189375,1.0,0.32089119902162,0.49999949473165,0.50000063627352,0.5,0.49999892931892,1727071737064
55,0.87921434974098,0.80215263189375,1.0,0.35817627292943,0.49999949473165,0.50000063627352,0.5,0.49999243731244,1727071737081
55,0.87921434974098,0.80215263189375,1.0,0.36485145037767,0.49999949473165,0.50000063627352,0.5,0.49999095412831,1727071737098
55,0.87921434974098,0.80215263189375,1.0,0.37822398892654,0.49999949473165,0.50000063627352,0.5,0.4999940495994,1727071737114
55,0.87921434974098,0.80215263189375,1.0,0.38489327005744,0.49999949473165,0.50000063627352,0.5,0.50000083569879,1727071737191
55,0.87921434974098,0.80215263189375,1.0,0.39156384605679,0.49999949473165,0.50000063627352,0.5,0.49999537263252,1727071737206
55,0.87921434974098,0.80215263189375,1.0,0.3982461858451,0.49999949473165,0.50000063627352,0.5,0.50000002721488,1727071738087
55,0.87921434974098,0.80215263189375,1.0,0.4087528431146,0.49999949473165,0.50000063627352,0.5,0.49999916052792,1727071738131
55,0.87921434974098,0.80215263189375,1.0,0.41263596011379,0.49999949473165,0.50000063627352,0.5,0.49999151855023,1727071738213
55,0.87921434974098,0.80215263189375,1.0,0.41930529871793,0.49999949473165,0.50000063627352,0.5,0.49999802831977,1727071738228
55,0.87921434974098,0.80215263189375,1.0,0.42318573464351,0.49999949473165,0.50000063627352,0.5,0.50000091665576,1727071738347
55,0.87921434974098,0.80215263189375,1.0,0.42986020153199,0.49999949473165,0.50000063627352,0.5,0.49999891582391,1727071738435
55,0.87921434974098,0.80215263189375,1.0,0.43373629372092,0.49999949473165,0.50000063627352,0.5,0.49999825198535,1727071738529
55,0.87921434974098,0.80215263189375,1.0,0.44425506467428,0.49999949473165,0.50000063627352,0.5,0.49999485896218,1727071738743
55,0.87921434974098,0.80215263189375,1.0,0.45476174753584,0.49999949473165,0.50000063627352,0.5,0.49999414592223,1727071738823
55,0.87921434974098,0.80215263189375,1.0,0.44811835689249,0.49999949473165,0.50000063627352,0.5,0.49999627241976,1727071739893
55,0.87921434974098,0.80215263189375,1.0,0.44146721158158,0.49999949473165,0.50000063627352,0.5,0.50000452335361,1727071739898
55,0.87921434974098,0.80215263189375,1.0,0.44533975175982,0.49999949473165,0.50000063627352,0.5,0.50000102300503,1727071740193
55,0.87921434974098,0.80215263189375,1.0,0.45585399409216,0.49999949473165,0.50000063627352,0.5,0.49999410722862,1727071740249
55,0.87921434974098,0.80215263189375,1.0,0.46637125614552,0.49999949473165,0.50000063627352,0.5,0.50000155875596,1727071740319
55,0.87921434974098,0.80215263189375,1.0,0.47024739362974,0.49999949473165,0.50000063627352,0.5,0.50000094901879,1727071740383
55,0.87921434974098,0.80215263189375,1.0,0.47691804070475,0.49999949473165,0.50000063627352,0.5,0.49999618029033,1727071740463
55,0.87921434974098,0.80215263189375,1.0,0.47691804070475,0.49999949473165,0.50000063627352,0.5,0.49999618029033,1727071740993
55,0.87921434974098,0.80215263189375,1.0,0.47691804070475,0.49999949473165,0.50000063627352,0.5,0.49999618029033,1727071742466
55,0.87921434974098,0.80215263189375,1.0,0.47026512368945,0.49999949473165,0.50000063627352,0.5,0.49999096810215,1727071742965
55,0.87921434974098,0.80215263189375,1.0,0.47026512368945,0.49999949473165,0.50000063627352,0.5,0.49999096810215,1727071743321
56,0.33333333333333,1.0,0.33333333333333,0.83333333333333,0.5,0.5,0.5,0.5,1727071746751
56,0.33333333333333,1.0,0.34056926358281,0.83333333333333,0.5,0.5,0.50000252555586,0.5,1727071746813
56,0.33333333333333,1.0,0.35505051947556,0.83333333333333,0.5,0.5,0.50000027786622,0.5,1727071746822
56,0.33333333333333,1.0,0.38659979512703,0.83333333333333,0.5,0.5,0.49999616180907,0.5,1727071746830
56,0.33333333333333,1.0,0.50802515674715,0.83333333333333,0.5,0.5,0.49997824050329,0.5,1727071746847
56,0.33333333333333,1.0,0.69538472450464,0.83333333333333,0.5,0.5,0.49998925794818,0.5,1727071746864
56,0.33333333333333,1.0,0.92445152785185,0.83333333333333,0.5,0.5,0.49999830132368,0.5,1727071746880
56,0.33333333333333,1.0,1.0,0.83333333333333,0.5,0.5,0.5,0.5,1727071746897
56,0.33333333333333,1.0,1.0,0.83333333333333,0.5,0.5,0.5,0.5,1727071747192
56,0.33333333333333,1.0,1.0,0.83333333333333,0.5,0.5,0.5,0.5,1727071749245
56,0.32952590573884,1.0,1.0,0.83333333333333,0.50000269117675,0.5,0.5,0.5,1727071749260
56,0.32572059800354,1.0,1.0,0.83333333333333,0.49999762610375,0.5,0.5,0.5,1727071749341
56,0.3219176856628,1.0,1.0,0.83333333333333,0.50000963357063,0.5,0.5,0.5,1727071749356
56,0.31810774916247,1.0,1.0,0.83333333333333,0.50000005517554,0.5,0.5,0.5,1727071749364
56,0.30760435902593,1.0,1.0,0.83333333333333,0.50000430996234,0.5,0.5,0.5,1727071749414
56,0.29333486026802,1.0,1.0,0.83333333333333,0.49999634574037,0.5,0.5,0.5,1727071749430
56,0.2866888527817,1.0,1.0,0.83333333333333,0.50001225508323,0.5,0.5,0.5,1727071749458
56,0.28287960026427,1.0,1.0,0.83333333333333,0.50000276987426,0.5,0.5,0.5,1727071749466
56,0.27623603102749,1.0,1.0,0.83333333333333,0.50000551268932,0.5,0.5,0.5,1727071749482
56,0.27243446739067,1.0,1.0,0.83333333333333,0.50000390269037,0.5,0.5,0.5,1727071749506
56,0.25817105864294,1.0,1.0,0.83333333333333,0.50000198310973,0.5,0.5,0.5,1727071749547
56,0.25151501211518,1.0,1.0,0.83333333333333,0.500008046841,0.5,0.5,0.5,1727071749564
56,0.24101724640612,1.0,1.0,0.83333333333333,0.50000209047322,0.5,0.5,0.5,1727071749580
56,0.2305148878023,1.0,1.0,0.83333333333333,0.50000825588204,0.5,0.5,0.5,1727071749600
56,0.22672184241211,1.0,1.0,0.83333333333333,0.49999857228719,0.5,0.5,0.5,1727071749761
56,0.22292709095694,1.0,1.0,0.83333333333333,0.50000467947341,0.5,0.5,0.5,1727071749951
56,0.21627112263773,1.0,1.0,0.83333333333333,0.49999314142304,0.5,0.5,0.5,1727071749964
56,0.21247681460153,1.0,1.0,0.83333333333333,0.49999987068411,0.5,0.5,0.5,1727071749980
56,0.2019777050998,1.0,1.0,0.83333333333333,0.50001033707782,0.5,0.5,0.5,1727071749997
56,0.19817704522934,1.0,1.0,0.83333333333333,0.50000961299818,0.5,0.5,0.5,1727071752959
56,0.19438769979426,1.0,1.0,0.83333333333333,0.50000382666345,0.5,0.5,0.5,1727071753157
56,0.19438769979426,1.0,1.0,0.83333333333333,0.50000382666345,0.5,0.5,0.5,1727071753362
56,0.19438769979426,1.0,1.0,0.83333333333333,0.50000382666345,0.5,0.5,0.5,1727071755185
56,0.19058584151663,1.0,1.0,0.83333333333333,0.50000153432456,0.5,0.5,0.5,1727071755334
56,0.18678964488875,1.0,1.0,0.83333333333333,0.50000634837765,0.5,0.5,0.5,1727071755350
56,0.1830011745023,1.0,1.0,0.83333333333333,0.50000149546192,0.5,0.5,0.5,1727071755398
56,0.17920806775073,1.0,1.0,0.83333333333333,0.50001036320256,0.5,0.5,0.5,1727071755637
56,0.16870857572844,1.0,1.0,0.83333333333333,0.50000116323197,0.5,0.5,0.5,1727071755680
56,0.16870857572844,1.0,1.0,0.83333333333333,0.50000116323197,0.5,0.5,0.5,1727071755993
56,0.16870857572844,1.0,1.0,0.83333333333333,0.50000116323197,0.5,0.5,0.5,1727071757957
56,0.16870857572844,0.99722465163896,1.0,0.83333333333333,0.50000116323197,0.50000270425053,0.5,0.5,1727071758005
56,0.16870857572844,0.99057619301866,1.0,0.83333333333333,0.50000116323197,0.50000374301794,0.5,0.5,1727071758013
56,0.16870857572844,0.97064127739402,1.0,0.83333333333333,0.50000116323197,0.50000220255598,0.5,0.5,1727071758030
56,0.16870857572844,0.95071412048275,1.0,0.83333333333333,0.50000116323197,0.50000411251143,0.5,0.5,1727071758046
56,0.16870857572844,0.93077630399904,1.0,0.83333333333333,0.50000116323197,0.50000388076252,0.5,0.5,1727071758063
56,0.16870857572844,0.91748426226679,1.0,0.83333333333333,0.50000116323197,0.5000037993494,0.5,0.5,1727071758080
56,0.16870857572844,0.90031222645941,1.0,0.83333333333333,0.50000116323197,0.50000520048683,0.5,0.5,1727071758097
56,0.16870857572844,0.89366052157533,1.0,0.83333333333333,0.50000116323197,0.50000049021441,0.5,0.5,1727071758113
56,0.16870857572844,0.88036686703556,1.0,0.83333333333333,0.50000116323197,0.50000115289573,0.5,0.5,1727071758130
56,0.16870857572844,0.85382345126928,1.0,0.83333333333333,0.50000116323197,0.50000365512082,0.5,0.5,1727071758146
56,0.16870857572844,0.83000445217034,1.0,0.83333333333333,0.50000116323197,0.50000558088724,0.5,0.5,1727071758163
56,0.16870857572844,0.81670601771508,1.0,0.83333333333333,0.50000116323197,0.50000086551641,0.5,0.5,1727071758180
56,0.16870857572844,0.81005541617212,1.0,0.83333333333333,0.50000116323197,0.50000318417156,0.5,0.5,1727071758196
56,0.16870857572844,0.80340012242919,1.0,0.83333333333333,0.50000116323197,0.49999993592302,0.5,0.5,1727071758213
56,0.16870857572844,0.78622998706137,1.0,0.83333333333333,0.50000116323197,0.50000041615533,0.5,0.5,1727071758230
56,0.16870857572844,0.77957539621843,1.0,0.83333333333333,0.50000116323197,0.50000493679273,0.5,0.5,1727071758247
56,0.16870857572844,0.76240892381589,1.0,0.83333333333333,0.50000116323197,0.50000351837005,0.5,0.5,1727071758263
56,0.16870857572844,0.74248685175124,1.0,0.83333333333333,0.50000116323197,0.50000303079153,0.5,0.5,1727071758280
56,0.16870857572844,0.71203363910022,1.0,0.83333333333333,0.50000116323197,0.50000717205274,0.5,0.5,1727071758296
56,0.16870857572844,0.6882092028339,1.0,0.83333333333333,0.50000116323197,0.50000363266372,0.5,0.5,1727071758313
56,0.16870857572844,0.68155849167498,1.0,0.83333333333333,0.50000116323197,0.50000635578382,0.5,0.5,1727071758330
56,0.16870857572844,0.66827086790065,1.0,0.83333333333333,0.50000116323197,0.50000363552568,0.5,0.5,1727071758347
56,0.16870857572844,0.6444539279451,1.0,0.83333333333333,0.50000116323197,0.50000469102259,0.5,0.5,1727071758363
56,0.16870857572844,0.60739448992458,1.0,0.83333333333333,0.50000116323197,0.50000354313803,0.5,0.5,1727071758380
56,0.16870857572844,0.60073812504145,1.0,0.83333333333333,0.50000116323197,0.50000021807014,0.5,0.5,1727071758397
56,0.16870857572844,0.58745579563878,1.0,0.83333333333333,0.50000116323197,0.50000378072224,0.5,0.5,1727071758413
56,0.16870857572844,0.57694503220035,1.0,0.83333333333333,0.50000116323197,0.50000587632272,0.5,0.5,1727071758432
56,0.16870857572844,0.57028963830489,1.0,0.83333333333333,0.50000116323197,0.50000179413604,0.5,0.5,1727071758559
56,0.16870857572844,0.55700620353052,1.0,0.83333333333333,0.50000116323197,0.50000627232728,0.5,0.5,1727071758781
56,0.16870857572844,0.55035147910824,1.0,0.83333333333333,0.50000116323197,0.50000163056022,0.5,0.5,1727071758805
56,0.16870857572844,0.54369988201209,1.0,0.83333333333333,0.50000116323197,0.5000054252858,0.5,0.5,1727071758813
56,0.16870857572844,0.53320005780922,1.0,0.83333333333333,0.50000116323197,0.49999995930555,0.5,0.5,1727071758830
56,0.16870857572844,0.51602586687569,1.0,0.83333333333333,0.50000116323197,0.50000352835726,0.5,0.5,1727071758847
56,0.16870857572844,0.50937564282563,1.0,0.83333333333333,0.50000116323197,0.50000651435277,0.5,0.5,1727071758897
56,0.16870857572844,0.49887429552388,1.0,0.83333333333333,0.50000116323197,0.50000193443253,0.5,0.5,1727071758913
56,0.16870857572844,0.49887429552388,1.0,0.83333333333333,0.50000116323197,0.50000193443253,0.5,0.5,1727071762803
56,0.16870857572844,0.49887429552388,1.0,0.83333333333333,0.50000116323197,0.50000193443253,0.5,0.5,1727071766099
56,0.16870857572844,0.49887429552388,1.0,0.83333333333333,0.50000116323197,0.50000193443253,0.5,0.5,1727071766139
56,0.16870857572844,0.49887429552388,1.0,0.83333333333333,0.50000116323197,0.50000193443253,0.5,0.5,1727071766147
56,0.16870857572844,0.49887429552388,1.0,0.83333333333333,0.50000116323197,0.50000193443253,0.5,0.5,1727071766163
56,0.16870857572844,0.49887429552388,1.0,0.83333333333333,0.50000116323197,0.50000193443253,0.5,0.5,1727071766180
56,0.16870857572844,0.49887429552388,1.0,0.83333333333333,0.50000116323197,0.50000193443253,0.5,0.5,1727071766196
56,0.16870857572844,0.49887429552388,1.0,0.83333333333333,0.50000116323197,0.50000193443253,0.5,0.5,1727071766213
56,0.16870857572844,0.49887429552388,1.0,0.83333333333333,0.50000116323197,0.50000193443253,0.5,0.5,1727071766230
56,0.16870857572844,0.49887429552388,1.0,0.83333333333333,0.50000116323197,0.50000193443253,0.5,0.5,1727071766246
56,0.16870857572844,0.49887429552388,1.0,0.83333333333333,0.50000116323197,0.50000193443253,0.5,0.5,1727071766263
56,0.16870857572844,0.49887429552388,1.0,0.83333333333333,0.50000116323197,0.50000193443253,0.5,0.5,1727071766280
56,0.16870857572844,0.49887429552388,1.0,0.83333333333333,0.50000116323197,0.50000193443253,0.5,0.5,1727071766305
56,0.16870857572844,0.49887429552388,1.0,0.83333333333333,0.50000116323197,0.50000193443253,0.5,0.5,1727071766329
56,0.16870857572844,0.49887429552388,1.0,0.83333333333333,0.50000116323197,0.50000193443253,0.5,0.5,1727071766423
57,0.33333333333333,0.66666666666667,0.16666666666667,0.33333333333333,0.5,0.5,0.5,0.5,1727071812543
57,0.34000197295684,0.66666666666667,0.16666666666667,0.33333333333333,0.50000184363361,0.5,0.5,0.5,1727071812701
57,0.34667700608179,0.66666666666667,0.16666666666667,0.33333333333333,0.50000007669645,0.5,0.5,0.5,1727071812725
57,0.35335078322717,0.66666666666667,0.16666666666667,0.33333333333333,0.49999720116144,0.5,0.5,0.5,1727071812761
57,0.36002668431556,0.66666666666667,0.16666666666667,0.33333333333333,0.4999963081381,0.5,0.5,0.5,1727071812778
57,0.36669525412104,0.66666666666667,0.16666666666667,0.33333333333333,0.49998888015646,0.5,0.5,0.5,1727071812794
57,0.37337250002744,0.66666666666667,0.16666666666667,0.33333333333333,0.50000289142522,0.5,0.5,0.5,1727071812811
57,0.38004303055248,0.66666666666667,0.16666666666667,0.33333333333333,0.49999726691127,0.5,0.5,0.5,1727071812827
57,0.39341069162324,0.66666666666667,0.16666666666667,0.33333333333333,0.49999597864111,0.5,0.5,0.5,1727071812844
57,0.40008884688127,0.66666666666667,0.16666666666667,0.33333333333333,0.49999706494456,0.5,0.5,0.5,1727071812861
57,0.40676745015975,0.66666666666667,0.16666666666667,0.33333333333333,0.49999850525185,0.5,0.5,0.5,1727071812890
57,0.42393104415665,0.66666666666667,0.16666666666667,0.33333333333333,0.49999393198394,0.5,0.5,0.5,1727071812927
57,0.42781590987281,0.66666666666667,0.16666666666667,0.33333333333333,0.50000042723928,0.5,0.5,0.5,1727071812944
57,0.43448869684641,0.66666666666667,0.16666666666667,0.33333333333333,0.49999709160224,0.5,0.5,0.5,1727071812961
57,0.44115434202101,0.66666666666667,0.16666666666667,0.33333333333333,0.50000039554969,0.5,0.5,0.5,1727071812977
57,0.44782837294582,0.66666666666667,0.16666666666667,0.33333333333333,0.4999981067811,0.5,0.5,0.5,1727071812994
57,0.45449774587385,0.66666666666667,0.16666666666667,0.33333333333333,0.49999221605848,0.5,0.5,0.5,1727071813018
57,0.4611716830392,0.66666666666667,0.16666666666667,0.33333333333333,0.50000190109727,0.5,0.5,0.5,1727071813034
57,0.46784846112109,0.66666666666667,0.16666666666667,0.33333333333333,0.50000177205456,0.5,0.5,0.5,1727071813057
57,0.47172006667157,0.66666666666667,0.16666666666667,0.33333333333333,0.49999770043836,0.5,0.5,0.5,1727071813064
57,0.47839029753359,0.66666666666667,0.16666666666667,0.33333333333333,0.49999265604994,0.5,0.5,0.5,1727071813077
57,0.49175705531455,0.66666666666667,0.16666666666667,0.33333333333333,0.50000238528471,0.5,0.5,0.5,1727071813094
57,0.51279518770259,0.66666666666667,0.16666666666667,0.33333333333333,0.49999652179063,0.5,0.5,0.5,1727071813111
57,0.51946091694989,0.66666666666667,0.16666666666667,0.33333333333333,0.49999955467865,0.5,0.5,0.5,1727071813127
57,0.52613471919134,0.66666666666667,0.16666666666667,0.33333333333333,0.49999734161385,0.5,0.5,0.5,1727071813144
57,0.54331187411229,0.66666666666667,0.16666666666667,0.33333333333333,0.50000290623116,0.5,0.5,0.5,1727071813161
57,0.5499846117587,0.66666666666667,0.16666666666667,0.33333333333333,0.49999999750108,0.5,0.5,0.5,1727071813177
57,0.56049132611897,0.66666666666667,0.16666666666667,0.33333333333333,0.49999933229411,0.5,0.5,0.5,1727071813194
57,0.58433854319738,0.66666666666667,0.16666666666667,0.33333333333333,0.50000005395999,0.5,0.5,0.5,1727071813211
57,0.59484880200298,0.66666666666667,0.16666666666667,0.33333333333333,0.50000172812537,0.5,0.5,0.5,1727071813233
57,0.6015158529364,0.66666666666667,0.16666666666667,0.33333333333333,0.49999532269636,0.5,0.5,0.5,1727071813279
57,0.61203211242318,0.66666666666667,0.16666666666667,0.33333333333333,0.50000085906379,0.5,0.5,0.5,1727071813302
57,0.61870323270745,0.66666666666667,0.16666666666667,0.33333333333333,0.49999716967945,0.5,0.5,0.5,1727071813310
57,0.62537502863795,0.66666666666667,0.16666666666667,0.33333333333333,0.50000365161094,0.5,0.5,0.5,1727071813383
57,0.62924666680992,0.66666666666667,0.16666666666667,0.33333333333333,0.50000032165227,0.5,0.5,0.5,1727071814151
57,0.62542471915223,0.66666666666667,0.16666666666667,0.33333333333333,0.49999618975004,0.5,0.5,0.5,1727071814175
57,0.61492245039677,0.66666666666667,0.16666666666667,0.33333333333333,0.49999960063231,0.5,0.5,0.5,1727071814191
57,0.61110172046029,0.66666666666667,0.16666666666667,0.33333333333333,0.49999617646122,0.5,0.5,0.5,1727071814269
57,0.60444947900187,0.66666666666667,0.16666666666667,0.33333333333333,0.50000214553729,0.5,0.5,0.5,1727071814467
57,0.60444947900187,0.66666666666667,0.16666666666667,0.33333333333333,0.50000214553729,0.5,0.5,0.5,1727071814863
58,0.16666666666667,1.0,1.0,0.66666666666667,0.5,0.5,0.5,0.5,1727071818174
58,0.16666666666667,1.0,0.98555394865296,0.66666666666667,0.5,0.5,0.49998885238142,0.5,1727071818261
58,0.16666666666667,1.0,0.94228848180691,0.66666666666667,0.5,0.5,0.49999965896173,0.5,1727071818277
58,0.16666666666667,1.0,0.87921688052545,0.66666666666667,0.5,0.5,0.49999314972251,0.5,1727071818294
58,0.16666666666667,1.0,0.80010540897323,0.66666666666667,0.5,0.5,0.50000329276709,0.5,1727071818310
58,0.16666666666667,1.0,0.68675459533145,0.66666666666667,0.5,0.5,0.5000009403069,0.5,1727071818327
58,0.16666666666667,1.0,0.55917733896027,0.66666666666667,0.5,0.5,0.49999274545427,0.5,1727071818344
58,0.16666666666667,1.0,0.39634878813523,0.66666666666667,0.5,0.5,0.50000038103721,0.5,1727071818360
58,0.16666666666667,1.0,0.24798044549546,0.66666666666667,0.5,0.5,0.49997313229221,0.5,1727071818377
58,0.16666666666667,1.0,0.10388376980848,0.66666666666667,0.5,0.5,0.49994468664885,0.5,1727071818394
58,0.16666666666667,1.0,0.0,0.66666666666667,0.5,0.5,0.5,0.5,1727071818411
58,0.16666666666667,1.0,0.0,0.66666666666667,0.5,0.5,0.5,0.5,1727071818427
58,0.16666666666667,1.0,0.0,0.66666666666667,0.5,0.5,0.5,0.5,1727071818444
58,0.16666666666667,1.0,0.0,0.66666666666667,0.5,0.5,0.5,0.5,1727071818460
58,0.16666666666667,1.0,0.0,0.66666666666667,0.5,0.5,0.5,0.5,1727071818477
58,0.16666666666667,1.0,0.0,0.66666666666667,0.5,0.5,0.5,0.5,1727071818499
58,0.16666666666667,1.0,0.0,0.66666666666667,0.5,0.5,0.5,0.5,1727071818510
58,0.16666666666667,1.0,0.0,0.66666666666667,0.5,0.5,0.5,0.5,1727071818527
58,0.16666666666667,1.0,0.0,0.66666666666667,0.5,0.5,0.5,0.5,1727071818544
58,0.16666666666667,1.0,0.0,0.66666666666667,0.5,0.5,0.5,0.5,1727071818560
58,0.16666666666667,1.0,0.0,0.66666666666667,0.5,0.5,0.5,0.5,1727071818577
58,0.16666666666667,1.0,0.0,0.66666666666667,0.5,0.5,0.5,0.5,1727071818641
58,0.16666666666667,1.0,0.0,0.66666666666667,0.5,0.5,0.5,0.5,1727071821501
58,0.16666666666667,0.98949794720621,0.0,0.66666666666667,0.5,0.49999977256977,0.5,0.5,1727071821511
58,0.16666666666667,0.97899614131219,0.0,0.66666666666667,0.5,0.4999971299778,0.5,0.5,1727071821539
58,0.16666666666667,0.97516480131074,0.0,0.66666666666667,0.5,0.49999737785123,0.5,0.5,1727071821546
58,0.16666666666667,0.96851016411647,0.0,0.66666666666667,0.5,0.50000120191744,0.5,0.5,1727071821560
58,0.16666666666667,0.93323476267127,0.0,0.66666666666667,0.5,0.50000052874429,0.5,0.5,1727071821577
58,0.16666666666667,0.90556054470594,0.0,0.66666666666667,0.5,0.49999925077277,0.5,0.5,1727071821593
58,0.16666666666667,0.87122018727024,0.0,0.66666666666667,0.5,0.50000016008028,0.5,0.5,1727071821610
58,0.16666666666667,0.81207252585849,0.0,0.66666666666667,0.5,0.49999695845744,0.5,0.5,1727071821627
58,0.16666666666667,0.76056492375006,0.0,0.66666666666667,0.5,0.49999675422335,0.5,0.5,1727071821643
58,0.16666666666667,0.71571717972707,0.0,0.66666666666667,0.5,0.49999751132215,0.5,0.5,1727071821660
58,0.16666666666667,0.69472197213791,0.0,0.66666666666667,0.5,0.49999465922526,0.5,0.5,1727071821677
58,0.16666666666667,0.67090687799607,0.0,0.66666666666667,0.5,0.49999434721026,0.5,0.5,1727071821694
58,0.16666666666667,0.66039793256883,0.0,0.66666666666667,0.5,0.49999504083445,0.5,0.5,1727071821710
58,0.16666666666667,0.64322875920553,0.0,0.66666666666667,0.5,0.49999491007953,0.5,0.5,1727071821727
58,0.16666666666667,0.61941421422781,0.0,0.66666666666667,0.5,0.49999423821462,0.5,0.5,1727071821743
58,0.16666666666667,0.59173898473991,0.0,0.66666666666667,0.5,0.49999293949923,0.5,0.5,1727071821760
58,0.16666666666667,0.56025760079683,0.0,0.66666666666667,0.5,0.49999570050012,0.5,0.5,1727071821777
58,0.16666666666667,0.54975409287294,0.0,0.66666666666667,0.5,0.50000336516824,0.5,0.5,1727071821793
58,0.16666666666667,0.53258308515231,0.0,0.66666666666667,0.5,0.50000469086823,0.5,0.5,1727071821810
58,0.16666666666667,0.5259294016962,0.0,0.66666666666667,0.5,0.4999991497908,0.5,0.5,1727071821827
58,0.16666666666667,0.51543024605459,0.0,0.66666666666667,0.5,0.49999298929998,0.5,0.5,1727071821844
58,0.16666666666667,0.51543024605459,0.0,0.66666666666667,0.5,0.49999298929998,0.5,0.5,1727071821935
58,0.16666666666667,0.51543024605459,0.0,0.66666666666667,0.5,0.49999298929998,0.5,0.5,1727071822206
58,0.16666666666667,0.51543024605459,0.0,0.66666666666667,0.5,0.49999298929998,0.5,0.5,1727071823054
58,0.16666666666667,0.51543024605459,0.0,0.66666666666667,0.5,0.49999298929998,0.5,0.5,1727071824558
58,0.16666666666667,0.51543024605459,0.0,0.66666666666667,0.5,0.49999298929998,0.5,0.5,1727071825423
58,0.16666666666667,0.50877807457818,0.0,0.66666666666667,0.5,0.49999730024086,0.5,0.5,1727071825524
58,0.16666666666667,0.49160704197723,0.0,0.66666666666667,0.5,0.49999857725543,0.5,0.5,1727071825531
58,0.16666666666667,0.47833116442929,0.0,0.66666666666667,0.5,0.49999775988285,0.5,0.5,1727071825544
58,0.16666666666667,0.44788601975249,0.0,0.66666666666667,0.5,0.4999968649173,0.5,0.5,1727071825560
58,0.16666666666667,0.38975738015141,0.0,0.66666666666667,0.5,0.50000137385375,0.5,0.5,1727071825577
58,0.16666666666667,0.36987510452888,0.0,0.66666666666667,0.5,0.5000061785881,0.5,0.5,1727071825594
58,0.16666666666667,0.34220403617932,0.0,0.66666666666667,0.5,0.50000101665218,0.5,0.5,1727071825610
58,0.16666666666667,0.31177465124622,0.0,0.66666666666667,0.5,0.49999971316273,0.5,0.5,1727071825627
58,0.16666666666667,0.29079097249035,0.0,0.66666666666667,0.5,0.4999987471534,0.5,0.5,1727071825644
58,0.16666666666667,0.26698335842095,0.0,0.66666666666667,0.5,0.49999040270734,0.5,0.5,1727071825660
58,0.16666666666667,0.25648166415348,0.0,0.66666666666667,0.5,0.50000042140749,0.5,0.5,1727071825677
58,0.16666666666667,0.24983640079989,0.0,0.66666666666667,0.5,0.49999944478024,0.5,0.5,1727071825694
58,0.16666666666667,0.23933107939008,0.0,0.66666666666667,0.5,0.49999676157481,0.5,0.5,1727071825710
58,0.16666666666667,0.20892689890592,0.0,0.66666666666667,0.5,0.50000156922245,0.5,0.5,1727071825727
58,0.16666666666667,0.20228601717009,0.0,0.66666666666667,0.5,0.49999516565752,0.5,0.5,1727071825744
58,0.16666666666667,0.19178268388829,0.0,0.66666666666667,0.5,0.49998961083963,0.5,0.5,1727071825760
58,0.16666666666667,0.18512991217338,0.0,0.66666666666667,0.5,0.49999783709943,0.5,0.5,1727071825777
58,0.16666666666667,0.17464458603138,0.0,0.66666666666667,0.5,0.49998871937241,0.5,0.5,1727071825794
58,0.16666666666667,0.15747197815947,0.0,0.66666666666667,0.5,0.49999281331406,0.5,0.5,1727071825817
58,0.16666666666667,0.15368435096682,0.0,0.66666666666667,0.5,0.49999685922559,0.5,0.5,1727071825827
58,0.16666666666667,0.14703467167702,0.0,0.66666666666667,0.5,0.50000170210981,0.5,0.5,1727071825844
58,0.16666666666667,0.14323994105143,0.0,0.66666666666667,0.5,0.49999433079398,0.5,0.5,1727071825865
58,0.16666666666667,0.12999792513464,0.0,0.66666666666667,0.5,0.49998812965636,0.5,0.5,1727071825911
58,0.16666666666667,0.12335481229998,0.0,0.66666666666667,0.5,0.50000614607756,0.5,0.5,1727071826023
58,0.16666666666667,0.13386926005167,0.0,0.66666666666667,0.5,0.49999627527748,0.5,0.5,1727071826347
58,0.16666666666667,0.1405602852247,0.0,0.66666666666667,0.5,0.49999814953592,0.5,0.5,1727071826360
58,0.16666666666667,0.15107829374319,0.0,0.66666666666667,0.5,0.49998401730436,0.5,0.5,1727071826377
58,0.16666666666667,0.18928388110271,0.0,0.66666666666667,0.5,0.49999770346154,0.5,0.5,1727071826394
58,0.16666666666667,0.21314275272639,0.0,0.66666666666667,0.5,0.50000099639229,0.5,0.5,1727071826410
58,0.16666666666667,0.22758908558016,0.0,0.66666666666667,0.5,0.50000075960657,0.5,0.5,1727071826427
58,0.16666666666667,0.22378786355503,0.0,0.66666666666667,0.5,0.50000218772627,0.5,0.5,1727071826665
58,0.16666666666667,0.21999723934217,0.0,0.66666666666667,0.5,0.49999120715286,0.5,0.5,1727071826710
58,0.16666666666667,0.21334271169278,0.0,0.66666666666667,0.5,0.50000104478813,0.5,0.5,1727071826727
58,0.16666666666667,0.20954679567824,0.0,0.66666666666667,0.5,0.49999615377074,0.5,0.5,1727071826823
58,0.16666666666667,0.20290221482606,0.0,0.66666666666667,0.5,0.49999418250397,0.5,0.5,1727071826860
58,0.16666666666667,0.19241016511031,0.0,0.66666666666667,0.5,0.49999372305082,0.5,0.5,1727071827005
58,0.16666666666667,0.18860563120083,0.0,0.66666666666667,0.5,0.49999936773274,0.5,0.5,1727071827051
58,0.16666666666667,0.18196225761724,0.0,0.66666666666667,0.5,0.49999580946527,0.5,0.5,1727071827140
58,0.16666666666667,0.17816957473438,0.0,0.66666666666667,0.5,0.49998635057345,0.5,0.5,1727071827782
58,0.16666666666667,0.17152380516047,0.0,0.66666666666667,0.5,0.5000057549148,0.5,0.5,1727071827868
58,0.16666666666667,0.16773075069288,0.0,0.66666666666667,0.5,0.49999664031941,0.5,0.5,1727071827877
58,0.16666666666667,0.16108578545313,0.0,0.66666666666667,0.5,0.49999499191329,0.5,0.5,1727071828019
58,0.16666666666667,0.15729355213372,0.0,0.66666666666667,0.5,0.50000525722682,0.5,0.5,1727071828073
58,0.16666666666667,0.15065322906227,0.0,0.66666666666667,0.5,0.4999973207691,0.5,0.5,1727071828169
58,0.16666666666667,0.14401045459077,0.0,0.66666666666667,0.5,0.49999254693962,0.5,0.5,1727071828327
58,0.16666666666667,0.14401045459077,0.0,0.66666666666667,0.5,0.49999254693962,0.5,0.5,1727071829002
58,0.16666666666667,0.14401045459077,0.0,0.66666666666667,0.5,0.49999254693962,0.5,0.5,1727071830982
58,0.16666666666667,0.14401045459077,0.0,0.67333229063138,0.5,0.49999254693962,0.5,0.49999631529924,1727071831131
58,0.16666666666667,0.14401045459077,0.0,0.68000172071765,0.5,0.49999254693962,0.5,0.50000102008527,1727071831187
58,0.16666666666667,0.14401045459077,0.0,0.68667011788913,0.5,0.49999254693962,0.5,0.49999599442632,1727071831257
58,0.16666666666667,0.14401045459077,0.0,0.69333790642436,0.5,0.49999254693962,0.5,0.49999967556646,1727071831294
58,0.16666666666667,0.14401045459077,0.0,0.70001123160216,0.5,0.49999254693962,0.5,0.49999758984129,1727071831344
58,0.16666666666667,0.14401045459077,0.0,0.70668169954801,0.5,0.49999254693962,0.5,0.50000275264419,1727071831360
58,0.16666666666667,0.14401045459077,0.0,0.71335056002238,0.5,0.49999254693962,0.5,0.4999981193344,1727071831385
58,0.16666666666667,0.14401045459077,0.0,0.72001378966567,0.5,0.49999254693962,0.5,0.49999909347462,1727071831455
58,0.16666666666667,0.14401045459077,0.0,0.72668971440055,0.5,0.49999254693962,0.5,0.49999853611923,1727071831503
58,0.16666666666667,0.14401045459077,0.0,0.73336258725154,0.5,0.49999254693962,0.5,0.49999627526258,1727071831519
58,0.16666666666667,0.14401045459077,0.0,0.74003034478703,0.5,0.49999254693962,0.5,0.49999976363545,1727071831535
58,0.16666666666667,0.14401045459077,0.0,0.7466932187029,0.5,0.49999254693962,0.5,0.50000050393277,1727071831629
58,0.16666666666667,0.14401045459077,0.0,0.75336886900005,0.5,0.49999254693962,0.5,0.49999980121583,1727071831677
58,0.16666666666667,0.14401045459077,0.0,0.76003226215891,0.5,0.49999254693962,0.5,0.5000008149187,1727071831741
58,0.16666666666667,0.14401045459077,0.0,0.76670522201632,0.5,0.49999254693962,0.5,0.49999866043418,1727071831749
58,0.16666666666667,0.14401045459077,0.0,0.7733715650756,0.5,0.49999254693962,0.5,0.5000012575785,1727071831765
58,0.16666666666667,0.14401045459077,0.0,0.78004258543887,0.5,0.49999254693962,0.5,0.49999809001377,1727071831789
58,0.16666666666667,0.14401045459077,0.0,0.78390701641607,0.5,0.49999254693962,0.5,0.49999963958204,1727071831932
58,0.16666666666667,0.14401045459077,0.0,0.78778049232393,0.5,0.49999254693962,0.5,0.49999780959074,1727071832017
58,0.16666666666667,0.14401045459077,0.0,0.79164008534857,0.5,0.49999254693962,0.5,0.49999678800638,1727071832161
58,0.16666666666667,0.14401045459077,0.0,0.79164008534857,0.5,0.49999254693962,0.5,0.49999678800638,1727071832493
59,0.66666666666667,0.16666666666667,0.33333333333333,0.66666666666667,0.5,0.5,0.5,0.5,1727071838782
59,0.66666666666667,0.16666666666667,0.32611222054356,0.66666666666667,0.5,0.5,0.50000802924415,0.5,1727071838829
59,0.66666666666667,0.16666666666667,0.34059338253578,0.66666666666667,0.5,0.5,0.50000642585944,0.5,1727071838876
59,0.66666666666667,0.16666666666667,0.36757582614298,0.66666666666667,0.5,0.5,0.49999387530545,0.5,1727071838893
59,0.66666666666667,0.16666666666667,0.3893096120868,0.66666666666667,0.5,0.5,0.49999407172593,0.5,1727071838910
59,0.66666666666667,0.16666666666667,0.40908891657557,0.66666666666667,0.5,0.5,0.49997856681111,0.5,1727071838926
59,0.66666666666667,0.16666666666667,0.41632202310282,0.66666666666667,0.5,0.5,0.50000480502466,0.5,1727071838943
59,0.66666666666667,0.16666666666667,0.42355953985994,0.66666666666667,0.5,0.5,0.49999612237523,0.5,1727071838960
59,0.66666666666667,0.16666666666667,0.44065146882134,0.66666666666667,0.5,0.5,0.49999928214514,0.5,1727071838976
59,0.66666666666667,0.16666666666667,0.44788318634026,0.66666666666667,0.5,0.5,0.4999730142839,0.5,1727071838993
59,0.66666666666667,0.16666666666667,0.45511668834348,0.66666666666667,0.5,0.5,0.4999949226395,0.5,1727071839010
59,0.66666666666667,0.16666666666667,0.46234746101154,0.66666666666667,0.5,0.5,0.49997619223923,0.5,1727071839026
59,0.66666666666667,0.16666666666667,0.47222644170645,0.66666666666667,0.5,0.5,0.4999874203001,0.5,1727071839043
59,0.66666666666667,0.16666666666667,0.48931113202316,0.66666666666667,0.5,0.5,0.49998384946755,0.5,1727071839060
59,0.66666666666667,0.16666666666667,0.50640393722026,0.66666666666667,0.5,0.5,0.49998093340645,0.5,1727071839076
59,0.66666666666667,0.16666666666667,0.5136377621546,0.66666666666667,0.5,0.5,0.49999886901882,0.5,1727071839093
59,0.66666666666667,0.16666666666667,0.52086784341803,0.66666666666667,0.5,0.5,0.49998622968249,0.5,1727071839110
59,0.66666666666667,0.16666666666667,0.53795920994173,0.66666666666667,0.5,0.5,0.49999295919787,0.5,1727071839126
59,0.66666666666667,0.16666666666667,0.54519422334985,0.66666666666667,0.5,0.5,0.50000223142986,0.5,1727071839143
59,0.66666666666667,0.16666666666667,0.56227943940119,0.66666666666667,0.5,0.5,0.49999527356319,0.5,1727071839160
59,0.66666666666667,0.16666666666667,0.56951749022614,0.66666666666667,0.5,0.5,0.4999848020609,0.5,1727071839176
59,0.66666666666667,0.16666666666667,0.57674430068391,0.66666666666667,0.5,0.5,0.49999389926617,0.5,1727071839193
59,0.66666666666667,0.16666666666667,0.58398085967692,0.66666666666667,0.5,0.5,0.49999300754999,0.5,1727071839217
59,0.66666666666667,0.16666666666667,0.5938546179972,0.66666666666667,0.5,0.5,0.49998399231751,0.5,1727071839226
59,0.66666666666667,0.16666666666667,0.60107962437537,0.66666666666667,0.5,0.5,0.50000395918254,0.5,1727071839249
59,0.66666666666667,0.16666666666667,0.61095330778824,0.66666666666667,0.5,0.5,0.4999954537958,0.5,1727071839293
59,0.66666666666667,0.16666666666667,0.62804595474196,0.66666666666667,0.5,0.5,0.49999366144273,0.5,1727071839310
59,0.66666666666667,0.16666666666667,0.63527652570833,0.66666666666667,0.5,0.5,0.49997979561771,0.5,1727071839326
59,0.66666666666667,0.16666666666667,0.63793410329083,0.66666666666667,0.5,0.5,0.49999679760394,0.5,1727071839343
59,0.66666666666667,0.16666666666667,0.64517113238178,0.66666666666667,0.5,0.5,0.4999931878209,0.5,1727071839360
59,0.66666666666667,0.16666666666667,0.65240082630681,0.66666666666667,0.5,0.5,0.49998468861762,0.5,1727071839431
59,0.66666666666667,0.16666666666667,0.65963632975772,0.66666666666667,0.5,0.5,0.49999003318202,0.5,1727071839443
59,0.66666666666667,0.16666666666667,0.66950945526103,0.66666666666667,0.5,0.5,0.49998540282525,0.5,1727071839460
59,0.66666666666667,0.16666666666667,0.67673583133261,0.66666666666667,0.5,0.5,0.49999597331488,0.5,1727071839645
59,0.66666666666667,0.16666666666667,0.69382799774464,0.66666666666667,0.5,0.5,0.49999696806902,0.5,1727071839669
59,0.66666666666667,0.16666666666667,0.70105739448743,0.66666666666667,0.5,0.5,0.49999051453296,0.5,1727071840184
59,0.66666666666667,0.16666666666667,0.70371900745186,0.66666666666667,0.5,0.5,0.49998411193368,0.5,1727071840193
59,0.66666666666667,0.16666666666667,0.71095343995174,0.66666666666667,0.5,0.5,0.49999502327695,0.5,1727071840210
59,0.66666666666667,0.16666666666667,0.71818118386524,0.66666666666667,0.5,0.5,0.4999976562375,0.5,1727071840231
59,0.66666666666667,0.16666666666667,0.72084289523757,0.66666666666667,0.5,0.5,0.49999081504767,0.5,1727071840276
59,0.66666666666667,0.16666666666667,0.72807276438405,0.66666666666667,0.5,0.5,0.49998205094973,0.5,1727071840293
59,0.66666666666667,0.16666666666667,0.73530771467356,0.66666666666667,0.5,0.5,0.49998995022639,0.5,1727071840357
59,0.66666666666667,0.16666666666667,0.73795881422568,0.66666666666667,0.5,0.5,0.49999613231845,0.5,1727071840365
59,0.66666666666667,0.16666666666667,0.75243224748674,0.66666666666667,0.5,0.5,0.49999296602266,0.5,1727071840389
59,0.66666666666667,0.16666666666667,0.75509319327158,0.66666666666667,0.5,0.5,0.49999036725622,0.5,1727071840426
59,0.66666666666667,0.16666666666667,0.76495841343903,0.66666666666667,0.5,0.5,0.49998471811712,0.5,1727071840491
59,0.66666666666667,0.16666666666667,0.77482637840506,0.66666666666667,0.5,0.5,0.50000703740456,0.5,1727071840526
59,0.66666666666667,0.16666666666667,0.78930063978419,0.66666666666667,0.5,0.5,0.49999965043858,0.5,1727071840689
59,0.66666666666667,0.16666666666667,0.79652908547744,0.66666666666667,0.5,0.5,0.49999853561872,0.5,1727071840705
59,0.66666666666667,0.16666666666667,0.8064006360403,0.66666666666667,0.5,0.5,0.50000224869818,0.5,1727071840743
59,0.66666666666667,0.16666666666667,0.81363118323659,0.66666666666667,0.5,0.5,0.4999907666873,0.5,1727071840761
59,0.66666666666667,0.16666666666667,0.82350472582866,0.66666666666667,0.5,0.5,0.49998475512155,0.5,1727071840785
59,0.66666666666667,0.16666666666667,0.8333673785397,0.66666666666667,0.5,0.5,0.49999194903813,0.5,1727071840826
59,0.66666666666667,0.16666666666667,0.84060241803327,0.66666666666667,0.5,0.5,0.49999859090193,0.5,1727071840849
59,0.66666666666667,0.16666666666667,0.84783153526044,0.66666666666667,0.5,0.5,0.49999432545124,0.5,1727071840860
59,0.66666666666667,0.16666666666667,0.85770399464795,0.66666666666667,0.5,0.5,0.49999359890291,0.5,1727071840876
59,0.66666666666667,0.16666666666667,0.87745764968948,0.66666666666667,0.5,0.5,0.49998962300153,0.5,1727071840893
59,0.66666666666667,0.16666666666667,0.88469155560075,0.66666666666667,0.5,0.5,0.5000012637453,0.5,1727071840911
59,0.66666666666667,0.16666666666667,0.89192214342413,0.66666666666667,0.5,0.5,0.49999038850984,0.5,1727071840927
59,0.66666666666667,0.16666666666667,0.90178535892066,0.66666666666667,0.5,0.5,0.49999454299559,0.5,1727071840951
59,0.66666666666667,0.16666666666667,0.89456591583373,0.66666666666667,0.5,0.5,0.49999178630811,0.5,1727071842592
59,0.66666666666667,0.16666666666667,0.88471592526693,0.66666666666667,0.5,0.5,0.50000213439931,0.5,1727071842685
59,0.66666666666667,0.16666666666667,0.88210631203702,0.66666666666667,0.5,0.5,0.49999418893225,0.5,1727071842782
59,0.66666666666667,0.16666666666667,0.87487740599446,0.66666666666667,0.5,0.5,0.49999733841226,0.5,1727071842923
59,0.66666666666667,0.16666666666667,0.87487740599446,0.66666666666667,0.5,0.5,0.49999733841226,0.5,1727071845965
59,0.66666666666667,0.16666666666667,0.87487740599446,0.66666666666667,0.5,0.5,0.49999733841226,0.5,1727071847756
59,0.66284578807597,0.16666666666667,0.87487740599446,0.66666666666667,0.49999977908677,0.5,0.49999733841226,0.5,1727071847834
59,0.6590262683074,0.16666666666667,0.87487740599446,0.66666666666667,0.49999727016558,0.5,0.49999733841226,0.5,1727071847843
59,0.65520982544681,0.16666666666667,0.87487740599446,0.66666666666667,0.50000598429537,0.5,0.49999733841226,0.5,1727071847859
59,0.64761855656198,0.16666666666667,0.87487740599446,0.66666666666667,0.50000194824932,0.5,0.49999733841226,0.5,1727071847876
59,0.63330957011277,0.16666666666667,0.87487740599446,0.66666666666667,0.50000117205546,0.5,0.49999733841226,0.5,1727071847893
59,0.61525741305396,0.16666666666667,0.87487740599446,0.66666666666667,0.49999737135079,0.5,0.49999733841226,0.5,1727071847909
59,0.60095838683755,0.16666666666667,0.87487740599446,0.66666666666667,0.50000294186881,0.5,0.49999733841226,0.5,1727071847926
59,0.57618256044089,0.16666666666667,0.87487740599446,0.66666666666667,0.49999862869256,0.5,0.49999733841226,0.5,1727071847943
59,0.54851450676024,0.16666666666667,0.87487740599446,0.66666666666667,0.50000470498556,0.5,0.49999733841226,0.5,1727071847959
59,0.51328908933384,0.16666666666667,0.87487740599446,0.66666666666667,0.49999767535618,0.5,0.49999733841226,0.5,1727071847976
59,0.49229431898614,0.16666666666667,0.87487740599446,0.66666666666667,0.50000149386014,0.5,0.49999733841226,0.5,1727071847993
59,0.47800412405641,0.16666666666667,0.87487740599446,0.66666666666667,0.50000312320943,0.5,0.49999733841226,0.5,1727071848009
59,0.46371627013402,0.16666666666667,0.87487740599446,0.66666666666667,0.50000662615416,0.5,0.49999733841226,0.5,1727071848031
59,0.45320531932,0.16666666666667,0.87487740599446,0.66666666666667,0.50000417046205,0.5,0.49999733841226,0.5,1727071848047
59,0.44271147205845,0.16666666666667,0.87487740599446,0.66666666666667,0.50000300829997,0.5,0.49999733841226,0.5,1727071848063
59,0.43220461868015,0.16666666666667,0.87487740599446,0.66666666666667,0.50000373261757,0.5,0.49999733841226,0.5,1727071848076
59,0.41892669138139,0.16666666666667,0.87487740599446,0.66666666666667,0.50000297903125,0.5,0.49999733841226,0.5,1727071848093
59,0.40769319844322,0.16666666666667,0.87487740599446,0.66666666666667,0.50000074669552,0.5,0.49999733841226,0.5,1727071848109
59,0.38670040711743,0.16666666666667,0.87487740599446,0.66666666666667,0.50000701340475,0.5,0.49999733841226,0.5,1727071848126
59,0.37619972596552,0.16666666666667,0.87487740599446,0.66666666666667,0.49999975873016,0.5,0.49999733841226,0.5,1727071848143
59,0.35520978560687,0.16666666666667,0.87487740599446,0.66666666666667,0.50000891438541,0.5,0.49999733841226,0.5,1727071848159
59,0.34093333592038,0.16666666666667,0.87487740599446,0.66666666666667,0.50000957141009,0.5,0.49999733841226,0.5,1727071848176
59,0.33427955824825,0.16666666666667,0.87487740599446,0.66666666666667,0.50000248655798,0.5,0.49999733841226,0.5,1727071848193
59,0.3132957205213,0.16666666666667,0.87487740599446,0.66666666666667,0.50000334032244,0.5,0.49999733841226,0.5,1727071848209
59,0.29612258796431,0.16666666666667,0.87487740599446,0.66666666666667,0.49999950637973,0.5,0.49999733841226,0.5,1727071848226
59,0.28186016422984,0.16666666666667,0.87487740599446,0.66666666666667,0.49999857546394,0.5,0.49999733841226,0.5,1727071848243
59,0.26468941995696,0.16666666666667,0.87487740599446,0.66666666666667,0.49999690669097,0.5,0.49999733841226,0.5,1727071848259
59,0.24370684806905,0.16666666666667,0.87487740599446,0.66666666666667,0.49999905722736,0.5,0.49999733841226,0.5,1727071848285
59,0.23320788718771,0.16666666666667,0.87487740599446,0.66666666666667,0.5000089990721,0.5,0.49999733841226,0.5,1727071848326
59,0.22270388866751,0.16666666666667,0.87487740599446,0.66666666666667,0.49999556369299,0.5,0.49999733841226,0.5,1727071848376
59,0.21890893892636,0.16666666666667,0.87487740599446,0.66666666666667,0.50000146573577,0.5,0.49999733841226,0.5,1727071848483
59,0.21226597313608,0.16666666666667,0.87487740599446,0.66666666666667,0.50000528907701,0.5,0.49999733841226,0.5,1727071848507
59,0.19800682128902,0.16666666666667,0.87487740599446,0.66666666666667,0.50000839443513,0.5,0.49999733841226,0.5,1727071848515
59,0.1875083832958,0.16666666666667,0.87487740599446,0.66666666666667,0.50000087075277,0.5,0.49999733841226,0.5,1727071848577
59,0.17701012074572,0.16666666666667,0.87487740599446,0.66666666666667,0.5000130672255,0.5,0.49999733841226,0.5,1727071848633
59,0.16650994653439,0.16666666666667,0.87487740599446,0.66666666666667,0.50000298388845,0.5,0.49999733841226,0.5,1727071848697
59,0.16272429096116,0.16666666666667,0.87487740599446,0.66666666666667,0.50000162174604,0.5,0.49999733841226,0.5,1727071848745
59,0.15607891424387,0.16666666666667,0.87487740599446,0.66666666666667,0.50000270338331,0.5,0.49999733841226,0.5,1727071848793
59,0.15228386828136,0.16666666666667,0.87487740599446,0.66666666666667,0.50000951835554,0.5,0.49999733841226,0.5,1727071848809
59,0.15228386828136,0.16666666666667,0.87487740599446,0.66666666666667,0.50000951835554,0.5,0.49999733841226,0.5,1727071850803
59,0.15228386828136,0.16666666666667,0.87487740599446,0.66666666666667,0.50000951835554,0.5,0.49999733841226,0.5,1727071851874
59,0.15228386828136,0.1628728306952,0.87487740599446,0.66666666666667,0.50000951835554,0.50000546476261,0.49999733841226,0.5,1727071851881
59,0.15228386828136,0.16677068112856,0.87487740599446,0.66666666666667,0.50000951835554,0.49999808138009,0.49999733841226,0.5,1727071851905
59,0.15228386828136,0.17728796988309,0.87487740599446,0.66666666666667,0.50000951835554,0.50000559707689,0.49999733841226,0.5,1727071851913
59,0.15228386828136,0.18780853605448,0.87487740599446,0.66666666666667,0.50000951835554,0.49998925064767,0.49999733841226,0.5,1727071851926
59,0.15228386828136,0.22602045186613,0.87487740599446,0.66666666666667,0.50000951835554,0.49999413109913,0.49999733841226,0.5,1727071851942
59,0.15228386828136,0.30246024258925,0.87487740599446,0.66666666666667,0.50000951835554,0.500001293219,0.49999733841226,0.5,1727071851959
59,0.15228386828136,0.43431073441343,0.87487740599446,0.66666666666667,0.50000951835554,0.49999754906728,0.49999733841226,0.5,1727071851976
59,0.15228386828136,0.68623887992594,0.87487740599446,0.66666666666667,0.50000951835554,0.49999522381065,0.49999733841226,0.5,1727071851992
59,0.15228386828136,0.99999528972155,0.87487740599446,0.66666666666667,0.50000951835554,0.50000207753921,0.49999733841226,0.5,1727071852009
59,0.15228386828136,0.99999528972155,0.87487740599446,0.66666666666667,0.50000951835554,0.50000207753921,0.49999733841226,0.5,1727071852026
59,0.15228386828136,0.99999528972155,0.87487740599446,0.66666666666667,0.50000951835554,0.50000207753921,0.49999733841226,0.5,1727071852237
59,0.15228386828136,0.99999528972155,0.87487740599446,0.66666666666667,0.50000951835554,0.50000207753921,0.49999733841226,0.5,1727071855802
59,0.15228386828136,0.99999528972155,0.87487740599446,0.67053210148023,0.50000951835554,0.50000207753921,0.49999733841226,0.49999619080322,1727071856213
59,0.15228386828136,0.99999528972155,0.87487740599446,0.67719884881623,0.50000951835554,0.50000207753921,0.49999733841226,0.4999993154856,1727071856323
59,0.15228386828136,0.99999528972155,0.87487740599446,0.68107756382133,0.50000951835554,0.50000207753921,0.49999733841226,0.50000037941078,1727071856459
59,0.15228386828136,0.99999528972155,0.87487740599446,0.68107756382133,0.50000951835554,0.50000207753921,0.49999733841226,0.50000037941078,1727071856695
60,0.16666666666667,0.83333333333333,0.0,0.33333333333333,0.5,0.5,0.5,0.5,1727071860967
60,0.16666666666667,0.83333333333333,0.00273429170768,0.33333333333333,0.5,0.5,0.49999466981766,0.5,1727071860992
60,0.16666666666667,0.83333333333333,0.02705438523691,0.33333333333333,0.5,0.5,0.50000387951461,0.5,1727071861011
60,0.16666666666667,0.83333333333333,0.0369498485067,0.33333333333333,0.5,0.5,0.50002916476383,0.5,1727071861025
60,0.16666666666667,0.83333333333333,0.07577865364786,0.33333333333333,0.5,0.5,0.49998238629907,0.5,1727071861042
60,0.16666666666667,0.83333333333333,0.13165662092363,0.33333333333333,0.5,0.5,0.49997880253306,0.5,1727071861059
60,0.16666666666667,0.83333333333333,0.22396984937799,0.33333333333333,0.5,0.5,0.49998404160118,0.5,1727071861075
60,0.16666666666667,0.83333333333333,0.35028568438757,0.33333333333333,0.5,0.5,0.50000546423036,0.5,1727071861092
60,0.16666666666667,0.83333333333333,0.50819434485052,0.33333333333333,0.5,0.5,0.49999705249575,0.5,1727071861109
60,0.16666666666667,0.83333333333333,0.66661074845834,0.33333333333333,0.5,0.5,0.49999033056277,0.5,1727071861125
60,0.16666666666667,0.83333333333333,0.82237259113154,0.33333333333333,0.5,0.5,0.49999682039199,0.5,1727071861142
60,0.16666666666667,0.83333333333333,0.99067692273619,0.33333333333333,0.5,0.5,0.49999503597743,0.5,1727071861159
60,0.16666666666667,0.83333333333333,1.0,0.33333333333333,0.5,0.5,0.5,0.5,1727071861175
60,0.16666666666667,0.83333333333333,1.0,0.33333333333333,0.5,0.5,0.5,0.5,1727071861192
60,0.16666666666667,0.83333333333333,1.0,0.33333333333333,0.5,0.5,0.5,0.5,1727071861209
60,0.16666666666667,0.83333333333333,1.0,0.33333333333333,0.5,0.5,0.5,0.5,1727071861225
60,0.16666666666667,0.83333333333333,1.0,0.33333333333333,0.5,0.5,0.5,0.5,1727071861242
60,0.16666666666667,0.83333333333333,1.0,0.33333333333333,0.5,0.5,0.5,0.5,1727071861259
60,0.16666666666667,0.83333333333333,1.0,0.33333333333333,0.5,0.5,0.5,0.5,1727071861275
60,0.16666666666667,0.83333333333333,1.0,0.33333333333333,0.5,0.5,0.5,0.5,1727071861292
60,0.16666666666667,0.83333333333333,1.0,0.33333333333333,0.5,0.5,0.5,0.5,1727071861308
60,0.16666666666667,0.83333333333333,1.0,0.33333333333333,0.5,0.5,0.5,0.5,1727071861797
60,0.16666666666667,0.83333333333333,0.98823665456397,0.33333333333333,0.5,0.5,0.49999860822811,0.5,1727071861808
60,0.16666666666667,0.83333333333333,0.95050873855805,0.33333333333333,0.5,0.5,0.49999297406464,0.5,1727071861825
60,0.16666666666667,0.83333333333333,0.92436076149933,0.33333333333333,0.5,0.5,0.50000152072338,0.5,1727071861842
60,0.16666666666667,0.83333333333333,0.90815564059904,0.33333333333333,0.5,0.5,0.49998738278706,0.5,1727071861859
60,0.16666666666667,0.83333333333333,0.86047910577998,0.33333333333333,0.5,0.5,0.49999331749118,0.5,1727071861875
60,0.16666666666667,0.83333333333333,0.85146712843052,0.33333333333333,0.5,0.5,0.49998950039424,0.5,1727071861892
60,0.16666666666667,0.83333333333333,0.83701840467849,0.33333333333333,0.5,0.5,0.4999916006167,0.5,1727071861909
60,0.16666666666667,0.83333333333333,0.82979667277253,0.33333333333333,0.5,0.5,0.49999978137099,0.5,1727071861925
60,0.16666666666667,0.83333333333333,0.81534884127273,0.33333333333333,0.5,0.5,0.49999766906094,0.5,1727071861942
60,0.16666666666667,0.83333333333333,0.8036018268269,0.33333333333333,0.5,0.5,0.49999828570507,0.5,1727071861959
60,0.16666666666667,0.83333333333333,0.79637279931217,0.33333333333333,0.5,0.5,0.50000230895373,0.5,1727071861975
60,0.16666666666667,0.83333333333333,0.78914484803685,0.33333333333333,0.5,0.5,0.50000095355875,0.5,1727071862604
60,0.16666666666667,0.83333333333333,0.79180636116189,0.33333333333333,0.5,0.5,0.49999556841602,0.5,1727071862611
60,0.16666666666667,0.83333333333333,0.80889179903392,0.33333333333333,0.5,0.5,0.49998923935798,0.5,1727071862635
60,0.16666666666667,0.83333333333333,0.81612803062539,0.33333333333333,0.5,0.5,0.49999018483053,0.5,1727071862651
60,0.16666666666667,0.83333333333333,0.82600073416566,0.33333333333333,0.5,0.5,0.49998828424024,0.5,1727071862874
60,0.16666666666667,0.83333333333333,0.82600073416566,0.33333333333333,0.5,0.5,0.49998828424024,0.5,1727071863341
60,0.16666666666667,0.83333333333333,0.82600073416566,0.33333333333333,0.5,0.5,0.49998828424024,0.5,1727071865550
60,0.1600254661082,0.83333333333333,0.82600073416566,0.33333333333333,0.50001355573245,0.5,0.49998828424024,0.5,1727071865589
60,0.15623304076275,0.83333333333333,0.82600073416566,0.33333333333333,0.50000308286112,0.5,0.49998828424024,0.5,1727071865597
60,0.13525790797082,0.83333333333333,0.82600073416566,0.33333333333333,0.49999480452562,0.5,0.49998828424024,0.5,1727071865613
60,0.1247664315838,0.83333333333333,0.82600073416566,0.33333333333333,0.50001851465821,0.5,0.49998828424024,0.5,1727071865629
60,0.11053447500295,0.83333333333333,0.82600073416566,0.33333333333333,0.50001742983844,0.5,0.49998828424024,0.5,1727071865642
60,0.06869811146374,0.83333333333333,0.82600073416566,0.33333333333333,0.50001004015102,0.5,0.49998828424024,0.5,1727071865658
60,0.03437185832025,0.83333333333333,0.82600073416566,0.33333333333333,0.50000509418411,0.5,0.49998828424024,0.5,1727071865675
60,0.00980532694014,0.83333333333333,0.82600073416566,0.33333333333333,0.50001130417921,0.5,0.49998828424024,0.5,1727071865692
60,0.0,0.83333333333333,0.82600073416566,0.33333333333333,0.5,0.5,0.49998828424024,0.5,1727071865708
60,0.0,0.83333333333333,0.82600073416566,0.33333333333333,0.5,0.5,0.49998828424024,0.5,1727071865725
60,0.0,0.83333333333333,0.82600073416566,0.33333333333333,0.5,0.5,0.49998828424024,0.5,1727071865742
60,0.0,0.83333333333333,0.82600073416566,0.33333333333333,0.5,0.5,0.49998828424024,0.5,1727071865758
60,0.0,0.83333333333333,0.82600073416566,0.33333333333333,0.5,0.5,0.49998828424024,0.5,1727071865775
60,0.0,0.83333333333333,0.82600073416566,0.33333333333333,0.5,0.5,0.49998828424024,0.5,1727071865792
60,0.0,0.83333333333333,0.82600073416566,0.33333333333333,0.5,0.5,0.49998828424024,0.5,1727071865808
60,0.0,0.83333333333333,0.82600073416566,0.33333333333333,0.5,0.5,0.49998828424024,0.5,1727071865825
60,0.0,0.83333333333333,0.82600073416566,0.33333333333333,0.5,0.5,0.49998828424024,0.5,1727071865842
60,0.0,0.83333333333333,0.82600073416566,0.33333333333333,0.5,0.5,0.49998828424024,0.5,1727071865915
60,0.0,0.83333333333333,0.82600073416566,0.33333333333333,0.5,0.5,0.49998828424024,0.5,1727071867460
60,0.0,0.83333333333333,0.82600073416566,0.33333333333333,0.5,0.5,0.49998828424024,0.5,1727071868386
60,0.0,0.82282973370409,0.82600073416566,0.33333333333333,0.5,0.50000053215888,0.49998828424024,0.5,1727071868473
60,0.0,0.81233010322711,0.82600073416566,0.33333333333333,0.5,0.49999635348734,0.49998828424024,0.5,1727071868508
60,0.0,0.80850149571925,0.82600073416566,0.33333333333333,0.5,0.49999521435026,0.49998828424024,0.5,1727071868525
60,0.0,0.80185184702989,0.82600073416566,0.33333333333333,0.5,0.49999701591637,0.49998828424024,0.5,1727071868551
60,0.0,0.79133810371271,0.82600073416566,0.33333333333333,0.5,0.50000018944826,0.49998828424024,0.5,1727071868567
60,0.0,0.78468957643053,0.82600073416566,0.33333333333333,0.5,0.50000145533913,0.49998828424024,0.5,1727071868615
60,0.0,0.77803516146646,0.82600073416566,0.33333333333333,0.5,0.49999764447282,0.49998828424024,0.5,1727071868631
60,0.0,0.7675286203233,0.82600073416566,0.33333333333333,0.5,0.49999699641475,0.49998828424024,0.5,1727071868695
60,0.0,0.76370962981961,0.82600073416566,0.33333333333333,0.5,0.49999894624072,0.49998828424024,0.5,1727071868708
60,0.0,0.75705349106022,0.82600073416566,0.33333333333333,0.5,0.49999598311984,0.49998828424024,0.5,1727071868725
60,0.0,0.73713676812194,0.82600073416566,0.33333333333333,0.5,0.50000094579571,0.49998828424024,0.5,1727071868742
60,0.0,0.72384154871033,0.82600073416566,0.33333333333333,0.5,0.49999389733613,0.49998828424024,0.5,1727071868758
60,0.0,0.70002260285828,0.82600073416566,0.33333333333333,0.5,0.49999581102506,0.49998828424024,0.5,1727071868775
60,0.0,0.66853395619396,0.82600073416566,0.33333333333333,0.5,0.50000270423169,0.49998828424024,0.5,1727071868792
60,0.0,0.6447207537618,0.82600073416566,0.33333333333333,0.5,0.5000014315377,0.49998828424024,0.5,1727071868808
60,0.0,0.60765828294652,0.82600073416566,0.33333333333333,0.5,0.50000209274569,0.49998828424024,0.5,1727071868825
60,0.0,0.57332645788258,0.82600073416566,0.33333333333333,0.5,0.49999773598994,0.49998828424024,0.5,1727071868841
60,0.0,0.53898733715272,0.82600073416566,0.33333333333333,0.5,0.49999809808285,0.49998828424024,0.5,1727071868858
60,0.0,0.51516896588488,0.82600073416566,0.33333333333333,0.5,0.50000019085775,0.49998828424024,0.5,1727071868875
60,0.0,0.50188232371383,0.82600073416566,0.33333333333333,0.5,0.49999603990739,0.49998828424024,0.5,1727071868891
60,0.0,0.48088732243992,0.82600073416566,0.33333333333333,0.5,0.50000376052061,0.49998828424024,0.5,1727071868908
60,0.0,0.43604443275126,0.82600073416566,0.33333333333333,0.5,0.50000138313164,0.49998828424024,0.5,1727071868925
60,0.0,0.34635405346316,0.82600073416566,0.33333333333333,0.5,0.49999980834276,0.49998828424024,0.5,1727071868941
60,0.0,0.25287704829012,0.82600073416566,0.33333333333333,0.5,0.49999986272256,0.49998828424024,0.5,1727071868958
60,0.0,0.14990793473288,0.82600073416566,0.33333333333333,0.5,0.49999966578305,0.49998828424024,0.5,1727071868975
60,0.0,0.07466610147222,0.82600073416566,0.33333333333333,0.5,0.49999225138148,0.49998828424024,0.5,1727071868991
60,0.0,0.03372665655079,0.82600073416566,0.33333333333333,0.5,0.49999304419223,0.49998828424024,0.5,1727071869008
60,0.0,0.01277058572678,0.82600073416566,0.33333333333333,0.5,0.4999971571147,0.49998828424024,0.5,1727071869025
60,0.0,0.00613377760816,0.82600073416566,0.33333333333333,0.5,0.50001008220801,0.49998828424024,0.5,1727071869041
60,0.0,-0.0,0.82600073416566,0.33333333333333,0.5,0.5,0.49998828424024,0.5,1727071869058
60,0.0,-0.0,0.82600073416566,0.33333333333333,0.5,0.5,0.49998828424024,0.5,1727071869075
60,0.0,-0.0,0.82600073416566,0.33333333333333,0.5,0.5,0.49998828424024,0.5,1727071869092
60,0.0,-0.0,0.82600073416566,0.33333333333333,0.5,0.5,0.49998828424024,0.5,1727071869108
60,0.0,-0.0,0.82600073416566,0.33333333333333,0.5,0.5,0.49998828424024,0.5,1727071869125
60,0.0,-0.0,0.82600073416566,0.33333333333333,0.5,0.5,0.49998828424024,0.5,1727071869142
60,0.0,-0.0,0.82600073416566,0.33333333333333,0.5,0.5,0.49998828424024,0.5,1727071869158
60,0.0,-0.0,0.82600073416566,0.33333333333333,0.5,0.5,0.49998828424024,0.5,1727071869175
60,0.0,-0.0,0.82600073416566,0.33333333333333,0.5,0.5,0.49998828424024,0.5,1727071869191
60,0.0,-0.0,0.82600073416566,0.33333333333333,0.5,0.5,0.49998828424024,0.5,1727071869208
60,0.0,-0.0,0.82600073416566,0.33333333333333,0.5,0.5,0.49998828424024,0.5,1727071869225
60,0.0,-0.0,0.82600073416566,0.33333333333333,0.5,0.5,0.49998828424024,0.5,1727071869242
60,0.0,-0.0,0.82600073416566,0.33333333333333,0.5,0.5,0.49998828424024,0.5,1727071869258
60,0.0,-0.0,0.82600073416566,0.33333333333333,0.5,0.5,0.49998828424024,0.5,1727071869275
60,0.0,-0.0,0.82600073416566,0.33333333333333,0.5,0.5,0.49998828424024,0.5,1727071869291
60,0.0,-0.0,0.82600073416566,0.33333333333333,0.5,0.5,0.49998828424024,0.5,1727071869308
60,0.0,-0.0,0.82600073416566,0.33333333333333,0.5,0.5,0.49998828424024,0.5,1727071869325
60,0.0,-0.0,0.82600073416566,0.33333333333333,0.5,0.5,0.49998828424024,0.5,1727071869341
60,0.0,-0.0,0.82600073416566,0.33333333333333,0.5,0.5,0.49998828424024,0.5,1727071869358
60,0.0,-0.0,0.82600073416566,0.33333333333333,0.5,0.5,0.49998828424024,0.5,1727071869375
60,0.0,-0.0,0.82600073416566,0.33333333333333,0.5,0.5,0.49998828424024,0.5,1727071869425
60,0.0,-0.0,0.82600073416566,0.33333333333333,0.5,0.5,0.49998828424024,0.5,1727071869442
60,0.0,-0.0,0.82600073416566,0.33333333333333,0.5,0.5,0.49998828424024,0.5,1727071869447
60,0.0,-0.0,0.82600073416566,0.33333333333333,0.5,0.5,0.49998828424024,0.5,1727071869447
60,0.0,-0.0,0.82600073416566,0.33333333333333,0.5,0.5,0.49998828424024,0.5,1727071870660
60,0.0,-0.0,0.82600073416566,0.32668206681117,0.5,0.5,0.49998828424024,0.50000491758844,1727071870777
60,0.0,-0.0,0.82600073416566,0.32002692115162,0.5,0.5,0.49998828424024,0.49999627814131,1727071870792
60,0.0,-0.0,0.82600073416566,0.30576624212299,0.5,0.5,0.49998828424024,0.49999703521308,1727071870808
60,0.0,-0.0,0.82600073416566,0.27808704111778,0.5,0.5,0.49998828424024,0.49999450162697,1727071870825
60,0.0,-0.0,0.82600073416566,0.27143220249165,0.5,0.5,0.49998828424024,0.49998524866875,1727071870841
60,0.0,-0.0,0.82600073416566,0.26479272283943,0.5,0.5,0.49998828424024,0.49999220634218,1727071870858
60,0.0,-0.0,0.82600073416566,0.25429147300061,0.5,0.5,0.49998828424024,0.49999908745276,1727071870935
60,0.0,-0.0,0.82600073416566,0.23712256127677,0.5,0.5,0.49998828424024,0.49999941638762,1727071871024
60,0.0,-0.0,0.82600073416566,0.22662523868989,0.5,0.5,0.49998828424024,0.49999360261969,1727071871031
60,0.0,-0.0,0.82600073416566,0.21612517910189,0.5,0.5,0.49998828424024,0.5000024864374,1727071871075
60,0.0,-0.0,0.82600073416566,0.19894988020444,0.5,0.5,0.49998828424024,0.49999512964413,1727071871125
60,0.0,-0.0,0.82600073416566,0.19515914313171,0.5,0.5,0.49998828424024,0.50000656028572,1727071871141
60,0.0,-0.0,0.82600073416566,0.18466224805257,0.5,0.5,0.49998828424024,0.50000090005042,1727071871173
60,0.0,-0.0,0.82600073416566,0.17416645341732,0.5,0.5,0.49998828424024,0.49999639001143,1727071871229
60,0.0,-0.0,0.82600073416566,0.17036758655402,0.5,0.5,0.49998828424024,0.49999784354454,1727071871347
60,0.0,-0.0,0.82600073416566,0.16657806997726,0.5,0.5,0.49998828424024,0.49999133732216,1727071871371
60,0.0,-0.0,0.82600073416566,0.16278310810809,0.5,0.5,0.49998828424024,0.49999798682262,1727071871387
60,0.0,-0.0,0.82600073416566,0.15899077077454,0.5,0.5,0.49998828424024,0.49998755874669,1727071871425
60,0.0,-0.0,0.82600073416566,0.15519982202417,0.5,0.5,0.49998828424024,0.49999975784,1727071871441
60,0.0,-0.0,0.82600073416566,0.15140609038213,0.5,0.5,0.49998828424024,0.49998723437619,1727071871529
60,0.0,-0.0,0.82600073416566,0.1476144297927,0.5,0.5,0.49998828424024,0.49999867605014,1727071871545
60,0.0,-0.0,0.82600073416566,0.14097622839643,0.5,0.5,0.49998828424024,0.49998817317996,1727071871823
60,0.0,-0.0,0.82600073416566,0.13718430467755,0.5,0.5,0.49998828424024,0.49999955757028,1727071872037
60,0.0,-0.0,0.82600073416566,0.13339637657891,0.5,0.5,0.49998828424024,0.49999478946586,1727071872155
60,0.0,-0.0,0.82600073416566,0.13635779107875,0.5,0.5,0.49998828424024,0.5000056293608,1727071872212
60,0.0,-0.0,0.82600073416566,0.13256632490578,0.5,0.5,0.49998828424024,0.49999581225955,1727071872354
60,0.0,-0.0,0.82600073416566,0.1392449173948,0.5,0.5,0.49998828424024,0.49999824868176,1727071872391
60,0.0,-0.0,0.82600073416566,0.14592518681092,0.5,0.5,0.49998828424024,0.49998151473548,1727071872441
60,0.0,-0.0,0.82600073416566,0.14592518681092,0.5,0.5,0.49998828424024,0.49998151473548,1727071873501
60,0.0,-0.0,0.82600073416566,0.14592518681092,0.5,0.5,0.49998828424024,0.49998151473548,1727071874484
61,0.66666666666667,0.66666666666667,0.83333333333333,1.0,0.5,0.5,0.5,0.5,1727071876892
61,0.66666666666667,0.66666666666667,0.83333333333333,1.0,0.5,0.5,0.5,0.5,1727071877478
61,0.66666666666667,0.66666666666667,0.83333333333333,1.0,0.5,0.5,0.5,0.5,1727071878136
61,0.66666666666667,0.66666666666667,0.82348746830948,1.0,0.5,0.5,0.49998908345371,0.5,1727071878261
61,0.66666666666667,0.66666666666667,0.81626027909328,1.0,0.5,0.5,0.49998392272821,0.5,1727071878277
61,0.66666666666667,0.66666666666667,0.80641190573233,1.0,0.5,0.5,0.49998693172569,0.5,1727071878301
61,0.66666666666667,0.66666666666667,0.79918101002486,1.0,0.5,0.5,0.50000020926529,0.5,1727071878309
61,0.66666666666667,0.66666666666667,0.79658048846577,1.0,0.5,0.5,0.49998706890087,0.5,1727071878325
61,0.66666666666667,0.66666666666667,0.7867325128154,1.0,0.5,0.5,0.49998815198918,0.5,1727071878375
61,0.66666666666667,0.66666666666667,0.77950277598915,1.0,0.5,0.5,0.49999578521407,0.5,1727071878395
61,0.66666666666667,0.66666666666667,0.77690089316368,1.0,0.5,0.5,0.49998933761184,0.5,1727071878408
61,0.66666666666667,0.66666666666667,0.76245986481406,1.0,0.5,0.5,0.49999413276927,0.5,1727071878458
61,0.66666666666667,0.66666666666667,0.75523224389286,1.0,0.5,0.5,0.49999094845546,0.5,1727071878475
61,0.66666666666667,0.66666666666667,0.74800482461782,1.0,0.5,0.5,0.49998665784438,0.5,1727071878524
61,0.66666666666667,0.66666666666667,0.74078511359358,1.0,0.5,0.5,0.49998483485656,0.5,1727071878541
61,0.66666666666667,0.66666666666667,0.72633782112705,1.0,0.5,0.5,0.49997941191748,0.5,1727071878558
61,0.66666666666667,0.66666666666667,0.71189421999857,1.0,0.5,0.5,0.49999834477638,0.5,1727071878574
61,0.66666666666667,0.66666666666667,0.69745499061962,1.0,0.5,0.5,0.49999364305886,0.5,1727071878591
61,0.66666666666667,0.66666666666667,0.67314242759742,1.0,0.5,0.5,0.49999457786021,0.5,1727071878608
61,0.66666666666667,0.66666666666667,0.656049382339,1.0,0.5,0.5,0.49999860502575,0.5,1727071878624
61,0.66666666666667,0.66666666666667,0.62000813900224,1.0,0.5,0.5,0.49998866067977,0.5,1727071878641
61,0.66666666666667,0.66666666666667,0.59116030175398,1.0,0.5,0.5,0.49999097682,0.5,1727071878658
61,0.66666666666667,0.66666666666667,0.57407814005689,1.0,0.5,0.5,0.49997815354221,0.5,1727071878674
61,0.66666666666667,0.66666666666667,0.54976316460489,1.0,0.5,0.5,0.49999458939059,0.5,1727071878691
61,0.66666666666667,0.66666666666667,0.52091673329937,1.0,0.5,0.5,0.49998776891863,0.5,1727071878708
61,0.66666666666667,0.66666666666667,0.49660431024705,1.0,0.5,0.5,0.49998774974315,0.5,1727071878725
61,0.66666666666667,0.66666666666667,0.48938523677044,1.0,0.5,0.5,0.49998079312726,0.5,1727071878741
61,0.66666666666667,0.66666666666667,0.48215796139533,1.0,0.5,0.5,0.49997381316637,0.5,1727071878758
61,0.66666666666667,0.66666666666667,0.47493433852841,1.0,0.5,0.5,0.4999995081423,0.5,1727071878774
61,0.66666666666667,0.66666666666667,0.45785268585434,1.0,0.5,0.5,0.49998101178903,0.5,1727071878791
61,0.66666666666667,0.66666666666667,0.45062569714936,1.0,0.5,0.5,0.4999715730367,0.5,1727071878808
61,0.66666666666667,0.66666666666667,0.44340221355383,1.0,0.5,0.5,0.49999735915512,0.5,1727071878824
61,0.66666666666667,0.66666666666667,0.43617600815924,1.0,0.5,0.5,0.4999819036249,0.5,1727071878874
61,0.66666666666667,0.66666666666667,0.42174177779878,1.0,0.5,0.5,0.49999981345778,0.5,1727071878891
61,0.66666666666667,0.66666666666667,0.41451388519659,1.0,0.5,0.5,0.49999720349419,0.5,1727071878908
61,0.66666666666667,0.66666666666667,0.40729451468205,1.0,0.5,0.5,0.49999185305389,0.5,1727071878924
61,0.66666666666667,0.66666666666667,0.37847067818633,1.0,0.5,0.5,0.49999975207952,0.5,1727071878974
61,0.66666666666667,0.66666666666667,0.37124431842496,1.0,0.5,0.5,0.49998401276749,0.5,1727071878991
61,0.66666666666667,0.66666666666667,0.364023273879,1.0,0.5,0.5,0.4999924358196,0.5,1727071879013
61,0.66666666666667,0.66666666666667,0.35680280039794,1.0,0.5,0.5,0.49999612120431,0.5,1727071879024
61,0.66666666666667,0.66666666666667,0.34957747493477,1.0,0.5,0.5,0.49997071796258,0.5,1727071879041
61,0.66666666666667,0.66666666666667,0.32794877040763,1.0,0.5,0.5,0.49998176782334,0.5,1727071879058
61,0.66666666666667,0.66666666666667,0.31351597685676,1.0,0.5,0.5,0.49998973485718,0.5,1727071879074
61,0.66666666666667,0.66666666666667,0.30629479141531,1.0,0.5,0.5,0.50000043536127,0.5,1727071879091
61,0.66666666666667,0.66666666666667,0.29186564125796,1.0,0.5,0.5,0.49997393685997,0.5,1727071879108
61,0.66666666666667,0.66666666666667,0.28463503552391,1.0,0.5,0.5,0.49999697103642,0.5,1727071879124
61,0.66666666666667,0.66666666666667,0.2774165060299,1.0,0.5,0.5,0.49998193267362,0.5,1727071879141
61,0.66666666666667,0.66666666666667,0.27019634146138,1.0,0.5,0.5,0.49998296981552,0.5,1727071879158
61,0.66666666666667,0.66666666666667,0.26297649769166,1.0,0.5,0.5,0.49998075476064,0.5,1727071879179
61,0.66666666666667,0.66666666666667,0.25575427659474,1.0,0.5,0.5,0.5000031412597,0.5,1727071879195
61,0.66666666666667,0.66666666666667,0.24852823081577,1.0,0.5,0.5,0.49998027193373,0.5,1727071879291
61,0.66666666666667,0.66666666666667,0.2413094625334,1.0,0.5,0.5,0.499966433614,0.5,1727071879315
61,0.66666666666667,0.66666666666667,0.23408889569755,1.0,0.5,0.5,0.49997167709404,0.5,1727071879331
61,0.66666666666667,0.66666666666667,0.22686783342252,1.0,0.5,0.5,0.4999825308712,0.5,1727071879374
61,0.66666666666667,0.66666666666667,0.21964869913749,1.0,0.5,0.5,0.49997217807962,0.5,1727071879391
61,0.66666666666667,0.66666666666667,0.20522292942325,1.0,0.5,0.5,0.49999513234042,0.5,1727071879409
61,0.66666666666667,0.66666666666667,0.19799440584923,1.0,0.5,0.5,0.49999857588801,0.5,1727071879505
61,0.66666666666667,0.66666666666667,0.19077572242249,1.0,0.5,0.5,0.49998244026862,0.5,1727071879553
61,0.66666666666667,0.66666666666667,0.18355434532487,1.0,0.5,0.5,0.49999836809446,0.5,1727071879567
61,0.66666666666667,0.66666666666667,0.17633627380896,1.0,0.5,0.5,0.49997415139288,0.5,1727071879711
61,0.66666666666667,0.66666666666667,0.17902926976828,1.0,0.5,0.5,0.49997666676932,0.5,1727071881017
61,0.66666666666667,0.66666666666667,0.17902926976828,1.0,0.5,0.5,0.49997666676932,0.5,1727071881397
61,0.66666666666667,0.66666666666667,0.17902926976828,1.0,0.5,0.5,0.49997666676932,0.5,1727071883765
61,0.66666666666667,0.66001200631516,0.17902926976828,1.0,0.5,0.50000515365672,0.49997666676932,0.5,1727071883820
61,0.66666666666667,0.65335811794092,0.17902926976828,1.0,0.5,0.50000052268093,0.49997666676932,0.5,1727071883828
61,0.66666666666667,0.64670223451003,0.17902926976828,1.0,0.5,0.50000650871663,0.49997666676932,0.5,1727071883840
61,0.66666666666667,0.60185642248702,0.17902926976828,1.0,0.5,0.50000663013557,0.49997666676932,0.5,1727071883857
61,0.66666666666667,0.53709762964315,0.17902926976828,1.0,0.5,0.49999986428926,0.49997666676932,0.5,1727071883873
61,0.66666666666667,0.44204755823073,0.17902926976828,1.0,0.5,0.50000296663388,0.49997666676932,0.5,1727071883890
61,0.66666666666667,0.27431696018702,0.17902926976828,1.0,0.5,0.49999564706238,0.49997666676932,0.5,1727071883907
61,0.66666666666667,0.16233777284403,0.17902926976828,1.0,0.5,0.50000777768268,0.49997666676932,0.5,1727071883923
61,0.66666666666667,0.06760338390835,0.17902926976828,1.0,0.5,0.50000302793406,0.49997666676932,0.5,1727071883940
61,0.66666666666667,0.01227728204213,0.17902926976828,1.0,0.5,0.50001002537367,0.49997666676932,0.5,1727071883957
61,0.66666666666667,0.0,0.17902926976828,1.0,0.5,0.5,0.49997666676932,0.5,1727071883973
61,0.66666666666667,0.0,0.17902926976828,1.0,0.5,0.5,0.49997666676932,0.5,1727071883990
61,0.66666666666667,0.0,0.17902926976828,1.0,0.5,0.5,0.49997666676932,0.5,1727071884007
61,0.66666666666667,0.0,0.17902926976828,1.0,0.5,0.5,0.49997666676932,0.5,1727071884023
61,0.66666666666667,0.0,0.17902926976828,1.0,0.5,0.5,0.49997666676932,0.5,1727071884040
61,0.66666666666667,0.0,0.17902926976828,1.0,0.5,0.5,0.49997666676932,0.5,1727071884113
61,0.66666666666667,0.0,0.17902926976828,1.0,0.5,0.5,0.49997666676932,0.5,1727071884224
61,0.66666666666667,0.0,0.17902926976828,1.0,0.5,0.5,0.49997666676932,0.5,1727071885454
61,0.67333191321649,0.0,0.17902926976828,1.0,0.49999608993982,0.5,0.49997666676932,0.5,1727071885643
61,0.6800016727511,0.0,0.17902926976828,1.0,0.50000099164958,0.5,0.49997666676932,0.5,1727071885658
61,0.69335645730721,0.0,0.17902926976828,1.0,0.5000015260442,0.5,0.49997666676932,0.5,1727071885674
61,0.70670569887216,0.0,0.17902926976828,1.0,0.4999988512256,0.5,0.49997666676932,0.5,1727071885690
61,0.71338249947351,0.0,0.17902926976828,1.0,0.4999987890964,0.5,0.49997666676932,0.5,1727071885707
61,0.72005487324098,0.0,0.17902926976828,1.0,0.4999962118299,0.5,0.49997666676932,0.5,1727071885723
61,0.73340142809567,0.0,0.17902926976828,1.0,0.50000080063969,0.5,0.49997666676932,0.5,1727071885740
61,0.74007391909727,0.0,0.17902926976828,1.0,0.49999832721414,0.5,0.49997666676932,0.5,1727071885768
61,0.74673813257048,0.0,0.17902926976828,1.0,0.49999981803692,0.5,0.49997666676932,0.5,1727071885784
61,0.75341149721782,0.0,0.17902926976828,1.0,0.49999786405076,0.5,0.49997666676932,0.5,1727071885792
61,0.76008069775987,0.0,0.17902926976828,1.0,0.500002060321,0.5,0.49997666676932,0.5,1727071885816
61,0.76008069775987,0.0,0.17902926976828,1.0,0.500002060321,0.5,0.49997666676932,0.5,1727071887305
61,0.76008069775987,0.0,0.17902926976828,1.0,0.500002060321,0.5,0.49997666676932,0.5,1727071887393
62,1.0,0.0,0.0,0.16666666666667,0.5,0.5,0.5,0.5,1727071893301
62,1.0,0.0,0.0,0.16666666666667,0.5,0.5,0.5,0.5,1727071894235
62,1.0,0.0,0.00724748688584,0.16666666666667,0.5,0.5,0.4999393119724,0.5,1727071894266
62,1.0,0.0,0.01714215258915,0.16666666666667,0.5,0.5,0.49998452660487,0.5,1727071894282
62,1.0,0.0,0.02438087195132,0.16666666666667,0.5,0.5,0.49994075070165,0.5,1727071894291
62,1.0,0.0,0.04147981462567,0.16666666666667,0.5,0.5,0.49997258769821,0.5,1727071894306
62,1.0,0.0,0.08030408946007,0.16666666666667,0.5,0.5,0.50000507012862,0.5,1727071894323
62,1.0,0.0,0.11912273350491,0.16666666666667,0.5,0.5,0.49999439698838,0.5,1727071894339
62,1.0,0.0,0.14817681557792,0.16666666666667,0.5,0.5,0.49996806928325,0.5,1727071894356
62,1.0,0.0,0.21390153059785,0.16666666666667,0.5,0.5,0.4999787168163,0.5,1727071894373
62,1.0,0.0,0.2770298866423,0.16666666666667,0.5,0.5,0.50000061913576,0.5,1727071894389
62,1.0,0.0,0.33764850095857,0.16666666666667,0.5,0.5,0.49998795433596,0.5,1727071894406
62,1.0,0.0,0.39097240631496,0.16666666666667,0.5,0.5,0.49998557571239,0.5,1727071894423
62,1.0,0.0,0.44429527082102,0.16666666666667,0.5,0.5,0.49999142876362,0.5,1727071894440
62,1.0,0.0,0.51466995148638,0.16666666666667,0.5,0.5,0.49999368626655,0.5,1727071894456
62,1.0,0.0,0.5363944336285,0.16666666666667,0.5,0.5,0.50000130983076,0.5,1727071894473
62,1.0,0.0,0.56537650333219,0.16666666666667,0.5,0.5,0.49997751459062,0.5,1727071894489
62,1.0,0.0,0.57261019860254,0.16666666666667,0.5,0.5,0.4999950214725,0.5,1727071894506
62,1.0,0.0,0.5870837274525,0.16666666666667,0.5,0.5,0.49999064976013,0.5,1727071894523
62,1.0,0.0,0.60155476208259,0.16666666666667,0.5,0.5,0.50000179593833,0.5,1727071894540
62,1.0,0.0,0.61864120513226,0.16666666666667,0.5,0.5,0.49998788612536,0.5,1727071894556
62,1.0,0.0,0.62851415997957,0.16666666666667,0.5,0.5,0.49998408312957,0.5,1727071895147
62,1.0,0.0,0.63574975852911,0.16666666666667,0.5,0.5,0.49998901340005,0.5,1727071895168
62,1.0,0.0,0.64562076872531,0.16666666666667,0.5,0.5,0.49999666382996,0.5,1727071895206
62,1.0,0.0,0.65549359388965,0.16666666666667,0.5,0.5,0.49999362989161,0.5,1727071895223
62,1.0,0.0,0.66272330534393,0.16666666666667,0.5,0.5,0.49998512252827,0.5,1727071895239
62,1.0,0.0,0.66538207544262,0.16666666666667,0.5,0.5,0.49999476347064,0.5,1727071895256
62,1.0,0.0,0.6726122364732,0.16666666666667,0.5,0.5,0.49998378151801,0.5,1727071895273
62,1.0,0.0,0.68248293262896,0.16666666666667,0.5,0.5,0.49999295199617,0.5,1727071895391
62,1.0,0.0,0.68971794886862,0.16666666666667,0.5,0.5,0.50000078244409,0.5,1727071895406
62,1.0,0.0,0.69958253971177,0.16666666666667,0.5,0.5,0.49999811365055,0.5,1727071895423
62,1.0,0.0,0.70682144483545,0.16666666666667,0.5,0.5,0.49998443831818,0.5,1727071895439
62,1.0,0.0,0.71404884100347,0.16666666666667,0.5,0.5,0.49998905461554,0.5,1727071895456
62,1.0,0.0,0.72392128564052,0.16666666666667,0.5,0.5,0.49998836117119,0.5,1727071895473
62,1.0,0.0,0.73379403483615,0.16666666666667,0.5,0.5,0.49998605724543,0.5,1727071895489
62,1.0,0.0,0.74102077595299,0.16666666666667,0.5,0.5,0.49999400445024,0.5,1727071895506
62,1.0,0.0,0.7508936443851,0.16666666666667,0.5,0.5,0.49999105909974,0.5,1727071895523
62,1.0,0.0,0.76536588906348,0.16666666666667,0.5,0.5,0.49999414784439,0.5,1727071895539
62,1.0,0.0,0.7752299657865,0.16666666666667,0.5,0.5,0.49999437115192,0.5,1727071895556
62,1.0,0.0,0.78246519035759,0.16666666666667,0.5,0.5,0.50000042944703,0.5,1727071895580
62,1.0,0.0,0.78969673777358,0.16666666666667,0.5,0.5,0.49998364784137,0.5,1727071895604
62,1.0,0.0,0.7969318816557,0.16666666666667,0.5,0.5,0.49999010084837,0.5,1727071895612
62,1.0,0.0,0.79958344442311,0.16666666666667,0.5,0.5,0.49999360380838,0.5,1727071895623
62,1.0,0.0,0.8140584539522,0.16666666666667,0.5,0.5,0.49998288224839,0.5,1727071895673
62,1.0,0.0,0.81671036096915,0.16666666666667,0.5,0.5,0.49998465350278,0.5,1727071895740
62,1.0,0.0,0.80948054312547,0.16666666666667,0.5,0.5,0.49999244808509,0.5,1727071896231
62,1.0,0.0,0.80225892496072,0.16666666666667,0.5,0.5,0.5000002815662,0.5,1727071896239
62,1.0,0.0,0.79503142403495,0.16666666666667,0.5,0.5,0.49999665850658,0.5,1727071896302
62,1.0,0.0,0.78781293051025,0.16666666666667,0.5,0.5,0.49998883193801,0.5,1727071896381
62,1.0,0.0,0.78058341291191,0.16666666666667,0.5,0.5,0.49999534572933,0.5,1727071896460
62,1.0,0.0,0.77335509119029,0.16666666666667,0.5,0.5,0.49999581971754,0.5,1727071896809
62,1.0,0.0,0.76613443503238,0.16666666666667,0.5,0.5,0.49999898790081,0.5,1727071898235
62,1.0,0.0,0.76878732193283,0.16666666666667,0.5,0.5,0.49999575368657,0.5,1727071898274
62,1.0,0.0,0.76156858937095,0.16666666666667,0.5,0.5,0.49998895755089,0.5,1727071898377
62,1.0,0.0,0.75434106689023,0.16666666666667,0.5,0.5,0.4999852188912,0.5,1727071898423
62,1.0,0.0,0.74711052583711,0.16666666666667,0.5,0.5,0.4999973109944,0.5,1727071898527
62,1.0,0.0,0.73989208874627,0.16666666666667,0.5,0.5,0.49998881114887,0.5,1727071898542
62,1.0,0.0,0.72545045794178,0.16666666666667,0.5,0.5,0.49999702123227,0.5,1727071899867
62,1.0,0.0,0.72810249574823,0.16666666666667,0.5,0.5,0.49999821299788,0.5,1727071899906
62,1.0,0.0,0.72088480289386,0.16666666666667,0.5,0.5,0.49998553117808,0.5,1727071899956
62,1.0,0.0,0.71633406185911,0.16666666666667,0.5,0.5,0.49998184972632,0.5,1727071900006
62,1.0,0.0,0.70911137899039,0.16666666666667,0.5,0.5,0.49999618897265,0.5,1727071900024
62,1.0,0.0,0.70188318388188,0.16666666666667,0.5,0.5,0.4999960069979,0.5,1727071900073
62,1.0,0.0,0.69465557989551,0.16666666666667,0.5,0.5,0.49999253875208,0.5,1727071900174
62,1.0,0.0,0.69011360335757,0.16666666666667,0.5,0.5,0.49998555962691,0.5,1727071900231
62,1.0,0.0,0.682892373787,0.16666666666667,0.5,0.5,0.49999215629936,0.5,1727071901727
62,1.0,0.0,0.67566367200146,0.16666666666667,0.5,0.5,0.49999480984233,0.5,1727071901909
62,1.0,0.0,0.67566367200146,0.16666666666667,0.5,0.5,0.49999480984233,0.5,1727071902614
62,1.0,0.0,0.67566367200146,0.16666666666667,0.5,0.5,0.49999480984233,0.5,1727071904413
62,0.97899574030585,0.0,0.67566367200146,0.16666666666667,0.49999808909525,0.5,0.49999480984233,0.5,1727071904530
62,0.96468131316715,0.0,0.67566367200146,0.16666666666667,0.50000199260672,0.5,0.49999480984233,0.5,1727071904546
62,0.95035988777662,0.0,0.67566367200146,0.16666666666667,0.49999570872993,0.5,0.49999480984233,0.5,1727071904555
62,0.92935226479238,0.0,0.67566367200146,0.16666666666667,0.4999992607379,0.5,0.49999480984233,0.5,1727071904572
62,0.90456466860788,0.0,0.67566367200146,0.16666666666667,0.49999782147062,0.5,0.49999480984233,0.5,1727071904589
62,0.8835579737606,0.0,0.67566367200146,0.16666666666667,0.4999945249166,0.5,0.49999480984233,0.5,1727071904606
62,0.85207160479159,0.0,0.67566367200146,0.16666666666667,0.49999733944077,0.5,0.49999480984233,0.5,1727071904622
62,0.83106498218267,0.0,0.67566367200146,0.16666666666667,0.49999391029005,0.5,0.49999480984233,0.5,1727071904640
62,0.82056470367594,0.0,0.67566367200146,0.16666666666667,0.49999766859579,0.5,0.49999480984233,0.5,1727071904656
62,0.78907280998907,0.0,0.67566367200146,0.16666666666667,0.4999978176066,0.5,0.49999480984233,0.5,1727071904672
62,0.76139980064221,0.0,0.67566367200146,0.16666666666667,0.49999989132709,0.5,0.49999480984233,0.5,1727071904689
62,0.74040317235596,0.0,0.67566367200146,0.16666666666667,0.50000176595815,0.5,0.49999480984233,0.5,1727071904706
62,0.71939520272263,0.0,0.67566367200146,0.16666666666667,0.49999727161863,0.5,0.49999480984233,0.5,1727071904722
62,0.70509090721632,0.0,0.67566367200146,0.16666666666667,0.49999919157111,0.5,0.49999480984233,0.5,1727071904739
62,0.68409160715636,0.0,0.67566367200146,0.16666666666667,0.49999958652263,0.5,0.49999480984233,0.5,1727071904756
62,0.65558109084916,0.0,0.67566367200146,0.16666666666667,0.49999785421809,0.5,0.49999480984233,0.5,1727071904772
62,0.63081021024845,0.0,0.67566367200146,0.16666666666667,0.49999676118561,0.5,0.49999480984233,0.5,1727071904789
62,0.60603138560319,0.0,0.67566367200146,0.16666666666667,0.50000039697592,0.5,0.49999480984233,0.5,1727071904806
62,0.57836021069385,0.0,0.67566367200146,0.16666666666667,0.50000423601984,0.5,0.49999480984233,0.5,1727071904822
62,0.56706354425948,0.0,0.67566367200146,0.16666666666667,0.50000135344912,0.5,0.49999480984233,0.5,1727071904839
62,0.55656306275689,0.0,0.67566367200146,0.16666666666667,0.49999578382905,0.5,0.49999480984233,0.5,1727071904856
62,0.54897802011503,0.0,0.67566367200146,0.16666666666667,0.4999954489766,0.5,0.49999480984233,0.5,1727071904872
62,0.53848117548265,0.0,0.67566367200146,0.16666666666667,0.50000297340266,0.5,0.49999480984233,0.5,1727071904889
62,0.52719538196323,0.0,0.67566367200146,0.16666666666667,0.49999672404177,0.5,0.49999480984233,0.5,1727071904906
62,0.51961877643616,0.0,0.67566367200146,0.16666666666667,0.5000024297841,0.5,0.49999480984233,0.5,1727071904922
62,0.51579886840251,0.0,0.67566367200146,0.16666666666667,0.49999918531796,0.5,0.49999480984233,0.5,1727071904939
62,0.49777598054393,0.0,0.67566367200146,0.16666666666667,0.49999363359287,0.5,0.49999480984233,0.5,1727071904958
62,0.49396231833686,0.0,0.67566367200146,0.16666666666667,0.49999487738897,0.5,0.49999480984233,0.5,1727071904972
62,0.4901414409452,0.0,0.67566367200146,0.16666666666667,0.50000221934869,0.5,0.49999480984233,0.5,1727071904989
62,0.48631899888773,0.0,0.67566367200146,0.16666666666667,0.49999694651257,0.5,0.49999480984233,0.5,1727071905005
62,0.47203247474807,0.0,0.67566367200146,0.16666666666667,0.50000130229688,0.5,0.49999480984233,0.5,1727071905022
62,0.46446841715683,0.0,0.67566367200146,0.16666666666667,0.4999934362825,0.5,0.49999480984233,0.5,1727071905039
62,0.46065271790092,0.0,0.67566367200146,0.16666666666667,0.49999315693883,0.5,0.49999480984233,0.5,1727071905056
62,0.44940094283029,0.0,0.67566367200146,0.16666666666667,0.50000074322094,0.5,0.49999480984233,0.5,1727071905072
62,0.44558971251132,0.0,0.67566367200146,0.16666666666667,0.50000404001054,0.5,0.49999480984233,0.5,1727071905089
62,0.4417663317632,0.0,0.67566367200146,0.16666666666667,0.4999976895277,0.5,0.49999480984233,0.5,1727071905106
62,0.43421366158642,0.0,0.67566367200146,0.16666666666667,0.49999861160909,0.5,0.49999480984233,0.5,1727071905122
62,0.42370072251264,0.0,0.67566367200146,0.16666666666667,0.49999429619727,0.5,0.49999480984233,0.5,1727071905139
62,0.41247096665692,0.0,0.67566367200146,0.16666666666667,0.49999504287498,0.5,0.49999480984233,0.5,1727071905156
62,0.40196850055511,0.0,0.67566367200146,0.16666666666667,0.49999938250353,0.5,0.49999480984233,0.5,1727071905188
62,0.39815344186545,0.0,0.67566367200146,0.16666666666667,0.49999965610634,0.5,0.49999480984233,0.5,1727071905222
62,0.38765754789417,0.0,0.67566367200146,0.16666666666667,0.49999654968812,0.5,0.49999480984233,0.5,1727071905272
62,0.3838379878346,0.0,0.67566367200146,0.16666666666667,0.49999289697385,0.5,0.49999480984233,0.5,1727071905298
62,0.37333856756892,0.0,0.67566367200146,0.16666666666667,0.50000009378151,0.5,0.49999480984233,0.5,1727071905314
62,0.36668549564299,0.0,0.67566367200146,0.16666666666667,0.49999390988348,0.5,0.49999480984233,0.5,1727071905322
62,0.35914475327103,0.0,0.67566367200146,0.16666666666667,0.49999177013095,0.5,0.49999480984233,0.5,1727071905339
62,0.35249489582917,0.0,0.67566367200146,0.16666666666667,0.50000236834142,0.5,0.49999480984233,0.5,1727071905362
62,0.34868302054749,0.0,0.67566367200146,0.16666666666667,0.49999144741977,0.5,0.49999480984233,0.5,1727071905378
62,0.34203983986543,0.0,0.67566367200146,0.16666666666667,0.49999412018256,0.5,0.49999480984233,0.5,1727071905394
62,0.33822506452743,0.0,0.67566367200146,0.16666666666667,0.49999465311316,0.5,0.49999480984233,0.5,1727071905410
62,0.32772902508178,0.0,0.67566367200146,0.16666666666667,0.50000567633955,0.5,0.49999480984233,0.5,1727071905456
62,0.32391705174452,0.0,0.67566367200146,0.16666666666667,0.4999942119496,0.5,0.49999480984233,0.5,1727071905679
62,0.31727198767578,0.0,0.67566367200146,0.16666666666667,0.49999520330065,0.5,0.49999480984233,0.5,1727071905694
62,0.31346468073371,0.0,0.67566367200146,0.16666666666667,0.50000307459174,0.5,0.49999480984233,0.5,1727071905710
62,0.30965447060558,0.0,0.67566367200146,0.16666666666667,0.49999303727283,0.5,0.49999480984233,0.5,1727071905924
62,0.29915496917059,0.0,0.67566367200146,0.16666666666667,0.50000112746202,0.5,0.49999480984233,0.5,1727071906393
62,0.29535271222687,0.0,0.67566367200146,0.16666666666667,0.49999885364668,0.5,0.49999480984233,0.5,1727071906408
62,0.28869972127326,0.0,0.67566367200146,0.16666666666667,0.49999184207399,0.5,0.49999480984233,0.5,1727071906470
62,0.28205976401961,0.0,0.67566367200146,0.16666666666667,0.4999981612937,0.5,0.49999480984233,0.5,1727071906478
62,0.27541193334477,0.0,0.67566367200146,0.16666666666667,0.49999637848478,0.5,0.49999480984233,0.5,1727071907817
62,0.27541193334477,0.0,0.67566367200146,0.16666666666667,0.49999637848478,0.5,0.49999480984233,0.5,1727071908094
62,0.27541193334477,0.0,0.67566367200146,0.16666666666667,0.49999637848478,0.5,0.49999480984233,0.5,1727071910140
62,0.27541193334477,0.0,0.67566367200146,0.16666666666667,0.49999637848478,0.5,0.49999480984233,0.5,1727071911017
62,0.27541193334477,0.0,0.67566367200146,0.16666666666667,0.49999637848478,0.5,0.49999480984233,0.5,1727071912641
62,0.27541193334477,0.00669171347214,0.67566367200146,0.16666666666667,0.49999637848478,0.50000127628139,0.49999480984233,0.5,1727071912681
62,0.27541193334477,0.01337738743174,0.67566367200146,0.16666666666667,0.49999637848478,0.50001513037066,0.49999480984233,0.5,1727071912696
62,0.27541193334477,0.02007244416673,0.67566367200146,0.16666666666667,0.49999637848478,0.50000914332239,0.49999480984233,0.5,1727071912705
62,0.27541193334477,0.02399668342557,0.67566367200146,0.16666666666667,0.49999637848478,0.50000667353698,0.49999480984233,0.5,1727071912722
62,0.27541193334477,0.03068574612596,0.67566367200146,0.16666666666667,0.49999637848478,0.50001288841797,0.49999480984233,0.5,1727071912739
62,0.27541193334477,0.03460722597844,0.67566367200146,0.16666666666667,0.49999637848478,0.5000158046367,0.49999480984233,0.5,1727071912755
62,0.27541193334477,0.04512567076883,0.67566367200146,0.16666666666667,0.49999637848478,0.50002389480999,0.49999480984233,0.5,1727071912774
62,0.27541193334477,0.04905113276496,0.67566367200146,0.16666666666667,0.49999637848478,0.50001918399172,0.49999480984233,0.5,1727071912846
62,0.27541193334477,0.05956510557097,0.67566367200146,0.16666666666667,0.49999637848478,0.50000734690697,0.49999480984233,0.5,1727071912855
62,0.27541193334477,0.07009207039965,0.67566367200146,0.16666666666667,0.49999637848478,0.50000040871469,0.49999480984233,0.5,1727071912872
62,0.27541193334477,0.07400527363557,0.67566367200146,0.16666666666667,0.49999637848478,0.50001720498026,0.49999480984233,0.5,1727071912894
62,0.27541193334477,0.08068713941876,0.67566367200146,0.16666666666667,0.49999637848478,0.50000861668213,0.49999480984233,0.5,1727071912910
62,0.27541193334477,0.08459786617952,0.67566367200146,0.16666666666667,0.49999637848478,0.50000351597621,0.49999480984233,0.5,1727071912964
62,0.27541193334477,0.0885135471228,0.67566367200146,0.16666666666667,0.49999637848478,0.50001552102999,0.49999480984233,0.5,1727071912988
62,0.27541193334477,0.09242716178698,0.67566367200146,0.16666666666667,0.49999637848478,0.50000580821764,0.49999480984233,0.5,1727071913044
62,0.27541193334477,0.0991002275502,0.67566367200146,0.16666666666667,0.49999637848478,0.50001178902476,0.49999480984233,0.5,1727071913154
62,0.27541193334477,0.10578946884229,0.67566367200146,0.16666666666667,0.49999637848478,0.50001631908965,0.49999480984233,0.5,1727071913186
62,0.27541193334477,0.11246931919827,0.67566367200146,0.16666666666667,0.49999637848478,0.50001156581401,0.49999480984233,0.5,1727071913235
62,0.27541193334477,0.12298760321809,0.67566367200146,0.16666666666667,0.49999637848478,0.50001832431395,0.49999480984233,0.5,1727071913328
62,0.27541193334477,0.13350628980394,0.67566367200146,0.16666666666667,0.49999637848478,0.50000201624162,0.49999480984233,0.5,1727071913372
62,0.27541193334477,0.13741107221419,0.67566367200146,0.16666666666667,0.49999637848478,0.50000613703632,0.49999480984233,0.5,1727071913422
62,0.27541193334477,0.14409015594825,0.67566367200146,0.16666666666667,0.49999637848478,0.50000301027503,0.49999480984233,0.5,1727071913535
62,0.27541193334477,0.14409015594825,0.67566367200146,0.16666666666667,0.49999637848478,0.50000301027503,0.49999480984233,0.5,1727071914248
62,0.27541193334477,0.14409015594825,0.67566367200146,0.16666666666667,0.49999637848478,0.50000301027503,0.49999480984233,0.5,1727071915857
62,0.27929360283382,0.14409015594825,0.67566367200146,0.16666666666667,0.50000134905965,0.50000301027503,0.49999480984233,0.5,1727071916079
62,0.27929360283382,0.14409015594825,0.67566367200146,0.16666666666667,0.50000134905965,0.50000301027503,0.49999480984233,0.5,1727071916512
62,0.27929360283382,0.14409015594825,0.67566367200146,0.16666666666667,0.50000134905965,0.50000301027503,0.49999480984233,0.5,1727071917592
62,0.27929360283382,0.14409015594825,0.67566367200146,0.1591897401101,0.50000134905965,0.50000301027503,0.49999480984233,0.50000690487335,1727071917684
62,0.27929360283382,0.14409015594825,0.67566367200146,0.16587767062902,0.50000134905965,0.50000301027503,0.49999480984233,0.50000099102929,1727071917722
62,0.27929360283382,0.14409015594825,0.67566367200146,0.1995900991891,0.50000134905965,0.50000301027503,0.49999480984233,0.50000672473386,1727071917738
62,0.27929360283382,0.14409015594825,0.67566367200146,0.24695942985296,0.50000134905965,0.50000301027503,0.49999480984233,0.5000061945678,1727071917755
62,0.27929360283382,0.14409015594825,0.67566367200146,0.3079871545005,0.50000134905965,0.50000301027503,0.49999480984233,0.5000025088156,1727071917772
62,0.27929360283382,0.14409015594825,0.67566367200146,0.41708242137965,0.50000134905965,0.50000301027503,0.49999480984233,0.5000045442196,1727071917788
62,0.27929360283382,0.14409015594825,0.67566367200146,0.43425232012756,0.50000134905965,0.50000301027503,0.49999480984233,0.50000496840694,1727071917805
62,0.27929360283382,0.14409015594825,0.67566367200146,0.44762177419611,0.50000134905965,0.50000301027503,0.49999480984233,0.5000050496634,1727071917821
62,0.27929360283382,0.14409015594825,0.67566367200146,0.4714698637193,0.50000134905965,0.50000301027503,0.49999480984233,0.50000636193769,1727071917838
62,0.27929360283382,0.14409015594825,0.67566367200146,0.47814213165341,0.50000134905965,0.50000301027503,0.49999480984233,0.50000277890627,1727071917855
62,0.27929360283382,0.14409015594825,0.67566367200146,0.4953122322204,0.50000134905965,0.50000301027503,0.49999480984233,0.50000335830056,1727071917872
62,0.27929360283382,0.14409015594825,0.67566367200146,0.51247952487912,0.50000134905965,0.50000301027503,0.49999480984233,0.50000188129371,1727071917888
62,0.27929360283382,0.14409015594825,0.67566367200146,0.51915261610912,0.50000134905965,0.50000301027503,0.49999480984233,0.49999911830324,1727071917905
62,0.27929360283382,0.14409015594825,0.67566367200146,0.53250881988901,0.50000134905965,0.50000301027503,0.49999480984233,0.50000079445498,1727071917922
62,0.27929360283382,0.14409015594825,0.67566367200146,0.54968128550009,0.50000134905965,0.50000301027503,0.49999480984233,0.50000300760791,1727071917938
62,0.27929360283382,0.14409015594825,0.67566367200146,0.56304169556363,0.50000134905965,0.50000301027503,0.49999480984233,0.50000740920119,1727071917955
62,0.27929360283382,0.14409015594825,0.67566367200146,0.58688585286325,0.50000134905965,0.50000301027503,0.49999480984233,0.50000588281004,1727071917972
62,0.27929360283382,0.14409015594825,0.67566367200146,0.60405625985345,0.50000134905965,0.50000301027503,0.49999480984233,0.49999659243506,1727071917988
62,0.27929360283382,0.14409015594825,0.67566367200146,0.62122699602152,0.50000134905965,0.50000301027503,0.49999480984233,0.49999761224021,1727071918005
62,0.27929360283382,0.14409015594825,0.67566367200146,0.62789550519123,0.50000134905965,0.50000301027503,0.49999480984233,0.50000200806645,1727071918022
62,0.27929360283382,0.14409015594825,0.67566367200146,0.63456791732078,0.50000134905965,0.50000301027503,0.49999480984233,0.4999991813605,1727071918038
62,0.27929360283382,0.14409015594825,0.67566367200146,0.6450851147065,0.50000134905965,0.50000301027503,0.49999480984233,0.5000050456377,1727071918056
62,0.27929360283382,0.14409015594825,0.67566367200146,0.65175663783297,0.50000134905965,0.50000301027503,0.49999480984233,0.50000170681588,1727071918071
62,0.27929360283382,0.14409015594825,0.67566367200146,0.66225945163864,0.50000134905965,0.50000301027503,0.49999480984233,0.49999873881688,1727071918088
62,0.27929360283382,0.14409015594825,0.67566367200146,0.67277936887623,0.50000134905965,0.50000301027503,0.49999480984233,0.50000605715874,1727071918105
62,0.27929360283382,0.14409015594825,0.67566367200146,0.67944624052803,0.50000134905965,0.50000301027503,0.49999480984233,0.50000005141795,1727071918121
62,0.27929360283382,0.14409015594825,0.67566367200146,0.68995449195997,0.50000134905965,0.50000301027503,0.49999480984233,0.50000037879655,1727071918138
62,0.27929360283382,0.14409015594825,0.67566367200146,0.69662381470103,0.50000134905965,0.50000301027503,0.49999480984233,0.50000490980986,1727071918155
62,0.27929360283382,0.14409015594825,0.67566367200146,0.7137955584572,0.50000134905965,0.50000301027503,0.49999480984233,0.49999745926118,1727071918171
62,0.27929360283382,0.14409015594825,0.67566367200146,0.72046489423536,0.50000134905965,0.50000301027503,0.49999480984233,0.50000190644097,1727071918188
62,0.27929360283382,0.14409015594825,0.67566367200146,0.74430729881921,0.50000134905965,0.50000301027503,0.49999480984233,0.49999978181633,1727071918205
62,0.27929360283382,0.14409015594825,0.67566367200146,0.74817912271071,0.50000134905965,0.50000301027503,0.49999480984233,0.50000546365277,1727071918221
62,0.27929360283382,0.14409015594825,0.67566367200146,0.76153160717384,0.50000134905965,0.50000301027503,0.49999480984233,0.50000464935259,1727071918238
62,0.27929360283382,0.14409015594825,0.67566367200146,0.77203944529333,0.50000134905965,0.50000301027503,0.49999480984233,0.500004680208,1727071918255
62,0.27929360283382,0.14409015594825,0.67566367200146,0.7825565555704,0.50000134905965,0.50000301027503,0.49999480984233,0.50000144668003,1727071918272
62,0.27929360283382,0.14409015594825,0.67566367200146,0.78922451765756,0.50000134905965,0.50000301027503,0.49999480984233,0.50000484525005,1727071918294
62,0.27929360283382,0.14409015594825,0.67566367200146,0.79973252659426,0.50000134905965,0.50000301027503,0.49999480984233,0.50000496304423,1727071918305
62,0.27929360283382,0.14409015594825,0.67566367200146,0.81025089652511,0.50000134905965,0.50000301027503,0.49999480984233,0.50000246618421,1727071918322
62,0.27929360283382,0.14409015594825,0.67566367200146,0.82742186925121,0.50000134905965,0.50000301027503,0.49999480984233,0.5000033182578,1727071918342
62,0.27929360283382,0.14409015594825,0.67566367200146,0.8379236236383,0.50000134905965,0.50000301027503,0.49999480984233,0.50000027705981,1727071918557
62,0.27929360283382,0.14409015594825,0.67566367200146,0.84459678219943,0.50000134905965,0.50000301027503,0.49999480984233,0.50000612819649,1727071918572
62,0.27929360283382,0.14409015594825,0.67566367200146,0.8551075809684,0.50000134905965,0.50000301027503,0.49999480984233,0.49999994445379,1727071918588
62,0.27929360283382,0.14409015594825,0.67566367200146,0.86177711072419,0.50000134905965,0.50000301027503,0.49999480984233,0.50000390765533,1727071918612
62,0.27929360283382,0.14409015594825,0.67566367200146,0.87228302081187,0.50000134905965,0.50000301027503,0.49999480984233,0.50000299554956,1727071918666
62,0.27929360283382,0.14409015594825,0.67566367200146,0.87895171843312,0.50000134905965,0.50000301027503,0.49999480984233,0.49999896091725,1727071918682
62,0.27929360283382,0.14409015594825,0.67566367200146,0.88947214590194,0.50000134905965,0.50000301027503,0.49999480984233,0.50000513235828,1727071918747
62,0.27929360283382,0.14409015594825,0.67566367200146,0.89613224882707,0.50000134905965,0.50000301027503,0.49999480984233,0.49999701147016,1727071918788
62,0.27929360283382,0.14409015594825,0.67566367200146,0.90280097079282,0.50000134905965,0.50000301027503,0.49999480984233,0.50000046428316,1727071918805
62,0.27929360283382,0.14409015594825,0.67566367200146,0.90666722404285,0.50000134905965,0.50000301027503,0.49999480984233,0.50000271004712,1727071918856
62,0.27929360283382,0.14409015594825,0.67566367200146,0.91333884436818,0.50000134905965,0.50000301027503,0.49999480984233,0.5000001814304,1727071918993
62,0.27929360283382,0.14409015594825,0.67566367200146,0.92000687346403,0.50000134905965,0.50000301027503,0.49999480984233,0.50000323890032,1727071919523
62,0.27929360283382,0.14409015594825,0.67566367200146,0.92666700005041,0.50000134905965,0.50000301027503,0.49999480984233,0.50000255903279,1727071919546
62,0.27929360283382,0.14409015594825,0.67566367200146,0.93333983545809,0.50000134905965,0.50000301027503,0.49999480984233,0.50000064012168,1727071919570
62,0.27929360283382,0.14409015594825,0.67566367200146,0.94000597297527,0.50000134905965,0.50000301027503,0.49999480984233,0.50000276727273,1727071919618
62,0.27929360283382,0.14409015594825,0.67566367200146,0.94387390467464,0.50000134905965,0.50000301027503,0.49999480984233,0.49999860610651,1727071919626
62,0.27929360283382,0.14409015594825,0.67566367200146,0.95053461228911,0.50000134905965,0.50000301027503,0.49999480984233,0.49999823228459,1727071919640
62,0.27929360283382,0.14409015594825,0.67566367200146,0.96104958728416,0.50000134905965,0.50000301027503,0.49999480984233,0.50000156306788,1727071919656
62,0.27929360283382,0.14409015594825,0.67566367200146,0.96772347953757,0.50000134905965,0.50000301027503,0.49999480984233,0.50000018228523,1727071919672
62,0.27929360283382,0.14409015594825,0.67566367200146,0.97438389734752,0.50000134905965,0.50000301027503,0.49999480984233,0.49999967667445,1727071919688
62,0.27929360283382,0.14409015594825,0.67566367200146,0.98105784594638,0.50000134905965,0.50000301027503,0.49999480984233,0.5000052362954,1727071919712
62,0.27929360283382,0.14409015594825,0.67566367200146,0.98492078982605,0.50000134905965,0.50000301027503,0.49999480984233,0.49999897892799,1727071919728
62,0.27929360283382,0.14409015594825,0.67566367200146,0.9982699525987,0.50000134905965,0.50000301027503,0.49999480984233,0.50000371630488,1727071919752
62,0.27929360283382,0.14409015594825,0.67566367200146,1.0,0.50000134905965,0.50000301027503,0.49999480984233,0.5,1727071919768
62,0.27929360283382,0.14409015594825,0.67566367200146,1.0,0.50000134905965,0.50000301027503,0.49999480984233,0.5,1727071919824
62,0.27929360283382,0.14409015594825,0.67566367200146,1.0,0.50000134905965,0.50000301027503,0.49999480984233,0.5,1727071919840
62,0.27929360283382,0.14409015594825,0.67566367200146,1.0,0.50000134905965,0.50000301027503,0.49999480984233,0.5,1727071919927
62,0.27929360283382,0.14409015594825,0.67566367200146,1.0,0.50000134905965,0.50000301027503,0.49999480984233,0.5,1727071921582
62,0.27929360283382,0.14409015594825,0.67566367200146,1.0,0.50000134905965,0.50000301027503,0.49999480984233,0.5,1727071921621
62,0.27929360283382,0.14409015594825,0.67566367200146,1.0,0.50000134905965,0.50000301027503,0.49999480984233,0.5,1727071921773
62,0.27929360283382,0.14409015594825,0.67566367200146,1.0,0.50000134905965,0.50000301027503,0.49999480984233,0.5,1727071923063
62,0.27929360283382,0.14409015594825,0.67566367200146,1.0,0.50000134905965,0.50000301027503,0.49999480984233,0.5,1727071923167
62,0.27929360283382,0.14409015594825,0.67566367200146,1.0,0.50000134905965,0.50000301027503,0.49999480984233,0.5,1727071923332
62,0.27929360283382,0.14409015594825,0.67566367200146,1.0,0.50000134905965,0.50000301027503,0.49999480984233,0.5,1727071923371
62,0.27929360283382,0.14409015594825,0.67566367200146,1.0,0.50000134905965,0.50000301027503,0.49999480984233,0.5,1727071923394
62,0.27929360283382,0.14409015594825,0.67566367200146,1.0,0.50000134905965,0.50000301027503,0.49999480984233,0.5,1727071923466
62,0.27929360283382,0.14409015594825,0.67566367200146,1.0,0.50000134905965,0.50000301027503,0.49999480984233,0.5,1727071923482
62,0.27929360283382,0.14409015594825,0.67566367200146,1.0,0.50000134905965,0.50000301027503,0.49999480984233,0.5,1727071923640
62,0.27929360283382,0.14409015594825,0.67566367200146,1.0,0.50000134905965,0.50000301027503,0.49999480984233,0.5,1727071923655
62,0.27929360283382,0.14409015594825,0.67566367200146,1.0,0.50000134905965,0.50000301027503,0.49999480984233,0.5,1727071923671
62,0.27929360283382,0.14409015594825,0.67566367200146,1.0,0.50000134905965,0.50000301027503,0.49999480984233,0.5,1727071923688
62,0.27929360283382,0.14409015594825,0.67566367200146,1.0,0.50000134905965,0.50000301027503,0.49999480984233,0.5,1727071923705
62,0.27929360283382,0.14409015594825,0.67566367200146,1.0,0.50000134905965,0.50000301027503,0.49999480984233,0.5,1727071923721
62,0.27929360283382,0.14409015594825,0.67566367200146,1.0,0.50000134905965,0.50000301027503,0.49999480984233,0.5,1727071924124
62,0.27929360283382,0.14409015594825,0.67566367200146,1.0,0.50000134905965,0.50000301027503,0.49999480984233,0.5,1727071926668
62,0.27929360283382,0.14409015594825,0.67566367200146,1.0,0.50000134905965,0.50000301027503,0.49999480984233,0.5,1727071927196
63,0.0,0.5,0.5,0.83333333333333,0.5,0.5,0.5,0.5,1727071930494
63,0.0,0.5,0.49278105778074,0.83333333333333,0.5,0.5,0.49999050158045,0.5,1727071930522
63,0.0,0.5,0.47568965856528,0.83333333333333,0.5,0.5,0.49998353164283,0.5,1727071930538
63,0.0,0.5,0.44685849335541,0.83333333333333,0.5,0.5,0.499983855968,0.5,1727071930554
63,0.0,0.5,0.38655116735593,0.83333333333333,0.5,0.5,0.49999213777004,0.5,1727071930571
63,0.0,0.5,0.28354723348797,0.83333333333333,0.5,0.5,0.49998778241645,0.5,1727071930588
63,0.0,0.5,0.13561104085656,0.83333333333333,0.5,0.5,0.49997098878548,0.5,1727071930604
63,0.0,0.5,0.01650221793906,0.83333333333333,0.5,0.5,0.50001260573328,0.5,1727071930621
63,0.0,0.5,-0.0,0.83333333333333,0.5,0.5,0.5,0.5,1727071930638
63,0.0,0.5,-0.0,0.83333333333333,0.5,0.5,0.5,0.5,1727071930654
63,0.0,0.5,-0.0,0.83333333333333,0.5,0.5,0.5,0.5,1727071930671
63,0.0,0.5,-0.0,0.83333333333333,0.5,0.5,0.5,0.5,1727071930688
63,0.0,0.5,-0.0,0.83333333333333,0.5,0.5,0.5,0.5,1727071930704
63,0.0,0.5,-0.0,0.83333333333333,0.5,0.5,0.5,0.5,1727071930721
63,0.0,0.5,-0.0,0.83333333333333,0.5,0.5,0.5,0.5,1727071930737
63,0.0,0.5,-0.0,0.83333333333333,0.5,0.5,0.5,0.5,1727071930754
63,0.0,0.5,-0.0,0.83333333333333,0.5,0.5,0.5,0.5,1727071930771
63,0.0,0.5,-0.0,0.83333333333333,0.5,0.5,0.5,0.5,1727071930848
63,0.0,0.5,-0.0,0.83333333333333,0.5,0.5,0.5,0.5,1727071932433
63,0.0,0.51051820019325,-0.0,0.83333333333333,0.5,0.4999923824471,0.5,0.5,1727071932567
63,0.0,0.52102655039169,-0.0,0.83333333333333,0.5,0.50000301671844,0.5,0.5,1727071932574
63,0.0,0.52770069131027,-0.0,0.83333333333333,0.5,0.49999405668203,0.5,0.5,1727071932587
63,0.0,0.5448708802434,-0.0,0.83333333333333,0.5,0.499993520477,0.5,0.5,1727071932604
63,0.0,0.55538657667955,-0.0,0.83333333333333,0.5,0.49999865739242,0.5,0.5,1727071932621
63,0.0,0.58592369761229,-0.0,0.83333333333333,0.5,0.49999959062792,0.5,0.5,1727071932637
63,0.0,0.60309092985794,-0.0,0.83333333333333,0.5,0.50000089045624,0.5,0.5,1727071932654
63,0.0,0.63077117358695,-0.0,0.83333333333333,0.5,0.49999878387121,0.5,0.5,1727071932671
63,0.0,0.68897408222603,-0.0,0.83333333333333,0.5,0.49999715141659,0.5,0.5,1727071932687
63,0.0,0.75386126739876,-0.0,0.83333333333333,0.5,0.50000014886994,0.5,0.5,1727071932704
63,0.0,0.82254678132595,-0.0,0.83333333333333,0.5,0.49999572332564,0.5,0.5,1727071932721
63,0.0,0.87790664768942,-0.0,0.83333333333333,0.5,0.50000051061701,0.5,0.5,1727071932737
63,0.0,0.9055825104392,-0.0,0.83333333333333,0.5,0.50000100427061,0.5,0.5,1727071932754
63,0.0,0.93611271315399,-0.0,0.83333333333333,0.5,0.49999766621196,0.5,0.5,1727071932771
63,0.0,0.94662245899655,-0.0,0.83333333333333,0.5,0.49999674057018,0.5,0.5,1727071932787
63,0.0,0.99812663009714,-0.0,0.83333333333333,0.5,0.4999984304745,0.5,0.5,1727071932804
63,0.0,1.0,-0.0,0.83333333333333,0.5,0.5,0.5,0.5,1727071932821
63,0.0,1.0,-0.0,0.83333333333333,0.5,0.5,0.5,0.5,1727071932837
63,0.0,1.0,-0.0,0.83333333333333,0.5,0.5,0.5,0.5,1727071932854
63,0.0,1.0,-0.0,0.83333333333333,0.5,0.5,0.5,0.5,1727071932871
63,0.0,1.0,-0.0,0.83333333333333,0.5,0.5,0.5,0.5,1727071932888
63,0.0,1.0,-0.0,0.83333333333333,0.5,0.5,0.5,0.5,1727071932904
63,0.0,1.0,-0.0,0.83333333333333,0.5,0.5,0.5,0.5,1727071932921
63,0.0,1.0,-0.0,0.83333333333333,0.5,0.5,0.5,0.5,1727071932937
63,0.0,1.0,-0.0,0.83333333333333,0.5,0.5,0.5,0.5,1727071932954
63,0.0,1.0,-0.0,0.83333333333333,0.5,0.5,0.5,0.5,1727071932971
63,0.0,1.0,-0.0,0.83333333333333,0.5,0.5,0.5,0.5,1727071932987
63,0.0,1.0,-0.0,0.83333333333333,0.5,0.5,0.5,0.5,1727071933004
63,0.0,1.0,-0.0,0.83333333333333,0.5,0.5,0.5,0.5,1727071933021
63,0.0,1.0,-0.0,0.83333333333333,0.5,0.5,0.5,0.5,1727071933037
63,0.0,1.0,-0.0,0.83333333333333,0.5,0.5,0.5,0.5,1727071933054
63,0.0,1.0,-0.0,0.83333333333333,0.5,0.5,0.5,0.5,1727071933072
63,0.0,1.0,-0.0,0.83333333333333,0.5,0.5,0.5,0.5,1727071933144
63,0.0,1.0,-0.0,0.83333333333333,0.5,0.5,0.5,0.5,1727071933154
63,0.0,1.0,-0.0,0.83333333333333,0.5,0.5,0.5,0.5,1727071933249
63,0.0,1.0,-0.0,0.83333333333333,0.5,0.5,0.5,0.5,1727071933286
63,0.0,1.0,-0.0,0.83333333333333,0.5,0.5,0.5,0.5,1727071933286
63,0.0,1.0,-0.0,0.83333333333333,0.5,0.5,0.5,0.5,1727071934483
63,0.0,1.0,-0.0,0.83720121450905,0.5,0.5,0.5,0.50000061588762,1727071934498
63,0.0,1.0,-0.0,0.83053996880649,0.5,0.5,0.5,0.50000076906012,1727071934514
63,0.0,1.0,-0.0,0.82672109751824,0.5,0.5,0.5,0.4999989864567,1727071934522
63,0.0,1.0,-0.0,0.8162147812081,0.5,0.5,0.5,0.49999968798414,1727071934537
63,0.0,1.0,-0.0,0.78187061645751,0.5,0.5,0.5,0.49999663036721,1727071934554
63,0.0,1.0,-0.0,0.75038564313817,0.5,0.5,0.5,0.50000056641171,1727071934571
63,0.0,1.0,-0.0,0.7293833845591,0.5,0.5,0.5,0.49999930712541,1727071934587
63,0.0,1.0,-0.0,0.71887866394104,0.5,0.5,0.5,0.49999223616716,1727071934604
63,0.0,1.0,-0.0,0.70457687382015,0.5,0.5,0.5,0.49999552874776,1727071934621
63,0.0,1.0,-0.0,0.68741030874365,0.5,0.5,0.5,0.49999701467193,1727071934637
63,0.0,1.0,-0.0,0.6798120938303,0.5,0.5,0.5,0.49999804873914,1727071934654
63,0.0,1.0,-0.0,0.65881226258345,0.5,0.5,0.5,0.4999981060253,1727071934671
63,0.0,1.0,-0.0,0.6416464849547,0.5,0.5,0.5,0.50000020473326,1727071934687
63,0.0,1.0,-0.0,0.62733961600872,0.5,0.5,0.5,0.50000072548033,1727071934704
63,0.0,1.0,-0.0,0.62351895128056,0.5,0.5,0.5,0.49999739606367,1727071934721
63,0.0,1.0,-0.0,0.60635199838348,0.5,0.5,0.5,0.49999881038454,1727071934737
63,0.0,1.0,-0.0,0.59585006187684,0.5,0.5,0.5,0.50000254727015,1727071934754
63,0.0,1.0,-0.0,0.58155066967757,0.5,0.5,0.5,0.49999789395358,1727071934771
63,0.0,1.0,-0.0,0.57104201638214,0.5,0.5,0.5,0.49999722169468,1727071934787
63,0.0,1.0,-0.0,0.5530029304814,0.5,0.5,0.5,0.49999144916987,1727071934804
63,0.0,1.0,-0.0,0.54635922707665,0.5,0.5,0.5,0.50000372527219,1727071934821
63,0.0,1.0,-0.0,0.53970708208093,0.5,0.5,0.5,0.49999957397407,1727071934837
63,0.0,1.0,-0.0,0.52540980040533,0.5,0.5,0.5,0.4999960295317,1727071934854
63,0.0,1.0,-0.0,0.52158171348711,0.5,0.5,0.5,0.49999792646593,1727071934878
63,0.0,1.0,-0.0,0.51777007423103,0.5,0.5,0.5,0.50000060568231,1727071934887
63,0.0,1.0,-0.0,0.50727016097904,0.5,0.5,0.5,0.49999507686203,1727071934904
63,0.0,1.0,-0.0,0.49676582899302,0.5,0.5,0.5,0.49999748850456,1727071934921
63,0.0,1.0,-0.0,0.48247829345675,0.5,0.5,0.5,0.50000103147049,1727071934942
63,0.0,1.0,-0.0,0.47865947619259,0.5,0.5,0.5,0.49999843961544,1727071934958
63,0.0,1.0,-0.0,0.47200900805115,0.5,0.5,0.5,0.49999513082349,1727071934974
63,0.0,1.0,-0.0,0.46819484532914,0.5,0.5,0.5,0.4999960429646,1727071934990
63,0.0,1.0,-0.0,0.46154142146406,0.5,0.5,0.5,0.50000229345946,1727071935004
63,0.0,1.0,-0.0,0.43007246354637,0.5,0.5,0.5,0.49999638469301,1727071935021
63,0.0,1.0,-0.0,0.41578229578225,0.5,0.5,0.5,0.4999980791551,1727071935037
63,0.0,1.0,-0.0,0.4091311797118,0.5,0.5,0.5,0.49999390912016,1727071935060
63,0.0,1.0,-0.0,0.40531729648451,0.5,0.5,0.5,0.49999513681772,1727071935071
63,0.0,1.0,-0.0,0.39867216092823,0.5,0.5,0.5,0.49999595248025,1727071935100
63,0.0,1.0,-0.0,0.38816399129667,0.5,0.5,0.5,0.49999547345725,1727071935108
63,0.0,1.0,-0.0,0.38434963965364,0.5,0.5,0.5,0.499996344023,1727071935154
63,0.0,1.0,-0.0,0.37770045911365,0.5,0.5,0.5,0.49999364684784,1727071935171
63,0.0,1.0,-0.0,0.36719957705757,0.5,0.5,0.5,0.49999962219612,1727071935221
63,0.0,1.0,-0.0,0.37772106181969,0.5,0.5,0.5,0.49999823012902,1727071936297
63,0.0,1.0,-0.0,0.38160111465456,0.5,0.5,0.5,0.50000097298925,1727071936353
63,0.0,1.0,-0.0,0.38827262702704,0.5,0.5,0.5,0.49999628914192,1727071936404
63,0.0,1.0,-0.0,0.39878817980506,0.5,0.5,0.5,0.50000302897958,1727071936454
63,0.0,1.0,-0.0,0.39878817980506,0.5,0.5,0.5,0.50000302897958,1727071936724
64,0.66666666666667,0.0,0.16666666666667,1.0,0.5,0.5,0.5,0.5,1727071939925
64,0.66666666666667,0.0,0.18115716080959,1.0,0.5,0.5,0.4999824348889,0.5,1727071939948
64,0.66666666666667,0.0,0.18839441717903,1.0,0.5,0.5,0.49997258096465,0.5,1727071939956
64,0.66666666666667,0.0,0.19562959109513,1.0,0.5,0.5,0.49998756711491,0.5,1727071939970
64,0.66666666666667,0.0,0.21994353975411,1.0,0.5,0.5,0.49997057395393,0.5,1727071939987
64,0.66666666666667,0.0,0.29519687480332,1.0,0.5,0.5,0.49997853751701,0.5,1727071940004
64,0.66666666666667,0.0,0.41422737309038,1.0,0.5,0.5,0.49999722366436,0.5,1727071940020
64,0.66666666666667,0.0,0.5405120791905,1.0,0.5,0.5,0.50000066457391,0.5,1727071940037
64,0.66666666666667,0.0,0.6375252945582,1.0,0.5,0.5,0.49999389670468,0.5,1727071940054
64,0.66666666666667,0.0,0.70789211287022,1.0,0.5,0.5,0.49999374465712,0.5,1727071940070
64,0.66666666666667,0.0,0.73943960784679,1.0,0.5,0.5,0.50000074813598,0.5,1727071940087
64,0.66666666666667,0.0,0.7565249045263,1.0,0.5,0.5,0.49999473789225,0.5,1727071940104
64,0.66666666666667,0.0,0.76376175096068,1.0,0.5,0.5,0.49999251052709,0.5,1727071940120
64,0.66666666666667,0.0,0.77362474886051,1.0,0.5,0.5,0.49999828017149,0.5,1727071940137
64,0.66666666666667,0.0,0.78810013194663,1.0,0.5,0.5,0.49998533705052,0.5,1727071940154
64,0.66666666666667,0.0,0.80981539197324,1.0,0.5,0.5,0.4999962947518,0.5,1727071940170
64,0.66666666666667,0.0,0.82690130842412,1.0,0.5,0.5,0.49998772812918,0.5,1727071940187
64,0.66666666666667,0.0,0.84137300391378,1.0,0.5,0.5,0.49999328636835,0.5,1727071940204
64,0.66666666666667,0.0,0.87033523952018,1.0,0.5,0.5,0.49999239098138,0.5,1727071940220
64,0.66666666666667,0.0,0.89204964521815,1.0,0.5,0.5,0.5000063509764,0.5,1727071940237
64,0.66666666666667,0.0,0.91180584213463,1.0,0.5,0.5,0.49999079539752,0.5,1727071940254
64,0.66666666666667,0.0,0.89735782650159,1.0,0.5,0.5,0.4999895630358,0.5,1727071940637
64,0.66666666666667,0.0,0.86849309352414,1.0,0.5,0.5,0.49999378515732,0.5,1727071940655
64,0.66666666666667,0.0,0.85947303897724,1.0,0.5,0.5,0.49998948485827,0.5,1727071940670
64,0.66666666666667,0.0,0.85225279346784,1.0,0.5,0.5,0.49999040911561,0.5,1727071940687
64,0.66666666666667,0.0,0.83780535473971,1.0,0.5,0.5,0.49998632137012,0.5,1727071940704
64,0.66666666666667,0.0,0.83058271993353,1.0,0.5,0.5,0.49999884526773,0.5,1727071940899
64,0.66666666666667,0.0,0.83781323251013,1.0,0.5,0.5,0.49998780816899,0.5,1727071941943
64,0.66666666666667,0.0,0.84503815048533,1.0,0.5,0.5,0.50000372518362,0.5,1727071941958
64,0.66666666666667,0.0,0.85227553944788,1.0,0.5,0.5,0.49999903498094,0.5,1727071942285
64,0.66666666666667,0.0,0.85950654800405,1.0,0.5,0.5,0.4999858668013,0.5,1727071942531
64,0.66666666666667,0.0,0.87397846767323,1.0,0.5,0.5,0.49999024118643,0.5,1727071942688
64,0.66666666666667,0.0,0.87397846767323,1.0,0.5,0.5,0.49999024118643,0.5,1727071944984
64,0.66666666666667,0.0,0.87397846767323,1.0,0.5,0.5,0.49999024118643,0.5,1727071946839
64,0.66000964605487,0.0,0.87397846767323,1.0,0.49999652329229,0.5,0.49999024118643,0.5,1727071946916
64,0.65618446264178,0.0,0.87397846767323,1.0,0.49999990707023,0.5,0.49999024118643,0.5,1727071946932
64,0.64953223495605,0.0,0.87397846767323,1.0,0.49999618368451,0.5,0.49999024118643,0.5,1727071946940
64,0.63902806548421,0.0,0.87397846767323,1.0,0.49999832327636,0.5,0.49999024118643,0.5,1727071946953
64,0.62473109604709,0.0,0.87397846767323,1.0,0.49999535764316,0.5,0.49999024118643,0.5,1727071946970
64,0.6075587472736,0.0,0.87397846767323,1.0,0.49999326009344,0.5,0.49999024118643,0.5,1727071946987
64,0.59325978822068,0.0,0.87397846767323,1.0,0.49999885568046,0.5,0.49999024118643,0.5,1727071947003
64,0.56558110274857,-0.0,0.87397846767323,1.0,0.49999762547321,0.5,0.49999024118643,0.5,1727071947020
64,0.54458850535356,0.0,0.87397846767323,1.0,0.50000269907064,0.5,0.49999024118643,0.5,1727071947037
64,0.52359664532824,-0.0,0.87397846767323,1.0,0.49999760918193,0.5,0.49999024118643,0.5,1727071947053
64,0.51308565006016,-0.0,0.87397846767323,1.0,0.49999518985801,0.5,0.49999024118643,0.5,1727071947070
64,0.49879709983678,0.0,0.87397846767323,1.0,0.49999786464871,0.5,0.49999024118643,0.5,1727071947087
64,0.48829153115508,-0.0,0.87397846767323,1.0,0.49999942011052,0.5,0.49999024118643,0.5,1727071947104
64,0.4635398644472,-0.0,0.87397846767323,1.0,0.50000108398125,0.5,0.49999024118643,0.5,1727071947120
64,0.45688844897956,0.0,0.87397846767323,1.0,0.49999699044204,0.5,0.49999024118643,0.5,1727071947137
64,0.45306983024265,-0.0,0.87397846767323,1.0,0.4999944379763,0.5,0.49999024118643,0.5,1727071947154
64,0.43207663269435,-0.0,0.87397846767323,1.0,0.49999976528106,0.5,0.49999024118643,0.5,1727071947170
64,0.4177961000262,-0.0,0.87397846767323,1.0,0.49999678019936,0.5,0.49999024118643,0.5,1727071947187
64,0.40350117692306,-0.0,0.87397846767323,1.0,0.4999945032604,0.5,0.49999024118643,0.5,1727071947203
64,0.39300568248069,-0.0,0.87397846767323,1.0,0.49999168112999,0.5,0.49999024118643,0.5,1727071947220
64,0.37872161098605,-0.0,0.87397846767323,1.0,0.49999871451252,0.5,0.49999024118643,0.5,1727071947237
64,0.37491093542577,-0.0,0.87397846767323,1.0,0.50000286124485,0.5,0.49999024118643,0.5,1727071947253
64,0.36441336326473,-0.0,0.87397846767323,1.0,0.49999818618911,0.5,0.49999024118643,0.5,1727071947270
64,0.360600515879,-0.0,0.87397846767323,1.0,0.50000046580203,0.5,0.49999024118643,0.5,1727071947288
64,0.35395264041292,-0.0,0.87397846767323,1.0,0.49999889931766,0.5,0.49999024118643,0.5,1727071947304
64,0.34640646594767,-0.0,0.87397846767323,1.0,0.49999175540212,0.5,0.49999024118643,0.5,1727071947320
64,0.33213419103048,-0.0,0.87397846767323,1.0,0.49999595547328,0.5,0.49999024118643,0.5,1727071947337
64,0.31785446606502,-0.0,0.87397846767323,1.0,0.49999313340853,0.5,0.49999024118643,0.5,1727071947353
64,0.31404900028547,-0.0,0.87397846767323,1.0,0.50000278224569,0.5,0.49999024118643,0.5,1727071947370
64,0.29305767215523,-0.0,0.87397846767323,1.0,0.49999607480193,0.5,0.49999024118643,0.5,1727071947387
64,0.28256278055052,-0.0,0.87397846767323,1.0,0.49999332247902,0.5,0.49999024118643,0.5,1727071947403
64,0.27591094759096,-0.0,0.87397846767323,1.0,0.49998728439286,0.5,0.49999024118643,0.5,1727071947432
64,0.26541046490307,-0.0,0.87397846767323,1.0,0.49999473742955,0.5,0.49999024118643,0.5,1727071947440
64,0.26160665231512,-0.0,0.87397846767323,1.0,0.49999058967836,0.5,0.49999024118643,0.5,1727071947454
64,0.23016352697914,-0.0,0.87397846767323,1.0,0.4999934508342,0.5,0.49999024118643,0.5,1727071947470
64,0.21299323046705,-0.0,0.87397846767323,1.0,0.4999919388708,0.5,0.49999024118643,0.5,1727071947487
64,0.20249460088045,-0.0,0.87397846767323,1.0,0.50000279406601,0.5,0.49999024118643,0.5,1727071947503
64,0.19869642037346,-0.0,0.87397846767323,1.0,0.49998614972443,0.5,0.49999024118643,0.5,1727071947520
64,0.18819515467075,-0.0,0.87397846767323,1.0,0.4999939036867,0.5,0.49999024118643,0.5,1727071947537
64,0.17769612618745,-0.0,0.87397846767323,1.0,0.49998509043062,0.5,0.49999024118643,0.5,1727071947558
64,0.16719686193426,-0.0,0.87397846767323,1.0,0.49999585301651,0.5,0.49999024118643,0.5,1727071947606
64,0.1605569256769,-0.0,0.87397846767323,1.0,0.50000413542642,0.5,0.49999024118643,0.5,1727071947620
64,0.15005633865916,-0.0,0.87397846767323,1.0,0.49999283399059,0.5,0.49999024118643,0.5,1727071947646
64,0.14341894659187,-0.0,0.87397846767323,1.0,0.50000499167002,0.5,0.49999024118643,0.5,1727071947654
64,0.13292082178588,-0.0,0.87397846767323,1.0,0.4999967530532,0.5,0.49999024118643,0.5,1727071947671
64,0.12242554545399,-0.0,0.87397846767323,1.0,0.49999226684147,0.5,0.49999024118643,0.5,1727071947687
64,0.11577925854721,-0.0,0.87397846767323,1.0,0.49999192576845,0.5,0.49999024118643,0.5,1727071947703
64,0.10913800309227,-0.0,0.87397846767323,1.0,0.49999929621847,0.5,0.49999024118643,0.5,1727071947720
64,0.10250223287126,-0.0,0.87397846767323,1.0,0.49999146118083,0.5,0.49999024118643,0.5,1727071947748
64,0.09199871612263,-0.0,0.87397846767323,1.0,0.49999793028725,0.5,0.49999024118643,0.5,1727071947787
64,0.08150534678694,-0.0,0.87397846767323,1.0,0.49999609914309,0.5,0.49999024118643,0.5,1727071947803
64,0.0748671084284,-0.0,0.87397846767323,1.0,0.49998334356894,0.5,0.49999024118643,0.5,1727071947853
64,0.07108997653575,-0.0,0.87397846767323,1.0,0.49999599727287,0.5,0.49999024118643,0.5,1727071947954
64,0.06444891017059,-0.0,0.87397846767323,1.0,0.49997785844342,0.5,0.49999024118643,0.5,1727071948003
64,0.06836315257776,-0.0,0.87397846767323,1.0,0.49998947399147,0.5,0.49999024118643,0.5,1727071948779
64,0.07888925269385,-0.0,0.87397846767323,1.0,0.49999487878827,0.5,0.49999024118643,0.5,1727071948888
64,0.08557217416845,-0.0,0.87397846767323,1.0,0.50000483585585,0.5,0.49999024118643,0.5,1727071948937
64,0.09609026850578,-0.0,0.87397846767323,1.0,0.49999675153095,0.5,0.49999024118643,0.5,1727071948992
64,0.10277400119474,-0.0,0.87397846767323,1.0,0.50000745538916,0.5,0.49999024118643,0.5,1727071949037
64,0.10945907707233,-0.0,0.87397846767323,1.0,0.49999622478165,0.5,0.49999024118643,0.5,1727071949111
64,0.11997643243995,-0.0,0.87397846767323,1.0,0.49998780595162,0.5,0.49999024118643,0.5,1727071949191
64,0.12387621312933,-0.0,0.87397846767323,1.0,0.49999895308998,0.5,0.49999024118643,0.5,1727071949214
64,0.12387621312933,-0.0,0.87397846767323,1.0,0.49999895308998,0.5,0.49999024118643,0.5,1727071949506
64,0.12387621312933,-0.0,0.87397846767323,1.0,0.49999895308998,0.5,0.49999024118643,0.5,1727071950925
64,0.12387621312933,-0.0,0.87397846767323,0.98949262815887,0.49999895308998,0.5,0.49999024118643,0.50000014254421,1727071951027
64,0.12387621312933,-0.0,0.87397846767323,0.97899507873499,0.49999895308998,0.5,0.49999024118643,0.50000469386685,1727071951037
64,0.12387621312933,-0.0,0.87397846767323,0.95716180470071,0.49999895308998,0.5,0.49999024118643,0.50000363478366,1727071951053
64,0.12387621312933,-0.0,0.87397846767323,0.93615473286649,0.49999895308998,0.5,0.49999024118643,0.50000041214711,1727071951070
64,0.12387621312933,-0.0,0.87397846767323,0.92184984900864,0.49999895308998,0.5,0.49999024118643,0.5000017384896,1727071951087
64,0.12387621312933,-0.0,0.87397846767323,0.91133893706043,0.49999895308998,0.5,0.49999024118643,0.50000022574719,1727071951103
64,0.12387621312933,-0.0,0.87397846767323,0.90083748845841,0.49999895308998,0.5,0.49999024118643,0.50000321896081,1727071951120
64,0.12387621312933,-0.0,0.87397846767323,0.89700704219022,0.49999895308998,0.5,0.49999024118643,0.50000338494785,1727071951136
64,0.12387621312933,-0.0,0.87397846767323,0.89034886723228,0.49999895308998,0.5,0.49999024118643,0.49999759281971,1727071951154
64,0.12387621312933,-0.0,0.87397846767323,0.88273754395737,0.49999895308998,0.5,0.49999024118643,0.49999955339252,1727071951170
64,0.12387621312933,-0.0,0.87397846767323,0.87223963358032,0.49999895308998,0.5,0.49999024118643,0.50000435483245,1727071951187
64,0.12387621312933,-0.0,0.87397846767323,0.85123232860262,0.49999895308998,0.5,0.49999024118643,0.50000078069501,1727071951203
64,0.12387621312933,-0.0,0.87397846767323,0.84740356723509,0.49999895308998,0.5,0.49999024118643,0.50000179215629,1727071951220
64,0.12387621312933,-0.0,0.87397846767323,0.83690833890701,0.49999895308998,0.5,0.49999024118643,0.50000032798425,1727071951237
64,0.12387621312933,-0.0,0.87397846767323,0.81973812558502,0.49999895308998,0.5,0.49999024118643,0.49999982685401,1727071951253
64,0.12387621312933,-0.0,0.87397846767323,0.80542371770143,0.49999895308998,0.5,0.49999024118643,0.5000043530053,1727071951270
64,0.12387621312933,-0.0,0.87397846767323,0.79492019691933,0.49999895308998,0.5,0.49999024118643,0.49999848042939,1727071951287
64,0.12387621312933,-0.0,0.87397846767323,0.78060547129253,0.49999895308998,0.5,0.49999024118643,0.50000292689989,1727071951303
64,0.12387621312933,-0.0,0.87397846767323,0.76629572848392,0.49999895308998,0.5,0.49999024118643,0.50000185573955,1727071951320
64,0.12387621312933,-0.0,0.87397846767323,0.7452994927414,0.49999895308998,0.5,0.49999024118643,0.50000398002854,1727071951337
64,0.12387621312933,-0.0,0.87397846767323,0.73479072866279,0.49999895308998,0.5,0.49999024118643,0.50000342247679,1727071951353
64,0.12387621312933,-0.0,0.87397846767323,0.72429581793416,0.49999895308998,0.5,0.49999024118643,0.50000198635423,1727071951370
64,0.12387621312933,-0.0,0.87397846767323,0.71763440998349,0.49999895308998,0.5,0.49999024118643,0.5000020743898,1727071951400
64,0.12387621312933,-0.0,0.87397846767323,0.70713424475915,0.49999895308998,0.5,0.49999024118643,0.50000643288939,1727071951408
64,0.12387621312933,-0.0,0.87397846767323,0.70048081581823,0.49999895308998,0.5,0.49999024118643,0.5000022579933,1727071951420
64,0.12387621312933,-0.0,0.87397846767323,0.68617445573767,0.49999895308998,0.5,0.49999024118643,0.50000307706904,1727071951436
64,0.12387621312933,-0.0,0.87397846767323,0.66517660500407,0.49999895308998,0.5,0.49999024118643,0.50000444244667,1727071951453
64,0.12387621312933,-0.0,0.87397846767323,0.63749531882316,0.49999895308998,0.5,0.49999024118643,0.5000018705704,1727071951470
64,0.12387621312933,-0.0,0.87397846767323,0.6269974100977,0.49999895308998,0.5,0.49999024118643,0.49999837184395,1727071951486
64,0.12387621312933,-0.0,0.87397846767323,0.62317654389801,0.49999895308998,0.5,0.49999024118643,0.50000461754679,1727071951503
64,0.12387621312933,-0.0,0.87397846767323,0.60217864832797,0.49999895308998,0.5,0.49999024118643,0.50000609281016,1727071951520
64,0.12387621312933,-0.0,0.87397846767323,0.58788119725767,0.49999895308998,0.5,0.49999024118643,0.50000281242416,1727071951536
64,0.12387621312933,-0.0,0.87397846767323,0.56688003059503,0.49999895308998,0.5,0.49999024118643,0.50000209732563,1727071951553
64,0.12387621312933,-0.0,0.87397846767323,0.55637572089984,0.49999895308998,0.5,0.49999024118643,0.50000443737535,1727071951570
64,0.12387621312933,-0.0,0.87397846767323,0.5497230616372,0.49999895308998,0.5,0.49999024118643,0.49999998946196,1727071951586
64,0.12387621312933,-0.0,0.87397846767323,0.5392252302538,0.49999895308998,0.5,0.49999024118643,0.50000687785112,1727071951603
64,0.12387621312933,-0.0,0.87397846767323,0.54589674595446,0.49999895308998,0.5,0.49999024118643,0.50000307444394,1727071951782
64,0.12387621312933,-0.0,0.87397846767323,0.56692417082736,0.49999895308998,0.5,0.49999024118643,0.50000073825813,1727071951820
64,0.12387621312933,-0.0,0.87397846767323,0.58409327981365,0.49999895308998,0.5,0.49999024118643,0.50000064256417,1727071951836
64,0.12387621312933,-0.0,0.87397846767323,0.60126539838144,0.49999895308998,0.5,0.49999024118643,0.50000249990632,1727071951853
64,0.12387621312933,-0.0,0.87397846767323,0.6223015668994,0.49999895308998,0.5,0.49999024118643,0.49999612849653,1727071951870
64,0.12387621312933,-0.0,0.87397846767323,0.6394800828229,0.49999895308998,0.5,0.49999024118643,0.5000019585129,1727071951887
64,0.12387621312933,-0.0,0.87397846767323,0.65953199337901,0.49999895308998,0.5,0.49999024118643,0.50000540485851,1727071951903
64,0.12387621312933,-0.0,0.87397846767323,0.68057034584494,0.49999895308998,0.5,0.49999024118643,0.50000066064148,1727071951920
64,0.12387621312933,-0.0,0.87397846767323,0.69773682381223,0.49999895308998,0.5,0.49999024118643,0.49999904728187,1727071951937
64,0.12387621312933,-0.0,0.87397846767323,0.70440412958916,0.49999895308998,0.5,0.49999024118643,0.50000238553049,1727071951953
64,0.12387621312933,-0.0,0.87397846767323,0.71107617056589,0.49999895308998,0.5,0.49999024118643,0.49999956831604,1727071952003
64,0.12387621312933,-0.0,0.87397846767323,0.72824547572092,0.49999895308998,0.5,0.49999024118643,0.4999996178157,1727071952020
64,0.12387621312933,-0.0,0.87397846767323,0.73875270860933,0.49999895308998,0.5,0.49999024118643,0.49999936570458,1727071952037
64,0.12387621312933,-0.0,0.87397846767323,0.74542423898593,0.49999895308998,0.5,0.49999024118643,0.50000490410314,1727071952056
64,0.12387621312933,-0.0,0.87397846767323,0.75209970899373,0.49999895308998,0.5,0.49999024118643,0.50000407199634,1727071952176
64,0.12387621312933,-0.0,0.87397846767323,0.76260476797814,0.49999895308998,0.5,0.49999024118643,0.50000259600007,1727071952192
64,0.12387621312933,-0.0,0.87397846767323,0.77311562969646,0.49999895308998,0.5,0.49999024118643,0.50000427723513,1727071952214
64,0.12387621312933,-0.0,0.87397846767323,0.77978117529977,0.49999895308998,0.5,0.49999024118643,0.49999815823083,1727071952270
64,0.12387621312933,-0.0,0.87397846767323,0.79696148955623,0.49999895308998,0.5,0.49999024118643,0.50000402500328,1727071952286
64,0.12387621312933,-0.0,0.87397846767323,0.80361992914761,0.49999895308998,0.5,0.49999024118643,0.50000237802083,1727071952390
64,0.12387621312933,-0.0,0.87397846767323,0.80749700291972,0.49999895308998,0.5,0.49999024118643,0.50000244786755,1727071952403
64,0.12387621312933,-0.0,0.87397846767323,0.81415993301306,0.49999895308998,0.5,0.49999024118643,0.50000315352802,1727071952420
64,0.12387621312933,-0.0,0.87397846767323,0.82082767865937,0.49999895308998,0.5,0.49999024118643,0.49999840878027,1727071954053
64,0.12387621312933,-0.0,0.87397846767323,0.82749755750692,0.49999895308998,0.5,0.49999024118643,0.5000026861983,1727071954861
64,0.12387621312933,-0.0,0.87397846767323,0.83417316604736,0.49999895308998,0.5,0.49999024118643,0.50000200118515,1727071955043
64,0.12387621312933,-0.0,0.87397846767323,0.84083912859987,0.49999895308998,0.5,0.49999024118643,0.50000422496379,1727071955177
64,0.12387621312933,-0.0,0.87397846767323,0.84750291603123,0.49999895308998,0.5,0.49999024118643,0.49999760064318,1727071955200
64,0.12387621312933,-0.0,0.87397846767323,0.85417115651482,0.49999895308998,0.5,0.49999024118643,0.50000096155284,1727071955248
64,0.12387621312933,-0.0,0.87397846767323,0.8646790124861,0.49999895308998,0.5,0.49999024118643,0.50000103343771,1727071955264
64,0.12387621312933,-0.0,0.87397846767323,0.87135326158781,0.49999895308998,0.5,0.49999024118643,0.49999971258993,1727071955771
64,0.12387621312933,-0.0,0.87397846767323,0.86085084436897,0.49999895308998,0.5,0.49999024118643,0.50000232796237,1727071955907
64,0.12387621312933,-0.0,0.87397846767323,0.86085084436897,0.49999895308998,0.5,0.49999024118643,0.50000232796237,1727071957205
64,0.12387621312933,-0.0,0.87397846767323,0.86085084436897,0.49999895308998,0.5,0.49999024118643,0.50000232796237,1727071958212
65,0.0,0.5,0.66666666666667,0.83333333333333,0.5,0.5,0.5,0.5,1727071960302
65,0.0,0.5,0.68375863251224,0.83333333333333,0.5,0.5,0.50000034254119,0.5,1727071960364
65,0.0,0.5,0.69098916126357,0.83333333333333,0.5,0.5,0.49998748159462,0.5,1727071960380
65,0.0,0.5,0.71270343607738,0.83333333333333,0.5,0.5,0.50000486630596,0.5,1727071960388
65,0.0,0.5,0.73442399722734,0.83333333333333,0.5,0.5,0.4999879759295,0.5,1727071960403
65,0.0,0.5,0.79753632655245,0.83333333333333,0.5,0.5,0.49999670776871,0.5,1727071960419
65,0.0,0.5,0.89946150539823,0.83333333333333,0.5,0.5,0.49999012399346,0.5,1727071960436
65,0.0,0.5,0.92842268653964,0.83333333333333,0.5,0.5,0.49999404573782,0.5,1727071960453
65,0.0,0.5,0.93565835678426,0.83333333333333,0.5,0.5,0.49999735086752,0.5,1727071960469
65,0.0,0.5,0.9455225751414,0.83333333333333,0.5,0.5,0.49999689429288,0.5,1727071960486
65,0.0,0.5,0.94817465096216,0.83333333333333,0.5,0.5,0.49999770096444,0.5,1727071960503
65,0.0,0.5,0.95541342538237,0.83333333333333,0.5,0.5,0.49998741730949,0.5,1727071960553
65,0.0,0.5,0.95806292170978,0.83333333333333,0.5,0.5,0.49999944223362,0.5,1727071960603
65,0.0,0.5,0.96071424845051,0.83333333333333,0.5,0.5,0.50000348153021,0.5,1727071960958
65,0.0,0.5,0.95886652887576,0.83333333333333,0.5,0.5,0.4999934488365,0.5,1727071961003
65,0.0,0.5,0.95430809059796,0.83333333333333,0.5,0.5,0.49998839523172,0.5,1727071961020
65,0.0,0.5,0.94708617150078,0.83333333333333,0.5,0.5,0.49999657559243,0.5,1727071961046
65,0.0,0.5,0.94252628443026,0.83333333333333,0.5,0.5,0.49999785884217,0.5,1727071961062
65,0.0,0.5,0.93529953151749,0.83333333333333,0.5,0.5,0.49999133836939,0.5,1727071961124
65,0.0,0.5,0.93074678132721,0.83333333333333,0.5,0.5,0.49999727646688,0.5,1727071961136
65,0.0,0.5,0.92618610427161,0.83333333333333,0.5,0.5,0.50000210460672,0.5,1727071961153
65,0.0,0.5,0.92163692562189,0.83333333333333,0.5,0.5,0.49999213528577,0.5,1727071961180
65,0.0,0.5,0.9071904722576,0.83333333333333,0.5,0.5,0.49998384613316,0.5,1727071961220
65,0.0,0.5,0.90984117743476,0.83333333333333,0.5,0.5,0.49999091015483,0.5,1727071961236
65,0.0,0.5,0.90528954813777,0.83333333333333,0.5,0.5,0.49999188639097,0.5,1727071961253
65,0.0,0.5,0.90073193534231,0.83333333333333,0.5,0.5,0.49998282724178,0.5,1727071961269
65,0.0,0.5,0.88628756619385,0.83333333333333,0.5,0.5,0.50000244446644,0.5,1727071961319
65,0.0,0.5,0.88173082870215,0.83333333333333,0.5,0.5,0.49998921728229,0.5,1727071961336
65,0.0,0.5,0.87451049058922,0.83333333333333,0.5,0.5,0.4999905536357,0.5,1727071961353
65,0.0,0.5,0.86728045993759,0.83333333333333,0.5,0.5,0.49999898267036,0.5,1727071961370
65,0.0,0.5,0.86005379501033,0.83333333333333,0.5,0.5,0.49999161160208,0.5,1727071961386
65,0.0,0.5,0.86728991080855,0.83333333333333,0.5,0.5,0.49999304223016,0.5,1727071963747
65,0.0,0.5,0.87451816168445,0.83333333333333,0.5,0.5,0.49999295627189,0.5,1727071963754
65,0.0,0.5,0.87717869715626,0.83333333333333,0.5,0.5,0.49999254908519,0.5,1727071965039
65,0.0,0.5,0.87983073064232,0.83333333333333,0.5,0.5,0.49999361136101,0.5,1727071965101
65,0.0,0.5,0.87260405397416,0.83333333333333,0.5,0.5,0.49998634305574,0.5,1727071965229
65,0.0,0.5,0.87260405397416,0.83333333333333,0.5,0.5,0.49998634305574,0.5,1727071967278
65,0.0,0.5,0.87260405397416,0.83333333333333,0.5,0.5,0.49998634305574,0.5,1727071968968
65,0.0,0.5,0.87260405397416,0.82667883061327,0.5,0.5,0.49998634305574,0.50000097678112,1727071969012
65,0.0,0.5,0.87260405397416,0.81617120861573,0.5,0.5,0.49998634305574,0.5000010227659,1727071969061
65,0.0,0.5,0.87260405397416,0.80567433074942,0.5,0.5,0.49998634305574,0.49999864614914,1727071969069
65,0.0,0.5,0.87260405397416,0.79516963877469,0.5,0.5,0.49998634305574,0.50000021522362,1727071969086
65,0.0,0.5,0.87260405397416,0.7636826953624,0.5,0.5,0.49998634305574,0.50000313946837,1727071969102
65,0.0,0.5,0.87260405397416,0.74561359867956,0.5,0.5,0.49998634305574,0.49999901102359,1727071969119
65,0.0,0.5,0.87260405397416,0.71515799046047,0.5,0.5,0.49998634305574,0.50000236735788,1727071969136
65,0.0,0.5,0.87260405397416,0.69798693362764,0.5,0.5,0.49998634305574,0.50000134823993,1727071969152
65,0.0,0.5,0.87260405397416,0.69416670543994,0.5,0.5,0.49998634305574,0.49999852537948,1727071969169
65,0.0,0.5,0.87260405397416,0.68366091251108,0.5,0.5,0.49998634305574,0.49999963037476,1727071969186
65,0.0,0.5,0.87260405397416,0.67984012118476,0.5,0.5,0.49998634305574,0.50000554503264,1727071969202
65,0.0,0.5,0.87260405397416,0.65884167116434,0.5,0.5,0.49998634305574,0.49999728067702,1727071969219
65,0.0,0.5,0.87260405397416,0.64834009391403,0.5,0.5,0.49998634305574,0.50000100182055,1727071969236
65,0.0,0.5,0.87260405397416,0.627345148128,0.5,0.5,0.49998634305574,0.5000042018872,1727071969252
65,0.0,0.5,0.87260405397416,0.61303564111012,0.5,0.5,0.49998634305574,0.50000311227625,1727071969269
65,0.0,0.5,0.87260405397416,0.59203527968824,0.5,0.5,0.49998634305574,0.50000295325316,1727071969286
65,0.0,0.5,0.87260405397416,0.58153998855995,0.5,0.5,0.49998634305574,0.50000101244775,1727071969302
65,0.0,0.5,0.87260405397416,0.57104003503515,0.5,0.5,0.49998634305574,0.50000622198175,1727071969319
65,0.0,0.5,0.87260405397416,0.56438536465689,0.5,0.5,0.49998634305574,0.50000050724807,1727071969336
65,0.0,0.5,0.87260405397416,0.55388087407439,0.5,0.5,0.49998634305574,0.50000270972647,1727071969352
65,0.0,0.5,0.87260405397416,0.53288275379048,0.5,0.5,0.49998634305574,0.50000410615362,1727071969369
65,0.0,0.5,0.87260405397416,0.51570871325133,0.5,0.5,0.49998634305574,0.50000073510412,1727071969386
65,0.0,0.5,0.87260405397416,0.49769046632592,0.5,0.5,0.49998634305574,0.4999986422203,1727071969402
65,0.0,0.5,0.87260405397416,0.48719255052741,0.5,0.5,0.49998634305574,0.50000593449528,1727071969419
65,0.0,0.5,0.87260405397416,0.47001760784698,0.5,0.5,0.49998634305574,0.50000170236285,1727071969436
65,0.0,0.5,0.87260405397416,0.4520008417087,0.5,0.5,0.49998634305574,0.50000066105082,1727071969452
65,0.0,0.5,0.87260405397416,0.43483500904606,0.5,0.5,0.49998634305574,0.50000341327507,1727071969469
65,0.0,0.5,0.87260405397416,0.42433214600839,0.5,0.5,0.49998634305574,0.50000741479934,1727071969488
65,0.0,0.5,0.87260405397416,0.42052118457807,0.5,0.5,0.49998634305574,0.49999844403872,1727071969502
65,0.0,0.5,0.87260405397416,0.41386611733156,0.5,0.5,0.49998634305574,0.50000380266497,1727071969519
65,0.0,0.5,0.87260405397416,0.41005506143739,0.5,0.5,0.49998634305574,0.50000744029054,1727071969536
65,0.0,0.5,0.87260405397416,0.39955465631919,0.5,0.5,0.49998634305574,0.50000068765183,1727071969552
65,0.0,0.5,0.87260405397416,0.39290399822566,0.5,0.5,0.49998634305574,0.49999683209916,1727071969569
65,0.0,0.5,0.87260405397416,0.38909650824418,0.5,0.5,0.49998634305574,0.50000362368285,1727071969586
65,0.0,0.5,0.87260405397416,0.38244278985814,0.5,0.5,0.49998634305574,0.49999706745742,1727071969647
65,0.0,0.5,0.87260405397416,0.37862962840588,0.5,0.5,0.49998634305574,0.49999899945875,1727071969662
65,0.0,0.5,0.87260405397416,0.37198134620445,0.5,0.5,0.49998634305574,0.49999710217178,1727071969670
65,0.0,0.5,0.87260405397416,0.36148293103644,0.5,0.5,0.49998634305574,0.50000541692355,1727071969686
65,0.0,0.5,0.87260405397416,0.35766537178677,0.5,0.5,0.49998634305574,0.50000347793507,1727071969702
65,0.0,0.5,0.87260405397416,0.34717364526974,0.5,0.5,0.49998634305574,0.50000407559627,1727071969752
65,0.0,0.5,0.87260405397416,0.34052087230231,0.5,0.5,0.49998634305574,0.49999794169534,1727071969774
65,0.0,0.5,0.87260405397416,0.33671265186843,0.5,0.5,0.49998634305574,0.50000466045054,1727071969796
65,0.0,0.5,0.87260405397416,0.33006399649444,0.5,0.5,0.49998634305574,0.50000233626563,1727071969836
65,0.0,0.5,0.87260405397416,0.32624879616257,0.5,0.5,0.49998634305574,0.50000252804734,1727071969852
65,0.0,0.5,0.87260405397416,0.30909001365407,0.5,0.5,0.49998634305574,0.50001290880732,1727071969869
65,0.0,0.5,0.87260405397416,0.30155899454704,0.5,0.5,0.49998634305574,0.5000051462374,1727071969886
65,0.0,0.5,0.87260405397416,0.2910518406706,0.5,0.5,0.49998634305574,0.50000579483323,1727071969902
65,0.0,0.5,0.87260405397416,0.28055300146754,0.5,0.5,0.49998634305574,0.49999912223648,1727071969919
65,0.0,0.5,0.87260405397416,0.27005556449613,0.5,0.5,0.49998634305574,0.50000997652558,1727071969948
65,0.0,0.5,0.87260405397416,0.25955611691358,0.5,0.5,0.49998634305574,0.500002456912,1727071969986
65,0.0,0.5,0.87260405397416,0.24905617826305,0.5,0.5,0.49998634305574,0.50001107436888,1727071970002
65,0.0,0.5,0.87260405397416,0.22807340053966,0.5,0.5,0.49998634305574,0.50001367965538,1727071970019
65,0.0,0.5,0.87260405397416,0.21757054380865,0.5,0.5,0.49998634305574,0.50000154825025,1727071970069
65,0.0,0.5,0.87260405397416,0.21377774677411,0.5,0.5,0.49998634305574,0.50001012361033,1727071970086
65,0.0,0.5,0.87260405397416,0.20713330596951,0.5,0.5,0.49998634305574,0.50001233676866,1727071970102
65,0.0,0.5,0.87260405397416,0.20332954362572,0.5,0.5,0.49998634305574,0.50000786463525,1727071970119
65,0.0,0.5,0.87260405397416,0.1995353713059,0.5,0.5,0.49998634305574,0.49999621000585,1727071970169
65,0.0,0.5,0.87260405397416,0.18903715757418,0.5,0.5,0.49998634305574,0.50000802225891,1727071970219
65,0.0,0.5,0.87260405397416,0.18238992234581,0.5,0.5,0.49998634305574,0.50000676675139,1727071970236
65,0.0,0.5,0.87260405397416,0.17574494886414,0.5,0.5,0.49998634305574,0.5000084009007,1727071970859
65,0.0,0.5,0.87260405397416,0.17195872308765,0.5,0.5,0.49998634305574,0.500006372162,1727071970923
65,0.0,0.5,0.87260405397416,0.16531433592015,0.5,0.5,0.49998634305574,0.50000881935782,1727071970938
65,0.0,0.5,0.87260405397416,0.16531433592015,0.5,0.5,0.49998634305574,0.50000881935782,1727071972616
65,0.0,0.5,0.87260405397416,0.16531433592015,0.5,0.5,0.49998634305574,0.50000881935782,1727071974137
65,0.01342488245263,0.5,0.87260405397416,0.16531433592015,0.49998767936064,0.5,0.49998634305574,0.50000881935782,1727071974257
65,0.02686183517173,0.5,0.87260405397416,0.16531433592015,0.50000059085397,0.5,0.49998634305574,0.50000881935782,1727071974269
65,0.05389800267048,0.5,0.87260405397416,0.16531433592015,0.49998242105795,0.5,0.49998634305574,0.50000881935782,1727071974285
65,0.09464142798863,0.5,0.87260405397416,0.16531433592015,0.49999243994609,0.5,0.49998634305574,0.50000881935782,1727071974302
65,0.17005561441033,0.5,0.87260405397416,0.16531433592015,0.49999222458119,0.5,0.49998634305574,0.50000881935782,1727071974319
65,0.17673910949676,0.5,0.87260405397416,0.16531433592015,0.50000083713448,0.5,0.49998634305574,0.50000881935782,1727071974335
65,0.19012857652569,0.5,0.87260405397416,0.16531433592015,0.4999876174512,0.5,0.49998634305574,0.50000881935782,1727071974352
65,0.20351969201179,0.5,0.87260405397416,0.16531433592015,0.4999958850702,0.5,0.49998634305574,0.50000881935782,1727071974369
65,0.21690265505898,0.5,0.87260405397416,0.16531433592015,0.49999405189549,0.5,0.49998634305574,0.50000881935782,1727071974385
65,0.23702516843272,0.5,0.87260405397416,0.16531433592015,0.49999365969575,0.5,0.49998634305574,0.50000881935782,1727071974402
65,0.25714174766805,0.5,0.87260405397416,0.16531433592015,0.5000035724455,0.5,0.49998634305574,0.50000881935782,1727071974419
65,0.28400878985292,0.5,0.87260405397416,0.16531433592015,0.49999319132827,0.5,0.49998634305574,0.50000881935782,1727071974435
65,0.29068653847007,0.5,0.87260405397416,0.16531433592015,0.49999411721137,0.5,0.49998634305574,0.50000881935782,1727071974452
65,0.31079441445557,0.5,0.87260405397416,0.16531433592015,0.49999450872357,0.5,0.49998634305574,0.50000881935782,1727071974469
65,0.34440917298568,0.5,0.87260405397416,0.16531433592015,0.49999423855301,0.5,0.49998634305574,0.50000881935782,1727071974486
65,0.41903182995449,0.5,0.87260405397416,0.16531433592015,0.50000087411008,0.5,0.49998634305574,0.50000881935782,1727071974502
65,0.45937324976634,0.5,0.87260405397416,0.16531433592015,0.49999116655368,0.5,0.49998634305574,0.50000881935782,1727071974519
65,0.47273962754818,0.5,0.87260405397416,0.16531433592015,0.50000088946925,0.5,0.49998634305574,0.50000881935782,1727071974535
65,0.49954435270071,0.5,0.87260405397416,0.16531433592015,0.49999301705618,0.5,0.49998634305574,0.50000881935782,1727071974552
65,0.506215123219,0.5,0.87260405397416,0.16531433592015,0.49999980942543,0.5,0.49998634305574,0.50000881935782,1727071974569
65,0.51957922822378,0.5,0.87260405397416,0.16531433592015,0.49999614061709,0.5,0.49998634305574,0.50000881935782,1727071974585
65,0.52624653983388,0.5,0.87260405397416,0.16531433592015,0.50000027414761,0.5,0.49998634305574,0.50000881935782,1727071974602
65,0.53961028610956,0.5,0.87260405397416,0.16531433592015,0.49999644007089,0.5,0.49998634305574,0.50000881935782,1727071974619
65,0.55296425272537,0.5,0.87260405397416,0.16531433592015,0.49999658198699,0.5,0.49998634305574,0.50000881935782,1727071974635
65,0.54914892617247,0.5,0.87260405397416,0.16531433592015,0.4999966057257,0.5,0.49998634305574,0.50000881935782,1727071974652
65,0.56250586345363,0.5,0.87260405397416,0.16531433592015,0.4999987590238,0.5,0.49998634305574,0.50000881935782,1727071974669
65,0.56918212040892,0.5,0.87260405397416,0.16531433592015,0.49999832082166,0.5,0.49998634305574,0.50000881935782,1727071974722
65,0.575858638407,0.5,0.87260405397416,0.16531433592015,0.49999806397277,0.5,0.49998634305574,0.50000881935782,1727071974818
65,0.58252514068825,0.5,0.87260405397416,0.16531433592015,0.50000136670092,0.5,0.49998634305574,0.50000881935782,1727071974899
65,0.59587940298041,0.5,0.87260405397416,0.16531433592015,0.50000161635549,0.5,0.49998634305574,0.50000881935782,1727071974906
65,0.6025451364163,0.5,0.87260405397416,0.16531433592015,0.49999436752619,0.5,0.49998634305574,0.50000881935782,1727071974919
65,0.61590627583175,0.5,0.87260405397416,0.16531433592015,0.49999909811905,0.5,0.49998634305574,0.50000881935782,1727071974935
65,0.62257837573513,0.5,0.87260405397416,0.16531433592015,0.49999605754248,0.5,0.49998634305574,0.50000881935782,1727071974952
65,0.63593269787233,0.5,0.87260405397416,0.16531433592015,0.49999641318225,0.5,0.49998634305574,0.50000881935782,1727071974968
65,0.64260851565065,0.5,0.87260405397416,0.16531433592015,0.49999575730733,0.5,0.49998634305574,0.50000881935782,1727071974985
65,0.64927980368546,0.5,0.87260405397416,0.16531433592015,0.50000176603752,0.5,0.49998634305574,0.50000881935782,1727071975002
65,0.65594798305206,0.5,0.87260405397416,0.16531433592015,0.49999643191337,0.5,0.49998634305574,0.50000881935782,1727071975056
65,0.66261381898946,0.5,0.87260405397416,0.16531433592015,0.49999905417266,0.5,0.49998634305574,0.50000881935782,1727071975069
65,0.66928668329357,0.5,0.87260405397416,0.16531433592015,0.49999662684475,0.5,0.49998634305574,0.50000881935782,1727071975085
65,0.67594997310311,0.5,0.87260405397416,0.16531433592015,0.49999769390756,0.5,0.49998634305574,0.50000881935782,1727071975102
65,0.68262406242288,0.5,0.87260405397416,0.16531433592015,0.49999603520692,0.5,0.49998634305574,0.50000881935782,1727071975152
65,0.68929088547787,0.5,0.87260405397416,0.16531433592015,0.49999916521272,0.5,0.49998634305574,0.50000881935782,1727071975169
65,0.70934646684683,0.5,0.87260405397416,0.16531433592015,0.49999575916465,0.5,0.49998634305574,0.50000881935782,1727071975185
65,0.71601923532852,0.5,0.87260405397416,0.16531433592015,0.50000219768713,0.5,0.49998634305574,0.50000881935782,1727071976213
65,0.7226914017316,0.5,0.87260405397416,0.16531433592015,0.49999948649453,0.5,0.49998634305574,0.50000881935782,1727071976379
65,0.7331973991429,0.5,0.87260405397416,0.16531433592015,0.49999854156618,0.5,0.49998634305574,0.50000881935782,1727071977147
65,0.7331973991429,0.5,0.87260405397416,0.16531433592015,0.49999854156618,0.5,0.49998634305574,0.50000881935782,1727071977478
65,0.7331973991429,0.5,0.87260405397416,0.16531433592015,0.49999854156618,0.5,0.49998634305574,0.50000881935782,1727071979627
65,0.73986989977657,0.5,0.87260405397416,0.16531433592015,0.49999608822031,0.5,0.49998634305574,0.50000881935782,1727071979737
65,0.74654077075598,0.5,0.87260405397416,0.16531433592015,0.50000127755725,0.5,0.49998634305574,0.50000881935782,1727071979769
65,0.75321007177254,0.5,0.87260405397416,0.16531433592015,0.49999708024629,0.5,0.49998634305574,0.50000881935782,1727071979792
65,0.76372036205037,0.5,0.87260405397416,0.16531433592015,0.4999985234701,0.5,0.49998634305574,0.50000881935782,1727071979919
65,0.77423340249145,0.5,0.87260405397416,0.16531433592015,0.50000141744262,0.5,0.49998634305574,0.50000881935782,1727071979974
65,0.77423340249145,0.5,0.87260405397416,0.16531433592015,0.50000141744262,0.5,0.49998634305574,0.50000881935782,1727071980940
65,0.77423340249145,0.5,0.87260405397416,0.16531433592015,0.50000141744262,0.5,0.49998634305574,0.50000881935782,1727071982611
65,0.77423340249145,0.50387017537617,0.87260405397416,0.16531433592015,0.50000141744262,0.50000493481251,0.49998634305574,0.50000881935782,1727071982659
65,0.77423340249145,0.52490695043962,0.87260405397416,0.16531433592015,0.50000141744262,0.50000052782258,0.49998634305574,0.50000881935782,1727071982674
65,0.77423340249145,0.53541907033276,0.87260405397416,0.16531433592015,0.50000141744262,0.49999741279403,0.49998634305574,0.50000881935782,1727071982685
65,0.77423340249145,0.55926347018089,0.87260405397416,0.16531433592015,0.50000141744262,0.49999868397339,0.49998634305574,0.50000881935782,1727071982702
65,0.77423340249145,0.57643427013197,0.87260405397416,0.16531433592015,0.50000141744262,0.49999766448862,0.49998634305574,0.50000881935782,1727071982718
65,0.77423340249145,0.59084310513488,0.87260405397416,0.16531433592015,0.50000141744262,0.5000019989979,0.49998634305574,0.50000881935782,1727071982735
65,0.77423340249145,0.60136076046978,0.87260405397416,0.16531433592015,0.50000141744262,0.49999552239524,0.49998634305574,0.50000881935782,1727071982752
65,0.77423340249145,0.61471679431991,0.87260405397416,0.16531433592015,0.50000141744262,0.49999419672017,0.49998634305574,0.50000881935782,1727071982768
65,0.77423340249145,0.62522926589455,0.87260405397416,0.16531433592015,0.50000141744262,0.50000094698952,0.49998634305574,0.50000881935782,1727071982786
65,0.77423340249145,0.63574180249172,0.87260405397416,0.16531433592015,0.50000141744262,0.49999792042908,0.49998634305574,0.50000881935782,1727071982802
65,0.77423340249145,0.65677228194966,0.87260405397416,0.16531433592015,0.50000141744262,0.49999814484515,0.49998634305574,0.50000881935782,1727071982818
65,0.77423340249145,0.66728687156723,0.87260405397416,0.16531433592015,0.50000141744262,0.50000326734838,0.49998634305574,0.50000881935782,1727071982835
65,0.77423340249145,0.68445449440125,0.87260405397416,0.16531433592015,0.50000141744262,0.50000415600643,0.49998634305574,0.50000881935782,1727071982852
65,0.77423340249145,0.68832304706069,0.87260405397416,0.16531433592015,0.50000141744262,0.50000001754619,0.49998634305574,0.50000881935782,1727071982868
65,0.77423340249145,0.69500014442817,0.87260405397416,0.16531433592015,0.50000141744262,0.49999991573822,0.49998634305574,0.50000881935782,1727071982918
65,0.77423340249145,0.70550577585882,0.87260405397416,0.16531433592015,0.50000141744262,0.50000110579549,0.49998634305574,0.50000881935782,1727071982935
65,0.77423340249145,0.71990062122433,0.87260405397416,0.16531433592015,0.50000141744262,0.50000401948123,0.49998634305574,0.50000881935782,1727071982952
65,0.77423340249145,0.74758445861712,0.87260405397416,0.16531433592015,0.50000141744262,0.50000008663974,0.49998634305574,0.50000881935782,1727071982968
65,0.77423340249145,0.75809292379432,0.87260405397416,0.16531433592015,0.50000141744262,0.49999966305211,0.49998634305574,0.50000881935782,1727071982985
65,0.77423340249145,0.76476448592884,0.87260405397416,0.16531433592015,0.50000141744262,0.50000257790818,0.49998634305574,0.50000881935782,1727071983002
65,0.77423340249145,0.7514699429255,0.87260405397416,0.16531433592015,0.50000141744262,0.50000384271506,0.49998634305574,0.50000881935782,1727071983721
65,0.77423340249145,0.74481389511777,0.87260405397416,0.16531433592015,0.50000141744262,0.50000082548434,0.49998634305574,0.50000881935782,1727071983735
65,0.77423340249145,0.73816524906095,0.87260405397416,0.16531433592015,0.50000141744262,0.5000022215235,0.49998634305574,0.50000881935782,1727071983752
65,0.77423340249145,0.7104883360475,0.87260405397416,0.16531433592015,0.50000141744262,0.50000227976126,0.49998634305574,0.50000881935782,1727071983768
65,0.77423340249145,0.70383325473169,0.87260405397416,0.16531433592015,0.50000141744262,0.49999856334653,0.49998634305574,0.50000881935782,1727071983785
65,0.77423340249145,0.70001204114422,0.87260405397416,0.16531433592015,0.50000141744262,0.50000194034738,0.49998634305574,0.50000881935782,1727071983802
65,0.77423340249145,0.68672148436078,0.87260405397416,0.16531433592015,0.50000141744262,0.50000093733929,0.49998634305574,0.50000881935782,1727071983818
65,0.77423340249145,0.66954743055525,0.87260405397416,0.16531433592015,0.50000141744262,0.50000384657591,0.49998634305574,0.50000881935782,1727071983835
65,0.77423340249145,0.66289496013374,0.87260405397416,0.16531433592015,0.50000141744262,0.49999839809955,0.49998634305574,0.50000881935782,1727071983852
65,0.77423340249145,0.65624474809103,0.87260405397416,0.16531433592015,0.50000141744262,0.50000085521446,0.49998634305574,0.50000881935782,1727071983868
65,0.77423340249145,0.64573984461684,0.87260405397416,0.16531433592015,0.50000141744262,0.49999914871387,0.49998634305574,0.50000881935782,1727071984181
65,0.77423340249145,0.64961300645869,0.87260405397416,0.16531433592015,0.50000141744262,0.50000145745675,0.49998634305574,0.50000881935782,1727071985099
65,0.77423340249145,0.65627790927515,0.87260405397416,0.16531433592015,0.50000141744262,0.49999940005218,0.49998634305574,0.50000881935782,1727071985114
65,0.77423340249145,0.66679958180673,0.87260405397416,0.16531433592015,0.50000141744262,0.50000025148575,0.49998634305574,0.50000881935782,1727071985170
65,0.77423340249145,0.67346787371832,0.87260405397416,0.16531433592015,0.50000141744262,0.49999621772858,0.49998634305574,0.50000881935782,1727071985232
65,0.77423340249145,0.67733485831948,0.87260405397416,0.16531433592015,0.50000141744262,0.50000214222509,0.49998634305574,0.50000881935782,1727071985240
65,0.77423340249145,0.67733485831948,0.87260405397416,0.16531433592015,0.50000141744262,0.50000214222509,0.49998634305574,0.50000881935782,1727071985740
66,0.5,0.16666666666667,0.83333333333333,0.33333333333333,0.5,0.5,0.5,0.5,1727071989265
66,0.5,0.16666666666667,0.82610713653354,0.33333333333333,0.5,0.5,0.49998836053631,0.5,1727071989525
66,0.5,0.16666666666667,0.81888467472247,0.33333333333333,0.5,0.5,0.5000001860607,0.5,1727071989540
66,0.5,0.16666666666667,0.81165827953812,0.33333333333333,0.5,0.5,0.49999115396244,0.5,1727071989585
66,0.5,0.16666666666667,0.8044372383988,0.33333333333333,0.5,0.5,0.4999960908919,0.5,1727071989601
66,0.5,0.16666666666667,0.78277874934343,0.33333333333333,0.5,0.5,0.49998777002806,0.5,1727071989618
66,0.5,0.16666666666667,0.77555725254999,0.33333333333333,0.5,0.5,0.49999515347456,0.5,1727071989635
66,0.5,0.16666666666667,0.75389694562068,0.33333333333333,0.5,0.5,0.4999960747773,0.5,1727071989651
66,0.5,0.16666666666667,0.74667773893971,0.33333333333333,0.5,0.5,0.49999167552656,0.5,1727071989668
66,0.5,0.16666666666667,0.73944926385086,0.33333333333333,0.5,0.5,0.49999295227633,0.5,1727071989684
66,0.5,0.16666666666667,0.73222210663625,0.33333333333333,0.5,0.5,0.49998720748278,0.5,1727071989701
66,0.5,0.16666666666667,0.7249999390971,0.33333333333333,0.5,0.5,0.49999857943907,0.5,1727071989718
66,0.5,0.16666666666667,0.71777356287804,0.33333333333333,0.5,0.5,0.49998855633176,0.5,1727071989875
66,0.5,0.16666666666667,0.72043244028898,0.33333333333333,0.5,0.5,0.4999970607468,0.5,1727071989898
66,0.5,0.16666666666667,0.71320611750921,0.33333333333333,0.5,0.5,0.4999866876215,0.5,1727071989906
66,0.5,0.16666666666667,0.70598452189361,0.33333333333333,0.5,0.5,0.49999514263871,0.5,1727071989918
66,0.5,0.16666666666667,0.69875567915997,0.33333333333333,0.5,0.5,0.49999853390154,0.5,1727071989935
66,0.5,0.16666666666667,0.69153583342189,0.33333333333333,0.5,0.5,0.49999745736534,0.5,1727071989951
66,0.5,0.16666666666667,0.67537783343677,0.33333333333333,0.5,0.5,0.49999100434781,0.5,1727071989968
66,0.5,0.16666666666667,0.6609391915196,0.33333333333333,0.5,0.5,0.4999826139769,0.5,1727071989985
66,0.5,0.16666666666667,0.6537161518598,0.33333333333333,0.5,0.5,0.49999990995768,0.5,1727071990016
66,0.5,0.16666666666667,0.64648800281089,0.33333333333333,0.5,0.5,0.4999994771449,0.5,1727071990032
66,0.5,0.16666666666667,0.63926747596722,0.33333333333333,0.5,0.5,0.50000236398723,0.5,1727071990068
66,0.5,0.16666666666667,0.6347264180914,0.33333333333333,0.5,0.5,0.49998954977101,0.5,1727071990085
66,0.5,0.16666666666667,0.6274972292881,0.33333333333333,0.5,0.5,0.49999523974437,0.5,1727071990340
66,0.5,0.16666666666667,0.63015735831204,0.33333333333333,0.5,0.5,0.49999713450624,0.5,1727071990351
66,0.5,0.16666666666667,0.62293849042357,0.33333333333333,0.5,0.5,0.4999900839408,0.5,1727071990368
66,0.5,0.16666666666667,0.60849066956068,0.33333333333333,0.5,0.5,0.49998723448179,0.5,1727071990418
66,0.5,0.16666666666667,0.6012702687527,0.33333333333333,0.5,0.5,0.49998936940486,0.5,1727071992226
66,0.5,0.16666666666667,0.58683204659767,0.33333333333333,0.5,0.5,0.49997757582452,0.5,1727071992312
66,0.5,0.16666666666667,0.57960074523563,0.33333333333333,0.5,0.5,0.49999685172864,0.5,1727071992425
66,0.5,0.16666666666667,0.57238104020447,0.33333333333333,0.5,0.5,0.49999470665822,0.5,1727071992701
66,0.5,0.16666666666667,0.5651536882688,0.33333333333333,0.5,0.5,0.49998905342637,0.5,1727071992735
66,0.5,0.16666666666667,0.55793514645841,0.33333333333333,0.5,0.5,0.49997924577362,0.5,1727071992756
66,0.5,0.16666666666667,0.5553311361946,0.33333333333333,0.5,0.5,0.49998483227503,0.5,1727071992853
66,0.5,0.16666666666667,0.55273532754164,0.33333333333333,0.5,0.5,0.49999035300857,0.5,1727071993937
66,0.5,0.16666666666667,0.54551265294257,0.33333333333333,0.5,0.5,0.50000766405518,0.5,1727071993993
66,0.5,0.16666666666667,0.53828568044373,0.33333333333333,0.5,0.5,0.49999941106735,0.5,1727071994008
66,0.5,0.16666666666667,0.53106564043043,0.33333333333333,0.5,0.5,0.49999942662536,0.5,1727071994057
66,0.5,0.16666666666667,0.52384038692177,0.33333333333333,0.5,0.5,0.49997928678749,0.5,1727071994068
66,0.5,0.16666666666667,0.5166185211398,0.33333333333333,0.5,0.5,0.49999160968811,0.5,1727071996519
66,0.5,0.16666666666667,0.50938908869357,0.33333333333333,0.5,0.5,0.49999988779994,0.5,1727071996582
66,0.5,0.16666666666667,0.50216813824101,0.33333333333333,0.5,0.5,0.50000625999061,0.5,1727071996716
66,0.5,0.16666666666667,0.51204131703877,0.33333333333333,0.5,0.5,0.50000009547571,0.5,1727071999116
66,0.5,0.16666666666667,0.52191495876232,0.33333333333333,0.5,0.5,0.49999094188521,0.5,1727071999167
66,0.5,0.16666666666667,0.5291524639746,0.33333333333333,0.5,0.5,0.49998364259613,0.5,1727072000795
66,0.5,0.16666666666667,0.53637780385237,0.33333333333333,0.5,0.5,0.50000303016576,0.5,1727072000890
66,0.5,0.16666666666667,0.54625006189344,0.33333333333333,0.5,0.5,0.50000323836749,0.5,1727072001160
66,0.5,0.16666666666667,0.54625006189344,0.33333333333333,0.5,0.5,0.50000323836749,0.5,1727072001738
66,0.5,0.16666666666667,0.54625006189344,0.33333333333333,0.5,0.5,0.50000323836749,0.5,1727072003353
66,0.5,0.16287477756235,0.54625006189344,0.33333333333333,0.5,0.5000028649975,0.50000323836749,0.5,1727072003376
66,0.5,0.15623249979656,0.54625006189344,0.33333333333333,0.5,0.49999765131971,0.50000323836749,0.5,1727072003417
66,0.5,0.13526070655859,0.54625006189344,0.33333333333333,0.5,0.50000119049841,0.50000323836749,0.5,1727072003448
66,0.5,0.12201467240731,0.54625006189344,0.33333333333333,0.5,0.50000105549865,0.50000323836749,0.5,1727072003484
66,0.5,0.10221695970359,0.54625006189344,0.33333333333333,0.5,0.49999753449987,0.50000323836749,0.5,1727072003500
66,0.5,0.07593814017116,0.54625006189344,0.33333333333333,0.5,0.50000054359734,0.50000323836749,0.5,1727072003517
66,0.5,0.03059929181863,0.54625006189344,0.33333333333333,0.5,0.50000139145394,0.50000323836749,0.5,1727072003534
66,0.5,0.0,0.54625006189344,0.33333333333333,0.5,0.5,0.50000323836749,0.5,1727072003550
66,0.5,0.0,0.54625006189344,0.33333333333333,0.5,0.5,0.50000323836749,0.5,1727072003567
66,0.5,0.0,0.54625006189344,0.33333333333333,0.5,0.5,0.50000323836749,0.5,1727072003584
66,0.5,0.0,0.54625006189344,0.33333333333333,0.5,0.5,0.50000323836749,0.5,1727072003600
66,0.5,0.0,0.54625006189344,0.33333333333333,0.5,0.5,0.50000323836749,0.5,1727072003617
66,0.5,0.0,0.54625006189344,0.33333333333333,0.5,0.5,0.50000323836749,0.5,1727072003634
66,0.5,0.0,0.54625006189344,0.33333333333333,0.5,0.5,0.50000323836749,0.5,1727072003650
66,0.5,0.0,0.54625006189344,0.33333333333333,0.5,0.5,0.50000323836749,0.5,1727072003667
66,0.5,0.0,0.54625006189344,0.33333333333333,0.5,0.5,0.50000323836749,0.5,1727072003684
66,0.5,0.0,0.54625006189344,0.33333333333333,0.5,0.5,0.50000323836749,0.5,1727072003700
66,0.5,0.0,0.54625006189344,0.33333333333333,0.5,0.5,0.50000323836749,0.5,1727072003828
66,0.5,0.0,0.54625006189344,0.33333333333333,0.5,0.5,0.50000323836749,0.5,1727072005699
66,0.5,0.0,0.54625006189344,0.34000131885121,0.5,0.5,0.50000323836749,0.50000123240495,1727072005704
66,0.5,0.0,0.54625006189344,0.34667565656896,0.5,0.5,0.50000323836749,0.49999882974504,1727072005717
66,0.5,0.0,0.54625006189344,0.3533502845695,0.5,0.5,0.50000323836749,0.49999674549541,1727072005734
66,0.5,0.0,0.54625006189344,0.3600277946076,0.5,0.5,0.50000323836749,0.49999731160272,1727072005751
66,0.5,0.0,0.54625006189344,0.38011776719126,0.5,0.5,0.50000323836749,0.49999535418164,1727072005767
66,0.5,0.0,0.54625006189344,0.40021034737557,0.5,0.5,0.50000323836749,0.49999572879838,1727072005784
66,0.5,0.0,0.54625006189344,0.43378495022529,0.5,0.5,0.50000323836749,0.50000026997864,1727072005801
66,0.5,0.0,0.54625006189344,0.46734939729556,0.5,0.5,0.50000323836749,0.49999658076427,1727072005817
66,0.5,0.0,0.54625006189344,0.50090427344887,0.5,0.5,0.50000323836749,0.49999748980376,1727072005834
66,0.5,0.0,0.54625006189344,0.5209767888914,0.5,0.5,0.50000323836749,0.49999440323075,1727072005851
66,0.5,0.0,0.54625006189344,0.55451361173345,0.5,0.5,0.50000323836749,0.49999351354319,1727072005867
66,0.5,0.0,0.54625006189344,0.5611793667619,0.5,0.5,0.50000323836749,0.49999643269956,1727072005884
66,0.5,0.0,0.54625006189344,0.58125115015506,0.5,0.5,0.50000323836749,0.4999931099218,1727072005901
66,0.5,0.0,0.54625006189344,0.60131515932956,0.5,0.5,0.50000323836749,0.49999487239854,1727072005918
66,0.5,0.0,0.54625006189344,0.60798001238084,0.5,0.5,0.50000323836749,0.49999704215573,1727072005934
66,0.5,0.0,0.54625006189344,0.62804769832477,0.5,0.5,0.50000323836749,0.50000096978264,1727072005951
66,0.5,0.0,0.54625006189344,0.64139566213391,0.5,0.5,0.50000323836749,0.49999731702431,1727072005967
66,0.5,0.0,0.54625006189344,0.64806878091389,0.5,0.5,0.50000323836749,0.49999500147807,1727072005984
66,0.5,0.0,0.54625006189344,0.65474307873099,0.5,0.5,0.50000323836749,0.49999343857579,1727072006063
66,0.5,0.0,0.54625006189344,0.66141321094023,0.5,0.5,0.50000323836749,0.49999868510752,1727072006079
66,0.5,0.0,0.54625006189344,0.66808256742857,0.5,0.5,0.50000323836749,0.49999415074574,1727072006087
66,0.5,0.0,0.54625006189344,0.67474842994648,0.5,0.5,0.50000323836749,0.49999677088982,1727072006101
66,0.5,0.0,0.54625006189344,0.6881084098655,0.5,0.5,0.50000323836749,0.50000042171064,1727072006133
66,0.5,0.0,0.54625006189344,0.70145966828725,0.5,0.5,0.50000323836749,0.49999891631617,1727072006167
66,0.5,0.0,0.54625006189344,0.71481863853166,0.5,0.5,0.50000323836749,0.50000185939304,1727072006184
66,0.5,0.0,0.54625006189344,0.74830891396538,0.5,0.5,0.50000323836749,0.50000067467595,1727072006201
66,0.5,0.0,0.54625006189344,0.77506821938372,0.5,0.5,0.50000323836749,0.4999953187463,1727072006217
66,0.5,0.0,0.54625006189344,0.78842671292906,0.5,0.5,0.50000323836749,0.49999784639806,1727072006234
66,0.5,0.0,0.54625006189344,0.80178129903297,0.5,0.5,0.50000323836749,0.49999826161445,1727072006251
66,0.5,0.0,0.54625006189344,0.81512316740352,0.5,0.5,0.50000323836749,0.50000004683444,1727072006267
66,0.5,0.0,0.54625006189344,0.84860546630442,0.5,0.5,0.50000323836749,0.50000274323145,1727072006284
66,0.5,0.0,0.54625006189344,0.99113244640845,0.5,0.5,0.50000323836749,0.49999732799054,1727072006301
66,0.5,0.0,0.54625006189344,1.0,0.5,0.5,0.50000323836749,0.5,1727072006317
66,0.5,0.0,0.54625006189344,1.0,0.5,0.5,0.50000323836749,0.5,1727072006334
66,0.5,0.0,0.54625006189344,1.0,0.5,0.5,0.50000323836749,0.5,1727072006351
66,0.5,0.0,0.54625006189344,1.0,0.5,0.5,0.50000323836749,0.5,1727072006367
66,0.5,0.0,0.54625006189344,1.0,0.5,0.5,0.50000323836749,0.5,1727072006384
66,0.5,0.0,0.54625006189344,1.0,0.5,0.5,0.50000323836749,0.5,1727072006443
66,0.5,0.0,0.54625006189344,1.0,0.5,0.5,0.50000323836749,0.5,1727072006451
66,0.5,0.0,0.54625006189344,1.0,0.5,0.5,0.50000323836749,0.5,1727072006467
66,0.5,0.0,0.54625006189344,1.0,0.5,0.5,0.50000323836749,0.5,1727072006484
66,0.5,0.0,0.54625006189344,1.0,0.5,0.5,0.50000323836749,0.5,1727072006501
66,0.5,0.0,0.54625006189344,1.0,0.5,0.5,0.50000323836749,0.5,1727072006625
67,0.0,0.5,0.66666666666667,0.83333333333333,0.5,0.5,0.5,0.5,1727072012802
67,0.0,0.5,0.67390326825787,0.83333333333333,0.5,0.5,0.49999717071316,0.5,1727072012881
67,0.0,0.5,0.68113317250205,0.83333333333333,0.5,0.5,0.49998771759074,0.5,1727072012896
67,0.0,0.5,0.69560527869737,0.83333333333333,0.5,0.5,0.49999185377881,0.5,1727072012904
67,0.0,0.5,0.71007637022883,0.83333333333333,0.5,0.5,0.50000141092152,0.5,1727072012920
67,0.0,0.5,0.71730613914456,0.83333333333333,0.5,0.5,0.49999301365588,0.5,1727072012934
67,0.0,0.5,0.74885508909644,0.83333333333333,0.5,0.5,0.49999233081484,0.5,1727072012950
67,0.0,0.5,0.79489479969061,0.83333333333333,0.5,0.5,0.49998391600763,0.5,1727072012967
67,0.0,0.5,0.84617076157757,0.83333333333333,0.5,0.5,0.49998962169952,0.5,1727072012984
67,0.0,0.5,0.94084863833646,0.83333333333333,0.5,0.5,0.49999573905338,0.5,1727072013000
67,0.0,0.5,1.0,0.83333333333333,0.5,0.5,0.5,0.5,1727072013017
67,0.0,0.5,1.0,0.83333333333333,0.5,0.5,0.5,0.5,1727072013034
67,0.0,0.5,1.0,0.83333333333333,0.5,0.5,0.5,0.5,1727072013050
67,0.0,0.5,1.0,0.83333333333333,0.5,0.5,0.5,0.5,1727072013067
67,0.0,0.5,1.0,0.83333333333333,0.5,0.5,0.5,0.5,1727072013084
67,0.0,0.5,1.0,0.83333333333333,0.5,0.5,0.5,0.5,1727072013100
67,0.0,0.5,1.0,0.83333333333333,0.5,0.5,0.5,0.5,1727072013396
67,0.0,0.5,1.0,0.83333333333333,0.5,0.5,0.5,0.5,1727072015771
67,0.0,0.49334840713051,1.0,0.83333333333333,0.5,0.50000403403616,0.5,0.5,1727072015867
67,0.0,0.4800676760851,1.0,0.83333333333333,0.5,0.49999536502632,0.5,0.5,1727072015891
67,0.0,0.47341675810716,1.0,0.83333333333333,0.5,0.49999895323764,0.5,0.5,1727072015906
67,0.0,0.46676689049732,1.0,0.83333333333333,0.5,0.50000180011137,0.5,0.5,1727072015922
67,0.0,0.46010969107522,1.0,0.83333333333333,0.5,0.49999844815833,0.5,0.5,1727072015977
67,0.0,0.45737554677118,1.0,0.83333333333333,0.5,0.49999507731187,0.5,0.5,1727072016017
67,0.0,0.45072400063365,1.0,0.83333333333333,0.5,0.49999927322566,0.5,0.5,1727072016033
67,0.0,0.44407979578651,1.0,0.83333333333333,0.5,0.49999771812018,0.5,0.5,1727072016057
67,0.0,0.43742645244619,1.0,0.83333333333333,0.5,0.49999112341612,0.5,0.5,1727072016067
67,0.0,0.43077532919829,1.0,0.83333333333333,0.5,0.49999506116778,0.5,0.5,1727072016088
67,0.0,0.42412040613174,1.0,0.83333333333333,0.5,0.50000218430626,0.5,0.5,1727072016112
67,0.0,0.41747413865097,1.0,0.83333333333333,0.5,0.49998959236576,0.5,0.5,1727072016128
67,0.0,0.41082038866712,1.0,0.83333333333333,0.5,0.49999582507613,0.5,0.5,1727072016144
67,0.0,0.40417282505182,1.0,0.83333333333333,0.5,0.49999697078516,0.5,0.5,1727072016160
67,0.0,0.39752066809754,1.0,0.83333333333333,0.5,0.5000020509862,0.5,0.5,1727072016174
67,0.0,0.39086950065942,1.0,0.83333333333333,0.5,0.4999931502737,0.5,0.5,1727072016190
67,0.0,0.38422024230125,1.0,0.83333333333333,0.5,0.49999577720952,0.5,0.5,1727072016215
67,0.0,0.37756624374477,1.0,0.83333333333333,0.5,0.50000262415991,0.5,0.5,1727072016255
67,0.0,0.37092633176647,1.0,0.83333333333333,0.5,0.49999710998308,0.5,0.5,1727072016270
67,0.0,0.36426608427479,1.0,0.83333333333333,0.5,0.49999591995203,0.5,0.5,1727072016287
67,0.0,0.35761943669822,1.0,0.83333333333333,0.5,0.49999632331067,0.5,0.5,1727072016300
67,0.0,0.3509750836371,1.0,0.83333333333333,0.5,0.49999463064277,0.5,0.5,1727072016373
67,0.0,0.33380488806864,1.0,0.83333333333333,0.5,0.49999538385206,0.5,0.5,1727072016384
67,0.0,0.32330102348227,1.0,0.83333333333333,0.5,0.49999161826953,0.5,0.5,1727072016400
67,0.0,0.31665442779067,1.0,0.83333333333333,0.5,0.49999194984928,0.5,0.5,1727072016417
67,0.0,0.31665442779067,1.0,0.83333333333333,0.5,0.49999194984928,0.5,0.5,1727072018029
67,0.0,0.31665442779067,1.0,0.83333333333333,0.5,0.49999194984928,0.5,0.5,1727072018980
67,0.0,0.31665442779067,1.0,0.83333333333333,0.5,0.49999194984928,0.5,0.5,1727072020026
67,0.02024037613113,0.31665442779067,1.0,0.83333333333333,0.50001959933025,0.49999194984928,0.5,0.5,1727072020113
67,0.04727923230743,0.31665442779067,1.0,0.83333333333333,0.50000428265317,0.49999194984928,0.5,0.5,1727072020118
67,0.08833272101488,0.31665442779067,1.0,0.83333333333333,0.50001571542111,0.49999194984928,0.5,0.5,1727072020133
67,0.14289683328624,0.31665442779067,1.0,0.83333333333333,0.50000635048619,0.49999194984928,0.5,0.5,1727072020150
67,0.23507670464143,0.31665442779067,1.0,0.83333333333333,0.49999975173033,0.49999194984928,0.5,0.5,1727072020167
67,0.25224497134016,0.31665442779067,1.0,0.83333333333333,0.49999870192839,0.49999194984928,0.5,0.5,1727072020183
67,0.25892243874903,0.31665442779067,1.0,0.83333333333333,0.49999930864934,0.49999194984928,0.5,0.5,1727072020200
67,0.26944032702544,0.31665442779067,1.0,0.83333333333333,0.50001014451897,0.49999194984928,0.5,0.5,1727072020217
67,0.27612014880947,0.31665442779067,1.0,0.83333333333333,0.50001305329647,0.49999194984928,0.5,0.5,1727072020233
67,0.28662636340754,0.31665442779067,1.0,0.83333333333333,0.49999547345948,0.49999194984928,0.5,0.5,1727072020250
67,0.30380687356576,0.31665442779067,1.0,0.83333333333333,0.50000684279628,0.49999194984928,0.5,0.5,1727072020267
67,0.33148381666311,0.31665442779067,1.0,0.83333333333333,0.5000065360818,0.49999194984928,0.5,0.5,1727072020283
67,0.36203519008553,0.31665442779067,1.0,0.83333333333333,0.50000398235609,0.49999194984928,0.5,0.5,1727072020300
67,0.37255369104253,0.31665442779067,1.0,0.83333333333333,0.4999998626346,0.49999194984928,0.5,0.5,1727072020317
67,0.37922178724839,0.31665442779067,1.0,0.83333333333333,0.50000561002605,0.49999194984928,0.5,0.5,1727072020367
67,0.38974464557562,0.31665442779067,1.0,0.83333333333333,0.50000532936519,0.49999194984928,0.5,0.5,1727072020389
67,0.3964149994953,0.31665442779067,1.0,0.83333333333333,0.49999967153011,0.49999194984928,0.5,0.5,1727072020433
67,0.40029837298,0.31665442779067,1.0,0.83333333333333,0.50000514219823,0.49999194984928,0.5,0.5,1727072020453
67,0.41366478639521,0.31665442779067,1.0,0.83333333333333,0.50000269816669,0.49999194984928,0.5,0.5,1727072021435
67,0.41754338816067,0.31665442779067,1.0,0.83333333333333,0.50000406892773,0.49999194984928,0.5,0.5,1727072021450
67,0.4309078845584,0.31665442779067,1.0,0.83333333333333,0.50000015566471,0.49999194984928,0.5,0.5,1727072021466
67,0.44142037585907,0.31665442779067,1.0,0.83333333333333,0.50000397994286,0.49999194984928,0.5,0.5,1727072021483
67,0.44809274382004,0.31665442779067,1.0,0.83333333333333,0.5000003444382,0.49999194984928,0.5,0.5,1727072021500
67,0.45476337655494,0.31665442779067,1.0,0.83333333333333,0.49999542030407,0.49999194984928,0.5,0.5,1727072021517
67,0.4614380512312,0.31665442779067,1.0,0.83333333333333,0.5000056431764,0.49999194984928,0.5,0.5,1727072021567
67,0.45093427935867,0.31665442779067,1.0,0.83333333333333,0.49999671044925,0.49999194984928,0.5,0.5,1727072021839
67,0.44712613607237,0.31665442779067,1.0,0.83333333333333,0.50000241935586,0.49999194984928,0.5,0.5,1727072021850
67,0.44047152052298,0.31665442779067,1.0,0.83333333333333,0.50000797047446,0.49999194984928,0.5,0.5,1727072021867
67,0.42997051009349,0.31665442779067,1.0,0.83333333333333,0.5000010372923,0.49999194984928,0.5,0.5,1727072021883
67,0.41946548887382,0.31665442779067,1.0,0.83333333333333,0.50000325330336,0.49999194984928,0.5,0.5,1727072021908
67,0.40896444345261,0.31665442779067,1.0,0.83333333333333,0.50000886630743,0.49999194984928,0.5,0.5,1727072022021
67,0.40515389250528,0.31665442779067,1.0,0.83333333333333,0.50000003900594,0.49999194984928,0.5,0.5,1727072022037
67,0.39850149512234,0.31665442779067,1.0,0.83333333333333,0.50000781075096,0.49999194984928,0.5,0.5,1727072022179
67,0.39469470763134,0.31665442779067,1.0,0.83333333333333,0.50000205237435,0.49999194984928,0.5,0.5,1727072022235
67,0.38803617681451,0.31665442779067,1.0,0.83333333333333,0.50000467270211,0.49999194984928,0.5,0.5,1727072022289
67,0.38422989114462,0.31665442779067,1.0,0.83333333333333,0.49999923668946,0.49999194984928,0.5,0.5,1727072022377
67,0.37372827969879,0.31665442779067,1.0,0.83333333333333,0.50000459885613,0.49999194984928,0.5,0.5,1727072022757
67,0.3699181377391,0.31665442779067,1.0,0.83333333333333,0.50000928969751,0.49999194984928,0.5,0.5,1727072022766
67,0.36326488050578,0.31665442779067,1.0,0.83333333333333,0.50000300451562,0.49999194984928,0.5,0.5,1727072022783
67,0.35946011748623,0.31665442779067,1.0,0.83333333333333,0.49999871455892,0.49999194984928,0.5,0.5,1727072022800
67,0.35280842335172,0.31665442779067,1.0,0.83333333333333,0.50000770398384,0.49999194984928,0.5,0.5,1727072022816
67,0.33563904364042,0.31665442779067,1.0,0.83333333333333,0.50000778962819,0.49999194984928,0.5,0.5,1727072022866
67,0.32514393666886,0.31665442779067,1.0,0.83333333333333,0.50000524841282,0.49999194984928,0.5,0.5,1727072022883
67,0.318490845118,0.31665442779067,1.0,0.83333333333333,0.49999858157818,0.49999194984928,0.5,0.5,1727072022915
67,0.31468128738663,0.31665442779067,1.0,0.83333333333333,0.50000426110618,0.49999194984928,0.5,0.5,1727072022922
67,0.30803362640324,0.31665442779067,1.0,0.83333333333333,0.50000282284129,0.49999194984928,0.5,0.5,1727072022967
67,0.29753372500376,0.31665442779067,1.0,0.83333333333333,0.50001072185201,0.49999194984928,0.5,0.5,1727072022983
67,0.30420594561036,0.31665442779067,1.0,0.83333333333333,0.50000591473435,0.49999194984928,0.5,0.5,1727072023249
67,0.31088458841648,0.31665442779067,1.0,0.83333333333333,0.50000753472936,0.49999194984928,0.5,0.5,1727072023303
67,0.31088458841648,0.31665442779067,1.0,0.83333333333333,0.50000753472936,0.49999194984928,0.5,0.5,1727072023795
67,0.31088458841648,0.31665442779067,1.0,0.83333333333333,0.50000753472936,0.49999194984928,0.5,0.5,1727072027492
67,0.31477102067131,0.31665442779067,1.0,0.83333333333333,0.50000174729962,0.49999194984928,0.5,0.5,1727072027641
67,0.31477102067131,0.31665442779067,1.0,0.83333333333333,0.50000174729962,0.49999194984928,0.5,0.5,1727072028013
67,0.31477102067131,0.31665442779067,1.0,0.83333333333333,0.50000174729962,0.49999194984928,0.5,0.5,1727072028886
67,0.31477102067131,0.31665442779067,1.0,0.83333333333333,0.50000174729962,0.49999194984928,0.5,0.5,1727072028957
67,0.31477102067131,0.31665442779067,1.0,0.83333333333333,0.50000174729962,0.49999194984928,0.5,0.5,1727072031484
67,0.31477102067131,0.31284164987216,1.0,0.83333333333333,0.50000174729962,0.50000441185254,0.5,0.5,1727072031577
67,0.31477102067131,0.30234429789227,1.0,0.83333333333333,0.50000174729962,0.49999417438579,0.5,0.5,1727072031879
67,0.31477102067131,0.30234429789227,1.0,0.83333333333333,0.50000174729962,0.49999417438579,0.5,0.5,1727072032155
67,0.31477102067131,0.30234429789227,1.0,0.83333333333333,0.50000174729962,0.49999417438579,0.5,0.5,1727072033170
67,0.31477102067131,0.30234429789227,1.0,0.83333333333333,0.50000174729962,0.49999417438579,0.5,0.5,1727072033907
67,0.31477102067131,0.30234429789227,1.0,0.83333333333333,0.50000174729962,0.49999417438579,0.5,0.5,1727072035356
67,0.31096647982268,0.30234429789227,1.0,0.83333333333333,0.50001241657181,0.49999417438579,0.5,0.5,1727072035791
67,0.31763298625176,0.30234429789227,1.0,0.83333333333333,0.50000215334029,0.49999417438579,0.5,0.5,1727072036013
67,0.32431298398107,0.30234429789227,1.0,0.83333333333333,0.50000507989211,0.49999417438579,0.5,0.5,1727072036028
67,0.32431298398107,0.30234429789227,1.0,0.83333333333333,0.50000507989211,0.49999417438579,0.5,0.5,1727072036449
67,0.32431298398107,0.30234429789227,1.0,0.83333333333333,0.50000507989211,0.49999417438579,0.5,0.5,1727072037440
67,0.32431298398107,0.30234429789227,1.0,0.82283021167422,0.50000507989211,0.49999417438579,0.5,0.49999971347092,1727072037451
67,0.32431298398107,0.30234429789227,1.0,0.81231793049339,0.50000507989211,0.49999417438579,0.5,0.4999973290692,1727072037466
67,0.32431298398107,0.30234429789227,1.0,0.79131962133133,0.50000507989211,0.49999417438579,0.5,0.49999817042857,1727072037482
67,0.32431298398107,0.30234429789227,1.0,0.74265493233168,0.50000507989211,0.49999417438579,0.5,0.49999633089586,1727072037499
67,0.32431298398107,0.30234429789227,1.0,0.66931138328517,0.50000507989211,0.49999417438579,0.5,0.50000221354942,1727072037516
67,0.32431298398107,0.30234429789227,1.0,0.61396573375574,0.50000507989211,0.49999417438579,0.5,0.49999776842319,1727072037532
67,0.32431298398107,0.30234429789227,1.0,0.59679362380333,0.50000507989211,0.49999417438579,0.5,0.49999584859188,1727072037549
67,0.32431298398107,0.30234429789227,1.0,0.57579216708293,0.50000507989211,0.49999417438579,0.5,0.49999477045131,1727072037566
67,0.32431298398107,0.30234429789227,1.0,0.55480185761423,0.50000507989211,0.49999417438579,0.5,0.50000127255666,1727072037582
67,0.32431298398107,0.30234429789227,1.0,0.54815059747998,0.50000507989211,0.49999417438579,0.5,0.49999775595109,1727072037599
67,0.32431298398107,0.30234429789227,1.0,0.53764413435595,0.50000507989211,0.49999417438579,0.5,0.49999858641268,1727072037616
67,0.32431298398107,0.30234429789227,1.0,0.52714848863384,0.50000507989211,0.49999417438579,0.5,0.49999619923471,1727072037632
67,0.32431298398107,0.30234429789227,1.0,0.52049369429367,0.50000507989211,0.49999417438579,0.5,0.5000009921862,1727072037649
67,0.32431298398107,0.30234429789227,1.0,0.49202874919954,0.50000507989211,0.49999417438579,0.5,0.49999849911189,1727072037666
67,0.32431298398107,0.30234429789227,1.0,0.48152207478004,0.50000507989211,0.49999417438579,0.5,0.49999924471101,1727072037682
67,0.32431298398107,0.30234429789227,1.0,0.44943454671631,0.50000507989211,0.49999417438579,0.5,0.49999085066105,1727072037699
67,0.32431298398107,0.30234429789227,1.0,0.43515306134595,0.50000507989211,0.49999417438579,0.5,0.49999936848078,1727072037716
67,0.32431298398107,0.30234429789227,1.0,0.42464279896859,0.50000507989211,0.49999417438579,0.5,0.49999725833813,1727072037732
67,0.32431298398107,0.30234429789227,1.0,0.39990852619806,0.50000507989211,0.49999417438579,0.5,0.50000070740373,1727072037749
67,0.32431298398107,0.30234429789227,1.0,0.39608808157617,0.50000507989211,0.49999417438579,0.5,0.49999639370766,1727072037766
67,0.32431298398107,0.30234429789227,1.0,0.3781030238044,0.50000507989211,0.49999417438579,0.5,0.49999590213091,1727072037782
67,0.32431298398107,0.30234429789227,1.0,0.36011059634047,0.50000507989211,0.49999417438579,0.5,0.50000262423876,1727072037799
67,0.32431298398107,0.30234429789227,1.0,0.34960865445175,0.50000507989211,0.49999417438579,0.5,0.49999381172937,1727072037816
67,0.32431298398107,0.30234429789227,1.0,0.34580525843657,0.50000507989211,0.49999417438579,0.5,0.50000486589152,1727072037832
67,0.32431298398107,0.30234429789227,1.0,0.33825972379528,0.50000507989211,0.49999417438579,0.5,0.49999829925727,1727072037849
67,0.32431298398107,0.30234429789227,1.0,0.33161167771939,0.50000507989211,0.49999417438579,0.5,0.49999648610734,1727072037899
67,0.32431298398107,0.30234429789227,1.0,0.32779925978365,0.50000507989211,0.49999417438579,0.5,0.49999929369462,1727072037920
67,0.32431298398107,0.30234429789227,1.0,0.31730377655932,0.50000507989211,0.49999417438579,0.5,0.49999619451202,1727072038057
67,0.32431298398107,0.30234429789227,1.0,0.31730377655932,0.50000507989211,0.49999417438579,0.5,0.49999619451202,1727072039655
68,0.66666666666667,0.83333333333333,0.0,1.0,0.5,0.5,0.5,0.5,1727072043918
68,0.66666666666667,0.83333333333333,0.03644627358535,1.0,0.5,0.5,0.49995674807905,0.5,1727072043949
68,0.66666666666667,0.83333333333333,0.08255549766003,1.0,0.5,0.5,0.50000088737389,0.5,1727072043965
68,0.66666666666667,0.83333333333333,0.1870843469287,1.0,0.5,0.5,0.49997625618272,0.5,1727072043982
68,0.66666666666667,0.83333333333333,0.31100055255147,1.0,0.5,0.5,0.50001145963683,0.5,1727072043999
68,0.66666666666667,0.83333333333333,0.42514789311421,1.0,0.5,0.5,0.49999401301487,0.5,1727072044015
68,0.66666666666667,0.83333333333333,0.52463178614529,1.0,0.5,0.5,0.49999719834957,0.5,1727072044032
68,0.66666666666667,0.83333333333333,0.59499873081315,1.0,0.5,0.5,0.49999596640075,0.5,1727072044049
68,0.66666666666667,0.83333333333333,0.65086834062491,1.0,0.5,0.5,0.49999460453694,0.5,1727072044066
68,0.66666666666667,0.83333333333333,0.66796203500907,1.0,0.5,0.5,0.4999869186617,0.5,1727072044082
68,0.66666666666667,0.83333333333333,0.6896802187192,1.0,0.5,0.5,0.49998291478556,0.5,1727072044099
68,0.66666666666667,0.83333333333333,0.69691345754068,1.0,0.5,0.5,0.50000061173045,0.5,1727072044122
68,0.66666666666667,0.83333333333333,0.71399863243472,1.0,0.5,0.5,0.49999500167301,0.5,1727072044132
68,0.66666666666667,0.83333333333333,0.7212371054504,1.0,0.5,0.5,0.49998388705654,0.5,1727072044149
68,0.66666666666667,0.83333333333333,0.73570728343832,1.0,0.5,0.5,0.49999817563619,0.5,1727072044165
68,0.66666666666667,0.83333333333333,0.75017123056305,1.0,0.5,0.5,0.50000179369216,0.5,1727072044182
68,0.66666666666667,0.83333333333333,0.76993324533495,1.0,0.5,0.5,0.49999634597884,0.5,1727072044199
68,0.66666666666667,0.83333333333333,0.77716987459793,1.0,0.5,0.5,0.49999524576387,0.5,1727072044215
68,0.66666666666667,0.83333333333333,0.78439889515871,1.0,0.5,0.5,0.4999912325053,0.5,1727072044232
68,0.66666666666667,0.83333333333333,0.80871831297203,1.0,0.5,0.5,0.49999707051667,0.5,1727072044249
68,0.66666666666667,0.83333333333333,0.81858330369822,1.0,0.5,0.5,0.49999276959325,0.5,1727072044265
68,0.66666666666667,0.83333333333333,0.83305450666116,1.0,0.5,0.5,0.5000006894394,0.5,1727072044282
68,0.66666666666667,0.83333333333333,0.835707194994,1.0,0.5,0.5,0.49999861009535,0.5,1727072044299
68,0.66666666666667,0.83333333333333,0.84294503418423,1.0,0.5,0.5,0.49999175221086,0.5,1727072044315
68,0.66666666666667,0.83333333333333,0.8455957283684,1.0,0.5,0.5,0.49999926407423,0.5,1727072044365
68,0.66666666666667,0.83333333333333,0.84824890029984,1.0,0.5,0.5,0.49999490136285,0.5,1727072044867
68,0.66666666666667,0.83333333333333,0.8509028458019,1.0,0.5,0.5,0.49998687266002,0.5,1727072046373
68,0.66666666666667,0.83333333333333,0.85356241952029,1.0,0.5,0.5,0.49999104435634,0.5,1727072046382
68,0.66666666666667,0.83333333333333,0.85621337146493,1.0,0.5,0.5,0.49999726313318,0.5,1727072046402
68,0.66666666666667,0.83333333333333,0.8588674067134,1.0,0.5,0.5,0.49998886173349,0.5,1727072046418
68,0.66666666666667,0.83333333333333,0.84442504590634,1.0,0.5,0.5,0.49999967999365,0.5,1727072046499
68,0.66666666666667,0.83333333333333,0.84707838974625,1.0,0.5,0.5,0.49999448939172,0.5,1727072046515
68,0.66666666666667,0.83333333333333,0.84707838974625,1.0,0.5,0.5,0.49999448939172,0.5,1727072047029
68,0.66666666666667,0.83333333333333,0.84707838974625,1.0,0.5,0.5,0.49999448939172,0.5,1727072048748
68,0.66666666666667,0.83333333333333,0.84707838974625,0.99617503996034,0.5,0.5,0.49999448939172,0.50000257008231,1727072048755
68,0.66666666666667,0.83333333333333,0.84707838974625,0.992342276453,0.5,0.5,0.49999448939172,0.50000169298878,1727072048765
68,0.66666666666667,0.83333333333333,0.84707838974625,0.98851412110565,0.5,0.5,0.49999448939172,0.50000286179944,1727072048782
68,0.66666666666667,0.83333333333333,0.84707838974625,0.97420040631977,0.5,0.5,0.49999448939172,0.5000001829895,1727072048799
68,0.66666666666667,0.83333333333333,0.84707838974625,0.97036944858491,0.5,0.5,0.49999448939172,0.50000009840303,1727072048818
68,0.66666666666667,0.83333333333333,0.84707838974625,0.95320333805771,0.5,0.5,0.49999448939172,0.50000152955592,1727072048832
68,0.66666666666667,0.83333333333333,0.84707838974625,0.93888767093289,0.5,0.5,0.49999448939172,0.50000498415015,1727072048848
68,0.66666666666667,0.83333333333333,0.84707838974625,0.92457602751912,0.5,0.5,0.49999448939172,0.50000319029238,1727072048865
68,0.66666666666667,0.83333333333333,0.84707838974625,0.91406470603546,0.5,0.5,0.49999448939172,0.50000150023813,1727072048882
68,0.66666666666667,0.83333333333333,0.84707838974625,0.89975353678213,0.5,0.5,0.49999448939172,0.49999985165031,1727072048898
68,0.66666666666667,0.83333333333333,0.84707838974625,0.88924830494831,0.5,0.5,0.49999448939172,0.50000104100606,1727072048916
68,0.66666666666667,0.83333333333333,0.84707838974625,0.87492743871712,0.5,0.5,0.49999448939172,0.50000213772151,1727072048932
68,0.66666666666667,0.83333333333333,0.84707838974625,0.86443370501972,0.5,0.5,0.49999448939172,0.500001452383,1727072048949
68,0.66666666666667,0.83333333333333,0.84707838974625,0.84342749320287,0.5,0.5,0.49999448939172,0.49999834815774,1727072048965
68,0.66666666666667,0.83333333333333,0.84707838974625,0.82242670109106,0.5,0.5,0.49999448939172,0.4999979085896,1727072048982
68,0.66666666666667,0.83333333333333,0.84707838974625,0.8081161159728,0.5,0.5,0.49999448939172,0.50000438912492,1727072048999
68,0.66666666666667,0.83333333333333,0.84707838974625,0.783324322379,0.5,0.5,0.49999448939172,0.50000066451134,1727072049015
68,0.66666666666667,0.83333333333333,0.84707838974625,0.77949576322762,0.5,0.5,0.49999448939172,0.50000185055199,1727072049032
68,0.66666666666667,0.83333333333333,0.84707838974625,0.76518864256327,0.5,0.5,0.49999448939172,0.5000021870797,1727072049049
68,0.66666666666667,0.83333333333333,0.84707838974625,0.74801870528128,0.5,0.5,0.49999448939172,0.50000183441257,1727072049065
68,0.66666666666667,0.83333333333333,0.84707838974625,0.74420327034465,0.5,0.5,0.49999448939172,0.50000181354713,1727072049082
68,0.66666666666667,0.83333333333333,0.84707838974625,0.72989398274335,0.5,0.5,0.49999448939172,0.50000094245271,1727072049098
68,0.66666666666667,0.83333333333333,0.84707838974625,0.72606743955274,0.5,0.5,0.49999448939172,0.50000333321113,1727072049120
68,0.66666666666667,0.83333333333333,0.84707838974625,0.72224168779509,0.5,0.5,0.49999448939172,0.49999746743539,1727072049134
68,0.66666666666667,0.83333333333333,0.84707838974625,0.71558916174706,0.5,0.5,0.49999448939172,0.50000259586493,1727072049148
68,0.66666666666667,0.83333333333333,0.84707838974625,0.71176992572989,0.5,0.5,0.49999448939172,0.50000039838203,1727072049174
68,0.66666666666667,0.83333333333333,0.84707838974625,0.7051096577267,0.5,0.5,0.49999448939172,0.50000113452093,1727072049191
68,0.66666666666667,0.83333333333333,0.84707838974625,0.70128827471345,0.5,0.5,0.49999448939172,0.49999766264404,1727072049214
68,0.66666666666667,0.83333333333333,0.84707838974625,0.69746966588526,0.5,0.5,0.49999448939172,0.50000472930936,1727072049263
68,0.66666666666667,0.83333333333333,0.84707838974625,0.68695834867196,0.5,0.5,0.49999448939172,0.50000264938814,1727072049298
68,0.66666666666667,0.83333333333333,0.84707838974625,0.68314123511216,0.5,0.5,0.49999448939172,0.50000163871289,1727072049348
68,0.66666666666667,0.83333333333333,0.84707838974625,0.68314123511216,0.5,0.5,0.49999448939172,0.50000163871289,1727072050537
69,0.83333333333333,1.0,0.83333333333333,0.66666666666667,0.5,0.5,0.5,0.5,1727072056526
69,0.83333333333333,1.0,0.8359871305503,0.66666666666667,0.5,0.5,0.49999082094633,0.5,1727072056557
69,0.83333333333333,1.0,0.82876752635216,0.66666666666667,0.5,0.5,0.49998865488037,0.5,1727072056572
69,0.83333333333333,1.0,0.82153794001779,0.66666666666667,0.5,0.5,0.49999525511073,0.5,1727072056588
69,0.83333333333333,1.0,0.80978340992572,0.66666666666667,0.5,0.5,0.49999252236183,0.5,1727072056598
69,0.83333333333333,1.0,0.77212594959066,0.66666666666667,0.5,0.5,0.50000220188486,0.5,1727072056615
69,0.83333333333333,1.0,0.71814129601343,0.66666666666667,0.5,0.5,0.49999200823718,0.5,1727072056631
69,0.83333333333333,1.0,0.66512190299877,0.66666666666667,0.5,0.5,0.49998456132917,0.5,1727072056648
69,0.83333333333333,1.0,0.6304385114153,0.66666666666667,0.5,0.5,0.49998027114767,0.5,1727072056665
69,0.83333333333333,1.0,0.62321417038239,0.66666666666667,0.5,0.5,0.50000597202716,0.5,1727072056681
69,0.83333333333333,1.0,0.61598826699691,0.66666666666667,0.5,0.5,0.49999196739296,0.5,1727072056698
69,0.83333333333333,1.0,0.60425542398484,0.66666666666667,0.5,0.5,0.50000616649507,0.5,1727072056715
69,0.83333333333333,1.0,0.59971385319455,0.66666666666667,0.5,0.5,0.49999601193422,0.5,1727072056746
69,0.83333333333333,1.0,0.59249228708034,0.66666666666667,0.5,0.5,0.50000550224667,0.5,1727072056762
69,0.83333333333333,1.0,0.58526578918094,0.66666666666667,0.5,0.5,0.4999947132623,0.5,1727072056778
69,0.83333333333333,1.0,0.58072933196974,0.66666666666667,0.5,0.5,0.50000367087963,0.5,1727072056786
69,0.83333333333333,1.0,0.57618580484225,0.66666666666667,0.5,0.5,0.50000563860402,0.5,1727072057761
69,0.83333333333333,1.0,0.56896563039021,0.66666666666667,0.5,0.5,0.50000656973261,0.5,1727072057769
69,0.83333333333333,1.0,0.56174002187198,0.66666666666667,0.5,0.5,0.49998972841773,0.5,1727072057782
69,0.83333333333333,1.0,0.55001172774695,0.66666666666667,0.5,0.5,0.49997502163045,0.5,1727072057798
69,0.83333333333333,1.0,0.54278727852825,0.66666666666667,0.5,0.5,0.50000399787987,0.5,1727072057815
69,0.83333333333333,1.0,0.53105968039511,0.66666666666667,0.5,0.5,0.49998447249007,0.5,1727072057831
69,0.83333333333333,1.0,0.52383892835956,0.66666666666667,0.5,0.5,0.49998917683409,0.5,1727072057848
69,0.83333333333333,1.0,0.52649813603431,0.66666666666667,0.5,0.5,0.49999757137525,0.5,1727072057878
69,0.83333333333333,1.0,0.5192786377803,0.66666666666667,0.5,0.5,0.49999387455723,0.5,1727072057886
69,0.83333333333333,1.0,0.51205978404956,0.66666666666667,0.5,0.5,0.49998566982325,0.5,1727072057902
69,0.83333333333333,1.0,0.5048304429442,0.66666666666667,0.5,0.5,0.49999330600914,0.5,1727072057915
69,0.83333333333333,1.0,0.5002965191114,0.66666666666667,0.5,0.5,0.49998549803179,0.5,1727072057932
69,0.83333333333333,1.0,0.49307546912184,0.66666666666667,0.5,0.5,0.4999925111078,0.5,1727072057948
69,0.83333333333333,1.0,0.4786364078583,0.66666666666667,0.5,0.5,0.49998507119927,0.5,1727072057965
69,0.83333333333333,1.0,0.47410860385812,0.66666666666667,0.5,0.5,0.49999190164712,0.5,1727072057982
69,0.83333333333333,1.0,0.46957380306078,0.66666666666667,0.5,0.5,0.49999014636709,0.5,1727072057999
69,0.83333333333333,1.0,0.46235405176281,0.66666666666667,0.5,0.5,0.49998794284598,0.5,1727072058021
69,0.83333333333333,1.0,0.45513455822125,0.66666666666667,0.5,0.5,0.49998377614886,0.5,1727072058032
69,0.83333333333333,1.0,0.4505993850164,0.66666666666667,0.5,0.5,0.49998470991109,0.5,1727072058081
69,0.83333333333333,1.0,0.44337861322729,0.66666666666667,0.5,0.5,0.49999011211489,0.5,1727072058100
69,0.83333333333333,1.0,0.43615687441386,0.66666666666667,0.5,0.5,0.50000302324149,0.5,1727072058115
69,0.83333333333333,1.0,0.42892990182434,0.66666666666667,0.5,0.5,0.49999339231308,0.5,1727072058131
69,0.83333333333333,1.0,0.42170929980052,0.66666666666667,0.5,0.5,0.49999773602093,0.5,1727072061959
69,0.83333333333333,1.0,0.42437957807762,0.66666666666667,0.5,0.5,0.49998492325035,0.5,1727072061998
69,0.83333333333333,1.0,0.43161464608513,0.66666666666667,0.5,0.5,0.49999540540914,0.5,1727072062101
69,0.83333333333333,1.0,0.43884372434418,0.66666666666667,0.5,0.5,0.49998893773856,0.5,1727072062165
69,0.83333333333333,1.0,0.44607822191423,0.66666666666667,0.5,0.5,0.50000346059016,0.5,1727072062215
69,0.83333333333333,1.0,0.45330825827532,0.66666666666667,0.5,0.5,0.49998989484848,0.5,1727072062242
69,0.83333333333333,1.0,0.46054588012402,0.66666666666667,0.5,0.5,0.49998104013763,0.5,1727072062385
69,0.83333333333333,1.0,0.4677789356877,0.66666666666667,0.5,0.5,0.50000574505555,0.5,1727072062409
69,0.83333333333333,1.0,0.4750106909122,0.66666666666667,0.5,0.5,0.49998012244688,0.5,1727072062489
69,0.83333333333333,1.0,0.48224533165596,0.66666666666667,0.5,0.5,0.49999298892345,0.5,1727072062512
69,0.83333333333333,1.0,0.48947450119469,0.66666666666667,0.5,0.5,0.4999863400221,0.5,1727072063589
69,0.83333333333333,1.0,0.49935290979297,0.66666666666667,0.5,0.5,0.50000103405186,0.5,1727072064865
69,0.83333333333333,1.0,0.50922720428238,0.66666666666667,0.5,0.5,0.4999872038405,0.5,1727072065103
69,0.83333333333333,1.0,0.49937794508321,0.66666666666667,0.5,0.5,0.49999769157797,0.5,1727072065727
69,0.83333333333333,1.0,0.49937794508321,0.66666666666667,0.5,0.5,0.49999769157797,0.5,1727072066489
69,0.83333333333333,1.0,0.49937794508321,0.66666666666667,0.5,0.5,0.49999769157797,0.5,1727072067898
69,0.82951398026378,1.0,0.49937794508321,0.66666666666667,0.50000321137897,0.5,0.49999769157797,0.5,1727072067961
69,0.82190308181868,1.0,0.49937794508321,0.66666666666667,0.50000554161783,0.5,0.49999769157797,0.5,1727072067977
69,0.81807673034589,1.0,0.49937794508321,0.66666666666667,0.49999990051445,0.5,0.49999769157797,0.5,1727072067985
69,0.80672218344934,1.0,0.49937794508321,0.66666666666667,0.49999953384345,0.5,0.49999769157797,0.5,1727072067998
69,0.77819282547222,1.0,0.49937794508321,0.66666666666667,0.50000440233814,0.5,0.49999769157797,0.5,1727072068014
69,0.73247393414487,1.0,0.49937794508321,0.66666666666667,0.4999983227184,0.5,0.49999769157797,0.5,1727072068031
69,0.68677492540902,1.0,0.49937794508321,0.66666666666667,0.50000335151617,0.5,0.49999769157797,0.5,1727072068048
69,0.6619947044749,1.0,0.49937794508321,0.66666666666667,0.50000609915466,0.5,0.49999769157797,0.5,1727072068065
69,0.62101335277965,1.0,0.49937794508321,0.66666666666667,0.49999871390011,0.5,0.49999769157797,0.5,1727072068081
69,0.60671195297528,1.0,0.49937794508321,0.66666666666667,0.50000274191016,0.5,0.49999769157797,0.5,1727072068098
69,0.58954296585977,1.0,0.49937794508321,0.66666666666667,0.50000295799067,0.5,0.49999769157797,0.5,1727072068114
69,0.56854151231712,1.0,0.49937794508321,0.66666666666667,0.50000205485168,0.5,0.49999769157797,0.5,1727072068131
69,0.55804359466416,1.0,0.49937794508321,0.66666666666667,0.49999825386685,0.5,0.49999769157797,0.5,1727072068148
69,0.54374096475323,1.0,0.49937794508321,0.66666666666667,0.5000017387208,0.5,0.49999769157797,0.5,1727072068164
69,0.53709590055052,1.0,0.49937794508321,0.66666666666667,0.50000251665014,0.5,0.49999769157797,0.5,1727072068181
69,0.5265915944737,1.0,0.49937794508321,0.66666666666667,0.50000495468625,0.5,0.49999769157797,0.5,1727072068198
69,0.50559200010083,1.0,0.49937794508321,0.66666666666667,0.50000538835879,0.5,0.49999769157797,0.5,1727072068214
69,0.48842518219956,1.0,0.49937794508321,0.66666666666667,0.49999582856095,0.5,0.49999769157797,0.5,1727072068231
69,0.4779237757335,1.0,0.49937794508321,0.66666666666667,0.50000052927833,0.5,0.49999769157797,0.5,1727072068248
69,0.46741953663601,1.0,0.49937794508321,0.66666666666667,0.50000319077838,0.5,0.49999769157797,0.5,1727072068264
69,0.46077233941032,1.0,0.49937794508321,0.66666666666667,0.50000241129582,0.5,0.49999769157797,0.5,1727072068284
69,0.45695816947228,1.0,0.49937794508321,0.66666666666667,0.50000337158267,0.5,0.49999769157797,0.5,1727072068301
69,0.45030341829325,1.0,0.49937794508321,0.66666666666667,0.49999663518696,0.5,0.49999769157797,0.5,1727072068314
69,0.42931017556301,1.0,0.49937794508321,0.66666666666667,0.5000020154115,0.5,0.49999769157797,0.5,1727072068331
69,0.41214423549161,1.0,0.49937794508321,0.66666666666667,0.50000480762711,0.5,0.49999769157797,0.5,1727072068348
69,0.39497266403525,1.0,0.49937794508321,0.66666666666667,0.5000029347865,0.5,0.49999769157797,0.5,1727072068364
69,0.38447631987392,1.0,0.49937794508321,0.66666666666667,0.49999947584604,0.5,0.49999769157797,0.5,1727072068381
69,0.37782348247807,1.0,0.49937794508321,0.66666666666667,0.50000711119642,0.5,0.49999769157797,0.5,1727072068405
69,0.37401321554893,1.0,0.49937794508321,0.66666666666667,0.49999808358271,0.5,0.49999769157797,0.5,1727072069071
69,0.36351169429252,1.0,0.49937794508321,0.66666666666667,0.50000359635759,0.5,0.49999769157797,0.5,1727072069081
69,0.35300300909163,1.0,0.49937794508321,0.66666666666667,0.50000275122639,0.5,0.49999769157797,0.5,1727072069101
69,0.34635967211007,1.0,0.49937794508321,0.66666666666667,0.50000538603288,0.5,0.49999769157797,0.5,1727072069117
69,0.32919171579124,1.0,0.49937794508321,0.66666666666667,0.50000675881795,0.5,0.49999769157797,0.5,1727072069164
69,0.31869634959389,1.0,0.49937794508321,0.66666666666667,0.50000391846107,0.5,0.49999769157797,0.5,1727072069181
69,0.32919971573932,1.0,0.49937794508321,0.66666666666667,0.49999972941784,0.5,0.49999769157797,0.5,1727072069443
69,0.33588024631196,1.0,0.49937794508321,0.66666666666667,0.50000312724968,0.5,0.49999769157797,0.5,1727072069451
69,0.33975921864934,1.0,0.49937794508321,0.66666666666667,0.50000502240134,0.5,0.49999769157797,0.5,1727072069467
69,0.35028084308954,1.0,0.49937794508321,0.66666666666667,0.50000360033794,0.5,0.49999769157797,0.5,1727072069481
69,0.36079041822518,1.0,0.49937794508321,0.66666666666667,0.50000523791548,0.5,0.49999769157797,0.5,1727072069531
69,0.36746740989485,1.0,0.49937794508321,0.66666666666667,0.50000524252078,0.5,0.49999769157797,0.5,1727072070891
69,0.36746740989485,1.0,0.49937794508321,0.66666666666667,0.50000524252078,0.5,0.49999769157797,0.5,1727072071605
69,0.36746740989485,1.0,0.49937794508321,0.66666666666667,0.50000524252078,0.5,0.49999769157797,0.5,1727072072406
69,0.36746740989485,1.0,0.49937794508321,0.66666666666667,0.50000524252078,0.5,0.49999769157797,0.5,1727072073417
69,0.36746740989485,1.0,0.49937794508321,0.66666666666667,0.50000524252078,0.5,0.49999769157797,0.5,1727072074338
69,0.36746740989485,0.99334190520141,0.49937794508321,0.66666666666667,0.50000524252078,0.49999847299443,0.49999769157797,0.5,1727072074353
69,0.36746740989485,0.98004516560429,0.49937794508321,0.66666666666667,0.50000524252078,0.50000044294826,0.49999769157797,0.5,1727072074368
69,0.36746740989485,0.95904424574774,0.49937794508321,0.66666666666667,0.50000524252078,0.5000008701005,0.49999769157797,0.5,1727072074381
69,0.36746740989485,0.94186922462133,0.49937794508321,0.66666666666667,0.50000524252078,0.50000356111684,0.49999769157797,0.5,1727072074397
69,0.36746740989485,0.90369491037527,0.49937794508321,0.66666666666667,0.50000524252078,0.49999875622769,0.49999769157797,0.5,1727072074414
69,0.36746740989485,0.81253471659183,0.49937794508321,0.66666666666667,0.50000524252078,0.50000194318211,0.49999769157797,0.5,1727072074431
69,0.36746740989485,0.75170303443189,0.49937794508321,0.66666666666667,0.50000524252078,0.50000256365748,0.49999769157797,0.5,1727072074447
69,0.36746740989485,0.70802555078212,0.49937794508321,0.66666666666667,0.50000524252078,0.50000300313922,0.49999769157797,0.5,1727072074464
69,0.36746740989485,0.62101188748635,0.49937794508321,0.66666666666667,0.50000524252078,0.50000221359729,0.49999769157797,0.5,1727072074481
69,0.36746740989485,0.53406585783304,0.49937794508321,0.66666666666667,0.50000524252078,0.49999696276511,0.49999769157797,0.5,1727072074497
69,0.36746740989485,0.44074704080496,0.49937794508321,0.66666666666667,0.50000524252078,0.50000543178815,0.49999769157797,0.5,1727072074514
69,0.36746740989485,0.36695309951136,0.49937794508321,0.66666666666667,0.50000524252078,0.50000066722353,0.49999769157797,0.5,1727072074531
69,0.36746740989485,0.32993311220877,0.49937794508321,0.66666666666667,0.50000524252078,0.50000508549083,0.49999769157797,0.5,1727072074547
69,0.36746740989485,0.31276568561498,0.49937794508321,0.66666666666667,0.50000524252078,0.5000034731116,0.49999769157797,0.5,1727072074564
69,0.36746740989485,0.28233885525087,0.49937794508321,0.66666666666667,0.50000524252078,0.49999959224282,0.49999769157797,0.5,1727072074581
69,0.36746740989485,0.25466099214991,0.49937794508321,0.66666666666667,0.50000524252078,0.50000059683123,0.49999769157797,0.5,1727072074597
69,0.36746740989485,0.21113998725558,0.49937794508321,0.66666666666667,0.50000524252078,0.49999817588689,0.49999769157797,0.5,1727072074614
69,0.36746740989485,0.18073541939515,0.49937794508321,0.66666666666667,0.50000524252078,0.50000389386013,0.49999769157797,0.5,1727072074631
69,0.36746740989485,0.12923767460622,0.49937794508321,0.66666666666667,0.50000524252078,0.50001232701204,0.49999769157797,0.5,1727072074647
69,0.36746740989485,0.06231732686602,0.49937794508321,0.66666666666667,0.50000524252078,0.50001015051697,0.49999769157797,0.5,1727072074664
69,0.36746740989485,0.05567984984227,0.49937794508321,0.66666666666667,0.50000524252078,0.49999472124931,0.49999769157797,0.5,1727072074681
69,0.36746740989485,0.04904874386757,0.49937794508321,0.66666666666667,0.50000524252078,0.49999522502062,0.49999769157797,0.5,1727072074697
69,0.36746740989485,0.06621896717715,0.49937794508321,0.66666666666667,0.50000524252078,0.49999375380251,0.49999769157797,0.5,1727072075533
69,0.36746740989485,0.07290290750109,0.49937794508321,0.66666666666667,0.50000524252078,0.50000816966504,0.49999769157797,0.5,1727072075549
69,0.36746740989485,0.08342251420026,0.49937794508321,0.66666666666667,0.50000524252078,0.49998821095759,0.49999769157797,0.5,1727072075564
69,0.36746740989485,0.09010112688311,0.49937794508321,0.66666666666667,0.50000524252078,0.50001064306935,0.49999769157797,0.5,1727072075581
69,0.36746740989485,0.0967908793474,0.49937794508321,0.66666666666667,0.50000524252078,0.49999004156831,0.49999769157797,0.5,1727072075598
69,0.36746740989485,0.10347204594799,0.49937794508321,0.66666666666667,0.50000524252078,0.50000760713122,0.49999769157797,0.5,1727072075614
69,0.36746740989485,0.1101486811678,0.49937794508321,0.66666666666667,0.50000524252078,0.50000790677003,0.49999769157797,0.5,1727072075635
69,0.36746740989485,0.12067343082817,0.49937794508321,0.66666666666667,0.50000524252078,0.5000051942775,0.49999769157797,0.5,1727072075659
69,0.36746740989485,0.12735171902618,0.49937794508321,0.66666666666667,0.50000524252078,0.500003107838,0.49999769157797,0.5,1727072075675
69,0.36746740989485,0.1312563560373,0.49937794508321,0.66666666666667,0.50000524252078,0.50000749424004,0.49999769157797,0.5,1727072075682
69,0.36746740989485,0.13793969051808,0.49937794508321,0.66666666666667,0.50000524252078,0.49999825340987,0.49999769157797,0.5,1727072075697
69,0.36746740989485,0.15133572270382,0.49937794508321,0.66666666666667,0.50000524252078,0.50000376243695,0.49999769157797,0.5,1727072075714
69,0.36746740989485,0.16473020144269,0.49937794508321,0.66666666666667,0.50000524252078,0.50001098074021,0.49999769157797,0.5,1727072075731
69,0.36746740989485,0.17141087374702,0.49937794508321,0.66666666666667,0.50000524252078,0.50000590154794,0.49999769157797,0.5,1727072075747
69,0.36746740989485,0.17808804395977,0.49937794508321,0.66666666666667,0.50000524252078,0.50000549121348,0.49999769157797,0.5,1727072075764
69,0.36746740989485,0.18476822529878,0.49937794508321,0.66666666666667,0.50000524252078,0.50000127503585,0.49999769157797,0.5,1727072075781
69,0.36746740989485,0.191447024455,0.49937794508321,0.66666666666667,0.50000524252078,0.49999891268564,0.49999769157797,0.5,1727072075800
69,0.36746740989485,0.20196638494971,0.49937794508321,0.66666666666667,0.50000524252078,0.500003471462,0.49999769157797,0.5,1727072075814
69,0.36746740989485,0.19816727126341,0.49937794508321,0.66666666666667,0.50000524252078,0.50000241055736,0.49999769157797,0.5,1727072076301
69,0.36746740989485,0.18766073592017,0.49937794508321,0.66666666666667,0.50000524252078,0.50000101097563,0.49999769157797,0.5,1727072076365
69,0.36746740989485,0.1771635760334,0.49937794508321,0.66666666666667,0.50000524252078,0.50000729843621,0.49999769157797,0.5,1727072076395
69,0.36746740989485,0.1733744515581,0.49937794508321,0.66666666666667,0.50000524252078,0.49999320137084,0.49999769157797,0.5,1727072076411
69,0.36746740989485,0.16673360707547,0.49937794508321,0.66666666666667,0.50000524252078,0.50000642235432,0.49999769157797,0.5,1727072076475
69,0.36746740989485,0.15622976892029,0.49937794508321,0.66666666666667,0.50000524252078,0.50000135760685,0.49999769157797,0.5,1727072076523
69,0.36746740989485,0.1524428602047,0.49937794508321,0.66666666666667,0.50000524252078,0.50000451214904,0.49999769157797,0.5,1727072076975
69,0.36746740989485,0.14579514424094,0.49937794508321,0.66666666666667,0.50000524252078,0.50000676391759,0.49999769157797,0.5,1727072079445
69,0.36746740989485,0.14579514424094,0.49937794508321,0.66666666666667,0.50000524252078,0.50000676391759,0.49999769157797,0.5,1727072080213
69,0.36746740989485,0.14579514424094,0.49937794508321,0.66666666666667,0.50000524252078,0.50000676391759,0.49999769157797,0.5,1727072084000
69,0.36746740989485,0.14579514424094,0.49937794508321,0.67053281448788,0.50000524252078,0.50000676391759,0.49999769157797,0.49999661784426,1727072084125
69,0.36746740989485,0.14579514424094,0.49937794508321,0.67720043117428,0.50000524252078,0.50000676391759,0.49999769157797,0.50000025638345,1727072084141
69,0.36746740989485,0.14579514424094,0.49937794508321,0.68387624792127,0.50000524252078,0.50000676391759,0.49999769157797,0.4999996014109,1727072084157
69,0.36746740989485,0.14579514424094,0.49937794508321,0.70393379326211,0.50000524252078,0.50000676391759,0.49999769157797,0.49999730195346,1727072084165
69,0.36746740989485,0.14579514424094,0.49937794508321,0.71059867476378,0.50000524252078,0.50000676391759,0.49999769157797,0.49999923938973,1727072084180
69,0.36746740989485,0.14579514424094,0.49937794508321,0.75083280072437,0.50000524252078,0.50000676391759,0.49999769157797,0.50000111908881,1727072084197
69,0.36746740989485,0.14579514424094,0.49937794508321,0.78432582761183,0.50000524252078,0.50000676391759,0.49999769157797,0.50000146620483,1727072084214
69,0.36746740989485,0.14579514424094,0.49937794508321,0.80437051722589,0.50000524252078,0.50000676391759,0.49999769157797,0.50000067268632,1727072084230
69,0.36746740989485,0.14579514424094,0.49937794508321,0.81103993129851,0.50000524252078,0.50000676391759,0.49999769157797,0.49999676668753,1727072084247
69,0.36746740989485,0.14579514424094,0.49937794508321,0.81770174215238,0.50000524252078,0.50000676391759,0.49999769157797,0.49999692751688,1727072084297
69,0.36746740989485,0.14579514424094,0.49937794508321,0.82437349221297,0.50000524252078,0.50000676391759,0.49999769157797,0.49999429198827,1727072084347
69,0.36746740989485,0.14579514424094,0.49937794508321,0.82055046292702,0.50000524252078,0.50000676391759,0.49999769157797,0.49999825765177,1727072084657
69,0.36746740989485,0.14579514424094,0.49937794508321,0.81672814703663,0.50000524252078,0.50000676391759,0.49999769157797,0.50000262044072,1727072084671
69,0.36746740989485,0.14579514424094,0.49937794508321,0.80622143001025,0.50000524252078,0.50000676391759,0.49999769157797,0.49999512508497,1727072084807
69,0.36746740989485,0.14579514424094,0.49937794508321,0.80240186328442,0.50000524252078,0.50000676391759,0.49999769157797,0.50000097613112,1727072084822
69,0.36746740989485,0.14579514424094,0.49937794508321,0.79189370227917,0.50000524252078,0.50000676391759,0.49999769157797,0.50000073796002,1727072084864
69,0.36746740989485,0.14579514424094,0.49937794508321,0.7852403867562,0.50000524252078,0.50000676391759,0.49999769157797,0.49999692866866,1727072084914
69,0.36746740989485,0.14579514424094,0.49937794508321,0.77473258200599,0.50000524252078,0.50000676391759,0.49999769157797,0.49999683667784,1727072084930
69,0.36746740989485,0.14579514424094,0.49937794508321,0.76423296871474,0.50000524252078,0.50000676391759,0.49999769157797,0.50000119562142,1727072084947
69,0.36746740989485,0.14579514424094,0.49937794508321,0.75372077537264,0.50000524252078,0.50000676391759,0.49999769157797,0.49999873579208,1727072084964
69,0.36746740989485,0.14579514424094,0.49937794508321,0.75372077537264,0.50000524252078,0.50000676391759,0.49999769157797,0.49999873579208,1727072085535
70,0.66666666666667,0.16666666666667,0.83333333333333,0.33333333333333,0.5,0.5,0.5,0.5,1727072090384
70,0.66666666666667,0.16666666666667,0.85042816452699,0.33333333333333,0.5,0.5,0.49998636283674,0.5,1727072090430
70,0.66666666666667,0.16666666666667,0.8819748962626,0.33333333333333,0.5,0.5,0.49999622809897,0.5,1727072090447
70,0.66666666666667,0.16666666666667,0.9425108934154,0.33333333333333,0.5,0.5,0.49999354245365,0.5,1727072090463
70,0.66666666666667,0.16666666666667,1.0,0.33333333333333,0.5,0.5,0.5,0.5,1727072090480
70,0.66666666666667,0.16666666666667,1.0,0.33333333333333,0.5,0.5,0.5,0.5,1727072090497
70,0.66666666666667,0.16666666666667,1.0,0.33333333333333,0.5,0.5,0.5,0.5,1727072090513
70,0.66666666666667,0.16666666666667,1.0,0.33333333333333,0.5,0.5,0.5,0.5,1727072090530
70,0.66666666666667,0.16666666666667,1.0,0.33333333333333,0.5,0.5,0.5,0.5,1727072090547
70,0.66666666666667,0.16666666666667,1.0,0.33333333333333,0.5,0.5,0.5,0.5,1727072090563
70,0.66666666666667,0.16666666666667,1.0,0.33333333333333,0.5,0.5,0.5,0.5,1727072090580
70,0.66666666666667,0.16666666666667,1.0,0.33333333333333,0.5,0.5,0.5,0.5,1727072090597
70,0.66666666666667,0.16666666666667,1.0,0.33333333333333,0.5,0.5,0.5,0.5,1727072090683
70,0.66666666666667,0.16666666666667,1.0,0.33333333333333,0.5,0.5,0.5,0.5,1727072090707
70,0.66666666666667,0.16666666666667,1.0,0.33333333333333,0.5,0.5,0.5,0.5,1727072090777
70,0.66666666666667,0.16666666666667,1.0,0.33333333333333,0.5,0.5,0.5,0.5,1727072093210
70,0.64566400156219,0.16666666666667,1.0,0.33333333333333,0.50000151616893,0.5,0.5,0.5,1727072093230
70,0.60749418561172,0.16666666666667,1.0,0.33333333333333,0.50000120741441,0.5,0.5,0.5,1727072093246
70,0.55883161770336,0.16666666666667,1.0,0.33333333333333,0.50000057834947,0.5,0.5,0.5,1727072093263
70,0.52735907714967,0.16666666666667,1.0,0.33333333333333,0.50000370999198,0.5,0.5,0.5,1727072093280
70,0.47804111464271,0.16666666666667,1.0,0.33333333333333,0.49999618392205,0.5,0.5,0.5,1727072093297
70,0.37718228192967,0.16666666666667,1.0,0.33333333333333,0.49999794875918,0.5,0.5,0.5,1727072093313
70,0.27634164044678,0.16666666666667,1.0,0.33333333333333,0.50000332981867,0.5,0.5,0.5,1727072093330
70,0.17583733366165,0.16666666666667,1.0,0.33333333333333,0.49998858052369,0.5,0.5,0.5,1727072093347
70,0.15486305919836,0.16666666666667,1.0,0.33333333333333,0.5000020708869,0.5,0.5,0.5,1727072093363
70,0.13699964170812,0.16666666666667,1.0,0.33333333333333,0.49999948956885,0.5,0.5,0.5,1727072093380
70,0.12650343929026,0.16666666666667,1.0,0.33333333333333,0.49999377212652,0.5,0.5,0.5,1727072093398
70,0.12271984102103,0.16666666666667,1.0,0.33333333333333,0.49999521343187,0.5,0.5,0.5,1727072093414
70,0.11221496232102,0.16666666666667,1.0,0.33333333333333,0.49999935722388,0.5,0.5,0.5,1727072093430
70,0.10843328071806,0.16666666666667,1.0,0.33333333333333,0.50000386307302,0.5,0.5,0.5,1727072093446
70,0.09126166610699,0.16666666666667,1.0,0.33333333333333,0.50000020621889,0.5,0.5,0.5,1727072093463
70,0.07704604372271,0.16666666666667,1.0,0.33333333333333,0.49999981435575,0.5,0.5,0.5,1727072093480
70,0.06655073863453,0.16666666666667,1.0,0.33333333333333,0.49999458769853,0.5,0.5,0.5,1727072093496
70,0.04878611437843,0.16666666666667,1.0,0.33333333333333,0.50000276598514,0.5,0.5,0.5,1727072093513
70,0.0450144667627,0.16666666666667,1.0,0.33333333333333,0.49999828469792,0.5,0.5,0.5,1727072093530
70,0.03082260715153,0.16666666666667,1.0,0.33333333333333,0.49998397560647,0.5,0.5,0.5,1727072093546
70,0.01365143436961,0.16666666666667,1.0,0.33333333333333,0.49997887091569,0.5,0.5,0.5,1727072093563
70,0.00988941944179,0.16666666666667,1.0,0.33333333333333,0.49999387285973,0.5,0.5,0.5,1727072093581
70,0.0,0.16666666666667,1.0,0.33333333333333,0.5,0.5,0.5,0.5,1727072093597
70,0.0,0.16666666666667,1.0,0.33333333333333,0.5,0.5,0.5,0.5,1727072093613
70,0.0,0.16666666666667,1.0,0.33333333333333,0.5,0.5,0.5,0.5,1727072093630
70,0.02707151947825,0.16666666666667,1.0,0.33333333333333,0.49998924765065,0.5,0.5,0.5,1727072093677
70,0.02707151947825,0.16666666666667,1.0,0.33333333333333,0.49998924765065,0.5,0.5,0.5,1727072093677
70,0.02707151947825,0.16666666666667,1.0,0.33333333333333,0.49998924765065,0.5,0.5,0.5,1727072094478
70,0.02044006805562,0.16666666666667,1.0,0.33333333333333,0.49998759324091,0.5,0.5,0.5,1727072094501
70,0.00994654567254,0.16666666666667,1.0,0.33333333333333,0.49998451610443,0.5,0.5,0.5,1727072094517
70,0.0,0.16666666666667,1.0,0.33333333333333,0.5,0.5,0.5,0.5,1727072094532
70,0.0,0.16666666666667,1.0,0.33333333333333,0.5,0.5,0.5,0.5,1727072094547
70,0.0,0.16666666666667,1.0,0.33333333333333,0.5,0.5,0.5,0.5,1727072094571
70,0.0,0.16666666666667,1.0,0.33333333333333,0.5,0.5,0.5,0.5,1727072094586
70,0.0,0.16666666666667,1.0,0.33333333333333,0.5,0.5,0.5,0.5,1727072094603
70,0.0,0.16666666666667,1.0,0.33333333333333,0.5,0.5,0.5,0.5,1727072094613
70,0.0,0.16666666666667,1.0,0.33333333333333,0.5,0.5,0.5,0.5,1727072094630
70,0.0,0.16666666666667,1.0,0.33333333333333,0.5,0.5,0.5,0.5,1727072094646
70,0.0,0.16666666666667,1.0,0.33333333333333,0.5,0.5,0.5,0.5,1727072094663
70,0.0,0.16666666666667,1.0,0.33333333333333,0.5,0.5,0.5,0.5,1727072094680
70,0.0,0.16666666666667,1.0,0.33333333333333,0.5,0.5,0.5,0.5,1727072094696
70,0.0,0.16666666666667,1.0,0.33333333333333,0.5,0.5,0.5,0.5,1727072094713
70,0.0,0.16666666666667,1.0,0.33333333333333,0.5,0.5,0.5,0.5,1727072094730
70,0.0,0.16666666666667,1.0,0.33333333333333,0.5,0.5,0.5,0.5,1727072094746
70,0.0,0.16666666666667,1.0,0.33333333333333,0.5,0.5,0.5,0.5,1727072094763
70,0.0,0.16666666666667,1.0,0.33333333333333,0.5,0.5,0.5,0.5,1727072094780
70,0.0,0.16666666666667,1.0,0.33333333333333,0.5,0.5,0.5,0.5,1727072094797
70,0.0,0.16666666666667,1.0,0.33333333333333,0.5,0.5,0.5,0.5,1727072094813
70,0.0,0.16666666666667,1.0,0.33333333333333,0.5,0.5,0.5,0.5,1727072094830
70,0.0,0.16666666666667,1.0,0.33333333333333,0.5,0.5,0.5,0.5,1727072094846
70,0.0,0.16666666666667,1.0,0.33333333333333,0.5,0.5,0.5,0.5,1727072094848
70,0.0,0.16666666666667,1.0,0.33333333333333,0.5,0.5,0.5,0.5,1727072095816
70,0.0,0.17056131015261,1.0,0.33333333333333,0.5,0.50001038345278,0.5,0.5,1727072095847
70,0.0,0.19442408718506,1.0,0.33333333333333,0.5,0.50000828941144,0.5,0.5,1727072095863
70,0.0,0.23262417058413,1.0,0.33333333333333,0.5,0.50000753802449,0.5,0.5,1727072095880
70,0.0,0.34734453511852,1.0,0.33333333333333,0.5,0.50000859379448,0.5,0.5,1727072095896
70,0.0,0.5149440444561,1.0,0.33333333333333,0.5,0.50000706453075,0.5,0.5,1727072095913
70,0.0,0.6800242703727,1.0,0.33333333333333,0.5,0.50000385260101,0.5,0.5,1727072095930
70,0.0,0.8157658516043,1.0,0.33333333333333,0.5,0.50000174806903,0.5,0.5,1727072095946
70,0.0,0.9027055504679,1.0,0.33333333333333,0.5,0.50000102442343,0.5,0.5,1727072095963
70,0.0,0.93705203311588,1.0,0.33333333333333,0.5,0.50000441478431,0.5,0.5,1727072095980
70,0.0,0.95807739030052,1.0,0.33333333333333,0.5,0.49999978677368,0.5,0.5,1727072095996
70,0.0,0.97525134572166,1.0,0.33333333333333,0.5,0.49999766380264,0.5,0.5,1727072096013
70,0.0,0.97911355128882,1.0,0.33333333333333,0.5,0.50000427280637,0.5,0.5,1727072096030
70,0.0,0.99246492515046,1.0,0.33333333333333,0.5,0.49999849719814,0.5,0.5,1727072096046
70,0.0,1.0,1.0,0.33333333333333,0.5,0.5,0.5,0.5,1727072096063
70,0.0,1.0,1.0,0.33333333333333,0.5,0.5,0.5,0.5,1727072096080
70,0.0,1.0,1.0,0.33333333333333,0.5,0.5,0.5,0.5,1727072096096
70,0.0,1.0,1.0,0.33333333333333,0.5,0.5,0.5,0.5,1727072096113
70,0.0,1.0,1.0,0.33333333333333,0.5,0.5,0.5,0.5,1727072096130
70,0.0,1.0,1.0,0.33333333333333,0.5,0.5,0.5,0.5,1727072096146
70,0.0,1.0,1.0,0.33333333333333,0.5,0.5,0.5,0.5,1727072096163
70,0.0,1.0,1.0,0.33333333333333,0.5,0.5,0.5,0.5,1727072096180
70,0.0,1.0,1.0,0.33333333333333,0.5,0.5,0.5,0.5,1727072096196
70,0.0,1.0,1.0,0.33333333333333,0.5,0.5,0.5,0.5,1727072096213
70,0.0,1.0,1.0,0.33333333333333,0.5,0.5,0.5,0.5,1727072096230
70,0.0,1.0,1.0,0.33333333333333,0.5,0.5,0.5,0.5,1727072096246
70,0.0,1.0,1.0,0.33333333333333,0.5,0.5,0.5,0.5,1727072096263
70,0.0,1.0,1.0,0.33333333333333,0.5,0.5,0.5,0.5,1727072096280
70,0.0,1.0,1.0,0.33333333333333,0.5,0.5,0.5,0.5,1727072096296
70,0.0,1.0,1.0,0.33333333333333,0.5,0.5,0.5,0.5,1727072096313
70,0.0,1.0,1.0,0.33333333333333,0.5,0.5,0.5,0.5,1727072096330
70,0.0,1.0,1.0,0.33333333333333,0.5,0.5,0.5,0.5,1727072096346
70,0.0,1.0,1.0,0.33333333333333,0.5,0.5,0.5,0.5,1727072096363
70,0.0,1.0,1.0,0.33333333333333,0.5,0.5,0.5,0.5,1727072096413
70,0.0,1.0,1.0,0.33333333333333,0.5,0.5,0.5,0.5,1727072096607
70,0.0,1.0,1.0,0.33333333333333,0.5,0.5,0.5,0.5,1727072096687
70,0.0,1.0,1.0,0.33333333333333,0.5,0.5,0.5,0.5,1727072096821
70,0.0,1.0,1.0,0.33333333333333,0.5,0.5,0.5,0.5,1727072096845
70,0.0,1.0,1.0,0.33333333333333,0.5,0.5,0.5,0.5,1727072096880
70,0.0,1.0,1.0,0.33333333333333,0.5,0.5,0.5,0.5,1727072096896
70,0.0,1.0,1.0,0.33333333333333,0.5,0.5,0.5,0.5,1727072096946
70,0.0,1.0,1.0,0.33333333333333,0.5,0.5,0.5,0.5,1727072096996
70,0.0,1.0,1.0,0.33333333333333,0.5,0.5,0.5,0.5,1727072097059
70,0.0,1.0,1.0,0.33333333333333,0.5,0.5,0.5,0.5,1727072097096
70,0.0,0.99334228366252,1.0,0.33333333333333,0.5,0.49999830517601,0.5,0.5,1727072097819
70,0.0,0.98283478119672,1.0,0.33333333333333,0.5,0.50000508590448,0.5,0.5,1727072097830
70,0.0,0.96566904204727,1.0,0.33333333333333,0.5,0.5000035741998,0.5,0.5,1727072097846
70,0.0,0.94850241772177,1.0,0.33333333333333,0.5,0.50000242638957,0.5,0.5,1727072097863
70,0.0,0.94184112068064,1.0,0.33333333333333,0.5,0.50000232827303,0.5,0.5,1727072097880
70,0.0,0.9380175787816,1.0,0.33333333333333,0.5,0.4999989817433,0.5,0.5,1727072097896
70,0.0,0.91033593504031,1.0,0.33333333333333,0.5,0.50000120045571,0.5,0.5,1727072097913
70,0.0,0.89703915642836,1.0,0.33333333333333,0.5,0.50000336333988,0.5,0.5,1727072097930
70,0.0,0.88653424685656,1.0,0.33333333333333,0.5,0.50000204452909,0.5,0.5,1727072097946
70,0.0,0.8798864997258,1.0,0.33333333333333,0.5,0.50000283400368,0.5,0.5,1727072097963
70,0.0,0.87322600684972,1.0,0.33333333333333,0.5,0.50000233758843,0.5,0.5,1727072098041
70,0.0,0.87322600684972,1.0,0.33333333333333,0.5,0.50000233758843,0.5,0.5,1727072099355
70,0.0,0.87322600684972,1.0,0.33333333333333,0.5,0.50000233758843,0.5,0.5,1727072100685
70,0.0,0.87322600684972,1.0,0.33722193718524,0.5,0.50000233758843,0.5,0.50000615204254,1727072100725
70,0.0,0.87322600684972,1.0,0.35731037117254,0.5,0.50000233758843,0.5,0.50000243192702,1727072100741
70,0.0,0.87322600684972,1.0,0.38786917004692,0.5,0.50000233758843,0.5,0.50000659618828,1727072100748
70,0.0,0.87322600684972,1.0,0.40123879399473,0.5,0.50000233758843,0.5,0.50000679362965,1727072100763
70,0.0,0.87322600684972,1.0,0.4587866167242,0.5,0.50000233758843,0.5,0.50000155673912,1727072100779
70,0.0,0.87322600684972,1.0,0.57447488539558,0.5,0.50000233758843,0.5,0.49999863739562,1727072100796
70,0.0,0.87322600684972,1.0,0.88319860749607,0.5,0.50000233758843,0.5,0.49999932251253,1727072100813
70,0.0,0.87322600684972,1.0,1.0,0.5,0.50000233758843,0.5,0.5,1727072100829
70,0.0,0.87322600684972,1.0,1.0,0.5,0.50000233758843,0.5,0.5,1727072100846
70,0.0,0.87322600684972,1.0,1.0,0.5,0.50000233758843,0.5,0.5,1727072100863
70,0.0,0.87322600684972,1.0,1.0,0.5,0.50000233758843,0.5,0.5,1727072101319
71,0.83333333333333,0.0,0.83333333333333,0.66666666666667,0.5,0.5,0.5,0.5,1727072104512
71,0.83333333333333,0.0,0.83072969242067,0.66666666666667,0.5,0.5,0.5000006671643,0.5,1727072104519
71,0.83333333333333,0.0,0.82087605825874,0.66666666666667,0.5,0.5,0.49998945625888,0.5,1727072104562
71,0.83333333333333,0.0,0.81365467818595,0.66666666666667,0.5,0.5,0.49999601090361,0.5,1727072104579
71,0.83333333333333,0.0,0.78479370486434,0.66666666666667,0.5,0.5,0.49998168999755,0.5,1727072104596
71,0.83333333333333,0.0,0.73615917917337,0.66666666666667,0.5,0.5,0.49998930825844,0.5,1727072104613
71,0.83333333333333,0.0,0.66862339782591,0.66666666666667,0.5,0.5,0.49999664883837,0.5,1727072104629
71,0.83333333333333,0.0,0.61546415849605,0.66666666666667,0.5,0.5,0.49999320904962,0.5,1727072104646
71,0.83333333333333,0.0,0.50378272305346,0.66666666666667,0.5,0.5,0.49999269862521,0.5,1727072104663
71,0.83333333333333,0.0,0.36780478170326,0.66666666666667,0.5,0.5,0.49999601756903,0.5,1727072104679
71,0.83333333333333,0.0,0.25615061988251,0.66666666666667,0.5,0.5,0.49996772451186,0.5,1727072104696
71,0.83333333333333,0.0,0.15739475624706,0.66666666666667,0.5,0.5,0.49996204337673,0.5,1727072104713
71,0.83333333333333,0.0,0.07007267257681,0.66666666666667,0.5,0.5,0.4999878267263,0.5,1727072104729
71,0.83333333333333,0.0,0.0,0.66666666666667,0.5,0.5,0.5,0.5,1727072104746
71,0.83333333333333,0.0,0.0,0.66666666666667,0.5,0.5,0.5,0.5,1727072104763
71,0.83333333333333,0.0,0.0,0.66666666666667,0.5,0.5,0.5,0.5,1727072104780
71,0.83333333333333,0.0,0.0,0.66666666666667,0.5,0.5,0.5,0.5,1727072104796
71,0.83333333333333,0.0,0.0,0.66666666666667,0.5,0.5,0.5,0.5,1727072104812
71,0.83333333333333,0.0,0.0,0.66666666666667,0.5,0.5,0.5,0.5,1727072104829
71,0.83333333333333,0.0,0.0,0.66666666666667,0.5,0.5,0.5,0.5,1727072104846
71,0.83333333333333,0.0,0.0,0.66666666666667,0.5,0.5,0.5,0.5,1727072104863
71,0.83333333333333,0.0,0.0,0.66666666666667,0.5,0.5,0.5,0.5,1727072104879
71,0.83333333333333,0.0,0.0,0.66666666666667,0.5,0.5,0.5,0.5,1727072104896
71,0.83333333333333,0.0,0.0,0.66666666666667,0.5,0.5,0.5,0.5,1727072104912
71,0.83333333333333,0.0,0.0,0.66666666666667,0.5,0.5,0.5,0.5,1727072104929
71,0.83333333333333,0.0,0.0,0.66666666666667,0.5,0.5,0.5,0.5,1727072104946
71,0.83333333333333,0.0,0.0,0.66666666666667,0.5,0.5,0.5,0.5,1727072104962
71,0.83333333333333,0.0,0.0,0.66666666666667,0.5,0.5,0.5,0.5,1727072104979
71,0.83333333333333,0.0,0.0,0.66666666666667,0.5,0.5,0.5,0.5,1727072104996
71,0.83333333333333,0.0,0.0,0.66666666666667,0.5,0.5,0.5,0.5,1727072105013
71,0.83333333333333,0.0,0.0,0.66666666666667,0.5,0.5,0.5,0.5,1727072105029
71,0.83333333333333,0.0,0.0,0.66666666666667,0.5,0.5,0.5,0.5,1727072105046
71,0.83333333333333,0.0,0.0,0.66666666666667,0.5,0.5,0.5,0.5,1727072105056
71,0.83333333333333,0.0,0.0,0.66666666666667,0.5,0.5,0.5,0.5,1727072107846
71,0.83333333333333,0.0,0.0,0.66666666666667,0.5,0.5,0.5,0.5,1727072108622
71,0.83333333333333,0.0,0.0,0.67054097790428,0.5,0.5,0.5,0.50000150709697,1727072108685
71,0.83333333333333,0.0,0.0,0.67440959225218,0.5,0.5,0.5,0.50000572092356,1727072108696
71,0.83333333333333,0.0,0.0,0.69158280732523,0.5,0.5,0.5,0.49999894131916,1727072108712
71,0.83333333333333,0.0,0.0,0.71542188330739,0.5,0.5,0.5,0.50000371124032,1727072108729
71,0.83333333333333,0.0,0.0,0.7497698974795,0.5,0.5,0.5,0.50000036766119,1727072108746
71,0.83333333333333,0.0,0.0,0.78410911979072,0.5,0.5,0.5,0.50000076105355,1727072108762
71,0.83333333333333,0.0,0.0,0.81086083656434,0.5,0.5,0.5,0.49999963522433,1727072108779
71,0.83333333333333,0.0,0.0,0.82137482415529,0.5,0.5,0.5,0.50000287835092,1727072108811
71,0.83333333333333,0.0,0.0,0.8280481737891,0.5,0.5,0.5,0.50000103302673,1727072108851
71,0.83333333333333,0.0,0.0,0.83855913765021,0.5,0.5,0.5,0.50000268001288,1727072108867
71,0.83333333333333,0.0,0.0,0.84522371129808,0.5,0.5,0.5,0.50000419159569,1727072108879
71,0.83333333333333,0.0,0.0,0.8662539846842,0.5,0.5,0.5,0.50000386772391,1727072108896
71,0.83333333333333,0.0,0.0,0.87012277205201,0.5,0.5,0.5,0.49999984994121,1727072108912
71,0.83333333333333,0.0,0.0,0.87678409654361,0.5,0.5,0.5,0.4999997461341,1727072108929
71,0.83333333333333,0.0,0.0,0.88346248982304,0.5,0.5,0.5,0.50000046275284,1727072108979
71,0.83333333333333,0.0,0.0,0.89785126103708,0.5,0.5,0.5,0.50000245305292,1727072108996
71,0.83333333333333,0.0,0.0,0.90452133887932,0.5,0.5,0.5,0.49999917001621,1727072109012
71,0.83333333333333,0.0,0.0,0.91118856102678,0.5,0.5,0.5,0.50000187337816,1727072109029
71,0.83333333333333,0.0,0.0,0.92169721276474,0.5,0.5,0.5,0.50000230802488,1727072109046
71,0.83333333333333,0.0,0.0,0.90839900438734,0.5,0.5,0.5,0.49999952614762,1727072109113
71,0.83333333333333,0.0,0.0,0.90839900438734,0.5,0.5,0.5,0.49999952614762,1727072109113
71,0.83333333333333,0.0,0.0,0.90839900438734,0.5,0.5,0.5,0.49999952614762,1727072110476
71,0.83333333333333,0.0,0.0,0.9150694828021,0.5,0.5,0.5,0.50000375938051,1727072110491
71,0.83333333333333,0.0,0.0,0.9217387823186,0.5,0.5,0.5,0.5000001509341,1727072110498
71,0.83333333333333,0.0,0.0,0.9322511667717,0.5,0.5,0.5,0.50000233771709,1727072110512
71,0.83333333333333,0.0,0.0,0.94941536085469,0.5,0.5,0.5,0.49999998907806,1727072110529
71,0.83333333333333,0.0,0.0,0.98663119076274,0.5,0.5,0.5,0.50000018793213,1727072110546
71,0.83333333333333,0.0,0.0,1.0,0.5,0.5,0.5,0.5,1727072110562
71,0.83333333333333,0.0,0.0,1.0,0.5,0.5,0.5,0.5,1727072110579
71,0.83333333333333,0.0,0.0,1.0,0.5,0.5,0.5,0.5,1727072110596
71,0.83333333333333,0.0,0.0,1.0,0.5,0.5,0.5,0.5,1727072110612
71,0.83333333333333,0.0,0.0,1.0,0.5,0.5,0.5,0.5,1727072110629
71,0.83333333333333,0.0,0.0,1.0,0.5,0.5,0.5,0.5,1727072110646
71,0.83333333333333,0.0,0.0,1.0,0.5,0.5,0.5,0.5,1727072110662
71,0.83333333333333,0.0,0.0,1.0,0.5,0.5,0.5,0.5,1727072110679
71,0.83333333333333,0.0,0.0,1.0,0.5,0.5,0.5,0.5,1727072110696
71,0.83333333333333,0.0,0.0,1.0,0.5,0.5,0.5,0.5,1727072110712
71,0.83333333333333,0.0,0.0,1.0,0.5,0.5,0.5,0.5,1727072110735
71,0.83333333333333,0.0,0.0,1.0,0.5,0.5,0.5,0.5,1727072110746
71,0.83333333333333,0.0,0.0,1.0,0.5,0.5,0.5,0.5,1727072110762
71,0.83333333333333,0.0,0.0,1.0,0.5,0.5,0.5,0.5,1727072110779
71,0.83333333333333,0.0,0.0,1.0,0.5,0.5,0.5,0.5,1727072110796
71,0.83333333333333,0.0,0.0,1.0,0.5,0.5,0.5,0.5,1727072110812
71,0.83333333333333,0.0,0.0,1.0,0.5,0.5,0.5,0.5,1727072110829
71,0.83333333333333,0.0,0.0,1.0,0.5,0.5,0.5,0.5,1727072110846
71,0.83333333333333,0.0,0.0,1.0,0.5,0.5,0.5,0.5,1727072110862
71,0.83333333333333,0.0,0.0,1.0,0.5,0.5,0.5,0.5,1727072110879
71,0.83333333333333,0.0,0.0,1.0,0.5,0.5,0.5,0.5,1727072110896
71,0.83333333333333,0.0,0.0,1.0,0.5,0.5,0.5,0.5,1727072110912
71,0.83333333333333,0.0,0.0,1.0,0.5,0.5,0.5,0.5,1727072110929
71,0.83333333333333,0.0,0.0,1.0,0.5,0.5,0.5,0.5,1727072110946
71,0.83333333333333,0.0,0.0,1.0,0.5,0.5,0.5,0.5,1727072110962
71,0.83333333333333,0.0,0.0,1.0,0.5,0.5,0.5,0.5,1727072110980
71,0.83333333333333,0.0,0.0,1.0,0.5,0.5,0.5,0.5,1727072110996
71,0.83333333333333,0.0,0.0,1.0,0.5,0.5,0.5,0.5,1727072111053
71,0.83333333333333,0.0,0.0,1.0,0.5,0.5,0.5,0.5,1727072111096
71,0.83333333333333,0.0,0.0,1.0,0.5,0.5,0.5,0.5,1727072111155
71,0.83333333333333,0.0,0.0,1.0,0.5,0.5,0.5,0.5,1727072111251
71,0.83333333333333,0.0,0.0,1.0,0.5,0.5,0.5,0.5,1727072111262
71,0.83333333333333,0.0,0.0,1.0,0.5,0.5,0.5,0.5,1727072111361
71,0.83333333333333,0.0,0.0,1.0,0.5,0.5,0.5,0.5,1727072111409
71,0.83333333333333,0.0,0.0,1.0,0.5,0.5,0.5,0.5,1727072111425
71,0.83333333333333,0.0,0.0,1.0,0.5,0.5,0.5,0.5,1727072111433
71,0.83333333333333,0.0,0.0,1.0,0.5,0.5,0.5,0.5,1727072111479
71,0.83333333333333,0.0,0.0,1.0,0.5,0.5,0.5,0.5,1727072111497
71,0.83333333333333,0.0,0.0,1.0,0.5,0.5,0.5,0.5,1727072111546
71,0.83333333333333,0.0,0.0,1.0,0.5,0.5,0.5,0.5,1727072111575
71,0.83333333333333,0.0,0.0,1.0,0.5,0.5,0.5,0.5,1727072111583
71,0.83333333333333,0.0,0.0,1.0,0.5,0.5,0.5,0.5,1727072111821
71,0.83333333333333,0.0,0.0,1.0,0.5,0.5,0.5,0.5,1727072112700
71,0.83333333333333,0.0,0.0,0.99617424812745,0.5,0.5,0.5,0.50000221976398,1727072112811
71,0.83333333333333,0.0,0.0,0.98566307287186,0.5,0.5,0.5,0.50000068462399,1727072112829
71,0.83333333333333,0.0,0.0,0.98184079927779,0.5,0.5,0.5,0.4999976034806,1727072112859
71,0.83333333333333,0.0,0.0,0.97518740898458,0.5,0.5,0.5,0.50000125710708,1727072112867
71,0.83333333333333,0.0,0.0,0.96756658280398,0.5,0.5,0.5,0.49999880096883,1727072112879
71,0.83333333333333,0.0,0.0,0.96091372628469,0.5,0.5,0.5,0.50000274726682,1727072112895
71,0.83333333333333,0.0,0.0,0.95040271995549,0.5,0.5,0.5,0.50000124923863,1727072112912
71,0.83333333333333,0.0,0.0,0.93990062190064,0.5,0.5,0.5,0.50000385230322,1727072113001
71,0.83333333333333,0.0,0.0,0.93324209456655,0.5,0.5,0.5,0.49999810858704,1727072113865
71,0.83333333333333,0.0,0.0,0.93991158105746,0.5,0.5,0.5,0.50000180179682,1727072113895
71,0.83333333333333,0.0,0.0,0.94658418058298,0.5,0.5,0.5,0.49999979966417,1727072113912
71,0.83333333333333,0.0,0.0,0.95325277344092,0.5,0.5,0.5,0.50000303308714,1727072113935
71,0.83333333333333,0.0,0.0,0.95991510594706,0.5,0.5,0.5,0.50000337821173,1727072113983
71,0.83333333333333,0.0,0.0,0.95991510594706,0.5,0.5,0.5,0.50000337821173,1727072114363
71,0.83333333333333,0.0,0.0,0.95991510594706,0.5,0.5,0.5,0.50000337821173,1727072115576
71,0.82667210115131,0.0,0.0,0.95991510594706,0.49999753084627,0.5,0.5,0.50000337821173,1727072115797
71,0.82002016894231,0.0,0.0,0.95991510594706,0.49999453818237,0.5,0.5,0.50000337821173,1727072115812
71,0.81336594053225,0.0,0.0,0.95991510594706,0.49999829409276,0.5,0.5,0.50000337821173,1727072115829
71,0.80286389200501,0.0,0.0,0.95991510594706,0.50000123242527,0.5,0.5,0.50000337821173,1727072115845
71,0.79620966912701,0.0,0.0,0.95991510594706,0.49999698806383,0.5,0.5,0.50000337821173,1727072115862
71,0.7790367932935,0.0,0.0,0.95991510594706,0.49999498487226,0.5,0.5,0.50000337821173,1727072115879
71,0.77238740514508,0.0,0.0,0.95991510594706,0.50000150439531,0.5,0.5,0.50000337821173,1727072115895
71,0.75521689142266,0.0,0.0,0.95991510594706,0.50000082643474,0.5,0.5,0.50000337821173,1727072115912
71,0.74471097473795,0.0,0.0,0.95991510594706,0.50000181932011,0.5,0.5,0.50000337821173,1727072115929
71,0.74089047153678,0.0,0.0,0.95991510594706,0.49999897836748,0.5,0.5,0.50000337821173,1727072115955
71,0.73423107394202,0.0,0.0,0.95991510594706,0.50000017068769,0.5,0.5,0.50000337821173,1727072115963
71,0.71322666660126,0.0,0.0,0.95991510594706,0.49999765174711,0.5,0.5,0.50000337821173,1727072115979
71,0.70941182076203,0.0,0.0,0.95991510594706,0.49999795201962,0.5,0.5,0.50000337821173,1727072115995
71,0.67507426373145,0.0,0.0,0.95991510594706,0.49999841507348,0.5,0.5,0.50000337821173,1727072116012
71,0.65407437971274,0.0,0.0,0.95991510594706,0.49999844898734,0.5,0.5,0.50000337821173,1727072116029
71,0.65025414948242,0.0,0.0,0.95991510594706,0.49999547487419,0.5,0.5,0.50000337821173,1727072116045
71,0.63696441795151,0.0,0.0,0.95991510594706,0.49999700839427,0.5,0.5,0.50000337821173,1727072116062
71,0.62645792753757,0.0,0.0,0.95991510594706,0.49999772857539,0.5,0.5,0.50000337821173,1727072116079
71,0.6121538439671,0.0,0.0,0.95991510594706,0.49999999860161,0.5,0.5,0.50000337821173,1727072116095
71,0.60165113449662,0.0,0.0,0.95991510594706,0.49999326482643,0.5,0.5,0.50000337821173,1727072116112
71,0.58734790573361,0.0,0.0,0.95991510594706,0.49999608868767,0.5,0.5,0.50000337821173,1727072116129
71,0.57685055114075,0.0,0.0,0.95991510594706,0.49999267383827,0.5,0.5,0.50000337821173,1727072116145
71,0.56635347619746,0.0,0.0,0.95991510594706,0.49999975014788,0.5,0.5,0.50000337821173,1727072116162
71,0.56253487490769,0.0,0.0,0.95991510594706,0.49999756636342,0.5,0.5,0.50000337821173,1727072116179
71,0.54822987359912,0.0,0.0,0.95991510594706,0.49999938139662,0.5,0.5,0.50000337821173,1727072116195
71,0.53772913455435,0.0,0.0,0.95991510594706,0.49999347206323,0.5,0.5,0.50000337821173,1727072116212
71,0.5234297284048,0.0,0.0,0.95991510594706,0.49999925806112,0.5,0.5,0.50000337821173,1727072116229
71,0.51961368455386,0.0,0.0,0.95991510594706,0.49999878212482,0.5,0.5,0.50000337821173,1727072116245
71,0.51296460823982,0.0,0.0,0.95991510594706,0.49999665969225,0.5,0.5,0.50000337821173,1727072116262
71,0.49197210200016,0.0,0.0,0.95991510594706,0.50000213349203,0.5,0.5,0.50000337821173,1727072116279
71,0.48815270295808,0.0,0.0,0.95991510594706,0.49999914614282,0.5,0.5,0.50000337821173,1727072116295
71,0.48433056535739,0.0,0.0,0.95991510594706,0.49999407160639,0.5,0.5,0.50000337821173,1727072116312
71,0.47383236261731,0.0,0.0,0.95991510594706,0.50000121365076,0.5,0.5,0.50000337821173,1727072116329
71,0.47001124950998,0.0,0.0,0.95991510594706,0.49999683365331,0.5,0.5,0.50000337821173,1727072116345
71,0.46620239338414,0.0,0.0,0.95991510594706,0.50000184241367,0.5,0.5,0.50000337821173,1727072116407
71,0.46238523626017,0.0,0.0,0.95991510594706,0.50000048050766,0.5,0.5,0.50000337821173,1727072116423
71,0.45188731581755,0.0,0.0,0.95991510594706,0.49999607890327,0.5,0.5,0.50000337821173,1727072116439
71,0.44523504850955,0.0,0.0,0.95991510594706,0.49999119332474,0.5,0.5,0.50000337821173,1727072116453
71,0.44142371004649,0.0,0.0,0.95991510594706,0.49999437112319,0.5,0.5,0.50000337821173,1727072116477
71,0.4347708658453,0.0,0.0,0.95991510594706,0.50000131644666,0.5,0.5,0.50000337821173,1727072116512
71,0.43095541736182,0.0,0.0,0.95991510594706,0.50000127211274,0.5,0.5,0.50000337821173,1727072116529
71,0.42430878871678,0.0,0.0,0.95991510594706,0.50000089644664,0.5,0.5,0.50000337821173,1727072116545
71,0.42049105807548,0.0,0.0,0.95991510594706,0.49999897246936,0.5,0.5,0.50000337821173,1727072116562
71,0.40999184624293,0.0,0.0,0.95991510594706,0.49999318868692,0.5,0.5,0.50000337821173,1727072116578
71,0.40334126200788,0.0,0.0,0.95991510594706,0.50000236320392,0.5,0.5,0.50000337821173,1727072116595
71,0.39952608493988,0.0,0.0,0.95991510594706,0.4999894944972,0.5,0.5,0.50000337821173,1727072116612
71,0.38524025720021,0.0,0.0,0.95991510594706,0.49999488225706,0.5,0.5,0.50000337821173,1727072116629
71,0.37474560235119,0.0,0.0,0.95991510594706,0.49999272494829,0.5,0.5,0.50000337821173,1727072116645
71,0.36424135861256,0.0,0.0,0.95991510594706,0.49999569590322,0.5,0.5,0.50000337821173,1727072116662
71,0.35374549103868,0.0,0.0,0.95991510594706,0.50000641919333,0.5,0.5,0.50000337821173,1727072116679
71,0.34323736887412,0.0,0.0,0.95991510594706,0.49999183561056,0.5,0.5,0.50000337821173,1727072116729
71,0.33273724668739,0.0,0.0,0.95991510594706,0.49999885062659,0.5,0.5,0.50000337821173,1727072116778
71,0.3366240439042,0.0,0.0,0.95991510594706,0.49999367930111,0.5,0.5,0.50000337821173,1727072117429
71,0.34329965008863,0.0,0.0,0.95991510594706,0.49999252668062,0.5,0.5,0.50000337821173,1727072117451
71,0.34718199059877,0.0,0.0,0.95991510594706,0.49999757674987,0.5,0.5,0.50000337821173,1727072117462
71,0.35385398430025,0.0,0.0,0.95991510594706,0.49999310290864,0.5,0.5,0.50000337821173,1727072117483
71,0.36436935352534,0.0,0.0,0.95991510594706,0.50000011016013,0.5,0.5,0.50000337821173,1727072117499
71,0.38153812475365,0.0,0.0,0.95991510594706,0.49999970598895,0.5,0.5,0.50000337821173,1727072117523
71,0.38541842405271,0.0,0.0,0.95991510594706,0.49998928851415,0.5,0.5,0.50000337821173,1727072117539
71,0.39208715346226,0.0,0.0,0.95991510594706,0.49999557430836,0.5,0.5,0.50000337821173,1727072117547
71,0.39597362422466,0.0,0.0,0.95991510594706,0.49999061918162,0.5,0.5,0.50000337821173,1727072117563
71,0.40265016663035,0.0,0.0,0.95991510594706,0.50000338981231,0.5,0.5,0.50000337821173,1727072117579
71,0.40652194843621,0.0,0.0,0.95991510594706,0.49999905232783,0.5,0.5,0.50000337821173,1727072117603
71,0.4104056640722,0.0,0.0,0.95991510594706,0.49999188494313,0.5,0.5,0.50000337821173,1727072117612
71,0.41707393486119,0.0,0.0,0.95991510594706,0.4999975302724,0.5,0.5,0.50000337821173,1727072117629
71,0.42096052990186,0.0,0.0,0.95991510594706,0.49999285047365,0.5,0.5,0.50000337821173,1727072117645
71,0.42483767741458,0.0,0.0,0.95991510594706,0.49999307491029,0.5,0.5,0.50000337821173,1727072117662
71,0.4287179424843,0.0,0.0,0.95991510594706,0.49999582924233,0.5,0.5,0.50000337821173,1727072117729
71,0.43922510329856,0.0,0.0,0.95991510594706,0.49999546766882,0.5,0.5,0.50000337821173,1727072117745
71,0.44589772281695,0.0,0.0,0.95991510594706,0.49999210159585,0.5,0.5,0.50000337821173,1727072117847
71,0.44977862841074,0.0,0.0,0.95991510594706,0.49999528308486,0.5,0.5,0.50000337821173,1727072117862
71,0.45645318502281,0.0,0.0,0.95991510594706,0.49999348081191,0.5,0.5,0.50000337821173,1727072117887
71,0.46033401955684,0.0,0.0,0.95991510594706,0.49999655233267,0.5,0.5,0.50000337821173,1727072117895
71,0.46699893704434,0.0,0.0,0.95991510594706,0.49999918265112,0.5,0.5,0.50000337821173,1727072117918
71,0.47751170737108,0.0,0.0,0.95991510594706,0.49999138381029,0.5,0.5,0.50000337821173,1727072117962
71,0.48139524111395,0.0,0.0,0.95991510594706,0.49999641272725,0.5,0.5,0.50000337821173,1727072117979
71,0.48805978258656,0.0,0.0,0.95991510594706,0.49999868836509,0.5,0.5,0.50000337821173,1727072118045
71,0.48805978258656,0.0,0.0,0.95991510594706,0.49999868836509,0.5,0.5,0.50000337821173,1727072119795
71,0.48805978258656,0.0,0.0,0.95991510594706,0.49999868836509,0.5,0.5,0.50000337821173,1727072120588
71,0.48805978258656,5.71668255e-06,0.0,0.95991510594706,0.49999868836509,0.49998739324714,0.5,0.50000337821173,1727072120597
71,0.48805978258656,0.00393706028066,0.0,0.95991510594706,0.49999868836509,0.49996964067254,0.5,0.50000337821173,1727072120612
71,0.48805978258656,0.01445257262456,0.0,0.95991510594706,0.49999868836509,0.49998661822905,0.5,0.50000337821173,1727072120628
71,0.48805978258656,0.03163263212617,0.0,0.95991510594706,0.49999868836509,0.4999662363201,0.5,0.50000337821173,1727072120645
71,0.48805978258656,0.12282017281872,0.0,0.95991510594706,0.49999868836509,0.49999291918878,0.5,0.50000337821173,1727072120662
71,0.48805978258656,0.31275051100977,0.0,0.95991510594706,0.49999868836509,0.49998819512754,0.5,0.50000337821173,1727072120678
71,0.48805978258656,0.54090044613212,0.0,0.95991510594706,0.49999868836509,0.49999432678364,0.5,0.50000337821173,1727072120695
71,0.48805978258656,0.80868551288959,0.0,0.95991510594706,0.49999868836509,0.49999552671168,0.5,0.50000337821173,1727072120712
71,0.48805978258656,1.00000571666512,0.0,0.95991510594706,0.49999868836509,0.4999974786033,0.5,0.50000337821173,1727072120728
71,0.48805978258656,1.00000571666512,0.0,0.95991510594706,0.49999868836509,0.4999974786033,0.5,0.50000337821173,1727072120745
71,0.48805978258656,1.00000571666512,0.0,0.95991510594706,0.49999868836509,0.4999974786033,0.5,0.50000337821173,1727072120762
71,0.48805978258656,1.00000571666512,0.0,0.95991510594706,0.49999868836509,0.4999974786033,0.5,0.50000337821173,1727072120779
71,0.48805978258656,1.00000571666512,0.0,0.95991510594706,0.49999868836509,0.4999974786033,0.5,0.50000337821173,1727072120795
71,0.48805978258656,1.00000571666512,0.0,0.95991510594706,0.49999868836509,0.4999974786033,0.5,0.50000337821173,1727072120812
71,0.48805978258656,1.00000571666512,0.0,0.95991510594706,0.49999868836509,0.4999974786033,0.5,0.50000337821173,1727072120828
71,0.48805978258656,1.00000571666512,0.0,0.95991510594706,0.49999868836509,0.4999974786033,0.5,0.50000337821173,1727072120845
71,0.48805978258656,1.00000571666512,0.0,0.95991510594706,0.49999868836509,0.4999974786033,0.5,0.50000337821173,1727072120865
71,0.48805978258656,1.00000571666512,0.0,0.95991510594706,0.49999868836509,0.4999974786033,0.5,0.50000337821173,1727072120913
72,0.83333333333333,0.66666666666667,0.5,0.0,0.5,0.5,0.5,0.5,1727072127335
72,0.83333333333333,0.66666666666667,0.50987466742202,0.0,0.5,0.5,0.49998189423956,0.5,1727072127383
72,0.83333333333333,0.66666666666667,0.54142339988741,0.0,0.5,0.5,0.49998291763299,0.5,1727072127395
72,0.83333333333333,0.66666666666667,0.60199902429771,0.0,0.5,0.5,0.49998812784924,0.5,1727072127411
72,0.83333333333333,0.66666666666667,0.71600401229841,0.0,0.5,0.5,0.49999602205197,0.5,1727072127428
72,0.83333333333333,0.66666666666667,0.85917885120339,0.0,0.5,0.5,0.49998708071512,0.5,1727072127445
72,0.83333333333333,0.66666666666667,1.0,0.0,0.5,0.5,0.5,0.5,1727072127461
72,0.83333333333333,0.66666666666667,1.0,0.0,0.5,0.5,0.5,0.5,1727072127478
72,0.83333333333333,0.66666666666667,1.0,0.0,0.5,0.5,0.5,0.5,1727072127495
72,0.83333333333333,0.66666666666667,1.0,0.0,0.5,0.5,0.5,0.5,1727072127511
72,0.83333333333333,0.66666666666667,1.0,0.0,0.5,0.5,0.5,0.5,1727072127528
72,0.83333333333333,0.66666666666667,1.0,0.0,0.5,0.5,0.5,0.5,1727072127803
72,0.83333333333333,0.66666666666667,1.0,0.0,0.5,0.5,0.5,0.5,1727072130346
72,0.83333333333333,0.66666666666667,1.0,0.00668531722516,0.5,0.5,0.5,0.49998498525705,1727072130417
72,0.83333333333333,0.66666666666667,1.0,0.01337939555061,0.5,0.5,0.5,0.4999890733487,1727072130428
72,0.83333333333333,0.66666666666667,1.0,0.03360031104272,0.5,0.5,0.5,0.50000060467781,1727072130445
72,0.83333333333333,0.66666666666667,1.0,0.0538010169691,0.5,0.5,0.5,0.50000184556379,1727072130461
72,0.83333333333333,0.66666666666667,1.0,0.10147350732783,0.5,0.5,0.5,0.49999464197387,1727072130478
72,0.83333333333333,0.66666666666667,1.0,0.12842799992077,0.5,0.5,0.5,0.49999596540815,1727072130495
72,0.83333333333333,0.66666666666667,1.0,0.15228572071204,0.5,0.5,0.5,0.49999097257923,1727072130511
72,0.83333333333333,0.66666666666667,1.0,0.15896527269105,0.5,0.5,0.5,0.49999466407906,1727072130528
72,0.83333333333333,0.66666666666667,1.0,0.17236420991799,0.5,0.5,0.5,0.49999344606905,1727072130544
72,0.83333333333333,0.66666666666667,1.0,0.18953010343945,0.5,0.5,0.5,0.49998951590321,1727072130561
72,0.83333333333333,0.66666666666667,1.0,0.19620635177688,0.5,0.5,0.5,0.49998883906147,1727072130578
72,0.83333333333333,0.66666666666667,1.0,0.20289086779591,0.5,0.5,0.5,0.49999824713422,1727072130598
72,0.83333333333333,0.66666666666667,1.0,0.20956851268348,0.5,0.5,0.5,0.49999913853647,1727072130611
72,0.83333333333333,0.66666666666667,1.0,0.21624335926818,0.5,0.5,0.5,0.49999669543144,1727072130628
72,0.83333333333333,0.66666666666667,1.0,0.22292107808796,0.5,0.5,0.5,0.49999766976695,1727072130647
72,0.83333333333333,0.66666666666667,1.0,0.22959746328715,0.5,0.5,0.5,0.49999708387883,1727072130661
72,0.83333333333333,0.66666666666667,1.0,0.24676327818626,0.5,0.5,0.5,0.49999339355851,1727072130678
72,0.83333333333333,0.66666666666667,1.0,0.2534423601088,0.5,0.5,0.5,0.49999584540395,1727072130695
72,0.83333333333333,0.66666666666667,1.0,0.26011611165935,0.5,0.5,0.5,0.49999247198864,1727072130717
72,0.83333333333333,0.66666666666667,1.0,0.26679730832812,0.5,0.5,0.5,0.49999712847239,1727072130728
72,0.83333333333333,0.66666666666667,1.0,0.27068447559097,0.5,0.5,0.5,0.49999170692647,1727072130744
72,0.83333333333333,0.66666666666667,1.0,0.28406153602156,0.5,0.5,0.5,0.49999999748109,1727072130761
72,0.83333333333333,0.66666666666667,1.0,0.29074109858837,0.5,0.5,0.5,0.50000268868164,1727072130778
72,0.83333333333333,0.66666666666667,1.0,0.29741079938982,0.5,0.5,0.5,0.49999538194926,1727072130795
72,0.83333333333333,0.66666666666667,1.0,0.30408960304675,0.5,0.5,0.5,0.49999730882789,1727072130811
72,0.83333333333333,0.66666666666667,1.0,0.31460339660405,0.5,0.5,0.5,0.4999882937997,1727072130828
72,0.83333333333333,0.66666666666667,1.0,0.33177918697176,0.5,0.5,0.5,0.499994855702,1727072130845
72,0.83333333333333,0.66666666666667,1.0,0.33844678653156,0.5,0.5,0.5,0.50000059277692,1727072130861
72,0.83333333333333,0.66666666666667,1.0,0.34512225187601,0.5,0.5,0.5,0.49999923566562,1727072130878
72,0.83333333333333,0.66666666666667,1.0,0.34901124156695,0.5,0.5,0.5,0.49999618674105,1727072130894
72,0.83333333333333,0.66666666666667,1.0,0.36237656345499,0.5,0.5,0.5,0.49999275074939,1727072130911
72,0.83333333333333,0.66666666666667,1.0,0.37289425788615,0.5,0.5,0.5,0.50000172613192,1727072130931
72,0.83333333333333,0.66666666666667,1.0,0.39674495555648,0.5,0.5,0.5,0.49999242103948,1727072130947
72,0.83333333333333,0.66666666666667,1.0,0.40341457614349,0.5,0.5,0.5,0.49999931783896,1727072130971
72,0.83333333333333,0.66666666666667,1.0,0.41678016559339,0.5,0.5,0.5,0.49999632067462,1727072130979
72,0.83333333333333,0.66666666666667,1.0,0.42066487242344,0.5,0.5,0.5,0.50000274072505,1727072130995
72,0.83333333333333,0.66666666666667,1.0,0.42733258107753,0.5,0.5,0.5,0.49999521347,1727072131011
72,0.83333333333333,0.66666666666667,1.0,0.44070529236224,0.5,0.5,0.5,0.49999808433487,1727072131028
72,0.83333333333333,0.66666666666667,1.0,0.45121534976584,0.5,0.5,0.5,0.4999999725996,1727072131048
72,0.83333333333333,0.66666666666667,1.0,0.45788849891195,0.5,0.5,0.5,0.49999703358288,1727072131557
72,0.83333333333333,0.66666666666667,1.0,0.46455947803509,0.5,0.5,0.5,0.49999247511711,1727072131651
72,0.83333333333333,0.66666666666667,1.0,0.47122843998139,0.5,0.5,0.5,0.4999982194502,1727072131699
72,0.83333333333333,0.66666666666667,1.0,0.47790258191093,0.5,0.5,0.5,0.49999612927231,1727072131744
72,0.83333333333333,0.66666666666667,1.0,0.48457446374251,0.5,0.5,0.5,0.49999238074994,1727072131761
72,0.83333333333333,0.66666666666667,1.0,0.49124436695216,0.5,0.5,0.5,0.49999867092865,1727072131778
72,0.83333333333333,0.66666666666667,1.0,0.50175912293112,0.5,0.5,0.5,0.49999258704612,1727072131794
72,0.83333333333333,0.66666666666667,1.0,0.51227404171232,0.5,0.5,0.5,0.49999791599813,1727072131811
72,0.83333333333333,0.66666666666667,1.0,0.51894791892981,0.5,0.5,0.5,0.49999575022704,1727072131828
72,0.83333333333333,0.66666666666667,1.0,0.53611898996873,0.5,0.5,0.5,0.49999713369348,1727072131845
72,0.83333333333333,0.66666666666667,1.0,0.54278512950583,0.5,0.5,0.5,0.50000035753677,1727072131865
72,0.83333333333333,0.66666666666667,1.0,0.5494607772756,0.5,0.5,0.5,0.49999947506638,1727072131878
72,0.83333333333333,0.66666666666667,1.0,0.5494607772756,0.5,0.5,0.5,0.49999947506638,1727072134733
72,0.83333333333333,0.66666666666667,1.0,0.5494607772756,0.5,0.5,0.5,0.49999947506638,1727072288006
72,0.83333333333333,0.66666666666667,1.0,0.5494607772756,0.5,0.5,0.5,0.49999947506638,1727072288485
72,0.83333333333333,0.66666666666667,1.0,0.5494607772756,0.5,0.5,0.5,0.49999947506638,1727072289519
72,0.83333333333333,0.66666666666667,1.0,0.5494607772756,0.5,0.5,0.5,0.49999947506638,1727072309758
72,0.83333459667821,0.66666666666667,1.0,0.5494607772756,0.49999803310042,0.5,0.5,0.49999947506638,1727072309768
72,1.0,0.66666666666667,1.0,0.5494607772756,0.5,0.5,0.5,0.49999947506638,1727072309869
72,1.0,0.66666666666667,1.0,0.5494607772756,0.5,0.5,0.5,0.49999947506638,1727072309885
72,1.0,0.66666666666667,1.0,0.5494607772756,0.5,0.5,0.5,0.49999947506638,1727072309916
72,1.0,0.66666666666667,1.0,0.5494607772756,0.5,0.5,0.5,0.49999947506638,1727072309952
72,1.0,0.66666666666667,1.0,0.5494607772756,0.5,0.5,0.5,0.49999947506638,1727072309972
72,1.0,0.66666666666667,1.0,0.5494607772756,0.5,0.5,0.5,0.49999947506638,1727072309985
72,1.0,0.66666666666667,1.0,0.5494607772756,0.5,0.5,0.5,0.49999947506638,1727072310002
72,1.0,0.66666666666667,1.0,0.5494607772756,0.5,0.5,0.5,0.49999947506638,1727072310018
72,1.0,0.66666666666667,1.0,0.5494607772756,0.5,0.5,0.5,0.49999947506638,1727072310035
72,1.0,0.66666666666667,1.0,0.5494607772756,0.5,0.5,0.5,0.49999947506638,1727072310052
72,1.0,0.66666666666667,1.0,0.5494607772756,0.5,0.5,0.5,0.49999947506638,1727072310333
72,1.0,0.66666666666667,1.0,0.5494607772756,0.5,0.5,0.5,0.49999947506638,1727072312246
72,0.99617306826567,0.66666666666667,1.0,0.5494607772756,0.5000016977751,0.5,0.5,0.49999947506638,1727072312302
72,0.97900291458724,0.66666666666667,1.0,0.5494607772756,0.50000130747902,0.5,0.5,0.49999947506638,1727072312318
72,0.96468570993172,0.66666666666667,1.0,0.5494607772756,0.49999700536581,0.5,0.5,0.49999947506638,1727072312335
72,0.94368708581947,0.66666666666667,1.0,0.5494607772756,0.5000046938647,0.5,0.5,0.49999947506638,1727072312351
72,0.92268448323201,0.66666666666667,1.0,0.5494607772756,0.50000355434691,0.5,0.5,0.49999947506638,1727072312368
72,0.89500281510274,0.66666666666667,1.0,0.5494607772756,0.50000135549608,0.5,0.5,0.49999947506638,1727072312385
72,0.8740059452688,0.66666666666667,1.0,0.5494607772756,0.5000029161728,0.5,0.5,0.49999947506638,1727072312401
72,0.86350025664166,0.66666666666667,1.0,0.5494607772756,0.50000393576938,0.5,0.5,0.49999947506638,1727072312418
72,0.85684717831735,0.66666666666667,1.0,0.5494607772756,0.50000051029673,0.5,0.5,0.49999947506638,1727072312435
72,0.84633873166435,0.66666666666667,1.0,0.5494607772756,0.50000013584142,0.5,0.5,0.49999947506638,1727072312451
72,0.84251850961591,0.66666666666667,1.0,0.5494607772756,0.50000545884093,0.5,0.5,0.49999947506638,1727072312621
72,0.84638454967385,0.66666666666667,1.0,0.5494607772756,0.49999996695665,0.5,0.5,0.49999947506638,1727072312973
72,0.82831108150057,0.66666666666667,1.0,0.5494607772756,0.50000173285706,0.5,0.5,0.49999947506638,1727072312985
72,0.83496694334422,0.66666666666667,1.0,0.5494607772756,0.49999883763837,0.5,0.5,0.49999947506638,1727072313717
72,0.84164102406295,0.66666666666667,1.0,0.5494607772756,0.50000517915352,0.5,0.5,0.49999947506638,1727072313829
72,0.84830991916317,0.66666666666667,1.0,0.5494607772756,0.5000011178351,0.5,0.5,0.49999947506638,1727072314133
72,0.85497750802564,0.66666666666667,1.0,0.5494607772756,0.50000412993471,0.5,0.5,0.49999947506638,1727072314477
72,0.86164372872555,0.66666666666667,1.0,0.5494607772756,0.49999879724099,0.5,0.5,0.49999947506638,1727072314533
72,0.8683145270956,0.66666666666667,1.0,0.5494607772756,0.50000336954601,0.5,0.5,0.49999947506638,1727072314540
72,0.8683145270956,0.66666666666667,1.0,0.5494607772756,0.50000336954601,0.5,0.5,0.49999947506638,1727072314541
72,0.8683145270956,0.66666666666667,1.0,0.5494607772756,0.50000336954601,0.5,0.5,0.49999947506638,1727072315862
72,0.8683145270956,0.66000803432528,1.0,0.5494607772756,0.50000336954601,0.50000445318351,0.5,0.49999947506638,1727072315949
72,0.8683145270956,0.65335488616371,1.0,0.5494607772756,0.50000336954601,0.49999936526898,0.5,0.49999947506638,1727072315965
72,0.8683145270956,0.64670299477053,1.0,0.5494607772756,0.50000336954601,0.5000028882364,0.5,0.49999947506638,1727072315981
72,0.8683145270956,0.63620187875399,1.0,0.5494607772756,0.50000336954601,0.49999883117942,0.5,0.49999947506638,1727072315988
72,0.8683145270956,0.62954749279916,1.0,0.5494607772756,0.50000336954601,0.49999433892255,0.5,0.49999947506638,1727072316001
72,0.8683145270956,0.61626120620221,1.0,0.5494607772756,0.50000336954601,0.50000021146529,0.5,0.49999947506638,1727072316018
72,0.8683145270956,0.59243965550429,1.0,0.5494607772756,0.50000336954601,0.50000425280103,0.5,0.49999947506638,1727072316035
72,0.8683145270956,0.57915021291566,1.0,0.5494607772756,0.50000336954601,0.50000241585972,0.5,0.49999947506638,1727072316051
72,0.8683145270956,0.56586229679414,1.0,0.5494607772756,0.50000336954601,0.49999948754758,0.5,0.49999947506638,1727072316068
72,0.8683145270956,0.5486940013422,1.0,0.5494607772756,0.50000336954601,0.49999883089415,0.5,0.49999947506638,1727072316085
72,0.8683145270956,0.54204091385888,1.0,0.5494607772756,0.50000336954601,0.50000364748779,0.5,0.49999947506638,1727072316108
72,0.8683145270956,0.53538624708705,1.0,0.5494607772756,0.50000336954601,0.49999885457067,0.5,0.49999947506638,1727072316118
72,0.8683145270956,0.52873792733756,1.0,0.5494607772756,0.50000336954601,0.50000037820221,0.5,0.49999947506638,1727072316135
72,0.8683145270956,0.52492581977523,1.0,0.5494607772756,0.50000336954601,0.49999804857092,0.5,0.49999947506638,1727072316151
72,0.8683145270956,0.51441634173735,1.0,0.5494607772756,0.50000336954601,0.4999993096839,0.5,0.49999947506638,1727072316168
72,0.8683145270956,0.50113904634385,1.0,0.5494607772756,0.50000336954601,0.49999957075839,0.5,0.49999947506638,1727072316185
72,0.8683145270956,0.48397149463955,1.0,0.5494607772756,0.50000336954601,0.49999829947546,0.5,0.49999947506638,1727072316201
72,0.8683145270956,0.47731102614708,1.0,0.5494607772756,0.50000336954601,0.49999747282719,0.5,0.49999947506638,1727072316218
72,0.8683145270956,0.47066272818879,1.0,0.5494607772756,0.50000336954601,0.49999908982274,0.5,0.49999947506638,1727072316235
72,0.8683145270956,0.4601602983047,1.0,0.5494607772756,0.50000336954601,0.49999499091704,0.5,0.49999947506638,1727072316251
72,0.8683145270956,0.45351246565533,1.0,0.5494607772756,0.50000336954601,0.49999625922539,0.5,0.49999947506638,1727072316268
72,0.8683145270956,0.44300045292403,1.0,0.5494607772756,0.50000336954601,0.49999963966818,0.5,0.49999947506638,1727072316285
72,0.8683145270956,0.43250817299973,1.0,0.5494607772756,0.50000336954601,0.49999961169786,0.5,0.49999947506638,1727072316301
72,0.8683145270956,0.41261738929938,1.0,0.5494607772756,0.50000336954601,0.49999833200928,0.5,0.49999947506638,1727072316318
72,0.8683145270956,0.39545223727498,1.0,0.5494607772756,0.50000336954601,0.49999480369778,0.5,0.49999947506638,1727072316335
72,0.8683145270956,0.38495192092327,1.0,0.5494607772756,0.50000336954601,0.50000167167901,0.5,0.49999947506638,1727072316351
72,0.8683145270956,0.37830095607414,1.0,0.5494607772756,0.50000336954601,0.49999241113386,0.5,0.49999947506638,1727072316405
72,0.8683145270956,0.3716501642912,1.0,0.5494607772756,0.50000336954601,0.49999644322158,0.5,0.49999947506638,1727072316418
72,0.8683145270956,0.36115082849644,1.0,0.5494607772756,0.50000336954601,0.50000272227897,0.5,0.49999947506638,1727072316434
72,0.8683145270956,0.3478767390353,1.0,0.5494607772756,0.50000336954601,0.50000016971292,0.5,0.49999947506638,1727072316451
72,0.8683145270956,0.35455372841286,1.0,0.5494607772756,0.50000336954601,0.50000010737504,0.5,0.49999947506638,1727072317157
72,0.8683145270956,0.36122497046281,1.0,0.5494607772756,0.50000336954601,0.49999135352589,0.5,0.49999947506638,1727072317201
72,0.8683145270956,0.36789256436884,1.0,0.5494607772756,0.50000336954601,0.49999977097437,0.5,0.49999947506638,1727072317301
72,0.8683145270956,0.37457349927049,1.0,0.5494607772756,0.50000336954601,0.49999623207604,0.5,0.49999947506638,1727072317368
72,0.8683145270956,0.38124486055713,1.0,0.5494607772756,0.50000336954601,0.5000011295582,0.5,0.49999947506638,1727072317385
72,0.8683145270956,0.38792018696298,1.0,0.5494607772756,0.50000336954601,0.5000024976787,0.5,0.49999947506638,1727072317401
72,0.8683145270956,0.39179845096942,1.0,0.5494607772756,0.50000336954601,0.50000133067576,0.5,0.49999947506638,1727072317418
72,0.8683145270956,0.39847058536918,1.0,0.5494607772756,0.50000336954601,0.50000538832007,0.5,0.49999947506638,1727072317973
72,0.8683145270956,0.40234787561537,1.0,0.5494607772756,0.50000336954601,0.50000504598156,0.5,0.49999947506638,1727072318029
72,0.8683145270956,0.40902691739715,1.0,0.5494607772756,0.50000336954601,0.49999035193076,0.5,0.49999947506638,1727072318037
72,0.8683145270956,0.41569567056769,1.0,0.5494607772756,0.50000336954601,0.49999721487027,0.5,0.49999947506638,1727072318085
72,0.8683145270956,0.41569567056769,1.0,0.5494607772756,0.50000336954601,0.49999721487027,0.5,0.49999947506638,1727072318341
72,0.8683145270956,0.41569567056769,1.0,0.5494607772756,0.50000336954601,0.49999721487027,0.5,0.49999947506638,1727072319894
72,0.8683145270956,0.4223735726612,1.0,0.5494607772756,0.50000336954601,0.499996439765,0.5,0.49999947506638,1727072320085
72,0.8683145270956,0.42904457581345,1.0,0.5494607772756,0.50000336954601,0.50000128123444,0.5,0.49999947506638,1727072320117
72,0.8683145270956,0.43570780126832,1.0,0.5494607772756,0.50000336954601,0.4999999123924,0.5,0.49999947506638,1727072320173
72,0.8683145270956,0.44239115146203,1.0,0.5494607772756,0.50000336954601,0.49999479553901,0.5,0.49999947506638,1727072320389
72,0.8683145270956,0.44239115146203,1.0,0.5494607772756,0.50000336954601,0.49999479553901,0.5,0.49999947506638,1727072320693
73,0.66666666666667,0.0,0.16666666666667,1.0,0.5,0.5,0.5,0.5,1727072332702
73,0.66666666666667,0.0,0.16936137622941,1.0,0.5,0.5,0.49997922906605,0.5,1727072332749
73,0.66666666666667,0.0,0.17659962303417,1.0,0.5,0.5,0.49995697519339,0.5,1727072332756
73,0.66666666666667,0.0,0.19108687175064,1.0,0.5,0.5,0.49998147743129,0.5,1727072332767
73,0.66666666666667,0.0,0.22989518694045,1.0,0.5,0.5,0.49999860641968,0.5,1727072332783
73,0.66666666666667,0.0,0.26620107881156,1.0,0.5,0.5,0.49998795112215,0.5,1727072332800
73,0.66666666666667,0.0,0.32933348577621,1.0,0.5,0.5,0.49997017961725,0.5,1727072332817
73,0.66666666666667,0.0,0.40228428864115,1.0,0.5,0.5,0.49999504466334,0.5,1727072332833
73,0.66666666666667,0.0,0.47523039421379,1.0,0.5,0.5,0.49998966615746,0.5,1727072332850
73,0.66666666666667,0.0,0.53642852892144,1.0,0.5,0.5,0.49999229311191,0.5,1727072332867
73,0.66666666666667,0.0,0.59954243420929,1.0,0.5,0.5,0.49999300527414,0.5,1727072332883
73,0.66666666666667,0.0,0.64361375439222,1.0,0.5,0.5,0.50000516211543,0.5,1727072332900
73,0.66666666666667,0.0,0.69224958476941,1.0,0.5,0.5,0.49998871153422,0.5,1727072332916
73,0.66666666666667,0.0,0.7237992835246,1.0,0.5,0.5,0.49998411568685,0.5,1727072332933
73,0.66666666666667,0.0,0.7579842225155,1.0,0.5,0.5,0.49998322520518,0.5,1727072332950
73,0.66666666666667,0.0,0.79216567172725,1.0,0.5,0.5,0.49999996386969,0.5,1727072332967
73,0.66666666666667,0.0,0.82371592600903,1.0,0.5,0.5,0.49999275013403,0.5,1727072332983
73,0.66666666666667,0.0,0.85790132893428,1.0,0.5,0.5,0.49998947625382,0.5,1727072333000
73,0.66666666666667,0.0,0.8966868076816,1.0,0.5,0.5,0.4999884963312,0.5,1727072333017
73,0.66666666666667,0.0,0.92564615495388,1.0,0.5,0.5,0.50000065252771,0.5,1727072333033
73,0.66666666666667,0.0,0.94735864318824,1.0,0.5,0.5,0.49998634688531,0.5,1727072333050
73,0.66666666666667,0.0,0.96906532800791,1.0,0.5,0.5,0.4999975304231,0.5,1727072333066
73,0.66666666666667,0.0,0.98353852155855,1.0,0.5,0.5,0.49999596061592,0.5,1727072333083
73,0.66666666666667,0.0,0.97630961412185,1.0,0.5,0.5,0.49999886600799,0.5,1727072333541
73,0.66666666666667,0.0,0.96908269233722,1.0,0.5,0.5,0.49999325905789,0.5,1727072333557
73,0.66666666666667,0.0,0.96185991712354,1.0,0.5,0.5,0.50000507568998,0.5,1727072333567
73,0.66666666666667,0.0,0.95463408334346,1.0,0.5,0.5,0.49999469944139,0.5,1727072333583
73,0.66666666666667,0.0,0.95007740370914,1.0,0.5,0.5,0.49998194332179,0.5,1727072333600
73,0.66666666666667,0.0,0.93563345074796,1.0,0.5,0.5,0.4999988913503,0.5,1727072333650
73,0.66666666666667,0.0,0.92840739011724,1.0,0.5,0.5,0.49998925646324,0.5,1727072333667
73,0.66666666666667,0.0,0.92118569338487,1.0,0.5,0.5,0.49999662679175,0.5,1727072333684
73,0.66666666666667,0.0,0.91395861906234,1.0,0.5,0.5,0.49999142807263,0.5,1727072333765
73,0.66666666666667,0.0,0.90672840027407,1.0,0.5,0.5,0.50000042857279,0.5,1727072333772
73,0.66666666666667,0.0,0.90938133270935,1.0,0.5,0.5,0.49999737716951,0.5,1727072333820
73,0.66666666666667,0.0,0.90216131459457,1.0,0.5,0.5,0.49999727523908,0.5,1727072334453
73,0.66666666666667,0.0,0.90751625910156,1.0,0.5,0.5,0.49999134158687,0.5,1727072334500
73,0.66666666666667,0.0,0.90028781677258,1.0,0.5,0.5,0.49999228827709,0.5,1727072334517
73,0.66666666666667,0.0,0.89305872536503,1.0,0.5,0.5,0.49999622655831,0.5,1727072334540
73,0.66666666666667,0.0,0.89570954460298,1.0,0.5,0.5,0.50000282679988,0.5,1727072334765
73,0.66666666666667,0.0,0.88849060810569,1.0,0.5,0.5,0.49999777303266,0.5,1727072334772
73,0.66666666666667,0.0,0.88849060810569,1.0,0.5,0.5,0.49999777303266,0.5,1727072334900
73,0.66666666666667,0.0,0.88849060810569,1.0,0.5,0.5,0.49999777303266,0.5,1727072341085
73,0.66666666666667,0.0,0.88587752180575,1.0,0.5,0.5,0.5000058880994,0.5,1727072341309
73,0.66666666666667,0.0,0.88327334362035,1.0,0.5,0.5,0.500010696893,0.5,1727072341405
73,0.66666666666667,0.0,0.88066209731246,1.0,0.5,0.5,0.50001033998824,0.5,1727072341493
73,0.66666666666667,0.0,0.87343539317155,1.0,0.5,0.5,0.50000331281605,0.5,1727072341500
73,0.66666666666667,0.0,0.8662144667831,1.0,0.5,0.5,0.50000751580251,0.5,1727072341645
73,0.66666666666667,0.0,0.85898817576313,1.0,0.5,0.5,0.49999842398366,0.5,1727072341660
73,0.66666666666667,0.0,0.85638377951812,1.0,0.5,0.5,0.50000436623527,0.5,1727072341699
73,0.66666666666667,0.0,0.85377323328556,1.0,0.5,0.5,0.50000065751765,0.5,1727072342341
73,0.66666666666667,0.0,0.85377323328556,1.0,0.5,0.5,0.50000065751765,0.5,1727072343197
73,0.66666666666667,0.0,0.85377323328556,1.0,0.5,0.5,0.50000065751765,0.5,1727072345677
73,0.66284687313534,0.0,0.85377323328556,1.0,0.50000043442646,0.5,0.50000065751765,0.5,1727072345805
73,0.65234414895819,0.0,0.85377323328556,1.0,0.50000347498852,0.5,0.50000065751765,0.5,1727072345816
73,0.62467237912659,0.0,0.85377323328556,1.0,0.50000683314082,0.5,0.50000065751765,0.5,1727072345833
73,0.58649850541546,0.0,0.85377323328556,1.0,0.5000040848604,0.5,0.50000065751765,0.5,1727072345849
73,0.52065922666939,0.0,0.85377323328556,1.0,0.49999834614524,0.5,0.50000065751765,0.5,1727072345866
73,0.45864420959605,0.0,0.85377323328556,1.0,0.49999848736258,0.5,0.50000065751765,0.5,1727072345883
73,0.42047755537524,0.0,0.85377323328556,1.0,0.50000051993434,0.5,0.50000065751765,0.5,1727072345899
73,0.39947926512681,0.0,0.85377323328556,1.0,0.5000019881143,0.5,0.50000065751765,0.5,1727072345916
73,0.38231818783868,0.0,0.85377323328556,1.0,0.50000915120526,0.5,0.50000065751765,0.5,1727072345933
73,0.37850379105609,0.0,0.85377323328556,1.0,0.50001007327416,0.5,0.50000065751765,0.5,1727072345949
73,0.37185201574483,0.0,0.85377323328556,1.0,0.50000519710314,0.5,0.50000065751765,0.5,1727072345966
73,0.36804721534198,0.0,0.85377323328556,1.0,0.50000094690683,0.5,0.50000065751765,0.5,1727072345983
73,0.36423240368011,0.0,0.85377323328556,1.0,0.50000146706483,0.5,0.50000065751765,0.5,1727072346005
73,0.35758384901543,0.0,0.85377323328556,1.0,0.49999930458722,0.5,0.50000065751765,0.5,1727072346020
73,0.35377317857712,0.0,0.85377323328556,1.0,0.50000360489377,0.5,0.50000065751765,0.5,1727072346044
73,0.32904400940552,0.0,0.85377323328556,1.0,0.49999795819876,0.5,0.50000065751765,0.5,1727072346083
73,0.28712580105217,0.0,0.85377323328556,1.0,0.50000279616024,0.5,0.50000065751765,0.5,1727072346099
73,0.24896263429094,-0.0,0.85377323328556,1.0,0.5000097104259,0.5,0.50000065751765,0.5,1727072346116
73,0.22128951263187,-0.0,0.85377323328556,1.0,0.49999673024947,0.5,0.50000065751765,0.5,1727072346133
73,0.21749264841304,-0.0,0.85377323328556,1.0,0.50000040182262,0.5,0.50000065751765,0.5,1727072346301
73,0.21369868386235,-0.0,0.85377323328556,1.0,0.50000758112721,0.5,0.50000065751765,0.5,1727072346316
73,0.20319203123351,-0.0,0.85377323328556,1.0,0.50000902169573,0.5,0.50000065751765,0.5,1727072346333
73,0.19269589941101,-0.0,0.85377323328556,1.0,0.50000447308323,0.5,0.50000065751765,0.5,1727072346349
73,0.18889672856385,-0.0,0.85377323328556,1.0,0.50000555335677,0.5,0.50000065751765,0.5,1727072346399
73,0.18224969383646,-0.0,0.85377323328556,1.0,0.50000451520578,0.5,0.50000065751765,0.5,1727072346416
73,0.17477168354983,-0.0,0.85377323328556,1.0,0.50000318356316,0.5,0.50000065751765,0.5,1727072346432
73,0.16813098043978,-0.0,0.85377323328556,1.0,0.50001042119247,0.5,0.50000065751765,0.5,1727072346449
73,0.17480649443083,-0.0,0.85377323328556,1.0,0.5000084286805,0.5,0.50000065751765,0.5,1727072347509
73,0.18148939907966,-0.0,0.85377323328556,1.0,0.50001594094238,0.5,0.50000065751765,0.5,1727072347549
73,0.18816443940141,-0.0,0.85377323328556,1.0,0.5000133291052,0.5,0.50000065751765,0.5,1727072347599
73,0.19483944854675,-0.0,0.85377323328556,1.0,0.49999168950813,0.5,0.50000065751765,0.5,1727072347616
73,0.20152007727609,-0.0,0.85377323328556,1.0,0.49999633727495,0.5,0.50000065751765,0.5,1727072347645
73,0.20819629098659,-0.0,0.85377323328556,1.0,0.49999553708948,0.5,0.50000065751765,0.5,1727072347683
73,0.21487776939157,-0.0,0.85377323328556,1.0,0.50000100369945,0.5,0.50000065751765,0.5,1727072347733
73,0.21877053180372,-0.0,0.85377323328556,1.0,0.50000153016787,0.5,0.50000065751765,0.5,1727072347749
73,0.22544879584891,-0.0,0.85377323328556,1.0,0.50000306365512,0.5,0.50000065751765,0.5,1727072347766
73,0.23212926247926,-0.0,0.85377323328556,1.0,0.50000707334901,0.5,0.50000065751765,0.5,1727072347783
73,0.24263951315816,-0.0,0.85377323328556,1.0,0.50000978558444,0.5,0.50000065751765,0.5,1727072347799
73,0.23599069835348,-0.0,0.85377323328556,1.0,0.50000690076888,0.5,0.50000065751765,0.5,1727072348269
73,0.22934543301443,-0.0,0.85377323328556,1.0,0.50000801836545,0.5,0.50000065751765,0.5,1727072348316
73,0.22270357667571,-0.0,0.85377323328556,1.0,0.50001314331398,0.5,0.50000065751765,0.5,1727072348333
73,0.21890006669352,-0.0,0.85377323328556,1.0,0.50000912294547,0.5,0.50000065751765,0.5,1727072348349
73,0.20565077922289,-0.0,0.85377323328556,1.0,0.50000559660962,0.5,0.50000065751765,0.5,1727072348366
73,0.2018491278969,-0.0,0.85377323328556,1.0,0.50000362881815,0.5,0.50000065751765,0.5,1727072348382
73,0.19520327664975,-0.0,0.85377323328556,1.0,0.50000405771824,0.5,0.50000065751765,0.5,1727072348453
73,0.18855976647938,-0.0,0.85377323328556,1.0,0.50000744263248,0.5,0.50000065751765,0.5,1727072348499
73,0.18855976647938,-0.0,0.85377323328556,1.0,0.50000744263248,0.5,0.50000065751765,0.5,1727072349053
73,0.18855976647938,-0.0,0.85377323328556,1.0,0.50000744263248,0.5,0.50000065751765,0.5,1727072351798
73,0.18855976647938,-0.0,0.85377323328556,0.99333962641447,0.50000744263248,0.5,0.50000065751765,0.50000051653602,1727072351877
73,0.18855976647938,-0.0,0.85377323328556,0.97617232404649,0.50000744263248,0.5,0.50000065751765,0.50000139084234,1727072351885
73,0.18855976647938,-0.0,0.85377323328556,0.96185463859145,0.50000744263248,0.5,0.50000065751765,0.499996860926,1727072351899
73,0.18855976647938,-0.0,0.85377323328556,0.90651087513588,0.50000744263248,0.5,0.50000065751765,0.50000151730899,1727072351916
73,0.18855976647938,-0.0,0.85377323328556,0.84066597542755,0.50000744263248,0.5,0.50000065751765,0.50000224287362,1727072351932
73,0.18855976647938,-0.0,0.85377323328556,0.75764040205839,0.50000744263248,0.5,0.50000065751765,0.4999968529152,1727072351949
73,0.18855976647938,-0.0,0.85377323328556,0.70897587304577,0.50000744263248,0.5,0.50000065751765,0.49999497389717,1727072351966
73,0.18855976647938,-0.0,0.85377323328556,0.67080617098688,0.50000744263248,0.5,0.50000065751765,0.5000036948488,1727072351982
73,0.18855976647938,-0.0,0.85377323328556,0.63263031862984,0.50000744263248,0.5,0.50000065751765,0.49999971853523,1727072351999
73,0.18855976647938,-0.0,0.85377323328556,0.60495285480412,0.50000744263248,0.5,0.50000065751765,0.49999936071343,1727072352016
73,0.18855976647938,-0.0,0.85377323328556,0.58395867282842,0.50000744263248,0.5,0.50000065751765,0.49999302014561,1727072352032
73,0.18855976647938,-0.0,0.85377323328556,0.57345666381474,0.50000744263248,0.5,0.50000065751765,0.49999673627476,1727072352049
73,0.18855976647938,-0.0,0.85377323328556,0.56295104376865,0.50000744263248,0.5,0.50000065751765,0.49999809947131,1727072352066
73,0.18855976647938,-0.0,0.85377323328556,0.55629976796174,0.50000744263248,0.5,0.50000065751765,0.49999458150902,1727072352082
73,0.18855976647938,-0.0,0.85377323328556,0.55247480640529,0.50000744263248,0.5,0.50000065751765,0.49999854577028,1727072352149
73,0.18855976647938,-0.0,0.85377323328556,0.54582465461595,0.50000744263248,0.5,0.50000065751765,0.49999576393101,1727072352182
73,0.18855976647938,-0.0,0.85377323328556,0.55250022432132,0.50000744263248,0.5,0.50000065751765,0.49999486938075,1727072352517
73,0.18855976647938,-0.0,0.85377323328556,0.55916652346535,0.50000744263248,0.5,0.50000065751765,0.49999815536652,1727072352533
73,0.18855976647938,-0.0,0.85377323328556,0.5658367353821,0.50000744263248,0.5,0.50000065751765,0.49999363514639,1727072352549
73,0.18855976647938,-0.0,0.85377323328556,0.57251442185185,0.50000744263248,0.5,0.50000065751765,0.49999419852208,1727072352566
73,0.18855976647938,-0.0,0.85377323328556,0.59355214824849,0.50000744263248,0.5,0.50000065751765,0.49999889028247,1727072352582
73,0.18855976647938,-0.0,0.85377323328556,0.600218388947,0.50000744263248,0.5,0.50000065751765,0.50000194817454,1727072352599
73,0.18855976647938,-0.0,0.85377323328556,0.61357081989165,0.50000744263248,0.5,0.50000065751765,0.49999119252989,1727072352616
73,0.18855976647938,-0.0,0.85377323328556,0.62408995955698,0.50000744263248,0.5,0.50000065751765,0.49999851892199,1727072352632
73,0.18855976647938,-0.0,0.85377323328556,0.64126018785246,0.50000744263248,0.5,0.50000065751765,0.4999991645201,1727072352649
73,0.18855976647938,-0.0,0.85377323328556,0.65176888005084,0.50000744263248,0.5,0.50000065751765,0.49999978557566,1727072352666
73,0.18855976647938,-0.0,0.85377323328556,0.66228189272532,0.50000744263248,0.5,0.50000065751765,0.49999370580169,1727072352682
73,0.18855976647938,-0.0,0.85377323328556,0.68331595556603,0.50000744263248,0.5,0.50000065751765,0.49999579326281,1727072352699
73,0.18855976647938,-0.0,0.85377323328556,0.69382902688844,0.50000744263248,0.5,0.50000065751765,0.49999898222676,1727072352716
73,0.18855976647938,-0.0,0.85377323328556,0.71099899272259,0.50000744263248,0.5,0.50000065751765,0.49999942212087,1727072352732
73,0.18855976647938,-0.0,0.85377323328556,0.71486695410682,0.50000744263248,0.5,0.50000065751765,0.49999430368022,1727072352813
73,0.18855976647938,-0.0,0.85377323328556,0.72153465694746,0.50000744263248,0.5,0.50000065751765,0.49999784095986,1727072352821
73,0.18855976647938,-0.0,0.85377323328556,0.72820866482648,0.50000744263248,0.5,0.50000065751765,0.49999621265057,1727072352909
73,0.18855976647938,-0.0,0.85377323328556,0.73487300528629,0.50000744263248,0.5,0.50000065751765,0.49999780683137,1727072352925
73,0.18855976647938,-0.0,0.85377323328556,0.74154675431629,0.50000744263248,0.5,0.50000065751765,0.49999605672689,1727072352997
73,0.18855976647938,-0.0,0.85377323328556,0.75205431670414,0.50000744263248,0.5,0.50000065751765,0.49999602659431,1727072353032
73,0.18855976647938,-0.0,0.85377323328556,0.75872570774041,0.50000744263248,0.5,0.50000065751765,0.50000143789831,1727072353052
73,0.18855976647938,-0.0,0.85377323328556,0.76539577569251,0.50000744263248,0.5,0.50000065751765,0.49999770632849,1727072353068
73,0.18855976647938,-0.0,0.85377323328556,0.75873836838812,0.50000744263248,0.5,0.50000065751765,0.49999994908838,1727072355157
73,0.18855976647938,-0.0,0.85377323328556,0.75208171839314,0.50000744263248,0.5,0.50000065751765,0.49999417393136,1727072355605
73,0.18855976647938,-0.0,0.85377323328556,0.7349139807862,0.50000744263248,0.5,0.50000065751765,0.49999490821439,1727072355629
73,0.18855976647938,-0.0,0.85377323328556,0.7349139807862,0.50000744263248,0.5,0.50000065751765,0.49999490821439,1727072355629
74,1.0,1.0,0.83333333333333,0.5,0.5,0.5,0.5,0.5,1727072369150
74,1.0,1.0,0.83333333333333,0.5,0.5,0.5,0.5,0.5,1727072369325
74,1.0,1.0,0.83333333333333,0.5,0.5,0.5,0.5,0.5,1727072372198
74,0.99334360275601,1.0,0.83333333333333,0.5,0.50000227973975,0.5,0.5,0.5,1727072372277
74,0.97617274396475,1.0,0.83333333333333,0.5,0.50000157965124,0.5,0.5,0.5,1727072372285
74,0.95136854947389,1.0,0.83333333333333,0.5,0.49999968734169,0.5,0.5,0.5,1727072372298
74,0.88553028891112,1.0,0.83333333333333,0.5,0.49999603197637,0.5,0.5,0.5,1727072372315
74,0.80919658927122,1.0,0.83333333333333,0.5,0.49999822465976,0.5,0.5,0.5,1727072372331
74,0.7156924494796,1.0,0.83333333333333,0.5,0.50000008094858,0.5,0.5,0.5,1727072372348
74,0.63561673862094,1.0,0.83333333333333,0.5,0.50000084291786,0.5,0.5,0.5,1727072372365
74,0.52791629200712,1.0,0.83333333333333,0.5,0.49999519135198,0.5,0.5,0.5,1727072372381
74,0.45101391898151,1.0,0.83333333333333,0.5,0.49999884731739,0.5,0.5,0.5,1727072372398
74,0.40236382946462,1.0,0.83333333333333,0.5,0.49999543521679,0.5,0.5,0.5,1727072372415
74,0.3567540455681,1.0,0.83333333333333,0.5,0.50000018119832,0.5,0.5,0.5,1727072372431
74,0.314831164429,1.0,0.83333333333333,0.5,0.50000038575104,0.5,0.5,0.5,1727072372448
74,0.28715745176594,1.0,0.83333333333333,0.5,0.4999879101955,0.5,0.5,0.5,1727072372464
74,0.28050678737388,1.0,0.83333333333333,0.5,0.4999990595477,0.5,0.5,0.5,1727072372481
74,0.27670923085822,1.0,0.83333333333333,0.5,0.50000161046538,0.5,0.5,0.5,1727072372717
74,0.27005934309346,1.0,0.83333333333333,0.5,0.49999767262967,0.5,0.5,0.5,1727072372731
74,0.26625866862075,1.0,0.83333333333333,0.5,0.49999693520372,0.5,0.5,0.5,1727072372749
74,0.25961051846427,1.0,0.83333333333333,0.5,0.49999473548157,0.5,0.5,0.5,1727072372765
74,0.22144409531946,1.0,0.83333333333333,0.5,0.4999975926603,0.5,0.5,0.5,1727072372781
74,0.20427398042555,1.0,0.83333333333333,0.5,0.49999642865193,0.5,0.5,0.5,1727072372798
74,0.19377318030534,1.0,0.83333333333333,0.5,0.49998579338059,0.5,0.5,0.5,1727072372814
74,0.17661079625712,1.0,0.83333333333333,0.5,0.49999407024135,0.5,0.5,0.5,1727072372831
74,0.16611449755159,1.0,0.83333333333333,0.5,0.4999886327641,0.5,0.5,0.5,1727072372848
74,0.13843949250619,1.0,0.83333333333333,0.5,0.49999054524641,0.5,0.5,0.5,1727072372865
74,0.10028400408564,1.0,0.83333333333333,0.5,0.49998693050116,0.5,0.5,0.5,1727072372881
74,0.07931508843529,1.0,0.83333333333333,0.5,0.49998662587257,0.5,0.5,0.5,1727072372898
74,0.06214596070721,1.0,0.83333333333333,0.5,0.49998607224375,0.5,0.5,0.5,1727072372914
74,0.05165195917023,1.0,0.83333333333333,0.5,0.499982491849,0.5,0.5,0.5,1727072372931
74,0.04116242895349,1.0,0.83333333333333,0.5,0.49998712041189,0.5,0.5,0.5,1727072372948
74,0.03066749418846,1.0,0.83333333333333,0.5,0.50001169908463,0.5,0.5,0.5,1727072372964
74,0.02403285101966,1.0,0.83333333333333,0.5,0.50000418836253,0.5,0.5,0.5,1727072372981
74,0.01353731429201,1.0,0.83333333333333,0.5,0.49999759992013,0.5,0.5,0.5,1727072373909
74,0.00690744117891,1.0,0.83333333333333,0.5,0.49999946107224,0.5,0.5,0.5,1727072373925
74,0.00027601410457,1.0,0.83333333333333,0.5,0.49999799763864,0.5,0.5,0.5,1727072373933
74,0.0,1.0,0.83333333333333,0.5,0.5,0.5,0.5,0.5,1727072373948
74,0.0,1.0,0.83333333333333,0.5,0.5,0.5,0.5,0.5,1727072373965
74,0.0,1.0,0.83333333333333,0.5,0.5,0.5,0.5,0.5,1727072373981
74,0.0,1.0,0.83333333333333,0.5,0.5,0.5,0.5,0.5,1727072373998
74,0.0,1.0,0.83333333333333,0.5,0.5,0.5,0.5,0.5,1727072374014
74,0.0,1.0,0.83333333333333,0.5,0.5,0.5,0.5,0.5,1727072374133
74,0.0,1.0,0.83333333333333,0.5,0.5,0.5,0.5,0.5,1727072375079
74,0.0,1.0,0.83333333333333,0.5,0.5,0.5,0.5,0.5,1727072377078
74,0.0,0.9933415358453,0.83333333333333,0.5,0.5,0.4999986367756,0.5,0.5,1727072377157
74,0.0,0.98668390450289,0.83333333333333,0.5,0.5,0.50000374624945,0.5,0.5,1727072377165
74,0.0,0.97236571020257,0.83333333333333,0.5,0.5,0.50000158789721,0.5,0.5,1727072377181
74,0.0,0.93419288194464,0.83333333333333,0.5,0.5,0.50000331398166,0.5,0.5,1727072377198
74,0.0,0.86455956703776,0.83333333333333,0.5,0.5,0.50000478027577,0.5,0.5,1727072377214
74,0.0,0.77486166209463,0.83333333333333,0.5,0.5,0.49999993349102,0.5,0.5,1727072377231
74,0.0,0.670883634621,0.83333333333333,0.5,0.5,0.50000519253696,0.5,0.5,1727072377248
74,0.0,0.55864774045225,0.83333333333333,0.5,0.5,0.49999891826627,0.5,0.5,1727072377264
74,0.0,0.45565326151666,0.83333333333333,0.5,0.5,0.50000646681314,0.5,0.5,1727072377281
74,0.0,0.36719685734801,0.83333333333333,0.5,0.5,0.50000280726696,0.5,0.5,1727072377298
74,0.0,0.29853575982671,0.83333333333333,0.5,0.5,0.50000271547112,0.5,0.5,1727072377314
74,0.0,0.24703349509452,0.83333333333333,0.5,0.5,0.49999697636854,0.5,0.5,1727072377331
74,0.0,0.21935768718328,0.83333333333333,0.5,0.5,0.49999548815826,0.5,0.5,1727072377348
74,0.0,0.18895568202464,0.83333333333333,0.5,0.5,0.49999769414546,0.5,0.5,1727072377364
74,0.0,0.13745539322564,0.83333333333333,0.5,0.5,0.50000874437462,0.5,0.5,1727072377381
74,0.0,0.09824723815169,0.83333333333333,0.5,0.5,0.49999828337849,0.5,0.5,1727072377398
74,0.0,0.06134820105995,0.83333333333333,0.5,0.5,0.50000999624457,0.5,0.5,1727072377414
74,0.0,0.04417852969355,0.83333333333333,0.5,0.5,0.50001140541733,0.5,0.5,1727072377431
74,0.0,0.02443936858603,0.83333333333333,0.5,0.5,0.50001363115443,0.5,0.5,1727072377448
74,0.0,0.0139434342382,0.83333333333333,0.5,0.5,0.50002174870437,0.5,0.5,1727072377464
74,0.0,0.00730760433167,0.83333333333333,0.5,0.5,0.50000018850498,0.5,0.5,1727072377481
74,0.0,0.00067612372998,0.83333333333333,0.5,0.5,0.50000175805842,0.5,0.5,1727072377531
74,0.0,0.0,0.83333333333333,0.5,0.5,0.5,0.5,0.5,1727072377581
74,0.0,0.0,0.83333333333333,0.5,0.5,0.5,0.5,0.5,1727072377598
74,0.0,0.0,0.83333333333333,0.5,0.5,0.5,0.5,0.5,1727072377614
74,0.0,0.0,0.83333333333333,0.5,0.5,0.5,0.5,0.5,1727072377631
74,0.0,0.0,0.83333333333333,0.5,0.5,0.5,0.5,0.5,1727072377648
74,0.0,0.0,0.83333333333333,0.5,0.5,0.5,0.5,0.5,1727072377664
74,0.0,0.0,0.83333333333333,0.5,0.5,0.5,0.5,0.5,1727072377681
74,0.0,0.0,0.83333333333333,0.5,0.5,0.5,0.5,0.5,1727072377698
74,0.0,0.0,0.83333333333333,0.5,0.5,0.5,0.5,0.5,1727072377714
74,0.0,0.0,0.83333333333333,0.5,0.5,0.5,0.5,0.5,1727072377731
74,0.0,0.0,0.83333333333333,0.5,0.5,0.5,0.5,0.5,1727072377748
74,0.0,0.0,0.83333333333333,0.5,0.5,0.5,0.5,0.5,1727072377764
74,0.0,0.0,0.83333333333333,0.5,0.5,0.5,0.5,0.5,1727072377781
74,0.0,0.0,0.83333333333333,0.5,0.5,0.5,0.5,0.5,1727072377798
74,0.0,0.0,0.83333333333333,0.5,0.5,0.5,0.5,0.5,1727072377814
74,0.0,0.0,0.83333333333333,0.5,0.5,0.5,0.5,0.5,1727072377831
74,0.0,0.0,0.83333333333333,0.5,0.5,0.5,0.5,0.5,1727072377848
74,0.0,0.0,0.83333333333333,0.5,0.5,0.5,0.5,0.5,1727072377864
74,0.0,0.0,0.83333333333333,0.5,0.5,0.5,0.5,0.5,1727072377881
74,0.0,0.0,0.83333333333333,0.5,0.5,0.5,0.5,0.5,1727072377893
74,0.0,0.0,0.83333333333333,0.5,0.5,0.5,0.5,0.5,1727072377893
74,0.0,0.0,0.83333333333333,0.5,0.5,0.5,0.5,0.5,1727072379575
74,0.0,0.0,0.83333333333333,0.5,0.5,0.5,0.5,0.5,1727072379709
75,0.33333333333333,0.66666666666667,0.83333333333333,0.16666666666667,0.5,0.5,0.5,0.5,1727072382646
75,0.33333333333333,0.66666666666667,0.82610660158506,0.16666666666667,0.5,0.5,0.49999096899959,0.5,1727072382741
75,0.33333333333333,0.66666666666667,0.81888621131065,0.16666666666667,0.5,0.5,0.49999264279677,0.5,1727072382749
75,0.33333333333333,0.66666666666667,0.81165692870565,0.16666666666667,0.5,0.5,0.49999783045877,0.5,1727072382764
75,0.33333333333333,0.66666666666667,0.77491109035499,0.16666666666667,0.5,0.5,0.49999243466167,0.5,1727072382781
75,0.33333333333333,0.66666666666667,0.72628624397087,0.16666666666667,0.5,0.5,0.49999263921745,0.5,1727072382798
75,0.33333333333333,0.66666666666667,0.70462622946456,0.16666666666667,0.5,0.5,0.49999194367625,0.5,1727072382814
75,0.33333333333333,0.66666666666667,0.6829764300126,0.16666666666667,0.5,0.5,0.49997980416324,0.5,1727072382831
75,0.33333333333333,0.66666666666667,0.66589049055233,0.16666666666667,0.5,0.5,0.49998970085872,0.5,1727072382847
75,0.33333333333333,0.66666666666667,0.65866931064887,0.16666666666667,0.5,0.5,0.49999621952521,0.5,1727072382869
75,0.33333333333333,0.66666666666667,0.65144147027506,0.16666666666667,0.5,0.5,0.49999396271638,0.5,1727072382917
75,0.33333333333333,0.66666666666667,0.64422153369739,0.16666666666667,0.5,0.5,0.49999332536105,0.5,1727072382933
75,0.33333333333333,0.66666666666667,0.62977264957491,0.16666666666667,0.5,0.5,0.49999693966543,0.5,1727072382949
75,0.33333333333333,0.66666666666667,0.6225530261731,0.16666666666667,0.5,0.5,0.49999442777156,0.5,1727072382965
75,0.33333333333333,0.66666666666667,0.62978125509229,0.16666666666667,0.5,0.5,0.49999443747346,0.5,1727072383998
75,0.33333333333333,0.66666666666667,0.6396531110595,0.16666666666667,0.5,0.5,0.4999970906343,0.5,1727072384014
75,0.33333333333333,0.66666666666667,0.64689137396013,0.16666666666667,0.5,0.5,0.49998626707027,0.5,1727072384064
75,0.33333333333333,0.66666666666667,0.65412129837258,0.16666666666667,0.5,0.5,0.49997650182052,0.5,1727072384114
75,0.33333333333333,0.66666666666667,0.65677921753694,0.16666666666667,0.5,0.5,0.49999118341945,0.5,1727072384131
75,0.33333333333333,0.66666666666667,0.67125084180259,0.16666666666667,0.5,0.5,0.4999981195042,0.5,1727072384148
75,0.33333333333333,0.66666666666667,0.67390972417851,0.16666666666667,0.5,0.5,0.50000699655735,0.5,1727072384164
75,0.33333333333333,0.66666666666667,0.68114168499131,0.16666666666667,0.5,0.5,0.49998587776506,0.5,1727072384181
75,0.33333333333333,0.66666666666667,0.68114168499131,0.16666666666667,0.5,0.5,0.49998587776506,0.5,1727072385909
75,0.33333333333333,0.66666666666667,0.68114168499131,0.16666666666667,0.5,0.5,0.49998587776506,0.5,1727072387134
75,0.33333333333333,0.66666666666667,0.68114168499131,0.16002463005752,0.5,0.5,0.49998587776506,0.50001243159527,1727072387254
75,0.33333333333333,0.66666666666667,0.68114168499131,0.15338222356023,0.5,0.5,0.49998587776506,0.49999673093385,1727072387277
75,0.33333333333333,0.66666666666667,0.68114168499131,0.14288415249806,0.5,0.5,0.49998587776506,0.50001014491563,1727072387285
75,0.33333333333333,0.66666666666667,0.68114168499131,0.11908981978806,0.5,0.5,0.49998587776506,0.50001926438424,1727072387297
75,0.33333333333333,0.66666666666667,0.68114168499131,0.06758816432521,0.5,0.5,0.49998587776506,0.50000616090285,1727072387314
75,0.33333333333333,0.66666666666667,0.68114168499131,0.0,0.5,0.5,0.49998587776506,0.5,1727072387331
75,0.33333333333333,0.66666666666667,0.68114168499131,0.0,0.5,0.5,0.49998587776506,0.5,1727072387347
75,0.33333333333333,0.66666666666667,0.68114168499131,0.0,0.5,0.5,0.49998587776506,0.5,1727072387364
75,0.33333333333333,0.66666666666667,0.68114168499131,0.0,0.5,0.5,0.49998587776506,0.5,1727072387380
75,0.33333333333333,0.66666666666667,0.68114168499131,0.0,0.5,0.5,0.49998587776506,0.5,1727072387397
75,0.33333333333333,0.66666666666667,0.68114168499131,0.0,0.5,0.5,0.49998587776506,0.5,1727072387493
75,0.33333333333333,0.66666666666667,0.68114168499131,0.0,0.5,0.5,0.49998587776506,0.5,1727072389527
75,0.34000501555525,0.66666666666667,0.68114168499131,0.0,0.50000468676796,0.5,0.49998587776506,0.5,1727072389590
75,0.35052278367076,0.66666666666667,0.68114168499131,0.0,0.49999973077038,0.5,0.49998587776506,0.5,1727072389606
75,0.37819794084273,0.66666666666667,0.68114168499131,0.0,0.49999819280926,0.5,0.49998587776506,0.5,1727072389614
75,0.42593232859041,0.66666666666667,0.68114168499131,0.0,0.49999499761073,0.5,0.49998587776506,0.5,1727072389631
75,0.480381545203,0.66666666666667,0.68114168499131,0.0,0.4999976824702,0.5,0.49998587776506,0.5,1727072389647
75,0.53858229516494,0.66666666666667,0.68114168499131,0.0,0.49999837784239,0.5,0.49998587776506,0.5,1727072389664
75,0.60348268661512,0.66666666666667,0.68114168499131,0.0,0.49999378500833,0.5,0.49998587776506,0.5,1727072389681
75,0.68556312142468,0.66666666666667,0.68114168499131,0.0,0.49999639974923,0.5,0.49998587776506,0.5,1727072389697
75,0.78107309223312,0.66666666666667,0.68114168499131,0.0,0.4999979515941,0.5,0.49998587776506,0.5,1727072389714
75,0.89749157504829,0.66666666666667,0.68114168499131,0.0,0.49999964799054,0.5,0.49998587776506,0.5,1727072389731
75,1.0,0.66666666666667,0.68114168499131,0.0,0.5,0.5,0.49998587776506,0.5,1727072389747
75,1.0,0.66666666666667,0.68114168499131,0.0,0.5,0.5,0.49998587776506,0.5,1727072389764
75,1.0,0.66666666666667,0.68114168499131,0.0,0.5,0.5,0.49998587776506,0.5,1727072389781
75,1.0,0.66666666666667,0.68114168499131,0.0,0.5,0.5,0.49998587776506,0.5,1727072389797
75,1.0,0.66666666666667,0.68114168499131,0.0,0.5,0.5,0.49998587776506,0.5,1727072389814
75,1.0,0.66666666666667,0.68114168499131,0.0,0.5,0.5,0.49998587776506,0.5,1727072389831
75,1.0,0.66666666666667,0.68114168499131,0.0,0.5,0.5,0.49998587776506,0.5,1727072389847
75,1.0,0.66666666666667,0.68114168499131,0.0,0.5,0.5,0.49998587776506,0.5,1727072389864
75,1.0,0.66666666666667,0.68114168499131,0.0,0.5,0.5,0.49998587776506,0.5,1727072389881
75,1.0,0.66666666666667,0.68114168499131,0.0,0.5,0.5,0.49998587776506,0.5,1727072389897
75,1.0,0.66666666666667,0.68114168499131,0.0,0.5,0.5,0.49998587776506,0.5,1727072389914
75,1.0,0.66666666666667,0.68114168499131,0.0,0.5,0.5,0.49998587776506,0.5,1727072389931
75,1.0,0.66666666666667,0.68114168499131,0.0,0.5,0.5,0.49998587776506,0.5,1727072389947
75,1.0,0.66666666666667,0.68114168499131,0.0,0.5,0.5,0.49998587776506,0.5,1727072389964
75,1.0,0.66666666666667,0.68114168499131,0.0,0.5,0.5,0.49998587776506,0.5,1727072390053
75,1.0,0.66666666666667,0.68114168499131,0.0,0.5,0.5,0.49998587776506,0.5,1727072391063
75,1.0,0.66000949585004,0.68114168499131,0.0,0.5,0.50000356770998,0.49998587776506,0.5,1727072391182
75,1.0,0.6533524210182,0.68114168499131,0.0,0.5,0.50000086978092,0.49998587776506,0.5,1727072391205
75,1.0,0.64006545493169,0.68114168499131,0.0,0.5,0.50000710367238,0.49998587776506,0.5,1727072391229
75,1.0,0.63624782856436,0.68114168499131,0.0,0.5,0.49999895816927,0.49998587776506,0.5,1727072391237
75,1.0,0.6295933954769,0.68114168499131,0.0,0.5,0.50000413971841,0.49998587776506,0.5,1727072391247
75,1.0,0.59914332733999,0.68114168499131,0.0,0.5,0.50000682963378,0.49998587776506,0.5,1727072391264
75,1.0,0.57532335207004,0.68114168499131,0.0,0.5,0.49999981619756,0.49998587776506,0.5,1727072391281
75,1.0,0.55150479920756,0.68114168499131,0.0,0.5,0.50000199006997,0.49998587776506,0.5,1727072391297
75,1.0,0.52769111707387,0.68114168499131,0.0,0.5,0.50000084406583,0.49998587776506,0.5,1727072391314
75,1.0,0.51052619535987,0.68114168499131,0.0,0.5,0.49999773935051,0.49998587776506,0.5,1727072391330
75,1.0,0.50001883166049,0.68114168499131,0.0,0.5,0.50000877517282,0.49998587776506,0.5,1727072391347
75,1.0,0.49336911187134,0.68114168499131,0.0,0.5,0.5000000881821,0.49998587776506,0.5,1727072391364
75,1.0,0.48672199031263,0.68114168499131,0.0,0.5,0.50000081316958,0.49998587776506,0.5,1727072391380
75,1.0,0.46954867077416,0.68114168499131,0.0,0.5,0.50000396545763,0.49998587776506,0.5,1727072391397
75,1.0,0.45238486463597,0.68114168499131,0.0,0.5,0.49999980435308,0.49998587776506,0.5,1727072391414
75,1.0,0.43521519203773,0.68114168499131,0.0,0.5,0.50000015494928,0.49998587776506,0.5,1727072391430
75,1.0,0.42856066449105,0.68114168499131,0.0,0.5,0.50000696009492,0.49998587776506,0.5,1727072391447
75,1.0,0.42190325650519,0.68114168499131,0.0,0.5,0.50000363979308,0.49998587776506,0.5,1727072391566
75,1.0,0.41140796175234,0.68114168499131,0.0,0.5,0.50000618747695,0.49998587776506,0.5,1727072391581
75,1.0,0.39813180249587,0.68114168499131,0.0,0.5,0.5000056644789,0.49998587776506,0.5,1727072391598
75,1.0,0.3876262303569,0.68114168499131,0.0,0.5,0.50000392458018,0.49998587776506,0.5,1727072391614
75,1.0,0.38098123063591,0.68114168499131,0.0,0.5,0.50000295747534,0.49998587776506,0.5,1727072391846
75,1.0,0.37433196227996,0.68114168499131,0.0,0.5,0.50000573931091,0.49998587776506,0.5,1727072391870
75,1.0,0.37052466120442,0.68114168499131,0.0,0.5,0.49999859238515,0.49998587776506,0.5,1727072392022
75,1.0,0.3638719152387,0.68114168499131,0.0,0.5,0.50000449763148,0.49998587776506,0.5,1727072392031
75,1.0,0.36006066111022,0.68114168499131,0.0,0.5,0.50000079288719,0.49998587776506,0.5,1727072392126
75,1.0,0.35341002866165,0.68114168499131,0.0,0.5,0.50000489368132,0.49998587776506,0.5,1727072392198
75,1.0,0.34676183952957,0.68114168499131,0.0,0.5,0.50000682854051,0.49998587776506,0.5,1727072392214
75,1.0,0.34676183952957,0.68114168499131,0.0,0.5,0.50000682854051,0.49998587776506,0.5,1727072393806
76,0.33333333333333,1.0,0.33333333333333,0.33333333333333,0.5,0.5,0.5,0.5,1727072398631
76,0.33333333333333,1.0,0.32611350809381,0.33333333333333,0.5,0.5,0.49999630206221,0.5,1727072398710
76,0.33333333333333,1.0,0.30179274076334,0.33333333333333,0.5,0.5,0.49999815734982,0.5,1727072398747
76,0.33333333333333,1.0,0.28016781956933,0.33333333333333,0.5,0.5,0.49997387817469,0.5,1727072398764
76,0.33333333333333,1.0,0.24143073168835,0.33333333333333,0.5,0.5,0.49998267751687,0.5,1727072398780
76,0.33333333333333,1.0,0.20989877418678,0.33333333333333,0.5,0.5,0.49997637282537,0.5,1727072398797
76,0.33333333333333,1.0,0.15682761953599,0.33333333333333,0.5,0.5,0.49999170527714,0.5,1727072398814
76,0.33333333333333,1.0,0.10377540323705,0.33333333333333,0.5,0.5,0.49997357306377,0.5,1727072398830
76,0.33333333333333,1.0,0.06790345352256,0.33333333333333,0.5,0.5,0.49998664760578,0.5,1727072398847
76,0.33333333333333,1.0,0.02919256706257,0.33333333333333,0.5,0.5,0.49997302167734,0.5,1727072398864
76,0.33333333333333,1.0,0.0,0.33333333333333,0.5,0.5,0.5,0.5,1727072398880
76,0.33333333333333,1.0,0.0,0.33333333333333,0.5,0.5,0.5,0.5,1727072398897
76,0.33333333333333,1.0,0.0,0.33333333333333,0.5,0.5,0.5,0.5,1727072398914
76,0.33333333333333,1.0,0.0,0.33333333333333,0.5,0.5,0.5,0.5,1727072398930
76,0.33333333333333,1.0,0.0,0.33333333333333,0.5,0.5,0.5,0.5,1727072398947
76,0.33333333333333,1.0,0.0,0.33333333333333,0.5,0.5,0.5,0.5,1727072398964
76,0.33333333333333,1.0,0.0,0.33333333333333,0.5,0.5,0.5,0.5,1727072398980
76,0.33333333333333,1.0,0.0,0.33333333333333,0.5,0.5,0.5,0.5,1727072398997
76,0.33333333333333,1.0,0.0,0.33333333333333,0.5,0.5,0.5,0.5,1727072399014
76,0.33333333333333,1.0,0.0,0.33333333333333,0.5,0.5,0.5,0.5,1727072399070
76,0.33333333333333,1.0,0.0,0.33333333333333,0.5,0.5,0.5,0.5,1727072400623
76,0.33333333333333,1.0,0.0,0.32668061610018,0.5,0.5,0.5,0.50000353066884,1727072400678
76,0.33333333333333,1.0,0.0,0.32002583938205,0.5,0.5,0.5,0.49999523184432,1727072400694
76,0.33333333333333,1.0,0.0,0.30286340520998,0.5,0.5,0.5,0.50000186156616,1727072400702
76,0.33333333333333,1.0,0.0,0.29621647319439,0.5,0.5,0.5,0.50000109876742,1727072400713
76,0.33333333333333,1.0,0.0,0.26853524195692,0.5,0.5,0.5,0.4999965767994,1727072400730
76,0.33333333333333,1.0,0.0,0.25527239644302,0.5,0.5,0.5,0.4999950607478,1727072400747
76,0.33333333333333,1.0,0.0,0.22382300719732,0.5,0.5,0.5,0.4999909682625,1727072400763
76,0.33333333333333,1.0,0.0,0.20666098723363,0.5,0.5,0.5,0.49999933449998,1727072400780
76,0.33333333333333,1.0,0.0,0.18567918210865,0.5,0.5,0.5,0.50000285868241,1727072400797
76,0.33333333333333,1.0,0.0,0.15800739470475,0.5,0.5,0.5,0.49998920342361,1727072400813
76,0.33333333333333,1.0,0.0,0.14750801519746,0.5,0.5,0.5,0.50000044783618,1727072400830
76,0.33333333333333,1.0,0.0,0.13701180162229,0.5,0.5,0.5,0.49999489573539,1727072400854
76,0.33333333333333,1.0,0.0,0.1332218148131,0.5,0.5,0.5,0.49998711751732,1727072400869
76,0.33333333333333,1.0,0.0,0.12658336306872,0.5,0.5,0.5,0.49999816657241,1727072400885
76,0.33333333333333,1.0,0.0,0.1227959350638,0.5,0.5,0.5,0.49999398834409,1727072400942
76,0.33333333333333,1.0,0.0,0.11229899875778,0.5,0.5,0.5,0.49998677052802,1727072400980
76,0.33333333333333,1.0,0.0,0.1189775505414,0.5,0.5,0.5,0.49998944362694,1727072401902
76,0.33333333333333,1.0,0.0,0.1256536482357,0.5,0.5,0.5,0.49998841985232,1727072402230
76,0.33333333333333,1.0,0.0,0.1256536482357,0.5,0.5,0.5,0.49998841985232,1727072402526
76,0.33333333333333,1.0,0.0,0.1256536482357,0.5,0.5,0.5,0.49998841985232,1727072404183
76,0.34001013269327,1.0,0.0,0.1256536482357,0.50000946836377,0.5,0.5,0.49998841985232,1727072404230
76,0.34389167340391,1.0,0.0,0.1256536482357,0.49999941116938,0.5,0.5,0.49998841985232,1727072404247
76,0.36106379411385,1.0,0.0,0.1256536482357,0.50000203514849,0.5,0.5,0.49998841985232,1727072404263
76,0.4125791476694,1.0,0.0,0.1256536482357,0.49999545033439,0.5,0.5,0.49998841985232,1727072404280
76,0.47078373300739,1.0,0.0,0.1256536482357,0.49999932506783,0.5,0.5,0.49998841985232,1727072404297
76,0.57678634721542,1.0,0.0,0.1256536482357,0.50000115484248,0.5,0.5,0.49998841985232,1727072404313
76,0.66934136244337,1.0,0.0,0.1256536482357,0.50000173967136,0.5,0.5,0.49998841985232,1727072404330
76,0.75812534971408,1.0,0.0,0.1256536482357,0.50000124295541,0.5,0.5,0.49998841985232,1727072404347
76,0.84019058678858,1.0,0.0,0.1256536482357,0.50000301984312,0.5,0.5,0.49998841985232,1727072404363
76,0.90508105931951,1.0,0.0,0.1256536482357,0.50000197425859,0.5,0.5,0.49998841985232,1727072404380
76,0.94608927632607,1.0,0.0,0.1256536482357,0.4999986027126,0.5,0.5,0.49998841985232,1727072404397
76,0.97377450322035,1.0,0.0,0.1256536482357,0.50000237531715,0.5,0.5,0.49998841985232,1727072404413
76,0.98043601143749,1.0,0.0,0.1256536482357,0.50000234890553,0.5,0.5,0.49998841985232,1727072404430
76,0.98710419914947,1.0,0.0,0.1256536482357,0.49999844323544,0.5,0.5,0.49998841985232,1727072404486
76,0.99761332451396,1.0,0.0,0.1256536482357,0.49999908962681,0.5,0.5,0.49998841985232,1727072404497
76,1.0,1.0,0.0,0.1256536482357,0.5,0.5,0.5,0.49998841985232,1727072404513
76,1.0,1.0,0.0,0.1256536482357,0.5,0.5,0.5,0.49998841985232,1727072404530
76,1.0,1.0,0.0,0.1256536482357,0.5,0.5,0.5,0.49998841985232,1727072404546
76,1.0,1.0,0.0,0.1256536482357,0.5,0.5,0.5,0.49998841985232,1727072404563
76,0.99617342724518,1.0,0.0,0.1256536482357,0.50000185659322,0.5,0.5,0.49998841985232,1727072405231
76,0.98951990754564,1.0,0.0,0.1256536482357,0.49999859028473,0.5,0.5,0.49998841985232,1727072405247
76,0.97901487670475,1.0,0.0,0.1256536482357,0.49999977215423,0.5,0.5,0.49998841985232,1727072405263
76,0.95801515035714,1.0,0.0,0.1256536482357,0.49999989308631,0.5,0.5,0.49998841985232,1727072405280
76,0.9475113894975,1.0,0.0,0.1256536482357,0.50000170216879,0.5,0.5,0.49998841985232,1727072405297
76,0.91983143904573,1.0,0.0,0.1256536482357,0.50000031567649,0.5,0.5,0.49998841985232,1727072405313
76,0.90266290340456,1.0,0.0,0.1256536482357,0.50000065286421,0.5,0.5,0.49998841985232,1727072405330
76,0.89215628757328,1.0,0.0,0.1256536482357,0.50000117849424,0.5,0.5,0.49998841985232,1727072405347
76,0.89882580014604,1.0,0.0,0.1256536482357,0.50000499847262,0.5,0.5,0.49998841985232,1727072406622
76,0.90549662586065,1.0,0.0,0.1256536482357,0.50000206035177,0.5,0.5,0.49998841985232,1727072406678
76,0.91216043931819,1.0,0.0,0.1256536482357,0.50000312779411,0.5,0.5,0.49998841985232,1727072406854
76,0.91602811687506,1.0,0.0,0.1256536482357,0.49999874589568,0.5,0.5,0.49998841985232,1727072406878
76,0.92269983598404,1.0,0.0,0.1256536482357,0.50000353932028,0.5,0.5,0.49998841985232,1727072406894
76,0.92269983598404,1.0,0.0,0.1256536482357,0.50000353932028,0.5,0.5,0.49998841985232,1727072407790
76,0.92269983598404,1.0,0.0,0.1256536482357,0.50000353932028,0.5,0.5,0.49998841985232,1727072408759
76,0.92269983598404,0.99333854452265,0.0,0.1256536482357,0.50000353932028,0.49999996320265,0.5,0.49998841985232,1727072408790
76,0.92269983598404,0.98668335025568,0.0,0.1256536482357,0.50000353932028,0.50000399334201,0.5,0.49998841985232,1727072408798
76,0.92269983598404,0.98003234894782,0.0,0.1256536482357,0.50000353932028,0.49999929193452,0.5,0.49998841985232,1727072408814
76,0.92269983598404,0.9402840336904,0.0,0.1256536482357,0.50000353932028,0.50000383244799,0.5,0.49998841985232,1727072408830
76,0.92269983598404,0.85719686950669,0.0,0.1256536482357,0.50000353932028,0.50000155883052,0.5,0.49998841985232,1727072408846
76,0.92269983598404,0.78319597926137,0.0,0.1256536482357,0.50000353932028,0.50000214552794,0.5,0.49998841985232,1727072408863
76,0.92269983598404,0.73292641372868,0.0,0.1256536482357,0.50000353932028,0.50000675769734,0.5,0.49998841985232,1727072408880
76,0.92269983598404,0.70247805880631,0.0,0.1256536482357,0.50000353932028,0.49999934259872,0.5,0.49998841985232,1727072408896
76,0.92269983598404,0.66813961169059,0.0,0.1256536482357,0.50000353932028,0.49999930935129,0.5,0.49998841985232,1727072408913
76,0.92269983598404,0.66148797476461,0.0,0.1256536482357,0.50000353932028,0.50000262084656,0.5,0.49998841985232,1727072408930
76,0.92269983598404,0.65482852055036,0.0,0.1256536482357,0.50000353932028,0.50000137016349,0.5,0.49998841985232,1727072408946
76,0.92269983598404,0.65100474996761,0.0,0.1256536482357,0.50000353932028,0.50000650740201,0.5,0.49998841985232,1727072408963
76,0.92269983598404,0.64434784456046,0.0,0.1256536482357,0.50000353932028,0.50000369974118,0.5,0.49998841985232,1727072408980
76,0.92269983598404,0.62335431691364,0.0,0.1256536482357,0.50000353932028,0.49999970281998,0.5,0.49998841985232,1727072408996
76,0.92269983598404,0.58237965911495,0.0,0.1256536482357,0.50000353932028,0.50000328280179,0.5,0.49998841985232,1727072409013
76,0.92269983598404,0.53476929444107,0.0,0.1256536482357,0.50000353932028,0.50001076355366,0.5,0.49998841985232,1727072409030
76,0.92269983598404,0.51760800876634,0.0,0.1256536482357,0.50000353932028,0.50000529765865,0.5,0.49998841985232,1727072409046
76,0.92269983598404,0.50043735358136,0.0,0.1256536482357,0.50000353932028,0.50000646536284,0.5,0.49998841985232,1727072409063
76,0.92269983598404,0.49378538064553,0.0,0.1256536482357,0.50000353932028,0.49999943275248,0.5,0.49998841985232,1727072409158
76,0.92269983598404,0.47661657164863,0.0,0.1256536482357,0.50000353932028,0.49999909932479,0.5,0.49998841985232,1727072409174
76,0.92269983598404,0.46333288971411,0.0,0.1256536482357,0.50000353932028,0.500004306421,0.5,0.49998841985232,1727072409181
76,0.92269983598404,0.43951965544548,0.0,0.1256536482357,0.50000353932028,0.50000273576108,0.5,0.49998841985232,1727072409196
76,0.92269983598404,0.39591423203118,0.0,0.1256536482357,0.50000353932028,0.50000754969529,0.5,0.49998841985232,1727072409213
76,0.92269983598404,0.3523159261652,0.0,0.1256536482357,0.50000353932028,0.50000654544754,0.5,0.49998841985232,1727072409230
76,0.92269983598404,0.34566863757469,0.0,0.1256536482357,0.50000353932028,0.50000766877267,0.5,0.49998841985232,1727072409246
76,0.92269983598404,0.35234577872825,0.0,0.1256536482357,0.50000353932028,0.50000738415538,0.5,0.49998841985232,1727072409966
76,0.92269983598404,0.35901174371841,0.0,0.1256536482357,0.50000353932028,0.50000329605091,0.5,0.49998841985232,1727072409990
76,0.92269983598404,0.36569473899411,0.0,0.1256536482357,0.50000353932028,0.4999978228724,0.5,0.49998841985232,1727072409998
76,0.92269983598404,0.37620327157221,0.0,0.1256536482357,0.50000353932028,0.50001066473553,0.5,0.49998841985232,1727072410013
76,0.92269983598404,0.386716157382,0.0,0.1256536482357,0.50000353932028,0.50000599160216,0.5,0.49998841985232,1727072410030
76,0.92269983598404,0.40388850612727,0.0,0.1256536482357,0.50000353932028,0.50000320530895,0.5,0.49998841985232,1727072410046
76,0.92269983598404,0.41055814537629,0.0,0.1256536482357,0.50000353932028,0.50000925234914,0.5,0.49998841985232,1727072410063
76,0.92269983598404,0.41724274675385,0.0,0.1256536482357,0.50000353932028,0.50000281521241,0.5,0.49998841985232,1727072410134
76,0.92269983598404,0.42111600947427,0.0,0.1256536482357,0.50000353932028,0.50000580599412,0.5,0.49998841985232,1727072410146
76,0.92269983598404,0.42778674898838,0.0,0.1256536482357,0.50000353932028,0.49999826447358,0.5,0.49998841985232,1727072410163
76,0.92269983598404,0.43445845256516,0.0,0.1256536482357,0.50000353932028,0.50000248568069,0.5,0.49998841985232,1727072410180
76,0.92269983598404,0.44113386623345,0.0,0.1256536482357,0.50000353932028,0.50000366575474,0.5,0.49998841985232,1727072410446
76,0.92269983598404,0.44501412132676,0.0,0.1256536482357,0.50000353932028,0.50000100212024,0.5,0.49998841985232,1727072410558
76,0.92269983598404,0.45168752239706,0.0,0.1256536482357,0.50000353932028,0.50000375989943,0.5,0.49998841985232,1727072410598
76,0.92269983598404,0.45555843655353,0.0,0.1256536482357,0.50000353932028,0.50000843470639,0.5,0.49998841985232,1727072410613
76,0.92269983598404,0.46222444793841,0.0,0.1256536482357,0.50000353932028,0.50000489328373,0.5,0.49998841985232,1727072410630
76,0.92269983598404,0.46890859049901,0.0,0.1256536482357,0.50000353932028,0.49999931117989,0.5,0.49998841985232,1727072410646
76,0.92269983598404,0.46890859049901,0.0,0.1256536482357,0.50000353932028,0.49999931117989,0.5,0.49998841985232,1727072411862
77,0.5,0.0,1.0,0.16666666666667,0.5,0.5,0.5,0.5,1727072415479
77,0.5,0.0,0.9927738621212,0.16666666666667,0.5,0.5,0.49998943823974,0.5,1727072415526
77,0.5,0.0,0.98555259897242,0.16666666666667,0.5,0.5,0.49999458428887,0.5,1727072415542
77,0.5,0.0,0.97110284490441,0.16666666666667,0.5,0.5,0.50000094150101,0.5,1727072415558
77,0.5,0.0,0.96387713868575,0.16666666666667,0.5,0.5,0.49999006830474,0.5,1727072415566
77,0.5,0.0,0.94943669001841,0.16666666666667,0.5,0.5,0.49999158879475,0.5,1727072415579
77,0.5,0.0,0.90617261851443,0.16666666666667,0.5,0.5,0.49999650263964,0.5,1727072415596
77,0.5,0.0,0.84854282570265,0.16666666666667,0.5,0.5,0.49999858059461,0.5,1727072415613
77,0.5,0.0,0.7854780218117,0.16666666666667,0.5,0.5,0.49999845308782,0.5,1727072415629
77,0.5,0.0,0.71792852376068,0.16666666666667,0.5,0.5,0.49999166331557,0.5,1727072415646
77,0.5,0.0,0.68907295067316,0.16666666666667,0.5,0.5,0.4999913148843,0.5,1727072415663
77,0.5,0.0,0.66022472306768,0.16666666666667,0.5,0.5,0.49999578973719,0.5,1727072415679
77,0.5,0.0,0.61699685236732,0.16666666666667,0.5,0.5,0.49998163071834,0.5,1727072415696
77,0.5,0.0,0.59991105523968,0.16666666666667,0.5,0.5,0.49999145371939,0.5,1727072415712
77,0.5,0.0,0.58282795186031,0.16666666666667,0.5,0.5,0.49998470791149,0.5,1727072415729
77,0.5,0.0,0.57559768690399,0.16666666666667,0.5,0.5,0.49999755282091,0.5,1727072415746
77,0.5,0.0,0.56837828329689,0.16666666666667,0.5,0.5,0.49999347078125,0.5,1727072415796
77,0.5,0.0,0.55393756974012,0.16666666666667,0.5,0.5,0.49999752932979,0.5,1727072415813
77,0.5,0.0,0.53229511073577,0.16666666666667,0.5,0.5,0.49998887745042,0.5,1727072415829
77,0.5,0.0,0.50345501434223,0.16666666666667,0.5,0.5,0.49999457159406,0.5,1727072415846
77,0.5,0.0,0.49622747711556,0.16666666666667,0.5,0.5,0.49998969779078,0.5,1727072415863
77,0.5,0.0,0.48900705508486,0.16666666666667,0.5,0.5,0.4999923317984,0.5,1727072415886
77,0.5,0.0,0.48178002082661,0.16666666666667,0.5,0.5,0.49998373316671,0.5,1727072415896
77,0.5,0.0,0.47455969202294,0.16666666666667,0.5,0.5,0.4999856850943,0.5,1727072415918
77,0.5,0.0,0.46733002412949,0.16666666666667,0.5,0.5,0.49999611108183,0.5,1727072415934
77,0.5,0.0,0.46010967330825,0.16666666666667,0.5,0.5,0.49999839132025,0.5,1727072415950
77,0.5,0.0,0.45289024981122,0.16666666666667,0.5,0.5,0.49999379567474,0.5,1727072415962
77,0.5,0.0,0.44566161172108,0.16666666666667,0.5,0.5,0.49999686314217,0.5,1727072415979
77,0.5,0.0,0.43123031844069,0.16666666666667,0.5,0.5,0.49999221740273,0.5,1727072415996
77,0.5,0.0,0.42400159793259,0.16666666666667,0.5,0.5,0.49999600815643,0.5,1727072416013
77,0.5,0.0,0.41678373591752,0.16666666666667,0.5,0.5,0.49997884996689,0.5,1727072416029
77,0.5,0.0,0.38795110717144,0.16666666666667,0.5,0.5,0.49999103027289,0.5,1727072416046
77,0.5,0.0,0.36631463258601,0.16666666666667,0.5,0.5,0.49999856413423,0.5,1727072416063
77,0.5,0.0,0.35188343554764,0.16666666666667,0.5,0.5,0.49999250767443,0.5,1727072416079
77,0.5,0.0,0.34466233586917,0.16666666666667,0.5,0.5,0.50000179471717,0.5,1727072416096
77,0.5,0.0,0.33023145632466,0.16666666666667,0.5,0.5,0.49999272135692,0.5,1727072416113
77,0.5,0.0,0.32300222471421,0.16666666666667,0.5,0.5,0.5000018670801,0.5,1727072416129
77,0.5,0.0,0.30857228921822,0.16666666666667,0.5,0.5,0.49998357540721,0.5,1727072416146
77,0.5,0.0,0.31124924309464,0.16666666666667,0.5,0.5,0.49998236843791,0.5,1727072416163
77,0.5,0.0,0.30403112390377,0.16666666666667,0.5,0.5,0.49996397670348,0.5,1727072416179
77,0.5,0.0,0.31126504974637,0.16666666666667,0.5,0.5,0.49998765396957,0.5,1727072416486
77,0.5,0.0,0.3139412300769,0.16666666666667,0.5,0.5,0.49999363087494,0.5,1727072416496
77,0.5,0.0,0.32117838241566,0.16666666666667,0.5,0.5,0.49998688142197,0.5,1727072416513
77,0.5,0.0,0.32385518316572,0.16666666666667,0.5,0.5,0.49998708568592,0.5,1727072416529
77,0.5,0.0,0.33109098144977,0.16666666666667,0.5,0.5,0.49999275989709,0.5,1727072416546
77,0.5,0.0,0.33376233611077,0.16666666666667,0.5,0.5,0.49996830613141,0.5,1727072416566
77,0.5,0.0,0.34364153541767,0.16666666666667,0.5,0.5,0.49998016505308,0.5,1727072416582
77,0.5,0.0,0.35087594883589,0.16666666666667,0.5,0.5,0.49999782920386,0.5,1727072416598
77,0.5,0.0,0.35354552530612,0.16666666666667,0.5,0.5,0.49998961375635,0.5,1727072416613
77,0.5,0.0,0.37063665318503,0.16666666666667,0.5,0.5,0.50000008205947,0.5,1727072416629
77,0.5,0.0,0.38323485899067,0.16666666666667,0.5,0.5,0.50000026127065,0.5,1727072416646
77,0.5,0.0,0.39311705456601,0.16666666666667,0.5,0.5,0.49998627049275,0.5,1727072416663
77,0.5,0.0,0.40298919082421,0.16666666666667,0.5,0.5,0.4999877563489,0.5,1727072416679
77,0.5,0.0,0.40566399749249,0.16666666666667,0.5,0.5,0.50000389010929,0.5,1727072416751
77,0.5,0.0,0.39843747536254,0.16666666666667,0.5,0.5,0.49999017076791,0.5,1727072417102
77,0.5,0.0,0.39121665680865,0.16666666666667,0.5,0.5,0.49999645666488,0.5,1727072417158
77,0.5,0.0,0.38398960903622,0.16666666666667,0.5,0.5,0.49998669054798,0.5,1727072417230
77,0.5,0.0,0.37676964529144,0.16666666666667,0.5,0.5,0.4999859249003,0.5,1727072417318
77,0.5,0.0,0.36955090888043,0.16666666666667,0.5,0.5,0.49997474681691,0.5,1727072417363
77,0.5,0.0,0.36232195848442,0.16666666666667,0.5,0.5,0.49998068302466,0.5,1727072417414
77,0.5,0.0,0.3550997420108,0.16666666666667,0.5,0.5,0.49999935310101,0.5,1727072418143
77,0.5,0.0,0.34788047358032,0.16666666666667,0.5,0.5,0.49999260097314,0.5,1727072418206
77,0.5,0.0,0.3406596110105,0.16666666666667,0.5,0.5,0.49999984567022,0.5,1727072418318
77,0.5,0.0,0.34332932504932,0.16666666666667,0.5,0.5,0.49999026305525,0.5,1727072418414
77,0.5,0.0,0.33611023547883,0.16666666666667,0.5,0.5,0.4999816622146,0.5,1727072418430
77,0.5,0.0,0.32888948064664,0.16666666666667,0.5,0.5,0.49998794109162,0.5,1727072418574
77,0.5,0.0,0.33156768192268,0.16666666666667,0.5,0.5,0.49997550164001,0.5,1727072419230
77,0.5,0.0,0.32433862007687,0.16666666666667,0.5,0.5,0.4999828581441,0.5,1727072419246
77,0.5,0.0,0.31711985765846,0.16666666666667,0.5,0.5,0.49997084828186,0.5,1727072419318
77,0.5,0.0,0.3098961430703,0.16666666666667,0.5,0.5,0.50000493864546,0.5,1727072419362
77,0.5,0.0,0.31257281222051,0.16666666666667,0.5,0.5,0.5000062885753,0.5,1727072419502
77,0.5,0.0,0.30535395176948,0.16666666666667,0.5,0.5,0.499995254679,0.5,1727072419927
77,0.5,0.0,0.30535395176948,0.16666666666667,0.5,0.5,0.499995254679,0.5,1727072420950
77,0.5,0.0,0.30535395176948,0.16666666666667,0.5,0.5,0.499995254679,0.5,1727072424175
77,0.5,0.0,0.30535395176948,0.17335135543005,0.5,0.5,0.499995254679,0.50001679158181,1727072424230
77,0.5,0.0,0.30535395176948,0.17724788922223,0.5,0.5,0.499995254679,0.50000223936123,1727072424262
77,0.5,0.0,0.30535395176948,0.18776257481045,0.5,0.5,0.499995254679,0.50001099304713,1727072424279
77,0.5,0.0,0.30535395176948,0.21833974558188,0.5,0.5,0.499995254679,0.50000151157343,1727072424296
77,0.5,0.0,0.30535395176948,0.27961114946204,0.5,0.5,0.499995254679,0.49999559117,1727072424312
77,0.5,0.0,0.30535395176948,0.35778259731784,0.5,0.5,0.499995254679,0.49999816937971,1727072424329
77,0.5,0.0,0.30535395176948,0.42577147307464,0.5,0.5,0.499995254679,0.50000182938629,1727072424345
77,0.5,0.0,0.30535395176948,0.50049400333896,0.5,0.5,0.499995254679,0.5000012456577,1727072424362
77,0.5,0.0,0.30535395176948,0.56166499501917,0.5,0.5,0.499995254679,0.50000234788833,1727072424379
77,0.5,0.0,0.30535395176948,0.5951993716579,0.5,0.5,0.499995254679,0.49999959012838,1727072424396
77,0.5,0.0,0.30535395176948,0.59906816597779,0.5,0.5,0.499995254679,0.50000430346656,1727072424412
77,0.5,0.0,0.30535395176948,0.60574336020669,0.5,0.5,0.499995254679,0.50000315605693,1727072424462
77,0.5,0.0,0.30535395176948,0.60961495679835,0.5,0.5,0.499995254679,0.49999972561211,1727072424479
77,0.5,0.0,0.30535395176948,0.61628514485565,0.5,0.5,0.499995254679,0.50000523256929,1727072425039
77,0.5,0.0,0.30535395176948,0.62295657785112,0.5,0.5,0.499995254679,0.50000172524372,1727072425079
77,0.5,0.0,0.30535395176948,0.62962395306282,0.5,0.5,0.499995254679,0.50000537050513,1727072425263
77,0.5,0.0,0.30535395176948,0.63349395241354,0.5,0.5,0.499995254679,0.50000102635908,1727072425326
77,0.5,0.0,0.30535395176948,0.64016547660738,0.5,0.5,0.499995254679,0.49999767483753,1727072425334
77,0.5,0.0,0.30535395176948,0.64683095466412,0.5,0.5,0.499995254679,0.50000011399554,1727072425422
77,0.5,0.0,0.30535395176948,0.65350677300747,0.5,0.5,0.499995254679,0.4999994390337,1727072425438
77,0.5,0.0,0.30535395176948,0.65737397449324,0.5,0.5,0.499995254679,0.50000288232845,1727072425462
77,0.5,0.0,0.30535395176948,0.66404956194416,0.5,0.5,0.499995254679,0.50000205566729,1727072425494
77,0.5,0.0,0.30535395176948,0.6707173383854,0.5,0.5,0.499995254679,0.50000577609642,1727072427022
77,0.5,0.0,0.30535395176948,0.6773849160689,0.5,0.5,0.499995254679,0.50000017875631,1727072427134
77,0.5,0.0,0.30535395176948,0.6773849160689,0.5,0.5,0.499995254679,0.50000017875631,1727072427470
78,0.16666666666667,-0.0,0.16666666666667,1.0,0.5,0.5,0.5,0.5,1727072431903
78,0.16666666666667,0.00393594544666,0.16666666666667,1.0,0.5,0.49998319481889,0.5,0.5,1727072431918
78,0.16666666666667,0.00786736070767,0.16666666666667,1.0,0.5,0.49999851611815,0.5,0.5,1727072431962
78,0.16666666666667,0.02894809735383,0.16666666666667,1.0,0.5,0.49999109092655,0.5,0.5,1727072431978
78,0.16666666666667,0.10305314578799,0.16666666666667,1.0,0.5,0.49999708958557,0.5,0.5,1727072431995
78,0.16666666666667,0.2367331136796,0.16666666666667,1.0,0.5,0.49999444002959,0.5,0.5,1727072432012
78,0.16666666666667,0.43863864576474,0.16666666666667,1.0,0.5,0.49999779967024,0.5,0.5,1727072432028
78,0.16666666666667,0.67073076103335,0.16666666666667,1.0,0.5,0.49999846953768,0.5,0.5,1727072432045
78,0.16666666666667,0.88303448745963,0.16666666666667,1.0,0.5,0.50000068608754,0.5,0.5,1727072432062
78,0.16666666666667,1.0,0.16666666666667,1.0,0.5,0.5,0.5,0.5,1727072432078
78,0.16666666666667,1.0,0.16666666666667,1.0,0.5,0.5,0.5,0.5,1727072432095
78,0.16666666666667,1.0,0.16666666666667,1.0,0.5,0.5,0.5,0.5,1727072432112
78,0.16666666666667,1.0,0.16666666666667,1.0,0.5,0.5,0.5,0.5,1727072432128
78,0.16666666666667,1.0,0.16666666666667,1.0,0.5,0.5,0.5,0.5,1727072432145
78,0.16666666666667,1.0,0.16666666666667,1.0,0.5,0.5,0.5,0.5,1727072432162
78,0.16666666666667,1.0,0.16666666666667,1.0,0.5,0.5,0.5,0.5,1727072432178
78,0.16666666666667,1.0,0.16666666666667,1.0,0.5,0.5,0.5,0.5,1727072432195
78,0.16666666666667,1.0,0.16666666666667,1.0,0.5,0.5,0.5,0.5,1727072432374
78,0.16666666666667,1.0,0.16666666666667,1.0,0.5,0.5,0.5,0.5,1727072433464
78,0.17334837821074,1.0,0.16666666666667,1.0,0.50001291448582,0.5,0.5,0.5,1727072433646
78,0.18003040008315,1.0,0.16666666666667,1.0,0.49999952672699,0.5,0.5,0.5,1727072433695
78,0.18670921951126,1.0,0.16666666666667,1.0,0.50000192803565,0.5,0.5,0.5,1727072433718
78,0.19338241238228,1.0,0.16666666666667,1.0,0.49999726064948,0.5,0.5,0.5,1727072433734
78,0.20006461465527,1.0,0.16666666666667,1.0,0.50000376833121,0.5,0.5,0.5,1727072433758
78,0.20673794725906,1.0,0.16666666666667,1.0,0.4999993792127,0.5,0.5,0.5,1727072433774
78,0.21341654290098,1.0,0.16666666666667,1.0,0.50000137801737,0.5,0.5,0.5,1727072433782
78,0.2239404638263,1.0,0.16666666666667,1.0,0.50000232923435,0.5,0.5,0.5,1727072433795
78,0.23061376530707,1.0,0.16666666666667,1.0,0.4999981424337,0.5,0.5,0.5,1727072433846
78,0.23728849740121,1.0,0.16666666666667,1.0,0.49999568894746,0.5,0.5,0.5,1727072433862
78,0.24396475289112,1.0,0.16666666666667,1.0,0.4999950020982,0.5,0.5,0.5,1727072433879
78,0.25064439596926,1.0,0.16666666666667,1.0,0.49999806415705,0.5,0.5,0.5,1727072433895
78,0.25731881933443,1.0,0.16666666666667,1.0,0.49999537305763,0.5,0.5,0.5,1727072433918
78,0.26399327652104,1.0,0.16666666666667,1.0,0.50000929024098,0.5,0.5,0.5,1727072433942
78,0.26788771847864,1.0,0.16666666666667,1.0,0.50001149244529,0.5,0.5,0.5,1727072433950
78,0.27455525361239,1.0,0.16666666666667,1.0,0.50000147929541,0.5,0.5,0.5,1727072433974
78,0.28123399737876,1.0,0.16666666666667,1.0,0.50000335025517,0.5,0.5,0.5,1727072435230
78,0.28790765125245,1.0,0.16666666666667,1.0,0.49999995792046,0.5,0.5,0.5,1727072435735
78,0.29180206150804,1.0,0.16666666666667,1.0,0.50000209775544,0.5,0.5,0.5,1727072435998
78,0.29847467191686,1.0,0.16666666666667,1.0,0.49999773712346,0.5,0.5,0.5,1727072436062
78,0.29847467191686,1.0,0.16666666666667,1.0,0.49999773712346,0.5,0.5,0.5,1727072437398
78,0.29847467191686,1.0,0.16666666666667,1.0,0.49999773712346,0.5,0.5,0.5,1727072438784
78,0.29847467191686,1.0,0.16666666666667,0.99334382875024,0.49999773712346,0.5,0.5,0.50000237995056,1727072438878
78,0.29847467191686,1.0,0.16666666666667,0.97233876581556,0.49999773712346,0.5,0.5,0.50000013724246,1727072438895
78,0.29847467191686,1.0,0.16666666666667,0.94465940476392,0.49999773712346,0.5,0.5,0.49999901530971,1727072438911
78,0.29847467191686,1.0,0.16666666666667,0.91698398731547,0.49999773712346,0.5,0.5,0.49999970327553,1727072438928
78,0.29847467191686,1.0,0.16666666666667,0.86831520913945,0.49999773712346,0.5,0.5,0.49999612118167,1727072438945
78,0.29847467191686,1.0,0.16666666666667,0.81296979155141,0.49999773712346,0.5,0.5,0.50000029086002,1727072438961
78,0.29847467191686,1.0,0.16666666666667,0.7643027675807,0.49999773712346,0.5,0.5,0.49999732314,1727072438978
78,0.29847467191686,1.0,0.16666666666667,0.7089567898918,0.49999773712346,0.5,0.5,0.50000169242969,1727072438995
78,0.29847467191686,1.0,0.16666666666667,0.64981087384993,0.49999773712346,0.5,0.5,0.49999723617767,1727072439011
78,0.29847467191686,1.0,0.16666666666667,0.59067387038791,0.49999773712346,0.5,0.5,0.499997997991,1727072439028
78,0.29847467191686,1.0,0.16666666666667,0.55919504688873,0.49999773712346,0.5,0.5,0.49999662529303,1727072439045
78,0.29847467191686,1.0,0.16666666666667,0.5381940008872,0.49999773712346,0.5,0.5,0.49999580371276,1727072439061
78,0.29847467191686,1.0,0.16666666666667,0.51719409340534,0.49999773712346,0.5,0.5,0.49999575533687,1727072439078
78,0.29847467191686,1.0,0.16666666666667,0.53437277470987,0.49999773712346,0.5,0.5,0.50000249100358,1727072439935
78,0.29847467191686,1.0,0.16666666666667,0.55541176993291,0.49999773712346,0.5,0.5,0.49999752563788,1727072439950
78,0.29847467191686,1.0,0.16666666666667,0.57257838796129,0.49999773712346,0.5,0.5,0.49999582609652,1727072439961
78,0.29847467191686,1.0,0.16666666666667,0.60025652587745,0.49999773712346,0.5,0.5,0.49999674970425,1727072439978
78,0.29847467191686,1.0,0.16666666666667,0.64236090291137,0.49999773712346,0.5,0.5,0.49999485477708,1727072439995
78,0.29847467191686,1.0,0.16666666666667,0.68055173459397,0.49999773712346,0.5,0.5,0.49999874895251,1727072440011
78,0.29847467191686,1.0,0.16666666666667,0.70158613122053,0.49999773712346,0.5,0.5,0.50000087824308,1727072440028
78,0.29847467191686,1.0,0.16666666666667,0.70825912279176,0.49999773712346,0.5,0.5,0.49999861015766,1727072440045
78,0.29847467191686,1.0,0.16666666666667,0.72542277093707,0.49999773712346,0.5,0.5,0.49999547919471,1727072440061
78,0.29847467191686,1.0,0.16666666666667,0.73594209930805,0.49999773712346,0.5,0.5,0.50000203420287,1727072440078
78,0.29847467191686,1.0,0.16666666666667,0.73980639736565,0.49999773712346,0.5,0.5,0.49999499403322,1727072440095
78,0.29847467191686,1.0,0.16666666666667,0.74647416194311,0.49999773712346,0.5,0.5,0.49999847232008,1727072440111
78,0.29847467191686,1.0,0.16666666666667,0.7569967955628,0.49999773712346,0.5,0.5,0.49999824557563,1727072440128
78,0.29847467191686,1.0,0.16666666666667,0.76365419849751,0.49999773712346,0.5,0.5,0.4999960077715,1727072440247
78,0.29847467191686,1.0,0.16666666666667,0.76365419849751,0.49999773712346,0.5,0.5,0.4999960077715,1727072442974
78,0.29847467191686,1.0,0.16666666666667,0.76365419849751,0.49999773712346,0.5,0.5,0.4999960077715,1727072444464
78,0.29847467191686,1.0,0.16936256126705,0.76365419849751,0.49999773712346,0.5,0.49996440188168,0.4999960077715,1727072444559
78,0.29847467191686,1.0,0.1864535493149,0.76365419849751,0.49999773712346,0.5,0.49998195565938,0.4999960077715,1727072444594
78,0.29847467191686,1.0,0.20354710361237,0.76365419849751,0.49999773712346,0.5,0.49996849746579,0.4999960077715,1727072444611
78,0.29847467191686,1.0,0.21803366091167,0.76365419849751,0.49999773712346,0.5,0.49999898431964,0.4999960077715,1727072444628
78,0.29847467191686,1.0,0.22791433856006,0.76365419849751,0.49999773712346,0.5,0.4999968497043,0.4999960077715,1727072444644
78,0.29847467191686,1.0,0.24239484966541,0.76365419849751,0.49999773712346,0.5,0.50000219164796,0.4999960077715,1727072444661
78,0.29847467191686,1.0,0.25948927407275,0.76365419849751,0.49999773712346,0.5,0.4999805707023,0.4999960077715,1727072444678
78,0.29847467191686,1.0,0.26936802362953,0.76365419849751,0.49999773712346,0.5,0.49999843638448,0.4999960077715,1727072444694
78,0.29847467191686,1.0,0.2766040715961,0.76365419849751,0.49999773712346,0.5,0.50000205388744,0.4999960077715,1727072444711
78,0.29847467191686,1.0,0.27928206844008,0.76365419849751,0.49999773712346,0.5,0.49999034062298,0.4999960077715,1727072444734
78,0.29847467191686,1.0,0.28651930747747,0.76365419849751,0.49999773712346,0.5,0.49998235166236,0.4999960077715,1727072444823
78,0.29847467191686,1.0,0.29375612852749,0.76365419849751,0.49999773712346,0.5,0.4999786089115,0.4999960077715,1727072444871
78,0.29847467191686,1.0,0.29643206906309,0.76365419849751,0.49999773712346,0.5,0.49998712420718,0.4999960077715,1727072444886
78,0.29847467191686,1.0,0.30366741965537,0.76365419849751,0.49999773712346,0.5,0.49999732185271,0.4999960077715,1727072444894
78,0.29847467191686,1.0,0.31090393632496,0.76365419849751,0.49999773712346,0.5,0.49999634777635,0.4999960077715,1727072444918
78,0.29847467191686,1.0,0.31357992837642,0.76365419849751,0.49999773712346,0.5,0.50000404031229,0.4999960077715,1727072446039
78,0.29847467191686,1.0,0.3162578560586,0.76365419849751,0.49999773712346,0.5,0.49999372336511,0.4999960077715,1727072446078
78,0.29847467191686,1.0,0.32613017324946,0.76365419849751,0.49999773712346,0.5,0.49999363186441,0.4999960077715,1727072446094
78,0.29847467191686,1.0,0.33601338405027,0.76365419849751,0.49999773712346,0.5,0.49996929951477,0.4999960077715,1727072446126
78,0.29847467191686,1.0,0.33869047338428,0.76365419849751,0.49999773712346,0.5,0.4999670064081,0.4999960077715,1727072446166
78,0.29847467191686,1.0,0.34856135952078,0.76365419849751,0.49999773712346,0.5,0.49997990378557,0.4999960077715,1727072446839
78,0.29847467191686,1.0,0.3512374232918,0.76365419849751,0.49999773712346,0.5,0.4999865616104,0.4999960077715,1727072447143
78,0.29847467191686,1.0,0.34401590784914,0.76365419849751,0.49999773712346,0.5,0.49999945906633,0.4999960077715,1727072448511
78,0.29847467191686,1.0,0.33679705611623,0.76365419849751,0.49999773712346,0.5,0.49998885453713,0.4999960077715,1727072448529
78,0.29847467191686,1.0,0.32956924480575,0.76365419849751,0.49999773712346,0.5,0.49998498944224,0.4999960077715,1727072448595
78,0.29847467191686,1.0,0.32234922559863,0.76365419849751,0.49999773712346,0.5,0.49998463800443,0.4999960077715,1727072448727
78,0.29847467191686,1.0,0.32502654558929,0.76365419849751,0.49999773712346,0.5,0.49998011419593,0.4999960077715,1727072449967
78,0.29847467191686,1.0,0.32502654558929,0.76365419849751,0.49999773712346,0.5,0.49998011419593,0.4999960077715,1727072450655
79,0.33333333333333,0.5,0.0,1.0,0.5,0.5,0.5,0.5,1727072455096
79,0.33333333333333,0.5,0.0,0.99616994204013,0.5,0.5,0.5,0.5000003146795,1727072455175
79,0.33333333333333,0.5,0.0,0.98951638628249,0.5,0.5,0.5,0.49999702404355,1727072455183
79,0.33333333333333,0.5,0.0,0.98188948132017,0.5,0.5,0.5,0.4999987350641,1727072455194
79,0.33333333333333,0.5,0.0,0.94287265914566,0.5,0.5,0.5,0.49999802927002,1727072455211
79,0.33333333333333,0.5,0.0,0.89713912342142,0.5,0.5,0.5,0.50000031810891,1727072455228
79,0.33333333333333,0.5,0.0,0.84401123522344,0.5,0.5,0.5,0.49999790890531,1727072455245
79,0.33333333333333,0.5,0.0,0.8087492353379,0.5,0.5,0.5,0.49999759898013,1727072455261
79,0.33333333333333,0.5,0.0,0.77349574269558,0.5,0.5,0.5,0.50000185034041,1727072455278
79,0.33333333333333,0.5,0.0,0.7449674969369,0.5,0.5,0.5,0.49999903925288,1727072455294
79,0.33333333333333,0.5,0.0,0.70600146781454,0.5,0.5,0.5,0.50000084649282,1727072455311
79,0.33333333333333,0.5,0.0,0.68121863769304,0.5,0.5,0.5,0.50000192598661,1727072455328
79,0.33333333333333,0.5,0.0,0.65270704311772,0.5,0.5,0.5,0.49999960350673,1727072455344
79,0.33333333333333,0.5,0.0,0.6242081437297,0.5,0.5,0.5,0.49999543345018,1727072455361
79,0.33333333333333,0.5,0.0,0.59272338306504,0.5,0.5,0.5,0.50000020028506,1727072455378
79,0.33333333333333,0.5,0.0,0.57842613238216,0.5,0.5,0.5,0.49999691411106,1727072455394
79,0.33333333333333,0.5,0.0,0.56792132185794,0.5,0.5,0.5,0.49999881697853,1727072455411
79,0.33333333333333,0.5,0.0,0.55741253420798,0.5,0.5,0.5,0.49999805364315,1727072455428
79,0.33333333333333,0.5,0.0,0.53938455771519,0.5,0.5,0.5,0.499999959722,1727072455444
79,0.33333333333333,0.5,0.0,0.50790424807519,0.5,0.5,0.5,0.49999749453001,1727072455461
79,0.33333333333333,0.5,0.0,0.47269177951658,0.5,0.5,0.5,0.49999959706389,1727072455478
79,0.33333333333333,0.5,0.0,0.45170144755072,0.5,0.5,0.5,0.49999509346872,1727072455494
79,0.33333333333333,0.5,0.0,0.42325536507543,0.5,0.5,0.5,0.49999494460566,1727072455511
79,0.33333333333333,0.5,0.0,0.3917900300563,0.5,0.5,0.5,0.49999143531056,1727072455528
79,0.33333333333333,0.5,0.0,0.37750319452191,0.5,0.5,0.5,0.49999604820774,1727072455544
79,0.33333333333333,0.5,0.0,0.3736945190496,0.5,0.5,0.5,0.49998835515916,1727072455561
79,0.33333333333333,0.5,0.0,0.35653444845345,0.5,0.5,0.5,0.49999635217401,1727072455578
79,0.33333333333333,0.5,0.0,0.34225481481014,0.5,0.5,0.5,0.49999374095372,1727072455594
79,0.33333333333333,0.5,0.0,0.33175535375579,0.5,0.5,0.5,0.50000142875199,1727072455611
79,0.33333333333333,0.5,0.0,0.32794542793794,0.5,0.5,0.5,0.49999196945463,1727072455631
79,0.33333333333333,0.5,0.0,0.32129669683915,0.5,0.5,0.5,0.50000423573323,1727072455644
79,0.33333333333333,0.5,0.0,0.30702565006167,0.5,0.5,0.5,0.49999493317737,1727072455661
79,0.33333333333333,0.5,0.0,0.2965162074589,0.5,0.5,0.5,0.49999307002796,1727072455678
79,0.33333333333333,0.5,0.0,0.27553629581245,0.5,0.5,0.5,0.49999772798158,1727072455694
79,0.33333333333333,0.5,0.0,0.26503602715764,0.5,0.5,0.5,0.5000056284258,1727072455711
79,0.33333333333333,0.5,0.0,0.25838655105465,0.5,0.5,0.5,0.50000209917073,1727072455799
79,0.33333333333333,0.5,0.0,0.25173894503317,0.5,0.5,0.5,0.50000053128138,1727072455811
79,0.33333333333333,0.5,0.0,0.24124052246891,0.5,0.5,0.5,0.49999367978248,1727072455828
79,0.33333333333333,0.5,0.0,0.2374437664171,0.5,0.5,0.5,0.49999729966859,1727072455845
79,0.33333333333333,0.5,0.0,0.22694282028822,0.5,0.5,0.5,0.50000503855166,1727072455861
79,0.33333333333333,0.5,0.0,0.22029322321417,0.5,0.5,0.5,0.50000107327404,1727072455878
79,0.33333333333333,0.5,0.0,0.2097964437918,0.5,0.5,0.5,0.49999573584593,1727072455895
79,0.33333333333333,0.5,0.0,0.1992987801143,0.5,0.5,0.5,0.50000794220871,1727072455911
79,0.33333333333333,0.5,0.0,0.19264702135549,0.5,0.5,0.5,0.49998191845101,1727072455975
79,0.33333333333333,0.5,0.0,0.18885574899043,0.5,0.5,0.5,0.49999272674501,1727072456011
79,0.33333333333333,0.5,0.0,0.17835169449383,0.5,0.5,0.5,0.49999723060889,1727072456028
79,0.33333333333333,0.5,0.0,0.17171636330363,0.5,0.5,0.5,0.49999122295802,1727072456119
79,0.33333333333333,0.5,0.0,0.17171636330363,0.5,0.5,0.5,0.49999122295802,1727072458263
79,0.33333333333333,0.5,0.0,0.17171636330363,0.5,0.5,0.5,0.49999122295802,1727072459864
79,0.33333333333333,0.5,0.0,0.17171636330363,0.5,0.5,0.5,0.49999122295802,1727072461136
79,0.34000669453903,0.5,0.0,0.17171636330363,0.50000625566766,0.5,0.5,0.49999122295802,1727072461207
79,0.36768690792779,0.5,0.0,0.17171636330363,0.49999518032436,0.5,0.5,0.49999122295802,1727072461215
79,0.40871546355431,0.5,0.0,0.17171636330363,0.50000650433251,0.5,0.5,0.49999122295802,1727072461227
79,0.56629318525935,0.5,0.0,0.17171636330363,0.50000059271345,0.5,0.5,0.49999122295802,1727072461244
79,0.77490771219932,0.5,0.0,0.17171636330363,0.50000001070027,0.5,0.5,0.49999122295802,1727072461261
79,1.0,0.5,0.0,0.17171636330363,0.5,0.5,0.5,0.49999122295802,1727072461277
79,1.0,0.5,0.0,0.17171636330363,0.5,0.5,0.5,0.49999122295802,1727072461294
79,1.0,0.5,0.0,0.17171636330363,0.5,0.5,0.5,0.49999122295802,1727072461311
79,1.0,0.5,0.0,0.17171636330363,0.5,0.5,0.5,0.49999122295802,1727072461327
79,1.0,0.5,0.0,0.17171636330363,0.5,0.5,0.5,0.49999122295802,1727072461344
79,1.0,0.5,0.0,0.17171636330363,0.5,0.5,0.5,0.49999122295802,1727072461361
79,1.0,0.5,0.0,0.17171636330363,0.5,0.5,0.5,0.49999122295802,1727072461377
79,1.0,0.5,0.0,0.17171636330363,0.5,0.5,0.5,0.49999122295802,1727072461399
79,1.0,0.5,0.0,0.17171636330363,0.5,0.5,0.5,0.49999122295802,1727072461447
79,1.0,0.5,0.0,0.17171636330363,0.5,0.5,0.5,0.49999122295802,1727072461463
79,1.0,0.5,0.0,0.17171636330363,0.5,0.5,0.5,0.49999122295802,1727072461477
79,1.0,0.5,0.0,0.17171636330363,0.5,0.5,0.5,0.49999122295802,1727072461494
79,1.0,0.5,0.0,0.17171636330363,0.5,0.5,0.5,0.49999122295802,1727072461511
79,1.0,0.5,0.0,0.17171636330363,0.5,0.5,0.5,0.49999122295802,1727072461527
79,1.0,0.5,0.0,0.17171636330363,0.5,0.5,0.5,0.49999122295802,1727072461544
79,1.0,0.5,0.0,0.17171636330363,0.5,0.5,0.5,0.49999122295802,1727072461671
79,1.0,0.5,0.0,0.17171636330363,0.5,0.5,0.5,0.49999122295802,1727072463872
79,1.0,0.5,0.0,0.17171636330363,0.5,0.5,0.5,0.49999122295802,1727072463975
79,1.0,0.5,0.0,0.17171636330363,0.5,0.5,0.5,0.49999122295802,1727072464456
79,1.0,0.4933532648818,0.0,0.17171636330363,0.5,0.50000043111688,0.5,0.49999122295802,1727072464608
79,1.0,0.48670153438248,0.0,0.17171636330363,0.5,0.4999930949916,0.5,0.49999122295802,1727072464615
79,1.0,0.48004714510966,0.0,0.17171636330363,0.5,0.49999925140164,0.5,0.49999122295802,1727072464776
79,1.0,0.48004714510966,0.0,0.17171636330363,0.5,0.49999925140164,0.5,0.49999122295802,1727072465087
80,0.66666666666667,0.83333333333333,0.66666666666667,0.33333333333333,0.5,0.5,0.5,0.5,1727072467873
80,0.66666666666667,0.83333333333333,0.67390307269905,0.33333333333333,0.5,0.5,0.49999828138255,0.5,1727072467983
80,0.66666666666667,0.83333333333333,0.68376876625701,0.33333333333333,0.5,0.5,0.49998939720784,0.5,1727072467994
80,0.66666666666667,0.83333333333333,0.70086039351054,0.33333333333333,0.5,0.5,0.49999347809457,0.5,1727072468010
80,0.66666666666667,0.83333333333333,0.71533325216575,0.33333333333333,0.5,0.5,0.49999335328546,0.5,1727072468027
80,0.66666666666667,0.83333333333333,0.72980739356827,0.33333333333333,0.5,0.5,0.49998636260293,0.5,1727072468044
80,0.66666666666667,0.83333333333333,0.75411995070947,0.33333333333333,0.5,0.5,0.49998571021012,0.5,1727072468060
80,0.66666666666667,0.83333333333333,0.76134634694732,0.33333333333333,0.5,0.5,0.49999528953055,0.5,1727072468077
80,0.66666666666667,0.83333333333333,0.77843858194888,0.33333333333333,0.5,0.5,0.49999586385378,0.5,1727072468094
80,0.66666666666667,0.83333333333333,0.78567659742356,0.33333333333333,0.5,0.5,0.49998775284405,0.5,1727072468110
80,0.66666666666667,0.83333333333333,0.79290364316491,0.33333333333333,0.5,0.5,0.49999376027341,0.5,1727072468127
80,0.66666666666667,0.83333333333333,0.80277496884009,0.33333333333333,0.5,0.5,0.4999986517841,0.5,1727072468144
80,0.66666666666667,0.83333333333333,0.81000589503528,0.33333333333333,0.5,0.5,0.49998527899721,0.5,1727072468160
80,0.66666666666667,0.83333333333333,0.81724104334953,0.33333333333333,0.5,0.5,0.49999157637111,0.5,1727072468177
80,0.66666666666667,0.83333333333333,0.82446907707877,0.33333333333333,0.5,0.5,0.49999255671742,0.5,1727072468227
80,0.66666666666667,0.83333333333333,0.82712103899501,0.33333333333333,0.5,0.5,0.49999401961332,0.5,1727072468255
80,0.66666666666667,0.83333333333333,0.83435586584983,0.33333333333333,0.5,0.5,0.50000171492138,0.5,1727072469160
80,0.66666666666667,0.83333333333333,0.84422288330646,0.33333333333333,0.5,0.5,0.49998775388429,0.5,1727072469183
80,0.66666666666667,0.83333333333333,0.85409485269867,0.33333333333333,0.5,0.5,0.4999894124235,0.5,1727072469194
80,0.66666666666667,0.83333333333333,0.86395855574332,0.33333333333333,0.5,0.5,0.49999142005665,0.5,1727072469210
80,0.66666666666667,0.83333333333333,0.88567466794195,0.33333333333333,0.5,0.5,0.4999975922037,0.5,1727072469227
80,0.66666666666667,0.83333333333333,0.89554161199481,0.33333333333333,0.5,0.5,0.49998462841284,0.5,1727072469244
80,0.66666666666667,0.83333333333333,0.90277554315886,0.33333333333333,0.5,0.5,0.49999600285624,0.5,1727072469260
80,0.66666666666667,0.83333333333333,0.91264046951669,0.33333333333333,0.5,0.5,0.49999234944763,0.5,1727072469277
80,0.66666666666667,0.83333333333333,0.91987672746982,0.33333333333333,0.5,0.5,0.49999307359936,0.5,1727072469399
80,0.66666666666667,0.83333333333333,0.92710421973832,0.33333333333333,0.5,0.5,0.49999637297832,0.5,1727072469410
80,0.66666666666667,0.83333333333333,0.9297572930767,0.33333333333333,0.5,0.5,0.49999275671534,0.5,1727072469439
80,0.66666666666667,0.83333333333333,0.92253578803819,0.33333333333333,0.5,0.5,0.4999992822923,0.5,1727072470495
80,0.66666666666667,0.83333333333333,0.92518927159156,0.33333333333333,0.5,0.5,0.49999381376752,0.5,1727072470544
80,0.66666666666667,0.83333333333333,0.91796269791878,0.33333333333333,0.5,0.5,0.49998636626406,0.5,1727072470560
80,0.66666666666667,0.83333333333333,0.91073327938865,0.33333333333333,0.5,0.5,0.49999168645252,0.5,1727072470623
80,0.66666666666667,0.83333333333333,0.90351267351311,0.33333333333333,0.5,0.5,0.49999422269788,0.5,1727072470679
80,0.66666666666667,0.83333333333333,0.89628631937204,0.33333333333333,0.5,0.5,0.49998563201836,0.5,1727072470695
80,0.66666666666667,0.83333333333333,0.89628631937204,0.33333333333333,0.5,0.5,0.49998563201836,0.5,1727072471391
80,0.66666666666667,0.83333333333333,0.89628631937204,0.33333333333333,0.5,0.5,0.49998563201836,0.5,1727072473040
80,0.66666666666667,0.83333333333333,0.89628631937204,0.34000190588726,0.5,0.5,0.49998563201836,0.50000178096063,1727072473079
80,0.66666666666667,0.83333333333333,0.89628631937204,0.34388825766852,0.5,0.5,0.49998563201836,0.49999624020577,1727072473094
80,0.66666666666667,0.83333333333333,0.89628631937204,0.35726258910281,0.5,0.5,0.49998563201836,0.50000095386864,1727072473110
80,0.66666666666667,0.83333333333333,0.89628631937204,0.36393625883716,0.5,0.5,0.49998563201836,0.49999802192227,1727072473127
80,0.66666666666667,0.83333333333333,0.89628631937204,0.41166603354438,0.5,0.5,0.49998563201836,0.49999092634336,1727072473143
80,0.66666666666667,0.83333333333333,0.89628631937204,0.43848797741038,0.5,0.5,0.49998563201836,0.49999653238384,1727072473160
80,0.66666666666667,0.83333333333333,0.89628631937204,0.48248637534129,0.5,0.5,0.49998563201836,0.49999553482352,1727072473177
80,0.66666666666667,0.83333333333333,0.89628631937204,0.5197445649085,0.5,0.5,0.49998563201836,0.49999335230249,1727072473193
80,0.66666666666667,0.83333333333333,0.89628631937204,0.55028727265366,0.5,0.5,0.49998563201836,0.49999653128902,1727072473210
80,0.66666666666667,0.83333333333333,0.89628631937204,0.58753639330681,0.5,0.5,0.49998563201836,0.49999863853512,1727072473227
80,0.66666666666667,0.83333333333333,0.89628631937204,0.61521081904117,0.5,0.5,0.49998563201836,0.49999709072618,1727072473243
80,0.66666666666667,0.83333333333333,0.89628631937204,0.63527490023851,0.5,0.5,0.49998563201836,0.49999874022221,1727072473260
80,0.66666666666667,0.83333333333333,0.89628631937204,0.64578764993253,0.5,0.5,0.49998563201836,0.50000186766701,1727072473277
80,0.66666666666667,0.83333333333333,0.89628631937204,0.65245843333104,0.5,0.5,0.49998563201836,0.49999810301606,1727072473360
80,0.66666666666667,0.83333333333333,0.89628631937204,0.66296200569173,0.5,0.5,0.49998563201836,0.49999563684005,1727072473377
80,0.66666666666667,0.83333333333333,0.89628631937204,0.66963974702426,0.5,0.5,0.49998563201836,0.49999615907188,1727072473393
80,0.66666666666667,0.83333333333333,0.89628631937204,0.68015463076279,0.5,0.5,0.49998563201836,0.5000004650598,1727072473410
80,0.66666666666667,0.83333333333333,0.89628631937204,0.68682381256265,0.5,0.5,0.49998563201836,0.4999959059357,1727072474920
80,0.66666666666667,0.83333333333333,0.89628631937204,0.69349389177749,0.5,0.5,0.49998563201836,0.50000092565694,1727072475888
80,0.66666666666667,0.83333333333333,0.89628631937204,0.70399816313124,0.5,0.5,0.49998563201836,0.49999893844748,1727072476040
80,0.66666666666667,0.83333333333333,0.89628631937204,0.70399816313124,0.5,0.5,0.49998563201836,0.49999893844748,1727072477111
80,0.66666666666667,0.83333333333333,0.89628631937204,0.70399816313124,0.5,0.5,0.49998563201836,0.49999893844748,1727072478528
80,0.67333616187456,0.83333333333333,0.89628631937204,0.70399816313124,0.49999862685794,0.5,0.49998563201836,0.49999893844748,1727072478696
80,0.67720516021514,0.83333333333333,0.89628631937204,0.70399816313124,0.50000306833178,0.5,0.49998563201836,0.49999893844748,1727072478710
80,0.69056390929165,0.83333333333333,0.89628631937204,0.70399816313124,0.50000589868348,0.5,0.49998563201836,0.49999893844748,1727072478726
80,0.71824892162148,0.83333333333333,0.89628631937204,0.70399816313124,0.50000157599331,0.5,0.49998563201836,0.49999893844748,1727072478743
80,0.74592335198372,0.83333333333333,0.89628631937204,0.70399816313124,0.50000015226963,0.5,0.49998563201836,0.49999893844748,1727072478760
80,0.76976603825875,0.83333333333333,0.89628631937204,0.70399816313124,0.49999827399212,0.5,0.49998563201836,0.49999893844748,1727072478776
80,0.79361072999996,0.83333333333333,0.89628631937204,0.70399816313124,0.50000566853972,0.5,0.49998563201836,0.49999893844748,1727072478793
80,0.81077657452378,0.83333333333333,0.89628631937204,0.70399816313124,0.50000381684467,0.5,0.49998563201836,0.49999893844748,1727072478810
80,0.81744491454714,0.83333333333333,0.89628631937204,0.70399816313124,0.49999935990934,0.5,0.49998563201836,0.49999893844748,1727072478831
80,0.82131265894773,0.83333333333333,0.89628631937204,0.70399816313124,0.5000025559766,0.5,0.49998563201836,0.49999893844748,1727072478843
80,0.8279862426924,0.83333333333333,0.89628631937204,0.70399816313124,0.50000083227553,0.5,0.49998563201836,0.49999893844748,1727072478863
80,0.83464919724383,0.83333333333333,0.89628631937204,0.70399816313124,0.50000154696308,0.5,0.49998563201836,0.49999893844748,1727072478887
80,0.84132209994914,0.83333333333333,0.89628631937204,0.70399816313124,0.49999950643896,0.5,0.49998563201836,0.49999893844748,1727072478895
80,0.84518582407461,0.83333333333333,0.89628631937204,0.70399816313124,0.50000060846806,0.5,0.49998563201836,0.49999893844748,1727072478910
80,0.85853397251366,0.83333333333333,0.89628631937204,0.70399816313124,0.49999776738395,0.5,0.49998563201836,0.49999893844748,1727072478926
80,0.89287808244578,0.83333333333333,0.89628631937204,0.70399816313124,0.50000055928399,0.5,0.49998563201836,0.49999893844748,1727072478943
80,0.91005279209703,0.83333333333333,0.89628631937204,0.70399816313124,0.50000315490469,0.5,0.49998563201836,0.49999893844748,1727072478960
80,0.9338952718657,0.83333333333333,0.89628631937204,0.70399816313124,0.50000138038709,0.5,0.49998563201836,0.49999893844748,1727072478976
80,0.94724201490296,0.83333333333333,0.89628631937204,0.70399816313124,0.50000517861405,0.5,0.49998563201836,0.49999893844748,1727072478993
80,0.97491716535497,0.83333333333333,0.89628631937204,0.70399816313124,0.50000426376418,0.5,0.49998563201836,0.49999893844748,1727072479010
80,0.9987585361328,0.83333333333333,0.89628631937204,0.70399816313124,0.50000207063195,0.5,0.49998563201836,0.49999893844748,1727072479026
80,1.0,0.83333333333333,0.89628631937204,0.70399816313124,0.5,0.5,0.49998563201836,0.49999893844748,1727072479043
80,1.0,0.83333333333333,0.89628631937204,0.70399816313124,0.5,0.5,0.49998563201836,0.49999893844748,1727072479060
80,1.0,0.83333333333333,0.89628631937204,0.70399816313124,0.5,0.5,0.49998563201836,0.49999893844748,1727072479076
80,1.0,0.83333333333333,0.89628631937204,0.70399816313124,0.5,0.5,0.49998563201836,0.49999893844748,1727072479093
80,1.0,0.83333333333333,0.89628631937204,0.70399816313124,0.5,0.5,0.49998563201836,0.49999893844748,1727072479110
80,1.0,0.83333333333333,0.89628631937204,0.70399816313124,0.5,0.5,0.49998563201836,0.49999893844748,1727072479126
80,1.0,0.83333333333333,0.89628631937204,0.70399816313124,0.5,0.5,0.49998563201836,0.49999893844748,1727072479143
80,1.0,0.83333333333333,0.89628631937204,0.70399816313124,0.5,0.5,0.49998563201836,0.49999893844748,1727072479160
80,1.0,0.83333333333333,0.89628631937204,0.70399816313124,0.5,0.5,0.49998563201836,0.49999893844748,1727072479177
80,1.0,0.83333333333333,0.89628631937204,0.70399816313124,0.5,0.5,0.49998563201836,0.49999893844748,1727072479193
80,1.0,0.83333333333333,0.89628631937204,0.70399816313124,0.5,0.5,0.49998563201836,0.49999893844748,1727072479210
80,1.0,0.83333333333333,0.89628631937204,0.70399816313124,0.5,0.5,0.49998563201836,0.49999893844748,1727072479226
80,1.0,0.83333333333333,0.89628631937204,0.70399816313124,0.5,0.5,0.49998563201836,0.49999893844748,1727072479243
80,1.0,0.83333333333333,0.89628631937204,0.70399816313124,0.5,0.5,0.49998563201836,0.49999893844748,1727072479260
80,1.0,0.83333333333333,0.89628631937204,0.70399816313124,0.5,0.5,0.49998563201836,0.49999893844748,1727072479504
80,1.0,0.83333333333333,0.89628631937204,0.70399816313124,0.5,0.5,0.49998563201836,0.49999893844748,1727072480369
80,1.0,0.82668046195717,0.89628631937204,0.70399816313124,0.5,0.4999981878692,0.49998563201836,0.49999893844748,1727072480424
80,1.0,0.82003212812828,0.89628631937204,0.70399816313124,0.5,0.49999929983474,0.49998563201836,0.49999893844748,1727072480439
80,1.0,0.81337297503123,0.89628631937204,0.70399816313124,0.5,0.49999805870688,0.49998563201836,0.49999893844748,1727072480447
80,1.0,0.8067100439834,0.89628631937204,0.70399816313124,0.5,0.49999877303492,0.49998563201836,0.49999893844748,1727072480463
80,1.0,0.80006376430608,0.89628631937204,0.70399816313124,0.5,0.49999883133576,0.49998563201836,0.49999893844748,1727072480479
80,1.0,0.78676943626332,0.89628631937204,0.70399816313124,0.5,0.49999989072325,0.49998563201836,0.49999893844748,1727072480493
80,1.0,0.77347526487639,0.89628631937204,0.70399816313124,0.5,0.50000089324498,0.49998563201836,0.49999893844748,1727072480510
80,1.0,0.73640299493232,0.89628631937204,0.70399816313124,0.5,0.49999832604741,0.49998563201836,0.49999893844748,1727072480526
80,1.0,0.70594262720822,0.89628631937204,0.70399816313124,0.5,0.49999759749973,0.49998563201836,0.49999893844748,1727072480543
80,1.0,0.66228026541384,0.89628631937204,0.70399816313124,0.5,0.49999798008806,0.49998563201836,0.49999893844748,1727072480560
80,1.0,0.64511001637219,0.89628631937204,0.70399816313124,0.5,0.49999856852974,0.49998563201836,0.49999893844748,1727072480576
80,1.0,0.63182201183554,0.89628631937204,0.70399816313124,0.5,0.49999585656363,0.49998563201836,0.49999893844748,1727072480593
80,1.0,0.61853270875676,0.89628631937204,0.70399816313124,0.5,0.49999388589699,0.49998563201836,0.49999893844748,1727072480610
80,1.0,0.61187199141249,0.89628631937204,0.70399816313124,0.5,0.50000315472803,0.49998563201836,0.49999893844748,1727072480672
80,1.0,0.60521996786881,0.89628631937204,0.70399816313124,0.5,0.49999704534749,0.49998563201836,0.49999893844748,1727072480710
80,1.0,0.5985635677566,0.89628631937204,0.70399816313124,0.5,0.50000367937785,0.49998563201836,0.49999893844748,1727072480726
80,1.0,0.58139436381219,0.89628631937204,0.70399816313124,0.5,0.50000373757247,0.49998563201836,0.49999893844748,1727072480743
80,1.0,0.5681145060829,0.89628631937204,0.70399816313124,0.5,0.49999540819055,0.49998563201836,0.49999893844748,1727072480760
80,1.0,0.56146184316895,0.89628631937204,0.70399816313124,0.5,0.4999997929736,0.49998563201836,0.49999893844748,1727072480936
80,1.0,0.5576403291811,0.89628631937204,0.70399816313124,0.5,0.49999347399303,0.49998563201836,0.49999893844748,1727072481007
80,1.0,0.55099238369372,0.89628631937204,0.70399816313124,0.5,0.49999465302489,0.49998563201836,0.49999893844748,1727072481015
80,1.0,0.54433825405368,0.89628631937204,0.70399816313124,0.5,0.5000001440096,0.49998563201836,0.49999893844748,1727072481060
80,1.0,0.53104753175016,0.89628631937204,0.70399816313124,0.5,0.49999902736004,0.49998563201836,0.49999893844748,1727072481076
80,1.0,0.51776823000909,0.89628631937204,0.70399816313124,0.5,0.50000071863893,0.49998563201836,0.49999893844748,1727072481093
80,1.0,0.48732491345573,0.89628631937204,0.70399816313124,0.5,0.4999986267477,0.49998563201836,0.49999893844748,1727072481110
80,1.0,0.47015416889377,0.89628631937204,0.70399816313124,0.5,0.49999975291986,0.49998563201836,0.49999893844748,1727072481126
80,1.0,0.46350196281503,0.89628631937204,0.70399816313124,0.5,0.50000442723247,0.49998563201836,0.49999893844748,1727072481143
80,1.0,0.4701761444425,0.89628631937204,0.70399816313124,0.5,0.49999470726467,0.49998563201836,0.49999893844748,1727072482072
80,1.0,0.47685343907601,0.89628631937204,0.70399816313124,0.5,0.49999447405649,0.49998563201836,0.49999893844748,1727072483336
80,1.0,0.48352192729996,0.89628631937204,0.70399816313124,0.5,0.50000086407857,0.49998563201836,0.49999893844748,1727072483376
80,1.0,0.49018888910619,0.89628631937204,0.70399816313124,0.5,0.49999681672619,0.49998563201836,0.49999893844748,1727072483528
80,1.0,0.49018888910619,0.89628631937204,0.70399816313124,0.5,0.49999681672619,0.49998563201836,0.49999893844748,1727072484176
81,0.66666666666667,0.33333333333333,0.0,0.83333333333333,0.5,0.5,0.5,0.5,1727072491161
81,0.66666666666667,0.33333333333333,0.0,0.84000781761967,0.5,0.5,0.5,0.50000395416843,1727072491416
81,0.66666666666667,0.33333333333333,0.0,0.84667464744743,0.5,0.5,0.5,0.49999885597729,1727072491440
81,0.66666666666667,0.33333333333333,0.0,0.85334595567634,0.5,0.5,0.5,0.50000374472763,1727072491496
81,0.66666666666667,0.33333333333333,0.0,0.86000752775875,0.5,0.5,0.5,0.50000373895324,1727072491560
81,0.66666666666667,0.33333333333333,0.0,0.87052813354962,0.5,0.5,0.5,0.50000248798952,1727072491576
81,0.66666666666667,0.33333333333333,0.0,0.87718663027543,0.5,0.5,0.5,0.50000098552197,1727072491593
81,0.66666666666667,0.33333333333333,0.0,0.89435795288661,0.5,0.5,0.5,0.50000197854094,1727072491609
81,0.66666666666667,0.33333333333333,0.0,0.90103177362996,0.5,0.5,0.5,0.50000048109376,1727072491768
81,0.66666666666667,0.33333333333333,0.0,0.90770007234799,0.5,0.5,0.5,0.50000369774033,1727072491783
81,0.66666666666667,0.33333333333333,0.0,0.91436210639928,0.5,0.5,0.5,0.50000391124595,1727072491960
81,0.66666666666667,0.33333333333333,0.0,0.91822988020894,0.5,0.5,0.5,0.49999958043918,1727072492064
81,0.66666666666667,0.33333333333333,0.0,0.92490264780213,0.5,0.5,0.5,0.50000485214071,1727072492076
81,0.66666666666667,0.33333333333333,0.0,0.92876686668109,0.5,0.5,0.5,0.50000608990625,1727072492448
81,0.66666666666667,0.33333333333333,0.0,0.94210704641219,0.5,0.5,0.5,0.49999970128446,1727072492459
81,0.66666666666667,0.33333333333333,0.0,0.95927998197628,0.5,0.5,0.5,0.50000139459757,1727072492476
81,0.66666666666667,0.33333333333333,0.0,1.0,0.5,0.5,0.5,0.5,1727072492493
81,0.66666666666667,0.33333333333333,0.0,1.0,0.5,0.5,0.5,0.5,1727072492509
81,0.66666666666667,0.33333333333333,0.0,1.0,0.5,0.5,0.5,0.5,1727072492526
81,0.66666666666667,0.33333333333333,0.0,1.0,0.5,0.5,0.5,0.5,1727072492543
81,0.66666666666667,0.33333333333333,0.0,1.0,0.5,0.5,0.5,0.5,1727072492559
81,0.66666666666667,0.33333333333333,0.0,1.0,0.5,0.5,0.5,0.5,1727072492576
81,0.66666666666667,0.33333333333333,0.0,1.0,0.5,0.5,0.5,0.5,1727072492824
81,0.66666666666667,0.33333333333333,0.0,1.0,0.5,0.5,0.5,0.5,1727072492859
81,0.66666666666667,0.33333333333333,0.0,1.0,0.5,0.5,0.5,0.5,1727072492920
81,0.66666666666667,0.33333333333333,0.0,1.0,0.5,0.5,0.5,0.5,1727072492959
81,0.66666666666667,0.33333333333333,0.0,1.0,0.5,0.5,0.5,0.5,1727072492976
81,0.66666666666667,0.33333333333333,0.0,1.0,0.5,0.5,0.5,0.5,1727072492992
81,0.66666666666667,0.33333333333333,0.0,1.0,0.5,0.5,0.5,0.5,1727072493009
81,0.66666666666667,0.33333333333333,0.0,1.0,0.5,0.5,0.5,0.5,1727072493072
81,0.66666666666667,0.33333333333333,0.0,1.0,0.5,0.5,0.5,0.5,1727072493087
81,0.66666666666667,0.33333333333333,0.0,1.0,0.5,0.5,0.5,0.5,1727072493095
81,0.66666666666667,0.33333333333333,0.0,1.0,0.5,0.5,0.5,0.5,1727072493111
81,0.66666666666667,0.33333333333333,0.0,1.0,0.5,0.5,0.5,0.5,1727072493127
81,0.66666666666667,0.33333333333333,0.0,1.0,0.5,0.5,0.5,0.5,1727072493142
81,0.66666666666667,0.33333333333333,0.0,1.0,0.5,0.5,0.5,0.5,1727072493159
81,0.66666666666667,0.33333333333333,0.0,1.0,0.5,0.5,0.5,0.5,1727072493176
81,0.66666666666667,0.33333333333333,0.0,1.0,0.5,0.5,0.5,0.5,1727072493192
81,0.66666666666667,0.33333333333333,0.0,1.0,0.5,0.5,0.5,0.5,1727072493264
81,0.66666666666667,0.33333333333333,0.0,1.0,0.5,0.5,0.5,0.5,1727072493311
81,0.66666666666667,0.33333333333333,0.0,1.0,0.5,0.5,0.5,0.5,1727072496081
81,0.67333168418413,0.33333333333333,0.0,1.0,0.49999595318135,0.5,0.5,0.5,1727072496168
81,0.6772038623937,0.33333333333333,0.0,1.0,0.50000229663383,0.5,0.5,0.5,1727072496192
81,0.69055762136626,0.33333333333333,0.0,1.0,0.50000221292371,0.5,0.5,0.5,1727072496199
81,0.69722316834676,0.33333333333333,0.0,1.0,0.49999557591842,0.5,0.5,0.5,1727072496209
81,0.71439330947291,0.33333333333333,0.0,1.0,0.49999617512359,0.5,0.5,0.5,1727072496226
81,0.74493346769051,0.33333333333333,0.0,1.0,0.49999723272457,0.5,0.5,0.5,1727072496242
81,0.77927023527582,0.33333333333333,0.0,1.0,0.49999641767351,0.5,0.5,0.5,1727072496259
81,0.81649887027715,0.33333333333333,0.0,1.0,0.49999543942598,0.5,0.5,0.5,1727072496276
81,0.85084287885677,0.33333333333333,0.0,1.0,0.49999835980482,0.5,0.5,0.5,1727072496292
81,0.8746849201373,0.33333333333333,0.0,1.0,0.4999963785617,0.5,0.5,0.5,1727072496309
81,0.88802969156069,0.33333333333333,0.0,1.0,0.49999947791277,0.5,0.5,0.5,1727072496326
81,0.89854396233643,0.33333333333333,0.0,1.0,0.49999525552169,0.5,0.5,0.5,1727072496342
81,0.90521222457265,0.33333333333333,0.0,1.0,0.49999849185834,0.5,0.5,0.5,1727072496359
81,0.92623775578227,0.33333333333333,0.0,1.0,0.49999606363525,0.5,0.5,0.5,1727072496376
81,0.93958755614165,0.33333333333333,0.0,1.0,0.50000136292926,0.5,0.5,0.5,1727072496392
81,0.94625618301474,0.33333333333333,0.0,1.0,0.49999753178724,0.5,0.5,0.5,1727072496560
81,0.95292510971174,0.33333333333333,0.0,1.0,0.50000093167464,0.5,0.5,0.5,1727072497112
81,0.96627035027442,0.33333333333333,0.0,1.0,0.49999702058081,0.5,0.5,0.5,1727072497159
81,0.9901104416359,0.33333333333333,0.0,1.0,0.49999438258841,0.5,0.5,0.5,1727072497175
81,1.0,0.33333333333333,0.0,1.0,0.5,0.5,0.5,0.5,1727072497192
81,1.0,0.33333333333333,0.0,1.0,0.5,0.5,0.5,0.5,1727072497209
81,1.0,0.33333333333333,0.0,1.0,0.5,0.5,0.5,0.5,1727072497225
81,1.0,0.33333333333333,0.0,1.0,0.5,0.5,0.5,0.5,1727072497242
81,1.0,0.33333333333333,0.0,1.0,0.5,0.5,0.5,0.5,1727072497259
81,1.0,0.33333333333333,0.0,1.0,0.5,0.5,0.5,0.5,1727072497424
81,1.0,0.33333333333333,0.0,1.0,0.5,0.5,0.5,0.5,1727072497440
81,1.0,0.33333333333333,0.0,1.0,0.5,0.5,0.5,0.5,1727072497448
81,1.0,0.33333333333333,0.0,1.0,0.5,0.5,0.5,0.5,1727072497459
81,1.0,0.33333333333333,0.0,1.0,0.5,0.5,0.5,0.5,1727072497476
81,1.0,0.33333333333333,0.0,1.0,0.5,0.5,0.5,0.5,1727072497492
81,1.0,0.33333333333333,0.0,1.0,0.5,0.5,0.5,0.5,1727072497509
81,1.0,0.33333333333333,0.0,1.0,0.5,0.5,0.5,0.5,1727072497526
81,0.99908197017863,0.33333333333333,0.0,1.0,0.49999543714662,0.5,0.5,0.5,1727072497536
81,0.99908197017863,0.33333333333333,0.0,1.0,0.49999543714662,0.5,0.5,0.5,1727072497536
81,0.99908197017863,0.33333333333333,0.0,1.0,0.49999543714662,0.5,0.5,0.5,1727072499465
81,0.99908197017863,0.34000826302534,0.0,1.0,0.49999543714662,0.50000665473101,0.5,0.5,1727072499520
81,0.99908197017863,0.34668694246555,0.0,1.0,0.49999543714662,0.50000495738848,0.5,0.5,1727072499559
81,0.99908197017863,0.36386056730943,0.0,1.0,0.49999543714662,0.50000087222483,0.5,0.5,1727072499576
81,0.99908197017863,0.40488855343579,0.0,1.0,0.49999543714662,0.50000316058684,0.5,0.5,1727072499592
81,0.99908197017863,0.43922589645504,0.0,1.0,0.49999543714662,0.50000389785887,0.5,0.5,1727072499609
81,0.99908197017863,0.47742813827961,0.0,1.0,0.49999543714662,0.50000199403933,0.5,0.5,1727072499625
81,0.99908197017863,0.51176991000424,0.0,1.0,0.49999543714662,0.4999995084056,0.5,0.5,1727072499642
81,0.99908197017863,0.53561466626045,0.0,1.0,0.49999543714662,0.5000005041275,0.5,0.5,1727072499659
81,0.99908197017863,0.53948984077595,0.0,1.0,0.49999543714662,0.50000172273659,0.5,0.5,1727072499888
81,0.99908197017863,0.54615558534679,0.0,1.0,0.49999543714662,0.49999879562872,0.5,0.5,1727072499896
81,0.99908197017863,0.55282944882817,0.0,1.0,0.49999543714662,0.5000009067634,0.5,0.5,1727072499912
81,0.99908197017863,0.55670363347365,0.0,1.0,0.49999543714662,0.50000277394856,0.5,0.5,1727072499959
81,0.99908197017863,0.56337219078899,0.0,1.0,0.49999543714662,0.4999979936081,0.5,0.5,1727072499992
81,0.99908197017863,0.56724653632018,0.0,1.0,0.49999543714662,0.49999974197633,0.5,0.5,1727072500009
81,0.99908197017863,0.57776360810678,0.0,1.0,0.49999543714662,0.50000374495787,0.5,0.5,1727072500059
81,0.99908197017863,0.58827790268116,0.0,1.0,0.49999543714662,0.49999935572203,0.5,0.5,1727072500075
81,0.99908197017863,0.60545006895979,0.0,1.0,0.49999543714662,0.49999747675091,0.5,0.5,1727072500092
81,0.99908197017863,0.61595449982219,0.0,1.0,0.49999543714662,0.49999958382778,0.5,0.5,1727072500109
81,0.99908197017863,0.62647228697126,0.0,1.0,0.49999543714662,0.50000291626029,0.5,0.5,1727072500125
81,0.99908197017863,0.63313851054202,0.0,1.0,0.49999543714662,0.49999996940792,0.5,0.5,1727072500175
81,0.99908197017863,0.63701009898559,0.0,1.0,0.49999543714662,0.50000328533275,0.5,0.5,1727072500304
81,0.99908197017863,0.64367803459204,0.0,1.0,0.49999543714662,0.49999931428302,0.5,0.5,1727072500311
81,0.99908197017863,0.64754877779334,0.0,1.0,0.49999543714662,0.50000311329743,0.5,0.5,1727072500325
81,0.99908197017863,0.66472018292729,0.0,1.0,0.49999543714662,0.50000174429778,0.5,0.5,1727072500408
81,0.99908197017863,0.67523612501274,0.0,1.0,0.49999543714662,0.49999680860439,0.5,0.5,1727072500426
81,0.99908197017863,0.67910151787535,0.0,1.0,0.49999543714662,0.5000036639126,0.5,0.5,1727072500442
81,0.99908197017863,0.68296891549064,0.0,1.0,0.49999543714662,0.50000018631089,0.5,0.5,1727072500459
81,0.99908197017863,0.68296891549064,0.0,1.0,0.49999543714662,0.50000018631089,0.5,0.5,1727072500832
81,0.99908197017863,0.68296891549064,0.0,1.0,0.49999543714662,0.50000018631089,0.5,0.5,1727072503337
81,0.99908197017863,0.68296891549064,0.0,1.0,0.49999543714662,0.50000018631089,0.5,0.5,1727072504105
81,0.99242493105532,0.68296891549064,0.0,1.0,0.49999740929427,0.50000018631089,0.5,0.5,1727072504224
81,0.98577116110301,0.68296891549064,0.0,1.0,0.50000086120194,0.50000018631089,0.5,0.5,1727072504296
81,0.97527174726278,0.68296891549064,0.0,1.0,0.49999767106526,0.50000018631089,0.5,0.5,1727072504448
81,0.97144168147531,0.68296891549064,0.0,1.0,0.49999798128,0.50000018631089,0.5,0.5,1727072504472
81,0.97144168147531,0.68296891549064,0.0,1.0,0.49999798128,0.50000018631089,0.5,0.5,1727072504656
82,0.83333333333333,1.0,0.5,0.0,0.5,0.5,0.5,0.5,1727072507713
82,0.83333333333333,1.0,0.50723829034584,0.0,0.5,0.5,0.49998523069973,0.5,1727072507776
82,0.83333333333333,1.0,0.51446481911024,0.0,0.5,0.5,0.49999699852604,0.5,1727072507792
82,0.83333333333333,1.0,0.55326050748397,0.0,0.5,0.5,0.49998201723082,0.5,1727072507808
82,0.83333333333333,1.0,0.60912700697626,0.0,0.5,0.5,0.50000049294853,0.5,1727072507825
82,0.83333333333333,1.0,0.67696425822828,0.0,0.5,0.5,0.50000039320092,0.5,1727072507842
82,0.83333333333333,1.0,0.76184413076353,0.0,0.5,0.5,0.50000338770683,0.5,1727072507858
82,0.83333333333333,1.0,0.86852768036949,0.0,0.5,0.5,0.4999851399069,0.5,1727072507875
82,0.83333333333333,1.0,0.97044843124668,0.0,0.5,0.5,0.49999894286949,0.5,1727072507892
82,0.83333333333333,1.0,1.0,0.0,0.5,0.5,0.5,0.5,1727072507908
82,0.83333333333333,1.0,1.0,0.0,0.5,0.5,0.5,0.5,1727072507925
82,0.83333333333333,1.0,1.0,0.0,0.5,0.5,0.5,0.5,1727072507942
82,0.83333333333333,1.0,1.0,0.0,0.5,0.5,0.5,0.5,1727072507958
82,0.83333333333333,1.0,1.0,0.0,0.5,0.5,0.5,0.5,1727072507975
82,0.83333333333333,1.0,1.0,0.0,0.5,0.5,0.5,0.5,1727072507992
82,0.83333333333333,1.0,1.0,0.0,0.5,0.5,0.5,0.5,1727072508240
82,0.83333333333333,1.0,1.0,0.0,0.5,0.5,0.5,0.5,1727072509481
82,0.83333333333333,1.0,1.0,0.00668912147123,0.5,0.5,0.5,0.49999315647109,1727072509560
82,0.83333333333333,1.0,1.0,0.01337474952872,0.5,0.5,0.5,0.49997934743031,1727072509576
82,0.83333333333333,1.0,1.0,0.02006870073247,0.5,0.5,0.5,0.49998321449651,1727072509592
82,0.83333333333333,1.0,1.0,0.02675264265452,0.5,0.5,0.5,0.49999760246411,1727072509608
82,0.83333333333333,1.0,1.0,0.04696896940298,0.5,0.5,0.5,0.49999951476827,1727072509625
82,0.83333333333333,1.0,1.0,0.06715709768615,0.5,0.5,0.5,0.49997890836437,1727072509641
82,0.83333333333333,1.0,1.0,0.08733978636953,0.5,0.5,0.5,0.50000216522692,1727072509658
82,0.83333333333333,1.0,1.0,0.1075090921563,0.5,0.5,0.5,0.49997843339805,1727072509675
82,0.83333333333333,1.0,1.0,0.1344662211064,0.5,0.5,0.5,0.49998465318236,1727072509691
82,0.83333333333333,1.0,1.0,0.16822017913974,0.5,0.5,0.5,0.50000632048601,1727072509708
82,0.83333333333333,1.0,1.0,0.1816136447111,0.5,0.5,0.5,0.49999777750273,1727072509725
82,0.83333333333333,1.0,1.0,0.18828909333952,0.5,0.5,0.5,0.49999595662362,1727072509741
82,0.83333333333333,1.0,1.0,0.2016763585336,0.5,0.5,0.5,0.49999931090229,1727072509758
82,0.83333333333333,1.0,1.0,0.19503418013838,0.5,0.5,0.5,0.50000422558444,1727072510448
82,0.83333333333333,1.0,1.0,0.19123376637826,0.5,0.5,0.5,0.49998452158142,1727072510458
82,0.83333333333333,1.0,1.0,0.18459523220065,0.5,0.5,0.5,0.4999939515435,1727072510520
82,0.83333333333333,1.0,1.0,0.17408772388049,0.5,0.5,0.5,0.49999404087334,1727072510558
82,0.83333333333333,1.0,1.0,0.16745137041582,0.5,0.5,0.5,0.49998657098632,1727072510608
82,0.83333333333333,1.0,1.0,0.1569502165086,0.5,0.5,0.5,0.499995082614,1727072510632
82,0.83333333333333,1.0,1.0,0.15316205853162,0.5,0.5,0.5,0.49999019185097,1727072510712
82,0.83333333333333,1.0,1.0,0.14651994526733,0.5,0.5,0.5,0.49999564568029,1727072510727
82,0.83333333333333,1.0,1.0,0.14272720619328,0.5,0.5,0.5,0.49998419914247,1727072510912
82,0.83333333333333,1.0,1.0,0.13608299700678,0.5,0.5,0.5,0.49998670423031,1727072510925
82,0.83333333333333,1.0,1.0,0.12558457129528,0.5,0.5,0.5,0.49999993528039,1727072511056
82,0.83333333333333,1.0,1.0,0.11895086969676,0.5,0.5,0.5,0.49999555222887,1727072511128
82,0.83333333333333,1.0,1.0,0.12562739009981,0.5,0.5,0.5,0.49999504025706,1727072512304
82,0.83333333333333,1.0,1.0,0.13231076462108,0.5,0.5,0.5,0.50000443056546,1727072512552
82,0.83333333333333,1.0,1.0,0.13231076462108,0.5,0.5,0.5,0.50000443056546,1727072513648
82,0.83333333333333,1.0,1.0,0.13231076462108,0.5,0.5,0.5,0.50000443056546,1727072516081
82,0.84000556383491,1.0,1.0,0.13231076462108,0.50000281420615,0.5,0.5,0.50000443056546,1727072516160
82,0.84667443040571,1.0,1.0,0.13231076462108,0.49999874686399,0.5,0.5,0.50000443056546,1727072516174
82,0.88390217393013,1.0,1.0,0.13231076462108,0.50000479718114,0.5,0.5,0.50000443056546,1727072516191
82,0.98551584711137,1.0,1.0,0.13231076462108,0.49999677381071,0.5,0.5,0.50000443056546,1727072516208
82,1.0,1.0,1.0,0.13231076462108,0.5,0.5,0.5,0.50000443056546,1727072516225
82,1.0,1.0,1.0,0.13231076462108,0.5,0.5,0.5,0.50000443056546,1727072516241
82,1.0,1.0,1.0,0.13231076462108,0.5,0.5,0.5,0.50000443056546,1727072516258
82,1.0,1.0,1.0,0.13231076462108,0.5,0.5,0.5,0.50000443056546,1727072516274
82,1.0,1.0,1.0,0.13231076462108,0.5,0.5,0.5,0.50000443056546,1727072516291
82,1.0,1.0,1.0,0.13231076462108,0.5,0.5,0.5,0.50000443056546,1727072516992
82,1.0,1.0,1.0,0.13231076462108,0.5,0.5,0.5,0.50000443056546,1727072517993
82,1.0,0.9933434230033,1.0,0.13231076462108,0.5,0.49999779996658,0.5,0.50000443056546,1727072518072
82,1.0,0.98005366892373,1.0,0.13231076462108,0.5,0.49999663163054,0.5,0.50000443056546,1727072518080
82,1.0,0.96674405579119,1.0,0.13231076462108,0.5,0.49999746514411,0.5,0.50000443056546,1727072518091
82,1.0,0.94020487484076,1.0,0.13231076462108,0.5,0.49999774186882,0.5,0.50000443056546,1727072518108
82,1.0,0.90705468232406,1.0,0.13231076462108,0.5,0.49999593624171,0.5,0.50000443056546,1727072518124
82,1.0,0.87658841347996,1.0,0.13231076462108,0.5,0.49999814129229,0.5,0.50000443056546,1727072518141
82,1.0,0.85666515620652,1.0,0.13231076462108,0.5,0.4999981976786,0.5,0.50000443056546,1727072518158
82,1.0,0.81958741836072,1.0,0.13231076462108,0.5,0.49999855518027,0.5,0.50000443056546,1727072518174
82,1.0,0.80241595508411,1.0,0.13231076462108,0.5,0.49999970114874,0.5,0.50000443056546,1727072518191
82,1.0,0.75873113155612,1.0,0.13231076462108,0.5,0.50000400625685,0.5,0.50000443056546,1727072518208
82,1.0,0.73881734119465,1.0,0.13231076462108,0.5,0.49999890908233,0.5,0.50000443056546,1727072518224
82,1.0,0.7321621614784,1.0,0.13231076462108,0.5,0.49999533226547,0.5,0.50000443056546,1727072518241
82,1.0,0.71499545973847,1.0,0.13231076462108,0.5,0.49999380432898,0.5,0.50000443056546,1727072518257
82,1.0,0.70834300040412,1.0,0.13231076462108,0.5,0.49999738882027,0.5,0.50000443056546,1727072518280
82,1.0,0.70168939416901,1.0,0.13231076462108,0.5,0.49999277531256,0.5,0.50000443056546,1727072518296
82,1.0,0.68839207334078,1.0,0.13231076462108,0.5,0.4999956182694,0.5,0.50000443056546,1727072518312
82,1.0,0.67789089110458,1.0,0.13231076462108,0.5,0.50000084170017,0.5,0.50000443056546,1727072518324
82,1.0,0.66738701621192,1.0,0.13231076462108,0.5,0.49999855715755,0.5,0.50000443056546,1727072518341
82,1.0,0.64747891667243,1.0,0.13231076462108,0.5,0.49999877531789,0.5,0.50000443056546,1727072518358
82,1.0,0.64081680096102,1.0,0.13231076462108,0.5,0.4999991234201,0.5,0.50000443056546,1727072518374
82,1.0,0.62752879912649,1.0,0.13231076462108,0.5,0.49999640488984,0.5,0.50000443056546,1727072518391
82,1.0,0.61703146680885,1.0,0.13231076462108,0.5,0.49999955642337,0.5,0.50000443056546,1727072518408
82,1.0,0.61037982378899,1.0,0.13231076462108,0.5,0.49999321203758,0.5,0.50000443056546,1727072518488
82,1.0,0.61037982378899,1.0,0.13231076462108,0.5,0.49999321203758,0.5,0.50000443056546,1727072520776
83,0.0,0.5,0.5,0.83333333333333,0.5,0.5,0.5,0.5,1727072524073
83,0.0,0.5,0.49278236475724,0.83333333333333,0.5,0.5,0.49998126880871,0.5,1727072524120
83,0.0,0.5,0.4901762538473,0.83333333333333,0.5,0.5,0.50000224604847,0.5,1727072524128
83,0.0,0.5,0.47309570868653,0.83333333333333,0.5,0.5,0.4999761675254,0.5,1727072524143
83,0.0,0.5,0.4560091455902,0.83333333333333,0.5,0.5,0.49999355323725,0.5,1727072524157
83,0.0,0.5,0.42184975210776,0.83333333333333,0.5,0.5,0.49998765674015,0.5,1727072524174
83,0.0,0.5,0.3659981797025,0.83333333333333,0.5,0.5,0.49997470862434,0.5,1727072524191
83,0.0,0.5,0.31737343706749,0.83333333333333,0.5,0.5,0.49997258199536,0.5,1727072524207
83,0.0,0.5,0.23721482265891,0.83333333333333,0.5,0.5,0.49998390457649,0.5,1727072524224
83,0.0,0.5,0.1787360954468,0.83333333333333,0.5,0.5,0.49995803543602,0.5,1727072524241
83,0.0,0.5,0.13282873836392,0.83333333333333,0.5,0.5,0.49995800837557,0.5,1727072524257
83,0.0,0.5,0.08982550578929,0.83333333333333,0.5,0.5,0.49998766099283,0.5,1727072524274
83,0.0,0.5,0.04119239847486,0.83333333333333,0.5,0.5,0.49998889985901,0.5,1727072524291
83,0.0,0.5,0.0,0.83333333333333,0.5,0.5,0.5,0.5,1727072524307
83,0.0,0.5,0.0,0.83333333333333,0.5,0.5,0.5,0.5,1727072524324
83,0.0,0.5,0.0,0.83333333333333,0.5,0.5,0.5,0.5,1727072524341
83,0.0,0.5,0.0,0.83333333333333,0.5,0.5,0.5,0.5,1727072524357
83,0.0,0.5,0.0,0.83333333333333,0.5,0.5,0.5,0.5,1727072524374
83,0.0,0.5,0.0,0.83333333333333,0.5,0.5,0.5,0.5,1727072524391
83,0.0,0.5,0.0,0.83333333333333,0.5,0.5,0.5,0.5,1727072524407
83,0.0,0.5,0.0,0.83333333333333,0.5,0.5,0.5,0.5,1727072524488
83,0.0,0.5,0.0,0.83333333333333,0.5,0.5,0.5,0.5,1727072529569
83,0.0,0.52384164017126,0.0,0.83333333333333,0.5,0.50000321580237,0.5,0.5,1727072529640
83,0.0,0.61572284465035,0.0,0.83333333333333,0.5,0.50000014792108,0.5,0.5,1727072529658
83,0.0,0.74262769497692,0.0,0.83333333333333,0.5,0.50000170751416,0.5,0.5,1727072529674
83,0.0,0.90632397396477,0.0,0.83333333333333,0.5,0.49999957229555,0.5,0.5,1727072529690
83,0.0,1.0,0.0,0.83333333333333,0.5,0.5,0.5,0.5,1727072529707
83,0.0,1.0,0.0,0.83333333333333,0.5,0.5,0.5,0.5,1727072529724
83,0.0,1.0,0.0,0.83333333333333,0.5,0.5,0.5,0.5,1727072529740
83,0.0,1.0,0.0,0.83333333333333,0.5,0.5,0.5,0.5,1727072529757
83,0.0,1.0,0.0,0.83333333333333,0.5,0.5,0.5,0.5,1727072529774
83,0.0,1.0,0.0,0.83333333333333,0.5,0.5,0.5,0.5,1727072529790
83,0.0,1.0,0.0,0.83333333333333,0.5,0.5,0.5,0.5,1727072529856
83,0.0,1.0,0.0,0.83333333333333,0.5,0.5,0.5,0.5,1727072533738
83,0.0,0.99334247818161,0.0,0.83333333333333,0.5,0.49999821892176,0.5,0.5,1727072533976
83,0.0,0.98668534634053,0.0,0.83333333333333,0.5,0.50000310345551,0.5,0.5,1727072534088
83,0.0,0.98002620660053,0.0,0.83333333333333,0.5,0.50000204508765,0.5,0.5,1727072534160
83,0.0,0.98002620660053,0.0,0.83333333333333,0.5,0.50000204508765,0.5,0.5,1727072534392
83,0.0,0.98002620660053,0.0,0.83333333333333,0.5,0.50000204508765,0.5,0.5,1727072538945
83,0.0,0.98389281357233,0.0,0.83333333333333,0.5,0.49999977396231,0.5,0.5,1727072539136
83,0.0,0.98775559954865,0.0,0.83333333333333,0.5,0.49999921899205,0.5,0.5,1727072539232
83,0.0,0.99442675428524,0.0,0.83333333333333,0.5,0.50000177877616,0.5,0.5,1727072539240
83,0.0,1.0,0.0,0.83333333333333,0.5,0.5,0.5,0.5,1727072539257
83,0.0,1.0,0.0,0.83333333333333,0.5,0.5,0.5,0.5,1727072539273
83,0.0,1.0,0.0,0.83333333333333,0.5,0.5,0.5,0.5,1727072539290
83,0.0,1.0,0.0,0.83333333333333,0.5,0.5,0.5,0.5,1727072539307
83,0.0,1.0,0.0,0.83333333333333,0.5,0.5,0.5,0.5,1727072539323
83,0.0,1.0,0.0,0.83333333333333,0.5,0.5,0.5,0.5,1727072539720
83,0.0,1.0,0.0,0.83333333333333,0.5,0.5,0.5,0.5,1727072541353
83,0.0,1.0,0.0,0.82667805604555,0.5,0.5,0.5,0.50000058015322,1727072541368
83,0.0,1.0,0.0,0.82284971488928,0.5,0.5,0.5,0.50000182999063,1727072541416
83,0.0,1.0,0.0,0.8123572648222,0.5,0.5,0.5,0.50000177417679,1727072541424
83,0.0,1.0,0.0,0.7980403915798,0.5,0.5,0.5,0.50000506189548,1727072541440
83,0.0,1.0,0.0,0.74187035078982,0.5,0.5,0.5,0.50000489830551,1727072541456
83,0.0,1.0,0.0,0.6999087674671,0.5,0.5,0.5,0.5000006240245,1727072541473
83,0.0,1.0,0.0,0.6542058331865,0.5,0.5,0.5,0.50000355671321,1727072541490
83,0.0,1.0,0.0,0.60554800046902,0.5,0.5,0.5,0.50000614702892,1727072541506
83,0.0,1.0,0.0,0.58455130592822,0.5,0.5,0.5,0.49999832185214,1727072541523
83,0.0,1.0,0.0,0.57404363937481,0.5,0.5,0.5,0.49999831768442,1727072541540
83,0.0,1.0,0.0,0.57022997696595,0.5,0.5,0.5,0.4999994674682,1727072541556
83,0.0,1.0,0.0,0.56357686086281,0.5,0.5,0.5,0.50000517060489,1727072541576
83,0.0,1.0,0.0,0.55975664676135,0.5,0.5,0.5,0.50000190681355,1727072541590
83,0.0,1.0,0.0,0.55593894329679,0.5,0.5,0.5,0.50000032956249,1727072541696
83,0.0,1.0,0.0,0.55212290231856,0.5,0.5,0.5,0.49999987998779,1727072541706
83,0.0,1.0,0.0,0.54546955865642,0.5,0.5,0.5,0.50000555867622,1727072541723
83,0.0,1.0,0.0,0.54164964504131,0.5,0.5,0.5,0.50000243137271,1727072541740
83,0.0,1.0,0.0,0.53499463144449,0.5,0.5,0.5,0.49999622947334,1727072541760
83,0.0,1.0,0.0,0.53117199746405,0.5,0.5,0.5,0.50000195265312,1727072541773
83,0.0,1.0,0.0,0.5206781768933,0.5,0.5,0.5,0.5000008969568,1727072541790
83,0.0,1.0,0.0,0.52734396514123,0.5,0.5,0.5,0.50000390340926,1727072542336
83,0.0,1.0,0.0,0.53401586036408,0.5,0.5,0.5,0.50000033455193,1727072542376
83,0.0,1.0,0.0,0.54068961311542,0.5,0.5,0.5,0.4999981211351,1727072542561
83,0.0,1.0,0.0,0.54735796609593,0.5,0.5,0.5,0.50000284870947,1727072542648
83,0.0,1.0,0.0,0.55403217918086,0.5,0.5,0.5,0.50000096680959,1727072542664
83,0.0,1.0,0.0,0.55403217918086,0.5,0.5,0.5,0.50000096680959,1727072543800
84,1.0,0.66666666666667,0.5,0.0,0.5,0.5,0.5,0.5,1727072550753
84,1.0,0.66666666666667,0.50266840085036,0.0,0.5,0.5,0.49999985829048,0.5,1727072551297
84,1.0,0.66666666666667,0.50989875069302,0.0,0.5,0.5,0.4999851725058,0.5,1727072551384
84,1.0,0.66666666666667,0.51977117144414,0.0,0.5,0.5,0.49998450776684,0.5,1727072551423
84,1.0,0.66666666666667,0.52964267385288,0.0,0.5,0.5,0.49999004052543,0.5,1727072551439
84,1.0,0.66666666666667,0.52242209032785,0.0,0.5,0.5,0.49999366085702,0.5,1727072554681
84,1.0,0.66666666666667,0.5151948602625,0.0,0.5,0.5,0.49998679295974,0.5,1727072554793
84,1.0,0.66666666666667,0.52243061875452,0.0,0.5,0.5,0.49999133465428,0.5,1727072556449
84,1.0,0.66666666666667,0.52243061875452,0.0,0.5,0.5,0.49999133465428,0.5,1727072556760
84,1.0,0.66666666666667,0.52243061875452,0.0,0.5,0.5,0.49999133465428,0.5,1727072558849
84,0.99617446945501,0.66666666666667,0.52243061875452,0.0,0.50000231768257,0.5,0.49999133465428,0.5,1727072558913
84,0.98185702138456,0.66666666666667,0.52243061875452,0.0,0.4999979783396,0.5,0.49999133465428,0.5,1727072558922
84,0.95036723206261,0.66666666666667,0.52243061875452,0.0,0.50000614813897,0.5,0.49999133465428,0.5,1727072558939
84,0.90462303369611,0.66666666666667,0.52243061875452,0.0,0.50000365240816,0.5,0.49999133465428,0.5,1727072558955
84,0.85217048149978,0.66666666666667,0.52243061875452,0.0,0.50000062564164,0.5,0.49999133465428,0.5,1727072558972
84,0.78633079521159,0.66666666666667,0.52243061875452,0.0,0.5000041061312,0.5,0.49999133465428,0.5,1727072558989
84,0.69579350617623,0.66666666666667,0.52243061875452,0.0,0.50000518267742,0.5,0.49999133465428,0.5,1727072559006
84,0.58511029694715,0.66666666666667,0.52243061875452,0.0,0.50000171954802,0.5,0.49999133465428,0.5,1727072559022
84,0.4849282051014,0.66666666666667,0.52243061875452,0.0,0.50000384705555,0.5,0.49999133465428,0.5,1727072559039
84,0.38473548498704,0.66666666666667,0.52243061875452,0.0,0.49999741457638,0.5,0.49999133465428,0.5,1727072559055
84,0.23970928429878,0.66666666666667,0.52243061875452,0.0,0.50000179230878,0.5,0.49999133465428,0.5,1727072559072
84,0.15671440340831,0.66666666666667,0.52243061875452,0.0,0.50000909732592,0.5,0.49999133465428,0.5,1727072559089
84,0.08725983875457,0.66666666666667,0.52243061875452,0.0,0.49999722143505,0.5,0.49999133465428,0.5,1727072559105
84,0.03576480720786,0.66666666666667,0.52243061875452,0.0,0.49999146555681,0.5,0.49999133465428,0.5,1727072559122
84,0.0,0.66666666666667,0.52243061875452,0.0,0.5,0.5,0.49999133465428,0.5,1727072559139
84,0.0,0.66666666666667,0.52243061875452,0.0,0.5,0.5,0.49999133465428,0.5,1727072559156
84,0.0,0.66666666666667,0.52243061875452,0.0,0.5,0.5,0.49999133465428,0.5,1727072559172
84,0.0,0.66666666666667,0.52243061875452,0.0,0.5,0.5,0.49999133465428,0.5,1727072559189
84,0.0,0.66666666666667,0.52243061875452,0.0,0.5,0.5,0.49999133465428,0.5,1727072559206
84,0.0,0.66666666666667,0.52243061875452,0.0,0.5,0.5,0.49999133465428,0.5,1727072559222
84,0.0,0.66666666666667,0.52243061875452,0.0,0.5,0.5,0.49999133465428,0.5,1727072559239
84,0.0,0.66666666666667,0.52243061875452,0.0,0.5,0.5,0.49999133465428,0.5,1727072559272
84,0.0,0.66666666666667,0.52243061875452,0.0,0.5,0.5,0.49999133465428,0.5,1727072560290
84,0.0,0.66666666666667,0.52243061875452,0.00668592573252,0.5,0.5,0.49999133465428,0.49998629230105,1727072560368
84,0.0,0.66666666666667,0.52243061875452,0.01337518124321,0.5,0.5,0.49999133465428,0.49998025119228,1727072560376
84,0.0,0.66666666666667,0.52243061875452,0.02006785374626,0.5,0.5,0.49999133465428,0.49998148534891,1727072560389
84,0.0,0.66666666666667,0.52243061875452,0.04710891612724,0.5,0.5,0.49999133465428,0.50000227097386,1727072560405
84,0.0,0.66666666666667,0.52243061875452,0.08450585451596,0.5,0.5,0.49999133465428,0.49999697096903,1727072560422
84,0.0,0.66666666666667,0.52243061875452,0.13551483436745,0.5,0.5,0.49999133465428,0.4999882121908,1727072560439
84,0.0,0.66666666666667,0.52243061875452,0.20366304116441,0.5,0.5,0.49999133465428,0.50000182620802,1727072560455
84,0.0,0.66666666666667,0.52243061875452,0.29918032114249,0.5,0.5,0.49999133465428,0.49999568895182,1727072560472
84,0.0,0.66666666666667,0.52243061875452,0.36720273018745,0.5,0.5,0.49999133465428,0.50000243879363,1727072560489
84,0.0,0.66666666666667,0.52243061875452,0.41797929583122,0.5,0.5,0.49999133465428,0.4999956094038,1727072560505
84,0.0,0.66666666666667,0.52243061875452,0.45525221270236,0.5,0.5,0.49999133465428,0.5000047364867,1727072560522
84,0.0,0.66666666666667,0.52243061875452,0.48880947666604,0.5,0.5,0.49999133465428,0.4999955912483,1727072560539
84,0.0,0.66666666666667,0.52243061875452,0.50216876788898,0.5,0.5,0.49999133465428,0.49999966071536,1727072560556
84,0.0,0.66666666666667,0.52243061875452,0.51268917519028,0.5,0.5,0.49999133465428,0.49999773559118,1727072560572
84,0.0,0.66666666666667,0.52243061875452,0.54322714846878,0.5,0.5,0.49999133465428,0.49999748340405,1727072560589
84,0.0,0.66666666666667,0.52243061875452,0.57001748651282,0.5,0.5,0.49999133465428,0.50000141318483,1727072560605
84,0.0,0.66666666666667,0.52243061875452,0.59679875900925,0.5,0.5,0.49999133465428,0.4999991920226,1727072560622
84,0.0,0.66666666666667,0.52243061875452,0.62358901783612,0.5,0.5,0.49999133465428,0.50000277841943,1727072560639
84,0.0,0.66666666666667,0.52243061875452,0.63694487200005,0.5,0.5,0.49999133465428,0.4999944216165,1727072560655
84,0.0,0.66666666666667,0.52243061875452,0.65700600430042,0.5,0.5,0.49999133465428,0.50000364974501,1727072560672
84,0.0,0.66666666666667,0.52243061875452,0.67035222874455,0.5,0.5,0.49999133465428,0.49999903110491,1727072560689
84,0.0,0.66666666666667,0.52243061875452,0.67702675296518,0.5,0.5,0.49999133465428,0.49999761141214,1727072560706
84,0.0,0.66666666666667,0.52243061875452,0.68754391178714,0.5,0.5,0.49999133465428,0.50000320505165,1727072560728
84,0.0,0.66666666666667,0.52243061875452,0.69421304868803,0.5,0.5,0.49999133465428,0.49999863604431,1727072560739
84,0.0,0.66666666666667,0.52243061875452,0.70471893870588,0.5,0.5,0.49999133465428,0.49999761027014,1727072560755
84,0.0,0.66666666666667,0.52243061875452,0.71807165448852,0.5,0.5,0.49999133465428,0.49999699947042,1727072560772
84,0.0,0.66666666666667,0.52243061875452,0.72474633775892,0.5,0.5,0.49999133465428,0.49999575315111,1727072560789
84,0.0,0.66666666666667,0.52243061875452,0.73141432389517,0.5,0.5,0.49999133465428,0.49999940411931,1727072560805
84,0.0,0.66666666666667,0.52243061875452,0.73808283379113,0.5,0.5,0.49999133465428,0.49999471375916,1727072560921
84,0.0,0.66666666666667,0.52243061875452,0.74475015676743,0.5,0.5,0.49999133465428,0.49999795519854,1727072560929
84,0.0,0.66666666666667,0.52243061875452,0.75142303386829,0.5,0.5,0.49999133465428,0.49999574132593,1727072561873
84,0.0,0.66666666666667,0.52243061875452,0.76193242069441,0.5,0.5,0.49999133465428,0.49999670877707,1727072562000
84,0.0,0.66666666666667,0.52243061875452,0.76860206272045,0.5,0.5,0.49999133465428,0.50000111646841,1727072562121
84,0.0,0.66666666666667,0.52243061875452,0.77527036516685,0.5,0.5,0.49999133465428,0.49999647354565,1727072562139
84,0.0,0.66666666666667,0.52243061875452,0.76861917092222,0.5,0.5,0.49999133465428,0.50000204934202,1727072563792
84,0.0,0.66666666666667,0.52243061875452,0.76195836807295,0.5,0.5,0.49999133465428,0.49999408184249,1727072564257
84,0.0,0.66666666666667,0.52243061875452,0.76195836807295,0.5,0.5,0.49999133465428,0.49999408184249,1727072564264
84,0.0,0.66666666666667,0.52243061875452,0.76195836807295,0.5,0.5,0.49999133465428,0.49999408184249,1727072565673
84,0.0,0.66001862197061,0.52243061875452,0.76195836807295,0.5,0.49999803867042,0.49999133465428,0.49999408184249,1727072565729
84,0.0,0.64284575980717,0.52243061875452,0.76195836807295,0.5,0.50000024331758,0.49999133465428,0.49999408184249,1727072565738
84,0.0,0.61903235205501,0.52243061875452,0.76195836807295,0.5,0.49999899582966,0.49999133465428,0.49999408184249,1727072565755
84,0.0,0.58594292001714,0.52243061875452,0.76195836807295,0.5,0.49999705950505,0.49999133465428,0.49999408184249,1727072565772
84,0.0,0.54229998695157,0.52243061875452,0.76195836807295,0.5,0.4999946563287,0.49999133465428,0.49999408184249,1727072565789
84,0.0,0.50524573400412,0.52243061875452,0.76195836807295,0.5,0.50000030648449,0.49999133465428,0.49999408184249,1727072565805
84,0.0,0.45764913451659,0.52243061875452,0.76195836807295,0.5,0.49999767776362,0.49999133465428,0.49999408184249,1727072565822
84,0.0,0.43776275085693,0.52243061875452,0.76195836807295,0.5,0.49999286176875,0.49999133465428,0.49999408184249,1727072565839
84,0.0,0.42059057803233,0.52243061875452,0.76195836807295,0.5,0.49999509779103,0.49999133465428,0.49999408184249,1727072565855
84,0.0,0.41394316144337,0.52243061875452,0.76195836807295,0.5,0.4999960972709,0.49999133465428,0.49999408184249,1727072565872
84,0.0,0.42062243221126,0.52243061875452,0.76195836807295,0.5,0.49999420607445,0.49999133465428,0.49999408184249,1727072566721
84,0.0,0.42728620097713,0.52243061875452,0.76195836807295,0.5,0.49999244756089,0.49999133465428,0.49999408184249,1727072566744
84,0.0,0.43396026118181,0.52243061875452,0.76195836807295,0.5,0.49999482896164,0.49999133465428,0.49999408184249,1727072566755
84,0.0,0.43784109149818,0.52243061875452,0.76195836807295,0.5,0.49999172635934,0.49999133465428,0.49999408184249,1727072566772
84,0.0,0.44450978385305,0.52243061875452,0.76195836807295,0.5,0.49999833965075,0.49999133465428,0.49999408184249,1727072566789
84,0.0,0.45118239778183,0.52243061875452,0.76195836807295,0.5,0.50000174366775,0.49999133465428,0.49999408184249,1727072566805
84,0.0,0.47222007251371,0.52243061875452,0.76195836807295,0.5,0.4999964213526,0.49999133465428,0.49999408184249,1727072566822
84,0.0,0.47889331811901,0.52243061875452,0.76195836807295,0.5,0.49999923572174,0.49999133465428,0.49999408184249,1727072566838
84,0.0,0.49225120525646,0.52243061875452,0.76195836807295,0.5,0.49999624792084,0.49999133465428,0.49999408184249,1727072566855
84,0.0,0.49612932155636,0.52243061875452,0.76195836807295,0.5,0.49999538573025,0.49999133465428,0.49999408184249,1727072567425
84,0.0,0.48948057379074,0.52243061875452,0.76195836807295,0.5,0.49999727816731,0.49999133465428,0.49999408184249,1727072567529
84,0.0,0.48283114775506,0.52243061875452,0.76195836807295,0.5,0.49999971522591,0.49999133465428,0.49999408184249,1727072567552
84,0.0,0.47617670886739,0.52243061875452,0.76195836807295,0.5,0.49999432247756,0.49999133465428,0.49999408184249,1727072567641
84,0.0,0.46952877569248,0.52243061875452,0.76195836807295,0.5,0.4999956334032,0.49999133465428,0.49999408184249,1727072567664
84,0.0,0.46287486649802,0.52243061875452,0.76195836807295,0.5,0.50000159053429,0.49999133465428,0.49999408184249,1727072567705
84,0.0,0.46954249907405,0.52243061875452,0.76195836807295,0.5,0.49999690635651,0.49999133465428,0.49999408184249,1727072568872
84,0.0,0.46954249907405,0.52243061875452,0.76195836807295,0.5,0.49999690635651,0.49999133465428,0.49999408184249,1727072569320
85,0.0,0.33333333333333,1.0,0.5,0.5,0.5,0.5,0.5,1727072576193
85,0.0,0.33333333333333,0.9927726286058,0.5,0.5,0.5,0.49999464637846,0.5,1727072576304
85,0.0,0.33333333333333,0.98555399315985,0.5,0.5,0.5,0.49998866336776,0.5,1727072576321
85,0.0,0.33333333333333,0.97110356281545,0.5,0.5,0.5,0.49999785651376,0.5,1727072576337
85,0.0,0.33333333333333,0.95665644061441,0.5,0.5,0.5,0.49999288407975,0.5,1727072576354
85,0.0,0.33333333333333,0.94221659144836,0.5,0.5,0.5,0.49999180933819,0.5,1727072576371
85,0.0,0.33333333333333,0.92055708948365,0.5,0.5,0.5,0.49998892919609,0.5,1727072576387
85,0.0,0.33333333333333,0.91599644089076,0.5,0.5,0.5,0.49999363873279,0.5,1727072576404
85,0.0,0.33333333333333,0.90877492624864,0.5,0.5,0.5,0.50000029079705,0.5,1727072576421
85,0.0,0.33333333333333,0.90421814890193,0.5,0.5,0.5,0.49998749403553,0.5,1727072576437
85,0.0,0.33333333333333,0.89966479002894,0.5,0.5,0.5,0.49999635553679,0.5,1727072576487
85,0.0,0.33333333333333,0.89243814503385,0.5,0.5,0.5,0.49998908527358,0.5,1727072576504
85,0.0,0.33333333333333,0.88521442226379,0.5,0.5,0.5,0.50000605299633,0.5,1727072576521
85,0.0,0.33333333333333,0.88786873485417,0.5,0.5,0.5,0.49999656615812,0.5,1727072576704
85,0.0,0.33333333333333,0.87342092856963,0.5,0.5,0.5,0.49999440392286,0.5,1727072576721
85,0.0,0.33333333333333,0.87607315849055,0.5,0.5,0.5,0.49999455003459,0.5,1727072576776
85,0.0,0.33333333333333,0.86885334957272,0.5,0.5,0.5,0.49999344572604,0.5,1727072576787
85,0.0,0.33333333333333,0.86162680921051,0.5,0.5,0.5,0.49998546117116,0.5,1727072576837
85,0.0,0.33333333333333,0.8543960453048,0.5,0.5,0.5,0.49999743900673,0.5,1727072576856
85,0.0,0.33333333333333,0.84717696932916,0.5,0.5,0.5,0.49999282658865,0.5,1727072576871
85,0.0,0.33333333333333,0.83994948771926,0.5,0.5,0.5,0.49998921045267,0.5,1727072578496
85,0.0,0.33333333333333,0.83272975069768,0.5,0.5,0.5,0.4999876852764,0.5,1727072578537
85,0.0,0.33333333333333,0.83272975069768,0.5,0.5,0.5,0.4999876852764,0.5,1727072579137
85,0.0,0.33333333333333,0.83272975069768,0.5,0.5,0.5,0.4999876852764,0.5,1727072580977
85,0.00393808384056,0.33333333333333,0.83272975069768,0.5,0.49999917997398,0.5,0.4999876852764,0.5,1727072581096
85,0.02110858720467,0.33333333333333,0.83272975069768,0.5,0.50000181986955,0.5,0.4999876852764,0.5,1727072581120
85,0.04132296851566,0.33333333333333,0.83272975069768,0.5,0.49999979483893,0.5,0.4999876852764,0.5,1727072581128
85,0.05581952305831,0.33333333333333,0.83272975069768,0.5,0.50000746073375,0.5,0.4999876852764,0.5,1727072581137
85,0.10348456048891,0.33333333333333,0.83272975069768,0.5,0.5000119120076,0.5,0.4999876852764,0.5,1727072581154
85,0.17166424423476,0.33333333333333,0.83272975069768,0.5,0.50000353781332,0.5,0.4999876852764,0.5,1727072581171
85,0.22258181256782,0.33333333333333,0.83272975069768,0.5,0.49999673014203,0.5,0.4999876852764,0.5,1727072581187
85,0.27345627463466,0.33333333333333,0.83272975069768,0.5,0.50001065965857,0.5,0.4999876852764,0.5,1727072581204
85,0.31750528115727,0.33333333333333,0.83272975069768,0.5,0.49999765757625,0.5,0.4999876852764,0.5,1727072581220
85,0.36154339307947,0.33333333333333,0.83272975069768,0.5,0.50000444595988,0.5,0.4999876852764,0.5,1727072581237
85,0.38163613288778,0.33333333333333,0.83272975069768,0.5,0.50000468170638,0.5,0.4999876852764,0.5,1727072581254
85,0.39500331859184,0.33333333333333,0.83272975069768,0.5,0.50000283662732,0.5,0.4999876852764,0.5,1727072581270
85,0.40167361460122,0.33333333333333,0.83272975069768,0.5,0.49999720096107,0.5,0.4999876852764,0.5,1727072581673
85,0.40835132801592,0.33333333333333,0.83272975069768,0.5,0.50001077485136,0.5,0.4999876852764,0.5,1727072581688
85,0.41502208620084,0.33333333333333,0.83272975069768,0.5,0.50000555586284,0.5,0.4999876852764,0.5,1727072581704
85,0.42839221066716,0.33333333333333,0.83272975069768,0.5,0.5000061726695,0.5,0.4999876852764,0.5,1727072581721
85,0.43889851601303,0.33333333333333,0.83272975069768,0.5,0.50000496854234,0.5,0.4999876852764,0.5,1727072581737
85,0.44557405548667,0.33333333333333,0.83272975069768,0.5,0.50000382418386,0.5,0.4999876852764,0.5,1727072581787
85,0.45225063755008,0.33333333333333,0.83272975069768,0.5,0.50000352010061,0.5,0.4999876852764,0.5,1727072581837
85,0.45891756335095,0.33333333333333,0.83272975069768,0.5,0.50000767674418,0.5,0.4999876852764,0.5,1727072581920
85,0.46558596051992,0.33333333333333,0.83272975069768,0.5,0.50000103636991,0.5,0.4999876852764,0.5,1727072581954
85,0.47226400429692,0.33333333333333,0.83272975069768,0.5,0.50000188225569,0.5,0.4999876852764,0.5,1727072581971
85,0.47893144328626,0.33333333333333,0.83272975069768,0.5,0.49999469172105,0.5,0.4999876852764,0.5,1727072581987
85,0.48560546568993,0.33333333333333,0.83272975069768,0.5,0.50000409647454,0.5,0.4999876852764,0.5,1727072582056
85,0.49227846371928,0.33333333333333,0.83272975069768,0.5,0.50000114431498,0.5,0.4999876852764,0.5,1727072582272
85,0.49895035216667,0.33333333333333,0.83272975069768,0.5,0.49999742795018,0.5,0.4999876852764,0.5,1727072582352
85,0.50562180339133,0.33333333333333,0.83272975069768,0.5,0.50000468336356,0.5,0.4999876852764,0.5,1727072582424
85,0.51229282874934,0.33333333333333,0.83272975069768,0.5,0.50000037685487,0.5,0.4999876852764,0.5,1727072582437
85,0.5161648336657,0.33333333333333,0.83272975069768,0.5,0.49999683586035,0.5,0.4999876852764,0.5,1727072582454
85,0.52283408111826,0.33333333333333,0.83272975069768,0.5,0.50000236265201,0.5,0.4999876852764,0.5,1727072582470
85,0.52950837512676,0.33333333333333,0.83272975069768,0.5,0.50000048294262,0.5,0.4999876852764,0.5,1727072582761
85,0.53618580557076,0.33333333333333,0.83272975069768,0.5,0.50000083464222,0.5,0.4999876852764,0.5,1727072583017
85,0.54285456250573,0.33333333333333,0.83272975069768,0.5,0.50000584713642,0.5,0.4999876852764,0.5,1727072583054
85,0.54285456250573,0.33333333333333,0.83272975069768,0.5,0.50000584713642,0.5,0.4999876852764,0.5,1727072583056
85,0.54285456250573,0.33333333333333,0.83272975069768,0.5,0.50000584713642,0.5,0.4999876852764,0.5,1727072584665
85,0.53620379969791,0.33333333333333,0.83272975069768,0.5,0.50000266455286,0.5,0.4999876852764,0.5,1727072584777
85,0.52954689709778,0.33333333333333,0.83272975069768,0.5,0.50000596597748,0.5,0.4999876852764,0.5,1727072584820
85,0.5257288868105,0.33333333333333,0.83272975069768,0.5,0.50000412921946,0.5,0.4999876852764,0.5,1727072584837
85,0.52191021533873,0.33333333333333,0.83272975069768,0.5,0.50000180204788,0.5,0.4999876852764,0.5,1727072584887
85,0.5114090080804,0.33333333333333,0.83272975069768,0.5,0.50000652265103,0.5,0.4999876852764,0.5,1727072584904
85,0.50475882464386,0.33333333333333,0.83272975069768,0.5,0.50000363663504,0.5,0.4999876852764,0.5,1727072584992
85,0.50475882464386,0.33333333333333,0.83272975069768,0.5,0.50000363663504,0.5,0.4999876852764,0.5,1727072585216
85,0.50475882464386,0.33333333333333,0.83272975069768,0.5,0.50000363663504,0.5,0.4999876852764,0.5,1727072586338
85,0.50475882464386,0.34000948298714,0.83272975069768,0.5,0.50000363663504,0.49999113873421,0.4999876852764,0.5,1727072586384
85,0.50475882464386,0.35718188581297,0.83272975069768,0.5,0.50000363663504,0.50000247848775,0.4999876852764,0.5,1727072586420
85,0.50475882464386,0.41646059223679,0.83272975069768,0.5,0.50000363663504,0.50000078276372,0.4999876852764,0.5,1727072586437
85,0.50475882464386,0.52999098575121,0.83272975069768,0.5,0.50000363663504,0.49999549717565,0.4999876852764,0.5,1727072586454
85,0.50475882464386,0.66362667807685,0.83272975069768,0.5,0.50000363663504,0.49999318496388,0.4999876852764,0.5,1727072586470
85,0.50475882464386,0.78982513341892,0.83272975069768,0.5,0.50000363663504,0.50000298818391,0.4999876852764,0.5,1727072586487
85,0.50475882464386,0.90190339554633,0.83272975069768,0.5,0.50000363663504,0.50000205653547,0.4999876852764,0.5,1727072586504
85,0.50475882464386,0.99999714948404,0.83272975069768,0.5,0.50000363663504,0.5000012572608,0.4999876852764,0.5,1727072586521
85,0.50475882464386,0.99999714948404,0.83272975069768,0.5,0.50000363663504,0.5000012572608,0.4999876852764,0.5,1727072586537
85,0.50475882464386,0.99999714948404,0.83272975069768,0.5,0.50000363663504,0.5000012572608,0.4999876852764,0.5,1727072586554
85,0.50475882464386,0.99999714948404,0.83272975069768,0.5,0.50000363663504,0.5000012572608,0.4999876852764,0.5,1727072586570
85,0.50475882464386,0.99999714948404,0.83272975069768,0.5,0.50000363663504,0.5000012572608,0.4999876852764,0.5,1727072586587
85,0.50475882464386,0.99999714948404,0.83272975069768,0.5,0.50000363663504,0.5000012572608,0.4999876852764,0.5,1727072586603
85,0.50475882464386,0.99999714948404,0.83272975069768,0.5,0.50000363663504,0.5000012572608,0.4999876852764,0.5,1727072586620
85,0.50475882464386,0.99999714948404,0.83272975069768,0.5,0.50000363663504,0.5000012572608,0.4999876852764,0.5,1727072586640
85,0.50475882464386,0.99999714948404,0.83272975069768,0.5,0.50000363663504,0.5000012572608,0.4999876852764,0.5,1727072586664
85,0.50475882464386,0.99999714948404,0.83272975069768,0.5,0.50000363663504,0.5000012572608,0.4999876852764,0.5,1727072586680
85,0.50475882464386,0.99999714948404,0.83272975069768,0.5,0.50000363663504,0.5000012572608,0.4999876852764,0.5,1727072586688
85,0.50475882464386,0.99999714948404,0.83272975069768,0.5,0.50000363663504,0.5000012572608,0.4999876852764,0.5,1727072586704
85,0.50475882464386,0.99334550146768,0.83272975069768,0.5,0.50000363663504,0.49999687833128,0.4999876852764,0.5,1727072587505
85,0.50475882464386,0.98668502218477,0.83272975069768,0.5,0.50000363663504,0.50000324796916,0.4999876852764,0.5,1727072587521
85,0.50475882464386,0.98003175706515,0.83272975069768,0.5,0.50000363663504,0.49999955722966,0.4999876852764,0.5,1727072587537
85,0.50475882464386,0.96010349882868,0.83272975069768,0.5,0.50000363663504,0.50000191057005,0.4999876852764,0.5,1727072587554
85,0.50475882464386,0.92964426919072,0.83272975069768,0.5,0.50000363663504,0.50000088082936,0.4999876852764,0.5,1727072587570
85,0.50475882464386,0.90309033427815,0.83272975069768,0.5,0.50000363663504,0.50000094355189,0.4999876852764,0.5,1727072587587
85,0.50475882464386,0.889799776318,0.83272975069768,0.5,0.50000363663504,0.50000010819652,0.4999876852764,0.5,1727072587603
85,0.50475882464386,0.87262768230638,0.83272975069768,0.5,0.50000363663504,0.50000151600694,0.4999876852764,0.5,1727072587620
85,0.50475882464386,0.84216819355283,0.83272975069768,0.5,0.50000363663504,0.50000052358918,0.4999876852764,0.5,1727072587637
85,0.50475882464386,0.82887590010367,0.83272975069768,0.5,0.50000363663504,0.50000052276153,0.4999876852764,0.5,1727072587653
85,0.50475882464386,0.80895218394467,0.83272975069768,0.5,0.50000363663504,0.50000086540657,0.4999876852764,0.5,1727072587670
85,0.50475882464386,0.80229779816995,0.83272975069768,0.5,0.50000363663504,0.4999971233843,0.4999876852764,0.5,1727072587687
85,0.50475882464386,0.80897048413481,0.83272975069768,0.5,0.50000363663504,0.49999934746381,0.4999876852764,0.5,1727072589185
85,0.50475882464386,0.81563905545835,0.83272975069768,0.5,0.50000363663504,0.49999571296605,0.4999876852764,0.5,1727072589232
85,0.50475882464386,0.8222996143691,0.83272975069768,0.5,0.50000363663504,0.50000415332292,0.4999876852764,0.5,1727072589280
85,0.50475882464386,0.8289701614014,0.83272975069768,0.5,0.50000363663504,0.49999952446848,0.4999876852764,0.5,1727072589400
85,0.50475882464386,0.8289701614014,0.83272975069768,0.5,0.50000363663504,0.49999952446848,0.4999876852764,0.5,1727072589696
85,0.50475882464386,0.8289701614014,0.83272975069768,0.5,0.50000363663504,0.49999952446848,0.4999876852764,0.5,1727072592649
85,0.50475882464386,0.8289701614014,0.83272975069768,0.50667556180234,0.50000363663504,0.49999952446848,0.4999876852764,0.49999900814795,1727072592680
85,0.50475882464386,0.8289701614014,0.83272975069768,0.51333870116589,0.50000363663504,0.49999952446848,0.4999876852764,0.50000017307325,1727072592720
85,0.50475882464386,0.8289701614014,0.83272975069768,0.52001607371623,0.50000363663504,0.49999952446848,0.4999876852764,0.50000049339375,1727072592744
85,0.50475882464386,0.8289701614014,0.83272975069768,0.52668297398953,0.50000363663504,0.49999952446848,0.4999876852764,0.49999337445198,1727072592768
85,0.50475882464386,0.8289701614014,0.83272975069768,0.53335175280796,0.50000363663504,0.49999952446848,0.4999876852764,0.49999852668665,1727072592776
85,0.50475882464386,0.8289701614014,0.83272975069768,0.54002413433276,0.50000363663504,0.49999952446848,0.4999876852764,0.49999536974133,1727072592800
85,0.50475882464386,0.8289701614014,0.83272975069768,0.54669302916642,0.50000363663504,0.49999952446848,0.4999876852764,0.50000049927573,1727072592836
85,0.50475882464386,0.8289701614014,0.83272975069768,0.55336478558051,0.50000363663504,0.49999952446848,0.4999876852764,0.49999694937681,1727072592853
85,0.50475882464386,0.8289701614014,0.83272975069768,0.5600396401812,0.50000363663504,0.49999952446848,0.4999876852764,0.4999955666657,1727072592870
85,0.50475882464386,0.8289701614014,0.83272975069768,0.5667088708093,0.50000363663504,0.49999952446848,0.4999876852764,0.50000079556114,1727072592944
85,0.50475882464386,0.8289701614014,0.83272975069768,0.57337991313447,0.50000363663504,0.49999952446848,0.4999876852764,0.49999685140625,1727072593193
85,0.50475882464386,0.8289701614014,0.83272975069768,0.58004980688074,0.50000363663504,0.49999952446848,0.4999876852764,0.500002426387,1727072593353
85,0.50475882464386,0.8289701614014,0.83272975069768,0.58672089713644,0.50000363663504,0.49999952446848,0.4999876852764,0.49999856370285,1727072594273
85,0.50475882464386,0.8289701614014,0.83272975069768,0.59339448932435,0.50000363663504,0.49999952446848,0.4999876852764,0.49999639765483,1727072594585
85,0.50475882464386,0.8289701614014,0.83272975069768,0.5972634989734,0.50000363663504,0.49999952446848,0.4999876852764,0.5000012757382,1727072594849
85,0.50475882464386,0.8289701614014,0.83272975069768,0.5972634989734,0.50000363663504,0.49999952446848,0.4999876852764,0.5000012757382,1727072595248
86,0.33333333333333,0.33333333333333,0.83333333333333,0.5,0.5,0.5,0.5,0.5,1727072601242
86,0.33333333333333,0.33333333333333,0.83333333333333,0.5,0.5,0.5,0.5,0.5,1727072602353
86,0.33333333333333,0.33333333333333,0.82610638132803,0.5,0.5,0.5,0.49999204299909,0.5,1727072602473
86,0.33333333333333,0.33333333333333,0.81888566588989,0.5,0.5,0.5,0.49999532030952,0.5,1727072602520
86,0.33333333333333,0.33333333333333,0.81165702806093,0.5,0.5,0.5,0.49999733939236,0.5,1727072602536
86,0.33333333333333,0.33333333333333,0.80443840135796,0.5,0.5,0.5,0.4999903036157,0.5,1727072602673
86,0.33333333333333,0.33333333333333,0.79721070194487,0.5,0.5,0.5,0.49998761383129,0.5,1727072602841
86,0.33333333333333,0.33333333333333,0.78998194211642,0.5,0.5,0.5,0.49999023695288,0.5,1727072602969
86,0.33333333333333,0.33333333333333,0.7827602909854,0.5,0.5,0.5,0.49999837034042,0.5,1727072603153
86,0.33333333333333,0.33333333333333,0.77553368621689,0.5,0.5,0.5,0.49999007966929,0.5,1727072604025
86,0.33333333333333,0.33333333333333,0.76830569289898,0.5,0.5,0.5,0.49998882639852,0.5,1727072604081
86,0.33333333333333,0.33333333333333,0.76108396573306,0.5,0.5,0.5,0.49999751866645,0.5,1727072604120
86,0.33333333333333,0.33333333333333,0.75385725735975,0.5,0.5,0.5,0.49998958440159,0.5,1727072604241
86,0.33333333333333,0.33333333333333,0.74663752237723,0.5,0.5,0.5,0.49998791944921,0.5,1727072604321
86,0.33333333333333,0.33333333333333,0.7394094775055,0.5,0.5,0.5,0.49998688720645,0.5,1727072604336
86,0.33333333333333,0.33333333333333,0.73217989134553,0.5,0.5,0.5,0.49999407396315,0.5,1727072604353
86,0.33333333333333,0.33333333333333,0.72495984897685,0.5,0.5,0.5,0.49999405958007,0.5,1727072604505
86,0.33333333333333,0.33333333333333,0.71773102449541,0.5,0.5,0.5,0.49999727728341,0.5,1727072604769
86,0.33333333333333,0.33333333333333,0.71051192207836,0.5,0.5,0.5,0.49999215183051,0.5,1727072604787
86,0.33333333333333,0.33333333333333,0.70328283073776,0.5,0.5,0.5,0.49999687272834,0.5,1727072604819
86,0.33333333333333,0.33333333333333,0.69606311206454,0.5,0.5,0.5,0.49999508391493,0.5,1727072606393
86,0.33333333333333,0.33333333333333,0.69871391779944,0.5,0.5,0.5,0.50000313253535,0.5,1727072606905
86,0.33333333333333,0.33333333333333,0.70595242198824,0.5,0.5,0.5,0.49999160740123,0.5,1727072606961
86,0.33333333333333,0.33333333333333,0.70595242198824,0.5,0.5,0.5,0.49999160740123,0.5,1727072609745
86,0.33333333333333,0.33333333333333,0.70595242198824,0.5,0.5,0.5,0.49999160740123,0.5,1727072610682
86,0.33333333333333,0.33333333333333,0.70595242198824,0.5,0.5,0.5,0.49999160740123,0.5,1727072611033
86,0.33333333333333,0.33333333333333,0.70595242198824,0.5,0.5,0.5,0.49999160740123,0.5,1727072613969
86,0.33333333333333,0.33333333333333,0.70595242198824,0.5,0.5,0.5,0.49999160740123,0.5,1727072615410
86,0.33333333333333,0.34000560899205,0.70595242198824,0.5,0.5,0.50000434277114,0.49999160740123,0.5,1727072615441
86,0.33333333333333,0.34668061703226,0.70595242198824,0.5,0.5,0.50000606367553,0.49999160740123,0.5,1727072615452
86,0.33333333333333,0.37435967129886,0.70595242198824,0.5,0.5,0.50000391294891,0.49999160740123,0.5,1727072615469
86,0.33333333333333,0.43256174206363,0.70595242198824,0.5,0.5,0.50000190665957,0.49999160740123,0.5,1727072615485
86,0.33333333333333,0.54231289928649,0.70595242198824,0.5,0.5,0.50000351363759,0.49999160740123,0.5,1727072615502
86,0.33333333333333,0.67020652842185,0.70595242198824,0.5,0.5,0.50000223357371,0.49999160740123,0.5,1727072615519
86,0.33333333333333,0.81526373083486,0.70595242198824,0.5,0.5,0.50000417356008,0.49999160740123,0.5,1727072615535
86,0.33333333333333,0.93384820335796,0.70595242198824,0.5,0.5,0.5000038220318,0.49999160740123,0.5,1727072615552
86,0.33333333333333,0.99999871795069,0.70595242198824,0.5,0.5,0.49999830360166,0.49999160740123,0.5,1727072615569
86,0.33333333333333,0.99999871795069,0.70595242198824,0.5,0.5,0.49999830360166,0.49999160740123,0.5,1727072615585
86,0.33333333333333,0.99999871795069,0.70595242198824,0.5,0.5,0.49999830360166,0.49999160740123,0.5,1727072615602
86,0.33333333333333,0.99999871795069,0.70595242198824,0.5,0.5,0.49999830360166,0.49999160740123,0.5,1727072615619
86,0.33333333333333,0.99999871795069,0.70595242198824,0.5,0.5,0.49999830360166,0.49999160740123,0.5,1727072615635
86,0.33333333333333,0.99999871795069,0.70595242198824,0.5,0.5,0.49999830360166,0.49999160740123,0.5,1727072615652
86,0.33333333333333,0.99999871795069,0.70595242198824,0.5,0.5,0.49999830360166,0.49999160740123,0.5,1727072615713
86,0.33333333333333,0.99999871795069,0.70595242198824,0.5,0.5,0.49999830360166,0.49999160740123,0.5,1727072615720
86,0.33333333333333,0.99999871795069,0.70595242198824,0.5,0.5,0.49999830360166,0.49999160740123,0.5,1727072615735
86,0.33333333333333,0.99999871795069,0.70595242198824,0.5,0.5,0.49999830360166,0.49999160740123,0.5,1727072615752
86,0.33333333333333,0.99999871795069,0.70595242198824,0.5,0.5,0.49999830360166,0.49999160740123,0.5,1727072615769
86,0.33333333333333,0.99999871795069,0.70595242198824,0.5,0.5,0.49999830360166,0.49999160740123,0.5,1727072615849
86,0.33333333333333,0.99999871795069,0.70595242198824,0.5,0.5,0.49999830360166,0.49999160740123,0.5,1727072617306
86,0.33333333333333,0.99999871795069,0.70595242198824,0.50668016739629,0.5,0.49999830360166,0.49999160740123,0.50000236385966,1727072617361
86,0.33333333333333,0.99999871795069,0.70595242198824,0.5238452493901,0.5,0.49999830360166,0.49999160740123,0.49999935561685,1727072617369
86,0.33333333333333,0.99999871795069,0.70595242198824,0.57457647979357,0.5,0.49999830360166,0.49999160740123,0.50000484684058,1727072617385
86,0.33333333333333,0.99999871795069,0.70595242198824,0.66279862390425,0.5,0.49999830360166,0.49999160740123,0.4999991688402,1727072617402
86,0.33333333333333,0.99999871795069,0.70595242198824,0.79895926555133,0.5,0.49999830360166,0.49999160740123,0.50000284841174,1727072617419
86,0.33333333333333,0.99999871795069,0.70595242198824,0.96564448492467,0.5,0.49999830360166,0.49999160740123,0.4999992430971,1727072617435
86,0.33333333333333,0.99999871795069,0.70595242198824,1.0,0.5,0.49999830360166,0.49999160740123,0.5,1727072617452
86,0.33333333333333,0.99999871795069,0.70595242198824,1.0,0.5,0.49999830360166,0.49999160740123,0.5,1727072617469
86,0.33333333333333,0.99999871795069,0.70595242198824,1.0,0.5,0.49999830360166,0.49999160740123,0.5,1727072617485
86,0.33333333333333,0.99999871795069,0.70595242198824,1.0,0.5,0.49999830360166,0.49999160740123,0.5,1727072617502
86,0.33333333333333,0.99999871795069,0.70595242198824,1.0,0.5,0.49999830360166,0.49999160740123,0.5,1727072617519
86,0.33333333333333,0.99999871795069,0.70595242198824,1.0,0.5,0.49999830360166,0.49999160740123,0.5,1727072617535
86,0.33333333333333,0.99999871795069,0.70595242198824,1.0,0.5,0.49999830360166,0.49999160740123,0.5,1727072617673
87,0.5,0.16666666666667,0.66666666666667,0.0,0.5,0.5,0.5,0.5,1727072622914
87,0.5,0.16666666666667,0.66666666666667,0.0,0.5,0.5,0.5,0.5,1727072623849
87,0.48950184565943,0.16666666666667,0.66666666666667,0.0,0.50000711092966,0.5,0.5,0.5,1727072623937
87,0.46851449626708,0.16666666666667,0.66666666666667,0.0,0.5000052207903,0.5,0.5,0.5,1727072623952
87,0.41316136439213,0.16666666666667,0.66666666666667,0.0,0.5000062503855,0.5,0.5,0.5,1727072623968
87,0.34733196840923,0.16666666666667,0.66666666666667,0.0,0.5000082066947,0.5,0.5,0.5,1727072623985
87,0.30916622336232,0.16666666666667,0.66666666666667,0.0,0.49999703474251,0.5,0.5,0.5,1727072624002
87,0.2538258153448,0.16666666666667,0.66666666666667,0.0,0.50001141414859,0.5,0.5,0.5,1727072624018
87,0.20149984813741,0.16666666666667,0.66666666666667,0.0,0.49999042141367,0.5,0.5,0.5,1727072624035
87,0.14339307885152,0.16666666666667,0.66666666666667,0.0,0.50001186125873,0.5,0.5,0.5,1727072624052
87,0.09854446784032,0.16666666666667,0.66666666666667,0.0,0.50000950076256,0.5,0.5,0.5,1727072624068
87,0.04705616848857,0.16666666666667,0.66666666666667,0.0,0.50001858682408,0.5,0.5,0.5,1727072624085
87,0.00612755053749,0.16666666666667,0.66666666666667,0.0,0.50000962967752,0.5,0.5,0.5,1727072624102
87,0.0,0.16666666666667,0.66666666666667,0.0,0.5,0.5,0.5,0.5,1727072624118
87,0.0,0.16666666666667,0.66666666666667,0.0,0.5,0.5,0.5,0.5,1727072624135
87,0.0,0.16666666666667,0.66666666666667,0.0,0.5,0.5,0.5,0.5,1727072624152
87,0.0,0.16666666666667,0.66666666666667,0.0,0.5,0.5,0.5,0.5,1727072624168
87,0.0,0.16666666666667,0.66666666666667,0.0,0.5,0.5,0.5,0.5,1727072624185
87,0.0,0.16666666666667,0.66666666666667,0.0,0.5,0.5,0.5,0.5,1727072624202
87,0.0,0.16666666666667,0.66666666666667,0.0,0.5,0.5,0.5,0.5,1727072624218
87,0.0,0.16666666666667,0.66666666666667,0.0,0.5,0.5,0.5,0.5,1727072624235
87,0.0,0.16666666666667,0.66666666666667,0.0,0.5,0.5,0.5,0.5,1727072624252
87,0.0,0.16666666666667,0.66666666666667,0.0,0.5,0.5,0.5,0.5,1727072624369
87,0.0,0.16666666666667,0.66666666666667,0.0,0.5,0.5,0.5,0.5,1727072625259
87,0.0,0.16666666666667,0.66666666666667,0.0,0.5,0.5,0.5,0.5,1727072625697
87,0.0,0.16666666666667,0.66666666666667,0.0,0.5,0.5,0.5,0.5,1727072627034
87,0.0,0.16666666666667,0.66666666666667,0.00668555225134,0.5,0.5,0.5,0.49998549008253,1727072627057
87,0.0,0.16666666666667,0.66666666666667,0.01337798591347,0.5,0.5,0.5,0.49998612247609,1727072627081
87,0.0,0.16666666666667,0.66666666666667,0.02006828929854,0.5,0.5,0.5,0.4999823745436,1727072627118
87,0.0,0.16666666666667,0.66666666666667,0.0267481950488,0.5,0.5,0.5,0.49998874201106,1727072627137
87,0.0,0.16666666666667,0.66666666666667,0.03727410304477,0.5,0.5,0.5,0.49999458785976,1727072627151
87,0.0,0.16666666666667,0.66666666666667,0.06788602899144,0.5,0.5,0.5,0.49998911043484,1727072627168
87,0.0,0.16666666666667,0.66666666666667,0.11568661738986,0.5,0.5,0.5,0.49999142097052,1727072627185
87,0.0,0.16666666666667,0.66666666666667,0.1530328617373,0.5,0.5,0.5,0.5000028624424,1727072627201
87,0.0,0.16666666666667,0.66666666666667,0.18676449257844,0.5,0.5,0.5,0.49999401895936,1727072627218
87,0.0,0.16666666666667,0.66666666666667,0.2173369948228,0.5,0.5,0.5,0.49999826967878,1727072627235
87,0.0,0.16666666666667,0.66666666666667,0.24119889701709,0.5,0.5,0.5,0.49999876199523,1727072627251
87,0.0,0.16666666666667,0.66666666666667,0.24786697816624,0.5,0.5,0.5,0.49998898714894,1727072627268
87,0.0,0.16666666666667,0.66666666666667,0.25454508485171,0.5,0.5,0.5,0.49999042628077,1727072627361
87,0.0,0.16666666666667,0.66666666666667,0.26122797128097,0.5,0.5,0.5,0.49999698257514,1727072627449
87,0.0,0.16666666666667,0.66666666666667,0.26789735202043,0.5,0.5,0.5,0.49998899218516,1727072627905
87,0.0,0.16666666666667,0.66666666666667,0.2745779740343,0.5,0.5,0.5,0.49999301995849,1727072627918
87,0.0,0.16666666666667,0.66666666666667,0.27846277273064,0.5,0.5,0.5,0.50000128767437,1727072627935
87,0.0,0.16666666666667,0.66666666666667,0.28513961092345,0.5,0.5,0.5,0.50000118415633,1727072627951
87,0.0,0.16666666666667,0.66666666666667,0.29181794328172,0.5,0.5,0.5,0.50000260357859,1727072627968
87,0.0,0.16666666666667,0.66666666666667,0.29570246633169,0.5,0.5,0.5,0.49999472013343,1727072627985
87,0.0,0.16666666666667,0.66666666666667,0.30237711679183,0.5,0.5,0.5,0.49999251562008,1727072628049
87,0.0,0.16666666666667,0.66666666666667,0.30237711679183,0.5,0.5,0.5,0.49999251562008,1727072629481
88,0.16666666666667,1.0,1.0,0.66666666666667,0.5,0.5,0.5,0.5,1727072631802
88,0.16666666666667,1.0,0.99277398589977,0.66666666666667,0.5,0.5,0.49998891562541,0.5,1727072631849
88,0.16666666666667,1.0,0.98555195394064,0.66666666666667,0.5,0.5,0.4999973236709,0.5,1727072631857
88,0.16666666666667,1.0,0.97110353615648,0.66666666666667,0.5,0.5,0.49999797107183,0.5,1727072631873
88,0.16666666666667,1.0,0.95402189067558,0.66666666666667,0.5,0.5,0.49998704374929,0.5,1727072631884
88,0.16666666666667,1.0,0.91525841283574,0.66666666666667,0.5,0.5,0.49999944188246,0.5,1727072631901
88,0.16666666666667,1.0,0.8620822322915,0.66666666666667,0.5,0.5,0.49999958436,0.5,1727072631918
88,0.16666666666667,1.0,0.80360261621005,0.66666666666667,0.5,0.5,0.49999435433377,0.5,1727072631934
88,0.16666666666667,1.0,0.73787929351606,0.66666666666667,0.5,0.5,0.49998370754369,0.5,1727072631951
88,0.16666666666667,1.0,0.67939553788537,0.66666666666667,0.5,0.5,0.50000015083098,0.5,1727072631968
88,0.16666666666667,1.0,0.62815230150002,0.66666666666667,0.5,0.5,0.4999940865733,0.5,1727072631985
88,0.16666666666667,1.0,0.56508907288805,0.66666666666667,0.5,0.5,0.49998343589514,0.5,1727072632001
88,0.16666666666667,1.0,0.51385288447557,0.66666666666667,0.5,0.5,0.49998316057382,0.5,1727072632018
88,0.16666666666667,1.0,0.47509925451693,0.66666666666667,0.5,0.5,0.49999085087435,0.5,1727072632035
88,0.16666666666667,1.0,0.42386302736332,0.66666666666667,0.5,0.5,0.49999140424129,0.5,1727072632051
88,0.16666666666667,1.0,0.37262803655521,0.66666666666667,0.5,0.5,0.49998162939919,0.5,1727072632068
88,0.16666666666667,1.0,0.3312227088785,0.66666666666667,0.5,0.5,0.49998597524679,0.5,1727072632085
88,0.16666666666667,1.0,0.30240905764345,0.66666666666667,0.5,0.5,0.49997566479219,0.5,1727072632101
88,0.16666666666667,1.0,0.2636715738626,0.66666666666667,0.5,0.5,0.49998826202131,0.5,1727072632118
88,0.16666666666667,1.0,0.22951068987015,0.66666666666667,0.5,0.5,0.49999593385526,0.5,1727072632135
88,0.16666666666667,1.0,0.18359710585856,0.66666666666667,0.5,0.5,0.49997621491303,0.5,1727072632151
88,0.16666666666667,1.0,0.15928341526752,0.66666666666667,0.5,0.5,0.49999174386825,0.5,1727072632168
88,0.16666666666667,1.0,0.13051054756187,0.66666666666667,0.5,0.5,0.49997923181775,0.5,1727072632185
88,0.16666666666667,1.0,0.09898766906835,0.66666666666667,0.5,0.5,0.49995718609829,0.5,1727072632201
88,0.16666666666667,1.0,0.09176650735085,0.66666666666667,0.5,0.5,0.49997355067099,0.5,1727072632218
88,0.16666666666667,1.0,0.07018063588748,0.66666666666667,0.5,0.5,0.49996250268987,0.5,1727072632235
88,0.16666666666667,1.0,0.0458610771644,0.66666666666667,0.5,0.5,0.49994175050192,0.5,1727072632251
88,0.16666666666667,1.0,0.03864620680572,0.66666666666667,0.5,0.5,0.49999518265895,0.5,1727072632268
88,0.16666666666667,1.0,0.03142773742453,0.66666666666667,0.5,0.5,0.49996583335297,0.5,1727072632284
88,0.16666666666667,1.0,0.0242133460691,0.66666666666667,0.5,0.5,0.50001354731862,0.5,1727072632301
88,0.16666666666667,1.0,0.01699586691053,0.66666666666667,0.5,0.5,0.49996364706249,0.5,1727072632321
88,0.16666666666667,1.0,0.00978564579866,0.66666666666667,0.5,0.5,0.49992972122658,0.5,1727072632337
88,0.16666666666667,1.0,0.00257218651377,0.66666666666667,0.5,0.5,0.49996112629427,0.5,1727072632353
88,0.16666666666667,1.0,0.0,0.66666666666667,0.5,0.5,0.5,0.5,1727072632368
88,0.16666666666667,1.0,0.0,0.66666666666667,0.5,0.5,0.5,0.5,1727072632393
88,0.16666666666667,1.0,0.0,0.66666666666667,0.5,0.5,0.5,0.5,1727072632409
88,0.16666666666667,1.0,0.0,0.66666666666667,0.5,0.5,0.5,0.5,1727072632451
88,0.16666666666667,1.0,0.0,0.66666666666667,0.5,0.5,0.5,0.5,1727072632468
88,0.16666666666667,1.0,0.0,0.66666666666667,0.5,0.5,0.5,0.5,1727072632485
88,0.16666666666667,1.0,0.0,0.66666666666667,0.5,0.5,0.5,0.5,1727072632501
88,0.16666666666667,1.0,0.0,0.66666666666667,0.5,0.5,0.5,0.5,1727072632518
88,0.16666666666667,1.0,0.0,0.66666666666667,0.5,0.5,0.5,0.5,1727072632537
88,0.16666666666667,1.0,0.0,0.66666666666667,0.5,0.5,0.5,0.5,1727072632553
88,0.16666666666667,1.0,0.0,0.66666666666667,0.5,0.5,0.5,0.5,1727072632568
88,0.16666666666667,1.0,0.0,0.66666666666667,0.5,0.5,0.5,0.5,1727072632585
88,0.16666666666667,1.0,0.0,0.66666666666667,0.5,0.5,0.5,0.5,1727072632609
88,0.16666666666667,1.0,0.00273484054146,0.66666666666667,0.5,0.5,0.49998327509177,0.5,1727072632625
88,0.16666666666667,1.0,0.0,0.66666666666667,0.5,0.5,0.5,0.5,1727072632641
88,0.16666666666667,1.0,0.0,0.66666666666667,0.5,0.5,0.5,0.5,1727072632657
88,0.16666666666667,1.0,0.0,0.66666666666667,0.5,0.5,0.5,0.5,1727072632729
88,0.16666666666667,1.0,0.0,0.66666666666667,0.5,0.5,0.5,0.5,1727072632745
88,0.16666666666667,1.0,0.0,0.66666666666667,0.5,0.5,0.5,0.5,1727072632745
88,0.16666666666667,1.0,0.0,0.66666666666667,0.5,0.5,0.5,0.5,1727072634362
88,0.16666666666667,0.99616721607676,0.0,0.66666666666667,0.5,0.50000316016144,0.5,0.5,1727072634441
88,0.16666666666667,0.97516812584391,0.0,0.66666666666667,0.5,0.50000280492753,0.5,0.5,1727072634451
88,0.16666666666667,0.9131475343578,0.0,0.66666666666667,0.5,0.50000542253958,0.5,0.5,1727072634468
88,0.16666666666667,0.83783016141245,0.0,0.66666666666667,0.5,0.50000290710658,0.5,0.5,1727072634485
88,0.16666666666667,0.76644947994703,0.0,0.66666666666667,0.5,0.50000097747348,0.5,0.5,1727072634501
88,0.16666666666667,0.70830745610608,0.0,0.66666666666667,0.5,0.50000308622789,0.5,0.5,1727072634518
88,0.16666666666667,0.660695096303,0.0,0.66666666666667,0.5,0.50000141637587,0.5,0.5,1727072634535
88,0.16666666666667,0.62362745372551,0.0,0.66666666666667,0.5,0.50000532866617,0.5,0.5,1727072634551
88,0.16666666666667,0.59318040094217,0.0,0.66666666666667,0.5,0.50000610887189,0.5,0.5,1727072634568
88,0.16666666666667,0.56936532985842,0.0,0.66666666666667,0.5,0.50000607546044,0.5,0.5,1727072634585
88,0.16666666666667,0.52572190820886,0.0,0.66666666666667,0.5,0.50000447541607,0.5,0.5,1727072634601
88,0.16666666666667,0.50855256517081,0.0,0.66666666666667,0.5,0.50000465831346,0.5,0.5,1727072634618
88,0.16666666666667,0.49804718566424,0.0,0.66666666666667,0.5,0.50000301913918,0.5,0.5,1727072634635
88,0.16666666666667,0.49423306428157,0.0,0.66666666666667,0.5,0.50000209880603,0.5,0.5,1727072634651
88,0.16666666666667,0.48757954968967,0.0,0.66666666666667,0.5,0.50000761979456,0.5,0.5,1727072634701
88,0.16666666666667,0.47041968941809,0.0,0.66666666666667,0.5,0.50000063014053,0.5,0.5,1727072634718
88,0.16666666666667,0.44941880917433,0.0,0.66666666666667,0.5,0.50000134292893,0.5,0.5,1727072634735
88,0.16666666666667,0.42560279872349,0.0,0.66666666666667,0.5,0.50000190098575,0.5,0.5,1727072634751
88,0.16666666666667,0.40179230812368,0.0,0.66666666666667,0.5,0.49999783074956,0.5,0.5,1727072634768
88,0.16666666666667,0.38462102619103,0.0,0.66666666666667,0.5,0.49999955400785,0.5,0.5,1727072634785
88,0.16666666666667,0.36745301817139,0.0,0.66666666666667,0.5,0.49999844980477,0.5,0.5,1727072634801
88,0.16666666666667,0.34363933047499,0.0,0.66666666666667,0.5,0.50001109978926,0.5,0.5,1727072634818
88,0.16666666666667,0.32647767674452,0.0,0.66666666666667,0.5,0.50000418370412,0.5,0.5,1727072634835
88,0.16666666666667,0.30266456247034,0.0,0.66666666666667,0.5,0.50000209911234,0.5,0.5,1727072634851
88,0.16666666666667,0.28939424091938,0.0,0.66666666666667,0.5,0.50001112821563,0.5,0.5,1727072634868
88,0.16666666666667,0.27889677523821,0.0,0.66666666666667,0.5,0.50000068867996,0.5,0.5,1727072634884
88,0.16666666666667,0.27225070544289,0.0,0.66666666666667,0.5,0.50000060871327,0.5,0.5,1727072634901
88,0.16666666666667,0.26560160839257,0.0,0.66666666666667,0.5,0.50000376371315,0.5,0.5,1727072634918
88,0.16666666666667,0.25233960515213,0.0,0.66666666666667,0.5,0.50000437318354,0.5,0.5,1727072634934
88,0.16666666666667,0.24183624526594,0.0,0.66666666666667,0.5,0.49999961009647,0.5,0.5,1727072634951
88,0.16666666666667,0.23518374043048,0.0,0.66666666666667,0.5,0.50000682158472,0.5,0.5,1727072634968
88,0.16666666666667,0.22192475752228,0.0,0.66666666666667,0.5,0.50000402769104,0.5,0.5,1727072634984
88,0.16666666666667,0.2181303138821,0.0,0.66666666666667,0.5,0.49999751646918,0.5,0.5,1727072635081
88,0.16666666666667,0.21148669371988,0.0,0.66666666666667,0.5,0.49999445378186,0.5,0.5,1727072635089
88,0.16666666666667,0.20483518698953,0.0,0.66666666666667,0.5,0.5000008611684,0.5,0.5,1727072635113
88,0.16666666666667,0.20104669652732,0.0,0.66666666666667,0.5,0.50000560504311,0.5,0.5,1727072635121
88,0.16666666666667,0.19439903472724,0.0,0.66666666666667,0.5,0.5000075596881,0.5,0.5,1727072635168
88,0.16666666666667,0.18775758488388,0.0,0.66666666666667,0.5,0.50000174995975,0.5,0.5,1727072635273
88,0.16666666666667,0.18110969612197,0.0,0.66666666666667,0.5,0.500003995663,0.5,0.5,1727072636273
88,0.16666666666667,0.17446890715943,0.0,0.66666666666667,0.5,0.4999970898992,0.5,0.5,1727072636369
88,0.16666666666667,0.16782085784303,0.0,0.66666666666667,0.5,0.49999954473107,0.5,0.5,1727072636513
88,0.16666666666667,0.16117466669266,0.0,0.66666666666667,0.5,0.49999958739206,0.5,0.5,1727072636521
88,0.16666666666667,0.16785365107533,0.0,0.66666666666667,0.5,0.49999687424004,0.5,0.5,1727072637121
88,0.16666666666667,0.16785365107533,0.0,0.66666666666667,0.5,0.49999687424004,0.5,0.5,1727072637769
88,0.16666666666667,0.16785365107533,0.0,0.66666666666667,0.5,0.49999687424004,0.5,0.5,1727072639514
88,0.16666666666667,0.16785365107533,0.0,0.67054179630962,0.5,0.49999687424004,0.5,0.50000199725268,1727072639569
88,0.16666666666667,0.16785365107533,0.0,0.68390092863372,0.5,0.49999687424004,0.5,0.50000508936934,1727072639584
88,0.16666666666667,0.16785365107533,0.0,0.71066626133239,0.5,0.49999687424004,0.5,0.50000271046581,1727072639601
88,0.16666666666667,0.16785365107533,0.0,0.84321969261719,0.5,0.49999687424004,0.5,0.50000217259562,1727072639618
88,0.16666666666667,0.16785365107533,0.0,1.0,0.5,0.49999687424004,0.5,0.5,1727072639634
88,0.16666666666667,0.16785365107533,0.0,1.0,0.5,0.49999687424004,0.5,0.5,1727072639651
88,0.16666666666667,0.16785365107533,0.0,1.0,0.5,0.49999687424004,0.5,0.5,1727072639668
88,0.16666666666667,0.16785365107533,0.0,1.0,0.5,0.49999687424004,0.5,0.5,1727072639684
88,0.16666666666667,0.16785365107533,0.0,1.0,0.5,0.49999687424004,0.5,0.5,1727072639701
88,0.16666666666667,0.16785365107533,0.0,1.0,0.5,0.49999687424004,0.5,0.5,1727072639717
88,0.16666666666667,0.16785365107533,0.0,1.0,0.5,0.49999687424004,0.5,0.5,1727072639734
88,0.16666666666667,0.16785365107533,0.0,1.0,0.5,0.49999687424004,0.5,0.5,1727072639751
88,0.16666666666667,0.16785365107533,0.0,1.0,0.5,0.49999687424004,0.5,0.5,1727072639767
88,0.16666666666667,0.16785365107533,0.0,1.0,0.5,0.49999687424004,0.5,0.5,1727072639784
88,0.16666666666667,0.16785365107533,0.0,1.0,0.5,0.49999687424004,0.5,0.5,1727072639801
88,0.16666666666667,0.16785365107533,0.0,1.0,0.5,0.49999687424004,0.5,0.5,1727072639817
88,0.16666666666667,0.16785365107533,0.0,1.0,0.5,0.49999687424004,0.5,0.5,1727072639953
89,0.66666666666667,0.16666666666667,0.83333333333333,0.33333333333333,0.5,0.5,0.5,0.5,1727072642922
89,0.66666666666667,0.16666666666667,0.8307315599197,0.33333333333333,0.5,0.5,0.49999159991179,0.5,1727072642953
89,0.66666666666667,0.16666666666667,0.84519481444785,0.33333333333333,0.5,0.5,0.49999830920893,0.5,1727072642967
89,0.66666666666667,0.16666666666667,0.86691266141866,0.33333333333333,0.5,0.5,0.49999630112856,0.5,1727072642984
89,0.66666666666667,0.16666666666667,0.90312738039273,0.33333333333333,0.5,0.5,0.49999673228404,0.5,1727072643001
89,0.66666666666667,0.16666666666667,1.0,0.33333333333333,0.5,0.5,0.5,0.5,1727072643017
89,0.66666666666667,0.16666666666667,1.0,0.33333333333333,0.5,0.5,0.5,0.5,1727072643034
89,0.66666666666667,0.16666666666667,1.0,0.33333333333333,0.5,0.5,0.5,0.5,1727072643051
89,0.66666666666667,0.16666666666667,1.0,0.33333333333333,0.5,0.5,0.5,0.5,1727072643067
89,0.66666666666667,0.16666666666667,1.0,0.33333333333333,0.5,0.5,0.5,0.5,1727072643084
89,0.66666666666667,0.16666666666667,1.0,0.33333333333333,0.5,0.5,0.5,0.5,1727072643101
89,0.66666666666667,0.16666666666667,1.0,0.33333333333333,0.5,0.5,0.5,0.5,1727072643117
89,0.66666666666667,0.16666666666667,1.0,0.33333333333333,0.5,0.5,0.5,0.5,1727072643185
89,0.66666666666667,0.16666666666667,1.0,0.33333333333333,0.5,0.5,0.5,0.5,1727072646266
89,0.66666666666667,0.16666666666667,1.0,0.33333333333333,0.5,0.5,0.5,0.5,1727072647290
89,0.66284475924743,0.16666666666667,1.0,0.33333333333333,0.49999915770702,0.5,0.5,0.5,1727072647321
89,0.65903151109559,0.16666666666667,1.0,0.33333333333333,0.50000044994198,0.5,0.5,0.5,1727072647334
89,0.6275380022996,0.16666666666667,1.0,0.33333333333333,0.499999711475,0.5,0.5,0.5,1727072647350
89,0.57512550543464,0.16666666666667,1.0,0.33333333333333,0.50000162267184,0.5,0.5,0.5,1727072647367
89,0.46445294351208,0.16666666666667,1.0,0.33333333333333,0.50000523943964,0.5,0.5,0.5,1727072647384
89,0.31200793065392,0.16666666666667,1.0,0.33333333333333,0.50000777994078,0.5,0.5,0.5,1727072647400
89,0.07381663955127,0.16666666666667,1.0,0.33333333333333,0.50000213664725,0.5,0.5,0.5,1727072647417
89,0.0,0.16666666666667,1.0,0.33333333333333,0.5,0.5,0.5,0.5,1727072647434
89,0.0,0.16666666666667,1.0,0.33333333333333,0.5,0.5,0.5,0.5,1727072647450
89,0.0,0.16666666666667,1.0,0.33333333333333,0.5,0.5,0.5,0.5,1727072647467
89,0.0,0.16666666666667,1.0,0.33333333333333,0.5,0.5,0.5,0.5,1727072647561
89,0.0,0.16666666666667,1.0,0.33333333333333,0.5,0.5,0.5,0.5,1727072648378
89,0.0,0.17335255721914,1.0,0.33333333333333,0.5,0.49998164340145,0.5,0.5,1727072648441
89,0.0,0.18002945135646,1.0,0.33333333333333,0.5,0.5000016896111,0.5,0.5,1727072648450
89,0.0,0.18392674685645,1.0,0.33333333333333,0.5,0.49999533714507,0.5,0.5,1727072648467
89,0.0,0.21161102617565,1.0,0.33333333333333,0.5,0.49998683084957,0.5,0.5,1727072648484
89,0.0,0.2459521686757,1.0,0.33333333333333,0.5,0.50000186478204,0.5,0.5,1727072648500
89,0.0,0.30796664345112,1.0,0.33333333333333,0.5,0.50000255654059,0.5,0.5,1727072648517
89,0.0,0.37386671028789,1.0,0.33333333333333,0.5,0.49999542951511,0.5,0.5,1727072648534
89,0.0,0.41871279714981,1.0,0.33333333333333,0.5,0.49999579125237,0.5,0.5,1727072648550
89,0.0,0.47022340506935,1.0,0.33333333333333,0.5,0.49999386037755,0.5,0.5,1727072648567
89,0.0,0.50841828955536,1.0,0.33333333333333,0.5,0.49999788826775,0.5,0.5,1727072648584
89,0.0,0.54662369734749,1.0,0.33333333333333,0.5,0.49999424691798,0.5,0.5,1727072648600
89,0.0,0.57818790323272,1.0,0.33333333333333,0.5,0.49999781126425,0.5,0.5,1727072648617
89,0.0,0.60203523978662,1.0,0.33333333333333,0.5,0.49999710722711,0.5,0.5,1727072648634
89,0.0,0.62306403486987,1.0,0.33333333333333,0.5,0.49999842355045,0.5,0.5,1727072648650
89,0.0,0.65074752410033,1.0,0.33333333333333,0.5,0.49999445300301,0.5,0.5,1727072648667
89,0.0,0.66125867750101,1.0,0.33333333333333,0.5,0.50000173093663,0.5,0.5,1727072648684
89,0.0,0.67177774827083,1.0,0.33333333333333,0.5,0.49999490556421,0.5,0.5,1727072648734
89,0.0,0.67844787871667,1.0,0.33333333333333,0.5,0.49999897574143,0.5,0.5,1727072648753
89,0.0,0.68230756950229,1.0,0.33333333333333,0.5,0.50000007262211,0.5,0.5,1727072648767
89,0.0,0.68898120887995,1.0,0.33333333333333,0.5,0.50000200015246,0.5,0.5,1727072648784
89,0.0,0.6995002362872,1.0,0.33333333333333,0.5,0.49999539625453,0.5,0.5,1727072648801
89,0.0,0.71000465516761,1.0,0.33333333333333,0.5,0.49999732654805,0.5,0.5,1727072648817
89,0.0,0.72051664843629,1.0,0.33333333333333,0.5,0.49999491223064,0.5,0.5,1727072648834
89,0.0,0.74820289509007,1.0,0.33333333333333,0.5,0.4999984009804,0.5,0.5,1727072648851
89,0.0,0.76536909041775,1.0,0.33333333333333,0.5,0.50000007620859,0.5,0.5,1727072648867
89,0.0,0.79304664368973,1.0,0.33333333333333,0.5,0.49999974108074,0.5,0.5,1727072648884
89,0.0,0.82738780255338,1.0,0.33333333333333,0.5,0.4999983690391,0.5,0.5,1727072648900
89,0.0,0.86172973300145,1.0,0.33333333333333,0.5,0.49999669912157,0.5,0.5,1727072648917
89,0.0,0.88275695465336,1.0,0.33333333333333,0.5,0.49999848704982,0.5,0.5,1727072648934
89,0.0,0.89992410076863,1.0,0.33333333333333,0.5,0.49999950911927,0.5,0.5,1727072648950
89,0.0,0.91044429026547,1.0,0.33333333333333,0.5,0.49999357614779,0.5,0.5,1727072648967
89,0.0,0.91430582842356,1.0,0.33333333333333,0.5,0.50000088259752,0.5,0.5,1727072648984
89,0.0,0.90765179880997,1.0,0.33333333333333,0.5,0.4999973116017,0.5,0.5,1727072650033
89,0.0,0.90099113132804,1.0,0.33333333333333,0.5,0.49999687884261,0.5,0.5,1727072650051
89,0.0,0.89434300977096,1.0,0.33333333333333,0.5,0.4999978087249,0.5,0.5,1727072650067
89,0.0,0.883834159735,1.0,0.33333333333333,0.5,0.49999835136202,0.5,0.5,1727072650100
89,0.0,0.87717601671145,1.0,0.33333333333333,0.5,0.49999668083581,0.5,0.5,1727072650150
89,0.0,0.87052813747963,1.0,0.33333333333333,0.5,0.49999751007683,0.5,0.5,1727072650167
89,0.0,0.86386877204557,1.0,0.33333333333333,0.5,0.49999641961451,0.5,0.5,1727072650184
89,0.0,0.85336573799894,1.0,0.33333333333333,0.5,0.50000174526554,0.5,0.5,1727072650200
89,0.0,0.84671034509579,1.0,0.33333333333333,0.5,0.49999866641347,0.5,0.5,1727072650250
89,0.0,0.84288109656299,1.0,0.33333333333333,0.5,0.49999789459076,0.5,0.5,1727072650267
89,0.0,0.83623159704291,1.0,0.33333333333333,0.5,0.49999957983484,0.5,0.5,1727072650289
89,0.0,0.82957906983135,1.0,0.33333333333333,0.5,0.49999497530918,0.5,0.5,1727072650449
89,0.0,0.82291679146688,1.0,0.33333333333333,0.5,0.50000322984689,0.5,0.5,1727072650481
89,0.0,0.81909838526021,1.0,0.33333333333333,0.5,0.49999686583046,0.5,0.5,1727072651154
89,0.0,0.81243651096813,1.0,0.33333333333333,0.5,0.49999702044989,0.5,0.5,1727072651441
89,0.0,0.80578552047796,1.0,0.33333333333333,0.5,0.49999952736226,0.5,0.5,1727072651513
89,0.0,0.80196218849397,1.0,0.33333333333333,0.5,0.49999562782091,0.5,0.5,1727072654713
89,0.0,0.79530239059772,1.0,0.33333333333333,0.5,0.50000279630887,0.5,0.5,1727072654769
89,0.0,0.7886523525343,1.0,0.33333333333333,0.5,0.49999670966668,0.5,0.5,1727072654849
89,0.0,0.79532107400271,1.0,0.33333333333333,0.5,0.50000105639143,0.5,0.5,1727072655426
89,0.0,0.80198765383745,1.0,0.33333333333333,0.5,0.49999840759916,0.5,0.5,1727072655514
89,0.0,0.80198765383745,1.0,0.33333333333333,0.5,0.49999840759916,0.5,0.5,1727072656130
89,0.0,0.80198765383745,1.0,0.33333333333333,0.5,0.49999840759916,0.5,0.5,1727072657506
89,0.0,0.80198765383745,1.0,0.33999995358488,0.5,0.49999840759916,0.5,0.49999995662719,1727072657586
89,0.0,0.80198765383745,1.0,0.34667237715078,0.5,0.49999840759916,0.5,0.49999579953132,1727072657600
89,0.0,0.80198765383745,1.0,0.35335610400303,0.5,0.49999840759916,0.5,0.50000206315423,1727072657617
89,0.0,0.80198765383745,1.0,0.42813121193307,0.5,0.49999840759916,0.5,0.49999410597239,1727072657633
89,0.0,0.80198765383745,1.0,0.50259863969714,0.5,0.49999840759916,0.5,0.49999900348674,1727072657650
89,0.0,0.80198765383745,1.0,0.59068858190208,0.5,0.49999840759916,0.5,0.49999755660135,1727072657667
89,0.0,0.80198765383745,1.0,0.71308989520409,0.5,0.49999840759916,0.5,0.49999861895034,1727072657683
89,0.0,0.80198765383745,1.0,0.82832726956565,0.5,0.49999840759916,0.5,0.50000214361959,1727072657700
89,0.0,0.80198765383745,1.0,0.93650709642017,0.5,0.49999840759916,0.5,0.49999972311164,1727072657717
89,0.0,0.80198765383745,1.0,1.0,0.5,0.49999840759916,0.5,0.5,1727072657733
89,0.0,0.80198765383745,1.0,1.0,0.5,0.49999840759916,0.5,0.5,1727072657750
89,0.0,0.80198765383745,1.0,1.0,0.5,0.49999840759916,0.5,0.5,1727072657767
89,0.0,0.80198765383745,1.0,1.0,0.5,0.49999840759916,0.5,0.5,1727072657785
89,0.0,0.80198765383745,1.0,1.0,0.5,0.49999840759916,0.5,0.5,1727072657800
89,0.0,0.80198765383745,1.0,1.0,0.5,0.49999840759916,0.5,0.5,1727072657817
89,0.0,0.80198765383745,1.0,1.0,0.5,0.49999840759916,0.5,0.5,1727072657833
89,0.0,0.80198765383745,1.0,1.0,0.5,0.49999840759916,0.5,0.5,1727072657850
89,0.0,0.80198765383745,1.0,1.0,0.5,0.49999840759916,0.5,0.5,1727072657867
89,0.0,0.80198765383745,1.0,1.0,0.5,0.49999840759916,0.5,0.5,1727072657883
89,0.0,0.80198765383745,1.0,1.0,0.5,0.49999840759916,0.5,0.5,1727072657900
89,0.0,0.80198765383745,1.0,1.0,0.5,0.49999840759916,0.5,0.5,1727072657917
89,0.0,0.80198765383745,1.0,1.0,0.5,0.49999840759916,0.5,0.5,1727072657933
89,0.0,0.80198765383745,1.0,1.0,0.5,0.49999840759916,0.5,0.5,1727072657950
89,0.0,0.80198765383745,1.0,1.0,0.5,0.49999840759916,0.5,0.5,1727072658105
90,1.0,0.83333333333333,1.0,0.83333333333333,0.5,0.5,0.5,0.5,1727072662291
90,1.0,0.83333333333333,0.99277247854142,0.83333333333333,0.5,0.5,0.49999527998259,0.5,1727072662401
90,1.0,0.83333333333333,0.98555250113634,0.83333333333333,0.5,0.5,0.49999499978756,0.5,1727072662425
90,1.0,0.83333333333333,0.97832213103085,0.83333333333333,0.5,0.5,0.5000041431696,0.5,1727072662433
90,1.0,0.83333333333333,0.97109720737989,0.83333333333333,0.5,0.5,0.499989990349,0.5,1727072662450
90,1.0,0.83333333333333,0.96387640512322,0.83333333333333,0.5,0.5,0.49999323927465,0.5,1727072662466
90,1.0,0.83333333333333,0.95664911651747,0.83333333333333,0.5,0.5,0.49998913604408,0.5,1727072662483
90,1.0,0.83333333333333,0.94219796819098,0.83333333333333,0.5,0.5,0.5000017179145,0.5,1727072662500
90,1.0,0.83333333333333,0.93497917256388,0.83333333333333,0.5,0.5,0.49999623187139,0.5,1727072662516
90,1.0,0.83333333333333,0.92775239519771,0.83333333333333,0.5,0.5,0.49998976859419,0.5,1727072662533
90,1.0,0.83333333333333,0.91066579113476,0.83333333333333,0.5,0.5,0.50000072955833,0.5,1727072662550
90,1.0,0.83333333333333,0.896220421762,0.83333333333333,0.5,0.5,0.49998750694203,0.5,1727072662566
90,1.0,0.83333333333333,0.88899915649067,0.83333333333333,0.5,0.5,0.49999308674354,0.5,1727072662583
90,1.0,0.83333333333333,0.88177041280167,0.83333333333333,0.5,0.5,0.49999545727275,0.5,1727072662600
90,1.0,0.83333333333333,0.86732254202312,0.83333333333333,0.5,0.5,0.49999357178202,0.5,1727072662616
90,1.0,0.83333333333333,0.85747423044971,0.83333333333333,0.5,0.5,0.49999623513731,0.5,1727072662633
90,1.0,0.83333333333333,0.85025541994646,0.83333333333333,0.5,0.5,0.4999903616702,0.5,1727072662657
90,1.0,0.83333333333333,0.8430269069813,0.83333333333333,0.5,0.5,0.49999169057172,0.5,1727072662666
90,1.0,0.83333333333333,0.84041541171618,0.83333333333333,0.5,0.5,0.49999247300541,0.5,1727072662683
90,1.0,0.83333333333333,0.8331951412469,0.83333333333333,0.5,0.5,0.49999355435772,0.5,1727072662700
90,1.0,0.83333333333333,0.82596636674538,0.83333333333333,0.5,0.5,0.49999620124182,0.5,1727072662716
90,1.0,0.83333333333333,0.81874558048083,0.83333333333333,0.5,0.5,0.499999854837,0.5,1727072662733
90,1.0,0.83333333333333,0.80429814886996,0.83333333333333,0.5,0.5,0.49999573113529,0.5,1727072662750
90,1.0,0.83333333333333,0.79707137919058,0.83333333333333,0.5,0.5,0.4999884192336,0.5,1727072662769
90,1.0,0.83333333333333,0.78722285092987,0.83333333333333,0.5,0.5,0.4999923102377,0.5,1727072662785
90,1.0,0.83333333333333,0.7800012295007,0.83333333333333,0.5,0.5,0.50000032865861,0.5,1727072662801
90,1.0,0.83333333333333,0.77277464649008,0.83333333333333,0.5,0.5,0.49999191780967,0.5,1727072662816
90,1.0,0.83333333333333,0.76554724505718,0.83333333333333,0.5,0.5,0.4999876160182,0.5,1727072662833
90,1.0,0.83333333333333,0.75110692436797,0.83333333333333,0.5,0.5,0.49998873157007,0.5,1727072662850
90,1.0,0.83333333333333,0.74388595366933,0.83333333333333,0.5,0.5,0.49999357976612,0.5,1727072662866
90,1.0,0.83333333333333,0.73665653139027,0.83333333333333,0.5,0.5,0.49999991146276,0.5,1727072662883
90,1.0,0.83333333333333,0.72942980277942,0.83333333333333,0.5,0.5,0.49999190536286,0.5,1727072662900
90,1.0,0.83333333333333,0.72221072394478,0.83333333333333,0.5,0.5,0.49998667445798,0.5,1727072662916
90,1.0,0.83333333333333,0.71498245489155,0.83333333333333,0.5,0.5,0.49998682576918,0.5,1727072663066
90,1.0,0.83333333333333,0.7077609936135,0.83333333333333,0.5,0.5,0.49999453015811,0.5,1727072663433
90,1.0,0.83333333333333,0.70053219741548,0.83333333333333,0.5,0.5,0.49999765352876,0.5,1727072663457
90,1.0,0.83333333333333,0.69330642108376,0.83333333333333,0.5,0.5,0.4999840264673,0.5,1727072663505
90,1.0,0.83333333333333,0.68608454428267,0.83333333333333,0.5,0.5,0.49999421685318,0.5,1727072663642
90,1.0,0.83333333333333,0.67885611267479,0.83333333333333,0.5,0.5,0.49999535104205,0.5,1727072663683
90,1.0,0.83333333333333,0.67163634467197,0.83333333333333,0.5,0.5,0.49999378375535,0.5,1727072663705
90,1.0,0.83333333333333,0.66440848021204,0.83333333333333,0.5,0.5,0.49999167792007,0.5,1727072663750
90,1.0,0.83333333333333,0.6571892245605,0.83333333333333,0.5,0.5,0.49998709300037,0.5,1727072663766
90,1.0,0.83333333333333,0.64996201502299,0.83333333333333,0.5,0.5,0.4999810811759,0.5,1727072663785
90,1.0,0.83333333333333,0.64273818589544,0.83333333333333,0.5,0.5,0.50000321769327,0.5,1727072663833
90,1.0,0.83333333333333,0.62829161775088,0.83333333333333,0.5,0.5,0.49999316421786,0.5,1727072663850
90,1.0,0.83333333333333,0.62107149609266,0.83333333333333,0.5,0.5,0.49999361821066,0.5,1727072663873
90,1.0,0.83333333333333,0.61384477727878,0.83333333333333,0.5,0.5,0.49998442880421,0.5,1727072663916
90,1.0,0.83333333333333,0.60662377082479,0.83333333333333,0.5,0.5,0.49999023657194,0.5,1727072663966
90,1.0,0.83333333333333,0.59939575232838,0.83333333333333,0.5,0.5,0.49998889095458,0.5,1727072663983
90,1.0,0.83333333333333,0.60205691092955,0.83333333333333,0.5,0.5,0.49998452759986,0.5,1727072664000
90,1.0,0.83333333333333,0.59483689568441,0.83333333333333,0.5,0.5,0.49998426095787,0.5,1727072664016
90,1.0,0.83333333333333,0.58760770630819,0.83333333333333,0.5,0.5,0.49999017980347,0.5,1727072664081
90,1.0,0.83333333333333,0.59027694481302,0.83333333333333,0.5,0.5,0.49998641370445,0.5,1727072665954
90,1.0,0.83333333333333,0.58304784458511,0.83333333333333,0.5,0.5,0.49999182211932,0.5,1727072665966
90,1.0,0.83333333333333,0.57582666632755,0.83333333333333,0.5,0.5,0.49999900282055,0.5,1727072665983
90,1.0,0.83333333333333,0.56860008091655,0.83333333333333,0.5,0.5,0.49998849786213,0.5,1727072666090
90,1.0,0.83333333333333,0.56137978696261,0.83333333333333,0.5,0.5,0.49999005796546,0.5,1727072666146
90,1.0,0.83333333333333,0.55415325958066,0.83333333333333,0.5,0.5,0.49997890539891,0.5,1727072667882
90,1.0,0.83333333333333,0.54693040120059,0.83333333333333,0.5,0.5,0.49999729168482,0.5,1727072667916
90,1.0,0.83333333333333,0.5397031565271,0.83333333333333,0.5,0.5,0.49999076718862,0.5,1727072667938
90,1.0,0.83333333333333,0.53248344293058,0.83333333333333,0.5,0.5,0.49998851406301,0.5,1727072667962
90,1.0,0.83333333333333,0.52525642913479,0.83333333333333,0.5,0.5,0.49998022360033,0.5,1727072667999
90,1.0,0.83333333333333,0.52792182354354,0.83333333333333,0.5,0.5,0.50000211882312,0.5,1727072668016
90,1.0,0.83333333333333,0.52069607671424,0.83333333333333,0.5,0.5,0.49998528068252,0.5,1727072668066
90,1.0,0.83333333333333,0.52069607671424,0.83333333333333,0.5,0.5,0.49998528068252,0.5,1727072670002
90,1.0,0.83333333333333,0.52069607671424,0.83333333333333,0.5,0.5,0.49998528068252,0.5,1727072671907
90,1.0,0.83333333333333,0.52069607671424,0.82951668543496,0.5,0.5,0.49998528068252,0.50000459294804,1727072672002
90,1.0,0.83333333333333,0.52069607671424,0.81519695858352,0.5,0.5,0.49998528068252,0.49999842581079,1727072672017
90,1.0,0.83333333333333,0.52069607671424,0.79040840471459,0.5,0.5,0.49998528068252,0.50000445378542,1727072672032
90,1.0,0.83333333333333,0.52069607671424,0.75892070857846,0.5,0.5,0.49998528068252,0.49999870580774,1727072672049
90,1.0,0.83333333333333,0.52069607671424,0.71695679424225,0.5,0.5,0.49998528068252,0.50000168090811,1727072672066
90,1.0,0.83333333333333,0.52069607671424,0.69217242711955,0.5,0.5,0.49998528068252,0.50000187039995,1727072672082
90,1.0,0.83333333333333,0.52069607671424,0.66366463972362,0.5,0.5,0.49998528068252,0.50000187138075,1727072672099
90,1.0,0.83333333333333,0.52069607671424,0.64266425541569,0.5,0.5,0.49998528068252,0.50000167804919,1727072672116
90,1.0,0.83333333333333,0.52069607671424,0.62835885700768,0.5,0.5,0.49998528068252,0.5000031452132,1727072672133
90,1.0,0.83333333333333,0.52069607671424,0.61119304851448,0.5,0.5,0.49998528068252,0.50000539881344,1727072672149
90,1.0,0.83333333333333,0.52069607671424,0.60360197474736,0.5,0.5,0.49998528068252,0.50000127545959,1727072672166
90,1.0,0.83333333333333,0.52069607671424,0.59695111034539,0.5,0.5,0.49998528068252,0.49999821910489,1727072672183
90,1.0,0.83333333333333,0.52069607671424,0.58645148948027,0.5,0.5,0.49998528068252,0.50000351686404,1727072672199
90,1.0,0.83333333333333,0.52069607671424,0.56545478019429,0.5,0.5,0.49998528068252,0.50000583226285,1727072672216
90,1.0,0.83333333333333,0.52069607671424,0.53777588842782,0.5,0.5,0.49998528068252,0.50000465938906,1727072672233
90,1.0,0.83333333333333,0.52069607671424,0.49960896418478,0.5,0.5,0.49998528068252,0.50000659304316,1727072672249
90,1.0,0.83333333333333,0.52069607671424,0.4472109512397,0.5,0.5,0.49998528068252,0.50000865981676,1727072672266
90,1.0,0.83333333333333,0.52069607671424,0.42339553076609,0.5,0.5,0.49998528068252,0.50000893672241,1727072672283
90,1.0,0.83333333333333,0.52069607671424,0.41957819396951,0.5,0.5,0.49998528068252,0.49999471261556,1727072672299
90,1.0,0.83333333333333,0.52069607671424,0.40529410230241,0.5,0.5,0.49998528068252,0.50000150988687,1727072672316
90,1.0,0.83333333333333,0.52069607671424,0.40148283719832,0.5,0.5,0.49998528068252,0.50000500492244,1727072672337
90,1.0,0.83333333333333,0.52069607671424,0.3976720923652,0.5,0.5,0.49998528068252,0.50000898395399,1727072672466
90,1.0,0.83333333333333,0.52069607671424,0.3938558643369,0.5,0.5,0.49998528068252,0.49999514128299,1727072672483
90,1.0,0.83333333333333,0.52069607671424,0.39004849728733,0.5,0.5,0.49998528068252,0.50000201860648,1727072672499
90,1.0,0.83333333333333,0.52069607671424,0.38623499540071,0.5,0.5,0.49998528068252,0.50000366217992,1727072674074
90,1.0,0.83333333333333,0.52069607671424,0.37959256805812,0.5,0.5,0.49998528068252,0.50000696407443,1727072674116
90,1.0,0.83333333333333,0.52069607671424,0.37293759932572,0.5,0.5,0.49998528068252,0.49999923690123,1727072674166
90,1.0,0.83333333333333,0.52069607671424,0.36912629090203,0.5,0.5,0.49998528068252,0.50000286202984,1727072674234
90,1.0,0.83333333333333,0.52069607671424,0.36247624963201,0.5,0.5,0.49998528068252,0.49999939378923,1727072674249
90,1.0,0.83333333333333,0.52069607671424,0.36915253168973,0.5,0.5,0.49998528068252,0.49999882952547,1727072675266
90,1.0,0.83333333333333,0.52069607671424,0.37582445062198,0.5,0.5,0.49998528068252,0.50000798680732,1727072675346
90,1.0,0.83333333333333,0.52069607671424,0.38249464388111,0.5,0.5,0.49998528068252,0.50000203639294,1727072675426
90,1.0,0.83333333333333,0.52069607671424,0.38917651255529,0.5,0.5,0.49998528068252,0.50000628097465,1727072675434
90,1.0,0.83333333333333,0.52069607671424,0.38252537295511,0.5,0.5,0.49998528068252,0.50000200129213,1727072676194
90,1.0,0.83333333333333,0.52069607671424,0.37587072212014,0.5,0.5,0.49998528068252,0.50000808985593,1727072676298
90,1.0,0.83333333333333,0.52069607671424,0.37587072212014,0.5,0.5,0.49998528068252,0.50000808985593,1727072676602
90,1.0,0.83333333333333,0.52069607671424,0.37587072212014,0.5,0.5,0.49998528068252,0.50000808985593,1727072679195
90,1.0,0.83719892473267,0.52069607671424,0.37587072212014,0.5,0.50000054527837,0.49998528068252,0.50000808985593,1727072679378
90,1.0,0.83053592101873,0.52069607671424,0.37587072212014,0.5,0.50000129626647,0.49998528068252,0.50000808985593,1727072679415
90,1.0,0.82388472895481,0.52069607671424,0.37587072212014,0.5,0.50000389090356,0.49998528068252,0.50000808985593,1727072679432
90,1.0,0.8105868420319,0.52069607671424,0.37587072212014,0.5,0.50000683997082,0.49998528068252,0.50000808985593,1727072679449
90,1.0,0.80009187736284,0.52069607671424,0.37587072212014,0.5,0.50000022593557,0.49998528068252,0.50000808985593,1727072679465
90,1.0,0.79343666526163,0.52069607671424,0.37587072212014,0.5,0.49999688467038,0.49998528068252,0.50000808985593,1727072679482
90,1.0,0.78292822054394,0.52069607671424,0.37587072212014,0.5,0.50000546617416,0.49998528068252,0.50000808985593,1727072679499
90,1.0,0.77627721220277,0.52069607671424,0.37587072212014,0.5,0.49999984467802,0.49998528068252,0.50000808985593,1727072679515
90,1.0,0.75910860359026,0.52069607671424,0.37587072212014,0.5,0.49999950211864,0.49998528068252,0.50000808985593,1727072679532
90,1.0,0.73528753620666,0.52069607671424,0.37587072212014,0.5,0.50000266994143,0.49998528068252,0.50000808985593,1727072679549
90,1.0,0.71537155221747,0.52069607671424,0.37587072212014,0.5,0.49999867420895,0.49998528068252,0.50000808985593,1727072679565
90,1.0,0.69819889432359,0.52069607671424,0.37587072212014,0.5,0.5000006428941,0.49998528068252,0.50000808985593,1727072679582
90,1.0,0.69154582893312,0.52069607671424,0.37587072212014,0.5,0.50000469454759,0.49998528068252,0.50000808985593,1727072679599
90,1.0,0.68103749610563,0.52069607671424,0.37587072212014,0.5,0.50000512682888,0.49998528068252,0.50000808985593,1727072679615
90,1.0,0.67439184758654,0.52069607671424,0.37587072212014,0.5,0.500004862297,0.49998528068252,0.50000808985593,1727072679632
90,1.0,0.66773513256001,0.52069607671424,0.37587072212014,0.5,0.50000199988321,0.49998528068252,0.50000808985593,1727072679649
90,1.0,0.65723614945719,0.52069607671424,0.37587072212014,0.5,0.49999673043083,0.49998528068252,0.50000808985593,1727072679665
90,1.0,0.64673205920737,0.52069607671424,0.37587072212014,0.5,0.50000393628658,0.49998528068252,0.50000808985593,1727072679682
90,1.0,0.64007338533271,0.52069607671424,0.37587072212014,0.5,0.5000021913495,0.49998528068252,0.50000808985593,1727072679699
90,1.0,0.63625769900462,0.52069607671424,0.37587072212014,0.5,0.50000238847582,0.49998528068252,0.50000808985593,1727072679749
90,1.0,0.62296460527479,0.52069607671424,0.37587072212014,0.5,0.50000292127648,0.49998528068252,0.50000808985593,1727072679765
90,1.0,0.61631159264504,0.52069607671424,0.37587072212014,0.5,0.49999751779028,0.49998528068252,0.50000808985593,1727072679785
90,1.0,0.61249097507355,0.52069607671424,0.37587072212014,0.5,0.50000085184825,0.49998528068252,0.50000808985593,1727072679799
90,1.0,0.61249097507355,0.52069607671424,0.37587072212014,0.5,0.50000085184825,0.49998528068252,0.50000808985593,1727072680746
91,1.0,0.0,0.0,1.0,0.5,0.5,0.5,0.5,1727072687243
91,1.0,0.0,0.01450819536013,1.0,0.5,0.5,0.49994610203716,0.5,1727072687298
91,1.0,0.0,0.02441230681283,1.0,0.5,0.5,0.49996578776233,0.5,1727072687316
91,1.0,0.0,0.04872341905286,1.0,0.5,0.5,0.49999064919167,0.5,1727072687332
91,1.0,0.0,0.09286453007275,1.0,0.5,0.5,0.49995678592773,0.5,1727072687348
91,1.0,0.0,0.12706367013928,1.0,0.5,0.5,0.49998709419687,0.5,1727072687365
91,1.0,0.0,0.16846878569154,1.0,0.5,0.5,0.4999831772289,0.5,1727072687382
91,1.0,0.0,0.21258310876859,1.0,0.5,0.5,0.49998408485781,0.5,1727072687398
91,1.0,0.0,0.2566891446655,1.0,0.5,0.5,0.49998588217992,0.5,1727072687415
91,1.0,0.0,0.29087563592004,1.0,0.5,0.5,0.49996905230371,0.5,1727072687432
91,1.0,0.0,0.31261595852351,1.0,0.5,0.5,0.49998561683775,0.5,1727072687448
91,1.0,0.0,0.32522902852193,1.0,0.5,0.5,0.49999988520403,0.5,1727072687465
91,1.0,0.0,0.35941368323849,1.0,0.5,0.5,0.49999997540989,0.5,1727072687482
91,1.0,0.0,0.36929516765257,1.0,0.5,0.5,0.49999147661225,0.5,1727072687498
91,1.0,0.0,0.38638773038856,1.0,0.5,0.5,0.49998980487881,0.5,1727072687515
91,1.0,0.0,0.39361775576302,1.0,0.5,0.5,0.49997522428978,0.5,1727072687532
91,1.0,0.0,0.41793680589644,1.0,0.5,0.5,0.49998794895519,0.5,1727072687548
91,1.0,0.0,0.42517388211849,1.0,0.5,0.5,0.4999828915965,0.5,1727072687565
91,1.0,0.0,0.43504592708888,1.0,0.5,0.5,0.4999850558339,0.5,1727072687582
91,1.0,0.0,0.44227281508026,1.0,0.5,0.5,0.49999532982222,0.5,1727072687706
91,1.0,0.0,0.45215233461185,1.0,0.5,0.5,0.50000258310684,0.5,1727072687770
91,1.0,0.0,0.45938362860526,1.0,0.5,0.5,0.49997984002902,0.5,1727072687782
91,1.0,0.0,0.46926300121337,1.0,0.5,0.5,0.49998820520609,0.5,1727072687802
91,1.0,0.0,0.4620353621128,1.0,0.5,0.5,0.49998378352073,0.5,1727072689058
91,1.0,0.0,0.45481403350109,1.0,0.5,0.5,0.49999323401973,0.5,1727072689066
91,1.0,0.0,0.44758657391873,1.0,0.5,0.5,0.4999874224972,0.5,1727072689082
91,1.0,0.0,0.45025573012295,1.0,0.5,0.5,0.49998353056533,0.5,1727072689098
91,1.0,0.0,0.44303527770221,1.0,0.5,0.5,0.49998650511091,0.5,1727072689115
91,1.0,0.0,0.43580823932871,1.0,0.5,0.5,0.4999773002526,0.5,1727072689165
91,1.0,0.0,0.42858628435293,1.0,0.5,0.5,0.49999189031932,0.5,1727072689182
91,1.0,0.0,0.4213665230653,1.0,0.5,0.5,0.49998964909625,0.5,1727072689198
91,1.0,0.0,0.41683760443811,1.0,0.5,0.5,0.50000586822783,0.5,1727072689215
91,1.0,0.0,0.40240202018993,1.0,0.5,0.5,0.49996988926347,0.5,1727072689232
91,1.0,0.0,0.39517934016718,1.0,0.5,0.5,0.49999104841104,0.5,1727072689258
91,1.0,0.0,0.3879576315794,1.0,0.5,0.5,0.50000469702041,0.5,1727072689298
91,1.0,0.0,0.37907002964366,1.0,0.5,0.5,0.49998494901098,0.5,1727072689315
91,1.0,0.0,0.37184910108586,1.0,0.5,0.5,0.49999229822396,0.5,1727072689332
91,1.0,0.0,0.36015246542063,1.0,0.5,0.5,0.49998239968658,0.5,1727072689348
91,1.0,0.0,0.35293101451466,1.0,0.5,0.5,0.49999449485462,0.5,1727072692827
91,1.0,0.0,0.35293101451466,1.0,0.5,0.5,0.49999449485462,0.5,1727072693354
91,1.0,0.0,0.35293101451466,1.0,0.5,0.5,0.49999449485462,0.5,1727072695051
91,1.0,0.0,0.35293101451466,0.99617386365834,0.5,0.5,0.49999449485462,0.50000204966909,1727072695130
91,1.0,0.0,0.35293101451466,0.97900409699306,0.5,0.5,0.49999449485462,0.50000183790228,1727072695138
91,1.0,0.0,0.35293101451466,0.96468873962978,0.5,0.5,0.49999449485462,0.49999838050946,1727072695148
91,1.0,0.0,0.35293101451466,0.93319480608552,0.5,0.5,0.49999449485462,0.50000474851627,1727072695165
91,1.0,0.0,0.35293101451466,0.89502056378372,0.5,0.5,0.49999449485462,0.50000249377444,1727072695182
91,1.0,0.0,0.35293101451466,0.86647088915084,0.5,0.5,0.49999449485462,0.50000461749436,1727072695198
91,1.0,0.0,0.35293101451466,0.83792353185179,0.5,0.5,0.49999449485462,0.50000023054501,1727072695215
91,1.0,0.0,0.35293101451466,0.81692684967287,0.5,0.5,0.49999449485462,0.50000194954769,1727072695232
91,1.0,0.0,0.35293101451466,0.79592811685544,0.5,0.5,0.49999449485462,0.50000265664347,1727072695248
91,1.0,0.0,0.35293101451466,0.77492211592417,0.5,0.5,0.49999449485462,0.49999948305679,1727072695265
91,1.0,0.0,0.35293101451466,0.75014367836564,0.5,0.5,0.49999449485462,0.5000028757719,1727072695282
91,1.0,0.0,0.35293101451466,0.72535563405258,0.5,0.5,0.49999449485462,0.50000101062615,1727072695298
91,1.0,0.0,0.35293101451466,0.69387149900441,0.5,0.5,0.49999449485462,0.50000581808585,1727072695315
91,1.0,0.0,0.35293101451466,0.65191518965029,0.5,0.5,0.49999449485462,0.5000045830206,1727072695331
91,1.0,0.0,0.35293101451466,0.60706873943293,0.5,0.5,0.49999449485462,0.50000463218156,1727072695348
91,1.0,0.0,0.35293101451466,0.58989906807429,0.5,0.5,0.49999449485462,0.50000443766293,1727072695365
91,1.0,0.0,0.35293101451466,0.57559438516776,0.5,0.5,0.49999449485462,0.50000652421244,1727072695381
91,1.0,0.0,0.35293101451466,0.56231127206728,0.5,0.5,0.49999449485462,0.50000242963941,1727072695398
91,1.0,0.0,0.35293101451466,0.55849076714712,0.5,0.5,0.49999449485462,0.49999894946561,1727072695415
91,1.0,0.0,0.35293101451466,0.5518334751048,0.5,0.5,0.49999449485462,0.50000186051809,1727072695490
91,1.0,0.0,0.35293101451466,0.54801699786049,0.5,0.5,0.49999449485462,0.50000111454808,1727072695498
91,1.0,0.0,0.35293101451466,0.54419585166616,0.5,0.5,0.49999449485462,0.49999712023393,1727072695522
91,1.0,0.0,0.35293101451466,0.54038172719929,0.5,0.5,0.49999449485462,0.49999798535193,1727072695538
91,1.0,0.0,0.35293101451466,0.53372499984139,0.5,0.5,0.49999449485462,0.50000135271938,1727072695548
91,1.0,0.0,0.35293101451466,0.52991640697161,0.5,0.5,0.49999449485462,0.50000616045132,1727072697602
91,1.0,0.0,0.35293101451466,0.52991640697161,0.5,0.5,0.49999449485462,0.50000616045132,1727072698042
91,1.0,0.0,0.35293101451466,0.52991640697161,0.5,0.5,0.49999449485462,0.50000616045132,1727072699291
91,0.99333787904287,0.0,0.35293101451466,0.52991640697161,0.49999974170603,0.5,0.49999449485462,0.50000616045132,1727072699386
91,0.98668316952338,0.0,0.35293101451466,0.52991640697161,0.49999592608445,0.5,0.49999449485462,0.50000616045132,1727072699410
91,0.97618241788626,0.0,0.35293101451466,0.52991640697161,0.49999901193765,0.5,0.49999449485462,0.50000616045132,1727072699418
91,0.96567519357594,0.0,0.35293101451466,0.52991640697161,0.49999921564239,0.5,0.49999449485462,0.50000616045132,1727072699431
91,0.94467413598913,0.0,0.35293101451466,0.52991640697161,0.49999871378934,0.5,0.49999449485462,0.50000616045132,1727072699448
91,0.92750333185711,0.0,0.35293101451466,0.52991640697161,0.49999795835495,0.5,0.49999449485462,0.50000616045132,1727072699465
91,0.916998419874,0.0,0.35293101451466,0.52991640697161,0.49999925349571,0.5,0.49999449485462,0.50000616045132,1727072699481
91,0.88550637150345,0.0,0.35293101451466,0.52991640697161,0.49999935870221,0.5,0.49999449485462,0.50000616045132,1727072699498
91,0.85783549202565,0.0,0.35293101451466,0.52991640697161,0.50000235035926,0.5,0.49999449485462,0.50000616045132,1727072699515
91,0.82256760446817,0.0,0.35293101451466,0.52991640697161,0.49999916403687,0.5,0.49999449485462,0.50000616045132,1727072699531
91,0.78059506962479,0.0,0.35293101451466,0.52991640697161,0.49999736243594,0.5,0.49999449485462,0.50000616045132,1727072699548
91,0.75959347728543,0.0,0.35293101451466,0.52991640697161,0.49999643800702,0.5,0.49999449485462,0.50000616045132,1727072699565
91,0.74909258454405,0.0,0.35293101451466,0.52991640697161,0.50000015277497,0.5,0.49999449485462,0.50000616045132,1727072699581
91,0.73478759821055,0.0,0.35293101451466,0.52991640697161,0.50000166992081,0.5,0.49999449485462,0.50000616045132,1727072699598
91,0.72428333635972,0.0,0.35293101451466,0.52991640697161,0.49999492328122,0.5,0.49999449485462,0.50000616045132,1727072699615
91,0.7099722551165,0.0,0.35293101451466,0.52991640697161,0.49999290126608,0.5,0.49999449485462,0.50000616045132,1727072699631
91,0.68897792067076,0.0,0.35293101451466,0.52991640697161,0.49999606913699,0.5,0.49999449485462,0.50000616045132,1727072699648
91,0.67467211216362,0.0,0.35293101451466,0.52991640697161,0.49999713152613,0.5,0.49999449485462,0.50000616045132,1727072699665
91,0.6603611939161,0.0,0.35293101451466,0.52991640697161,0.49999513274958,0.5,0.49999449485462,0.50000616045132,1727072699681
91,0.63558459517541,0.0,0.35293101451466,0.52991640697161,0.49999998741855,0.5,0.49999449485462,0.50000616045132,1727072699698
91,0.62508461537678,0.0,0.35293101451466,0.52991640697161,0.49999515360922,0.5,0.49999449485462,0.50000616045132,1727072699715
91,0.61078451542362,0.0,0.35293101451466,0.52991640697161,0.49999993597541,0.5,0.49999449485462,0.50000616045132,1727072699731
91,0.59648186685847,0.0,0.35293101451466,0.52991640697161,0.49999319968281,0.5,0.49999449485462,0.50000616045132,1727072699748
91,0.5821797056173,0.0,0.35293101451466,0.52991640697161,0.49999674721786,0.5,0.49999449485462,0.50000616045132,1727072699765
91,0.56118426946536,0.0,0.35293101451466,0.52991640697161,0.49999976489277,0.5,0.49999449485462,0.50000616045132,1727072699781
91,0.55736622103756,0.0,0.35293101451466,0.52991640697161,0.49999794473312,0.5,0.49999449485462,0.50000616045132,1727072699798
91,0.55355227005349,0.0,0.35293101451466,0.52991640697161,0.49999891861432,0.5,0.49999449485462,0.50000616045132,1727072699815
91,0.5430438144184,0.0,0.35293101451466,0.52991640697161,0.49999837361477,0.5,0.49999449485462,0.50000616045132,1727072699842
91,0.5564044642203,0.0,0.35293101451466,0.52991640697161,0.49999253384229,0.5,0.49999449485462,0.50000616045132,1727072700122
91,0.5602728399863,0.0,0.35293101451466,0.52991640697161,0.49999722176577,0.5,0.49999449485462,0.50000616045132,1727072700131
91,0.57079453990805,0.0,0.35293101451466,0.52991640697161,0.49999633244417,0.5,0.49999449485462,0.50000616045132,1727072700148
91,0.58129871676144,0.0,0.35293101451466,0.52991640697161,0.49999404728189,0.5,0.49999449485462,0.50000616045132,1727072700165
91,0.58797665062715,0.0,0.35293101451466,0.52991640697161,0.4999947597491,0.5,0.49999449485462,0.50000616045132,1727072700181
91,0.59848625485059,0.0,0.35293101451466,0.52991640697161,0.49999606698339,0.5,0.49999449485462,0.50000616045132,1727072700198
91,0.60899982782544,0.0,0.35293101451466,0.52991640697161,0.49999988949381,0.5,0.49999449485462,0.50000616045132,1727072700215
91,0.61951624918013,0.0,0.35293101451466,0.52991640697161,0.49999567076881,0.5,0.49999449485462,0.50000616045132,1727072700231
91,0.63287272408479,0.0,0.35293101451466,0.52991640697161,0.49999737784683,0.5,0.49999449485462,0.50000616045132,1727072700248
91,0.64337789774035,0.0,0.35293101451466,0.52991640697161,0.4999958543456,0.5,0.49999449485462,0.50000616045132,1727072700264
91,0.6367281821969,0.0,0.35293101451466,0.52991640697161,0.49999360874155,0.5,0.49999449485462,0.50000616045132,1727072700818
91,0.63007676448312,0.0,0.35293101451466,0.52991640697161,0.49999990064802,0.5,0.49999449485462,0.50000616045132,1727072701747
91,0.63007676448312,0.0,0.35293101451466,0.52991640697161,0.49999990064802,0.5,0.49999449485462,0.50000616045132,1727072702114
91,0.63007676448312,0.0,0.35293101451466,0.52991640697161,0.49999990064802,0.5,0.49999449485462,0.50000616045132,1727072702811
91,0.63007676448312,0.00668550455151,0.35293101451466,0.52991640697161,0.49999990064802,0.50001461237424,0.49999449485462,0.50000616045132,1727072702834
91,0.63007676448312,0.01337756253374,0.35293101451466,0.52991640697161,0.49999990064802,0.50001476381606,0.49999449485462,0.50000616045132,1727072702858
91,0.63007676448312,0.02006749966861,0.35293101451466,0.52991640697161,0.49999990064802,0.49998783054738,0.49999449485462,0.50000616045132,1727072702898
91,0.63007676448312,0.02675997445827,0.35293101451466,0.52991640697161,0.49999990064802,0.49998779195284,0.49999449485462,0.50000616045132,1727072702914
91,0.63007676448312,0.03727505360612,0.35293101451466,0.52991640697161,0.49999990064802,0.50000358783112,0.49999449485462,0.50000616045132,1727072702931
91,0.63007676448312,0.04396457941488,0.35293101451466,0.52991640697161,0.49999990064802,0.50000872361163,0.49999449485462,0.50000616045132,1727072702954
91,0.63007676448312,0.04788550418873,0.35293101451466,0.52991640697161,0.49999990064802,0.50001259202731,0.49999449485462,0.50000616045132,1727072702970
91,0.63007676448312,0.05840910530923,0.35293101451466,0.52991640697161,0.49999990064802,0.49998372293386,0.49999449485462,0.50000616045132,1727072702981
91,0.63007676448312,0.07557792257997,0.35293101451466,0.52991640697161,0.49999990064802,0.49998528148036,0.49999449485462,0.50000616045132,1727072702998
91,0.63007676448312,0.09663726071341,0.35293101451466,0.52991640697161,0.49999990064802,0.49998967528556,0.49999449485462,0.50000616045132,1727072703014
91,0.63007676448312,0.1138119114638,0.35293101451466,0.52991640697161,0.49999990064802,0.50000526330174,0.49999449485462,0.50000616045132,1727072703031
91,0.63007676448312,0.14149033462026,0.35293101451466,0.52991640697161,0.49999990064802,0.50000277864478,0.49999449485462,0.50000616045132,1727072703048
91,0.63007676448312,0.16916880331713,0.35293101451466,0.52991640697161,0.49999990064802,0.50000056222397,0.49999449485462,0.50000616045132,1727072703064
91,0.63007676448312,0.19685434707529,0.35293101451466,0.52991640697161,0.49999990064802,0.49998989122485,0.49999449485462,0.50000616045132,1727072703081
91,0.63007676448312,0.21790846788872,0.35293101451466,0.52991640697161,0.49999990064802,0.49999908614591,0.49999449485462,0.50000616045132,1727072703098
91,0.63007676448312,0.22842489302686,0.35293101451466,0.52991640697161,0.49999990064802,0.49998904270103,0.49999449485462,0.50000616045132,1727072703114
91,0.63007676448312,0.23509157958575,0.35293101451466,0.52991640697161,0.49999990064802,0.50000082752687,0.49999449485462,0.50000616045132,1727072703131
91,0.63007676448312,0.23898471644993,0.35293101451466,0.52991640697161,0.49999990064802,0.49999988604914,0.49999449485462,0.50000616045132,1727072703148
91,0.63007676448312,0.24566587143991,0.35293101451466,0.52991640697161,0.49999990064802,0.49999518043751,0.49999449485462,0.50000616045132,1727072703234
91,0.63007676448312,0.2523443972882,0.35293101451466,0.52991640697161,0.49999990064802,0.49999348545754,0.49999449485462,0.50000616045132,1727072703258
91,0.63007676448312,0.25623629992042,0.35293101451466,0.52991640697161,0.49999990064802,0.49999397667964,0.49999449485462,0.50000616045132,1727072703266
91,0.63007676448312,0.26012769321177,0.35293101451466,0.52991640697161,0.49999990064802,0.49999501087763,0.49999449485462,0.50000616045132,1727072703459
91,0.63007676448312,0.26679610876013,0.35293101451466,0.52991640697161,0.49999990064802,0.50000415126136,0.49999449485462,0.50000616045132,1727072703474
91,0.63007676448312,0.27068507623785,0.35293101451466,0.52991640697161,0.49999990064802,0.50000765706422,0.49999449485462,0.50000616045132,1727072703514
91,0.63007676448312,0.27736180295602,0.35293101451466,0.52991640697161,0.49999990064802,0.49999168160473,0.49999449485462,0.50000616045132,1727072703531
91,0.63007676448312,0.28124982080025,0.35293101451466,0.52991640697161,0.49999990064802,0.49999619445448,0.49999449485462,0.50000616045132,1727072703548
91,0.63007676448312,0.29176192159247,0.35293101451466,0.52991640697161,0.49999990064802,0.50000743826629,0.49999449485462,0.50000616045132,1727072703564
91,0.63007676448312,0.30228059918486,0.35293101451466,0.52991640697161,0.49999990064802,0.49999633023091,0.49999449485462,0.50000616045132,1727072703581
91,0.63007676448312,0.30616652582209,0.35293101451466,0.52991640697161,0.49999990064802,0.50000268142132,0.49999449485462,0.50000616045132,1727072703602
91,0.63007676448312,0.31284531578238,0.35293101451466,0.52991640697161,0.49999990064802,0.50000082091629,0.49999449485462,0.50000616045132,1727072703658
91,0.63007676448312,0.31672226572762,0.35293101451466,0.52991640697161,0.49999990064802,0.50000078916185,0.49999449485462,0.50000616045132,1727072703698
91,0.63007676448312,0.32339922198125,0.35293101451466,0.52991640697161,0.49999990064802,0.50000074807274,0.49999449485462,0.50000616045132,1727072703714
91,0.63007676448312,0.32728550714491,0.35293101451466,0.52991640697161,0.49999990064802,0.5000064947857,0.49999449485462,0.50000616045132,1727072703731
91,0.63007676448312,0.33395891092388,0.35293101451466,0.52991640697161,0.49999990064802,0.49999521824236,0.49999449485462,0.50000616045132,1727072703748
91,0.63007676448312,0.33784395210253,0.35293101451466,0.52991640697161,0.49999990064802,0.50000206497944,0.49999449485462,0.50000616045132,1727072703764
91,0.63007676448312,0.34172473791801,0.35293101451466,0.52991640697161,0.49999990064802,0.49999845239854,0.49999449485462,0.50000616045132,1727072703781
91,0.63007676448312,0.34839828180489,0.35293101451466,0.52991640697161,0.49999990064802,0.50000158304451,0.49999449485462,0.50000616045132,1727072703798
91,0.63007676448312,0.34839828180489,0.35293101451466,0.52991640697161,0.49999990064802,0.50000158304451,0.49999449485462,0.50000616045132,1727072706058
91,0.63007676448312,0.34839828180489,0.35293101451466,0.52991640697161,0.49999990064802,0.50000158304451,0.49999449485462,0.50000616045132,1727072708907
91,0.63007676448312,0.34175039052192,0.35293101451466,0.52991640697161,0.49999990064802,0.50000321958658,0.49999449485462,0.50000616045132,1727072709411
91,0.63007676448312,0.33510358805235,0.35293101451466,0.52991640697161,0.49999990064802,0.50000386734462,0.49999449485462,0.50000616045132,1727072709563
91,0.63007676448312,0.32845638345518,0.35293101451466,0.52991640697161,0.49999990064802,0.499990250151,0.49999449485462,0.50000616045132,1727072709659
91,0.63007676448312,0.32845638345518,0.35293101451466,0.52991640697161,0.49999990064802,0.499990250151,0.49999449485462,0.50000616045132,1727072709906
92,0.0,0.16666666666667,0.0,0.0,0.5,0.5,0.5,0.5,1727072713308
92,0.0,0.16666666666667,0.00724719934827,0.0,0.5,0.5,0.4999451765707,0.5,1727072713411
92,0.0,0.16666666666667,0.02175141342415,0.0,0.5,0.5,0.49997412139744,0.5,1727072713418
92,0.0,0.16666666666667,0.03625728983446,0.0,0.5,0.5,0.49996966296949,0.5,1727072713430
92,0.0,0.16666666666667,0.07766319863845,0.0,0.5,0.5,0.49995416070044,0.5,1727072713447
92,0.0,0.16666666666667,0.11906803983479,0.0,0.5,0.5,0.49995731472292,0.5,1727072713464
92,0.0,0.16666666666667,0.15326607768625,0.0,0.5,0.5,0.49999995058161,0.5,1727072713481
92,0.0,0.16666666666667,0.19021121694032,0.0,0.5,0.5,0.49997851603785,0.5,1727072713497
92,0.0,0.16666666666667,0.22176684049478,0.0,0.5,0.5,0.49999486146257,0.5,1727072713514
92,0.0,0.16666666666667,0.27306227068315,0.0,0.5,0.5,0.49997468456774,0.5,1727072713531
92,0.0,0.16666666666667,0.3072534311881,0.0,0.5,0.5,0.49999215035995,0.5,1727072713547
92,0.0,0.16666666666667,0.33156539374652,0.0,0.5,0.5,0.49999614667082,0.5,1727072713564
92,0.0,0.16666666666667,0.36575818878923,0.0,0.5,0.5,0.49999683261688,0.5,1727072713581
92,0.0,0.16666666666667,0.38285142551123,0.0,0.5,0.5,0.49998941857277,0.5,1727072713597
92,0.0,0.16666666666667,0.41703699646834,0.0,0.5,0.5,0.49998282986182,0.5,1727072713614
92,0.0,0.16666666666667,0.44134740826788,0.0,0.5,0.5,0.49999828932115,0.5,1727072713631
92,0.0,0.16666666666667,0.47034278928773,0.0,0.5,0.5,0.49999377111001,0.5,1727072713647
92,0.0,0.16666666666667,0.49465509503392,0.0,0.5,0.5,0.49999442097097,0.5,1727072713664
92,0.0,0.16666666666667,0.51174698100551,0.0,0.5,0.5,0.49999762013449,0.5,1727072713681
92,0.0,0.16666666666667,0.53347333562684,0.0,0.5,0.5,0.49999262222157,0.5,1727072713697
92,0.0,0.16666666666667,0.56245333079206,0.0,0.5,0.5,0.49998244964949,0.5,1727072713714
92,0.0,0.16666666666667,0.61832990977648,0.0,0.5,0.5,0.49998925959971,0.5,1727072713731
92,0.0,0.16666666666667,0.66182953674106,0.0,0.5,0.5,0.49999371953723,0.5,1727072713747
92,0.0,0.16666666666667,0.68615118045845,0.0,0.5,0.5,0.49998778084852,0.5,1727072713764
92,0.0,0.16666666666667,0.69337782700158,0.0,0.5,0.5,0.49999664226423,0.5,1727072713781
92,0.0,0.16666666666667,0.69603692793247,0.0,0.5,0.5,0.50000410357458,0.5,1727072713797
92,0.0,0.16666666666667,0.6888193870367,0.0,0.5,0.5,0.49999018446251,0.5,1727072713915
92,0.0,0.16666666666667,0.68159029059754,0.0,0.5,0.5,0.49999502872674,0.5,1727072713931
92,0.0,0.16666666666667,0.65273523369932,0.0,0.5,0.5,0.49999177344037,0.5,1727072713947
92,0.0,0.16666666666667,0.63109032524204,0.0,0.5,0.5,0.49999853776294,0.5,1727072713964
92,0.0,0.16666666666667,0.59954908399045,0.0,0.5,0.5,0.50000249374804,0.5,1727072713981
92,0.0,0.16666666666667,0.57789931681873,0.0,0.5,0.5,0.49998888458578,0.5,1727072713997
92,0.0,0.16666666666667,0.56346093135638,0.0,0.5,0.5,0.49997779696718,0.5,1727072714014
92,0.0,0.16666666666667,0.54181557416955,0.0,0.5,0.5,0.49998791536328,0.5,1727072714031
92,0.0,0.16666666666667,0.53459530566015,0.0,0.5,0.5,0.49998935319638,0.5,1727072714047
92,0.0,0.16666666666667,0.51295244958406,0.0,0.5,0.5,0.49998298098067,0.5,1727072714064
92,0.0,0.16666666666667,0.49851081505644,0.0,0.5,0.5,0.49999359380639,0.5,1727072714081
92,0.0,0.16666666666667,0.49128094247656,0.0,0.5,0.5,0.50000520909431,0.5,1727072714097
92,0.0,0.16666666666667,0.48406162866923,0.0,0.5,0.5,0.50000009151127,0.5,1727072714170
92,0.0,0.16666666666667,0.47684336834927,0.0,0.5,0.5,0.49998726697748,0.5,1727072714180
92,0.0,0.16666666666667,0.4696153764455,0.0,0.5,0.5,0.49998545495744,0.5,1727072714197
92,0.0,0.16666666666667,0.46239454125145,0.0,0.5,0.5,0.49999118753255,0.5,1727072714218
92,0.0,0.16666666666667,0.45516685195891,0.0,0.5,0.5,0.49998712680918,0.5,1727072714264
92,0.0,0.16666666666667,0.4479449586679,0.0,0.5,0.5,0.50000095031595,0.5,1727072714394
92,0.0,0.16666666666667,0.44071853239253,0.0,0.5,0.5,0.4999873118874,0.5,1727072714410
92,0.0,0.16666666666667,0.43349681294093,0.0,0.5,0.5,0.50000009497969,0.5,1727072714426
92,0.0,0.16666666666667,0.42627741215456,0.0,0.5,0.5,0.49999516044932,0.5,1727072714442
92,0.0,0.16666666666667,0.41904960311303,0.0,0.5,0.5,0.49999186257901,0.5,1727072714458
92,0.0,0.16666666666667,0.41183068057577,0.0,0.5,0.5,0.49998293890766,0.5,1727072714474
92,0.0,0.16666666666667,0.40460160359366,0.0,0.5,0.5,0.49998959693441,0.5,1727072714514
92,0.0,0.16666666666667,0.39017085142469,0.0,0.5,0.5,0.49998005426685,0.5,1727072714531
92,0.0,0.16666666666667,0.38294697887565,0.0,0.5,0.5,0.50001162506909,0.5,1727072714547
92,0.0,0.16666666666667,0.37572121501016,0.0,0.5,0.5,0.49999113807163,0.5,1727072714763
92,0.0,0.16666666666667,0.36850089339777,0.0,0.5,0.5,0.49999345017078,0.5,1727072714797
92,0.0,0.16666666666667,0.36127979436693,0.0,0.5,0.5,0.50000249033308,0.5,1727072714814
92,0.0,0.16666666666667,0.35405399830499,0.0,0.5,0.5,0.49998143917349,0.5,1727072716459
92,0.0,0.16666666666667,0.34683417653893,0.0,0.5,0.5,0.49997932338419,0.5,1727072716514
92,0.0,0.16666666666667,0.33961505812894,0.0,0.5,0.5,0.49997089650937,0.5,1727072716564
92,0.0,0.16666666666667,0.33961505812894,0.0,0.5,0.5,0.49997089650937,0.5,1727072718002
92,0.0,0.16666666666667,0.33961505812894,0.0,0.5,0.5,0.49997089650937,0.5,1727072720524
92,0.0,0.16666666666667,0.33961505812894,0.0,0.5,0.5,0.49997089650937,0.5,1727072721435
92,0.0,0.17335318245245,0.33961505812894,0.0,0.5,0.49998082920225,0.49997089650937,0.5,1727072721482
92,0.0,0.19052596341134,0.33961505812894,0.0,0.5,0.49999638749407,0.49997089650937,0.5,1727072721498
92,0.0,0.19720265697917,0.33961505812894,0.0,0.5,0.49999672437564,0.49997089650937,0.5,1727072721514
92,0.0,0.23154420931336,0.33961505812894,0.0,0.5,0.49999341927898,0.49997089650937,0.5,1727072721530
92,0.0,0.25540333497523,0.33961505812894,0.0,0.5,0.49999636198241,0.49997089650937,0.5,1727072721547
92,0.0,0.26591393307006,0.33961505812894,0.0,0.5,0.49999333085334,0.49997089650937,0.5,1727072721563
92,0.0,0.27929457506756,0.33961505812894,0.0,0.5,0.49999763823652,0.49997089650937,0.5,1727072721580
92,0.0,0.30697344763222,0.33961505812894,0.0,0.5,0.49999582587733,0.49997089650937,0.5,1727072721597
92,0.0,0.34800275326165,0.33961505812894,0.0,0.5,0.49999746163124,0.49997089650937,0.5,1727072721614
92,0.0,0.39573962612778,0.33961505812894,0.0,0.5,0.49999900568041,0.49997089650937,0.5,1727072721630
92,0.0,0.44725533973523,0.33961505812894,0.0,0.5,0.49999273661365,0.49997089650937,0.5,1727072721647
92,0.0,0.48160010539511,0.33961505812894,0.0,0.5,0.49999992057498,0.49997089650937,0.5,1727072721664
92,0.0,0.49211199451303,0.33961505812894,0.0,0.5,0.49999680381424,0.49997089650937,0.5,1727072721680
92,0.0,0.50546858272657,0.33961505812894,0.0,0.5,0.49999485921592,0.49997089650937,0.5,1727072721697
92,0.0,0.50934149413967,0.33961505812894,0.0,0.5,0.49999779814545,0.49997089650937,0.5,1727072721714
92,0.0,0.51601814974039,0.33961505812894,0.0,0.5,0.49999800984822,0.49997089650937,0.5,1727072721730
92,0.0,0.50936991371131,0.33961505812894,0.0,0.5,0.49999950416045,0.49997089650937,0.5,1727072722843
92,0.0,0.50271972242493,0.33961505812894,0.0,0.5,0.49999118857473,0.49997089650937,0.5,1727072722880
92,0.0,0.49606322333423,0.33961505812894,0.0,0.5,0.49999875490626,0.49997089650937,0.5,1727072722947
92,0.0,0.48941185005424,0.33961505812894,0.0,0.5,0.50000263548281,0.49997089650937,0.5,1727072722980
92,0.0,0.48941185005424,0.33961505812894,0.0,0.5,0.50000263548281,0.49997089650937,0.5,1727072723691
93,0.16666666666667,0.16666666666667,0.16666666666667,0.16666666666667,0.5,0.5,0.5,0.5,1727072727499
93,0.16666666666667,0.16666666666667,0.17390341918768,0.16666666666667,0.5,0.5,0.49999402743912,0.5,1727072727522
93,0.16666666666667,0.16666666666667,0.19822368784548,0.16666666666667,0.5,0.5,0.49999770473739,0.5,1727072727530
93,0.16666666666667,0.16666666666667,0.2515727171356,0.16666666666667,0.5,0.5,0.49998770742977,0.5,1727072727546
93,0.16666666666667,0.16666666666667,0.34382966846309,0.16666666666667,0.5,0.5,0.49998144869104,0.5,1727072727563
93,0.16666666666667,0.16666666666667,0.47012387985838,0.16666666666667,0.5,0.5,0.49997837931941,0.5,1727072727580
93,0.16666666666667,0.16666666666667,0.59640732929003,0.16666666666667,0.5,0.5,0.49999219502596,0.5,1727072727596
93,0.16666666666667,0.16666666666667,0.744933510008,0.16666666666667,0.5,0.5,0.4999949022136,0.5,1727072727613
93,0.16666666666667,0.16666666666667,0.90069703211531,0.16666666666667,0.5,0.5,0.49999267315433,0.5,1727072727630
93,0.16666666666667,0.16666666666667,1.0,0.16666666666667,0.5,0.5,0.5,0.5,1727072727646
93,0.16666666666667,0.16666666666667,1.0,0.16666666666667,0.5,0.5,0.5,0.5,1727072727663
93,0.16666666666667,0.16666666666667,1.0,0.16666666666667,0.5,0.5,0.5,0.5,1727072727680
93,0.16666666666667,0.16666666666667,1.0,0.16666666666667,0.5,0.5,0.5,0.5,1727072727696
93,0.16666666666667,0.16666666666667,1.0,0.16666666666667,0.5,0.5,0.5,0.5,1727072727713
93,0.16666666666667,0.16666666666667,1.0,0.16666666666667,0.5,0.5,0.5,0.5,1727072727730
93,0.16666666666667,0.16666666666667,1.0,0.16666666666667,0.5,0.5,0.5,0.5,1727072727747
93,0.16666666666667,0.16666666666667,1.0,0.16666666666667,0.5,0.5,0.5,0.5,1727072727763
93,0.16666666666667,0.16666666666667,1.0,0.16666666666667,0.5,0.5,0.5,0.5,1727072727780
93,0.16666666666667,0.16666666666667,1.0,0.16666666666667,0.5,0.5,0.5,0.5,1727072727797
93,0.16666666666667,0.16666666666667,1.0,0.16666666666667,0.5,0.5,0.5,0.5,1727072727813
93,0.16666666666667,0.16666666666667,1.0,0.16666666666667,0.5,0.5,0.5,0.5,1727072727830
93,0.16666666666667,0.16666666666667,1.0,0.16666666666667,0.5,0.5,0.5,0.5,1727072727847
93,0.16666666666667,0.16666666666667,1.0,0.16666666666667,0.5,0.5,0.5,0.5,1727072727863
93,0.16666666666667,0.16666666666667,1.0,0.16666666666667,0.5,0.5,0.5,0.5,1727072727880
93,0.16666666666667,0.16666666666667,1.0,0.16666666666667,0.5,0.5,0.5,0.5,1727072727962
93,0.16666666666667,0.16666666666667,1.0,0.16666666666667,0.5,0.5,0.5,0.5,1727072730251
93,0.16666666666667,0.17056681433421,1.0,0.16666666666667,0.5,0.49998972246199,0.5,0.5,1727072730283
93,0.16666666666667,0.16392590827256,1.0,0.16666666666667,0.5,0.50000305930128,0.5,0.5,1727072730331
93,0.16666666666667,0.14012720197495,1.0,0.16666666666667,0.5,0.50000141765975,0.5,0.5,1727072730347
93,0.16666666666667,0.08607762003976,1.0,0.16666666666667,0.5,0.49998203129884,0.5,0.5,1727072730363
93,0.16666666666667,0.02564116027591,1.0,0.16666666666667,0.5,0.49998947346419,0.5,0.5,1727072730380
93,0.16666666666667,1.28206114e-06,1.0,0.16666666666667,0.5,0.50000848193951,0.5,0.5,1727072730396
93,0.16666666666667,1.28206114e-06,1.0,0.16666666666667,0.5,0.50000848193951,0.5,0.5,1727072730413
93,0.16666666666667,1.28206114e-06,1.0,0.16666666666667,0.5,0.50000848193951,0.5,0.5,1727072730430
93,0.16666666666667,1.28206114e-06,1.0,0.16666666666667,0.5,0.50000848193951,0.5,0.5,1727072730446
93,0.16666666666667,1.28206114e-06,1.0,0.16666666666667,0.5,0.50000848193951,0.5,0.5,1727072730498
93,0.16666666666667,1.28206114e-06,1.0,0.16666666666667,0.5,0.50000848193951,0.5,0.5,1727072730586
93,0.16666666666667,1.28206114e-06,1.0,0.16666666666667,0.5,0.50000848193951,0.5,0.5,1727072731164
93,0.17335085727813,1.28206114e-06,1.0,0.16666666666667,0.50001614286594,0.50000848193951,0.5,0.5,1727072731307
93,0.18003042898985,1.28206114e-06,1.0,0.16666666666667,0.49999956378735,0.50000848193951,0.5,0.5,1727072731323
93,0.18671073536884,1.28206114e-06,1.0,0.16666666666667,0.50000384173195,0.50000848193951,0.5,0.5,1727072731339
93,0.19338153552556,1.28206114e-06,1.0,0.16666666666667,0.49999617030231,0.50000848193951,0.5,0.5,1727072731356
93,0.2000644352228,1.28206114e-06,1.0,0.16666666666667,0.50000354852845,0.50000848193951,0.5,0.5,1727072731363
93,0.21344784326761,1.28206114e-06,1.0,0.16666666666667,0.50000200977584,0.50000848193951,0.5,0.5,1727072731380
93,0.22683171231997,1.28206114e-06,1.0,0.16666666666667,0.50000109043119,0.50000848193951,0.5,0.5,1727072731396
93,0.24696240459502,1.28206114e-06,1.0,0.16666666666667,0.50000949468684,0.50000848193951,0.5,0.5,1727072731413
93,0.26706890335626,1.28206114e-06,1.0,0.16666666666667,0.5000078528599,0.50000848193951,0.5,0.5,1727072731430
93,0.28717486352303,1.28206114e-06,1.0,0.16666666666667,0.50000578116131,0.50000848193951,0.5,0.5,1727072731446
93,0.29385130460629,1.28206114e-06,1.0,0.16666666666667,0.50000522157138,0.50000848193951,0.5,0.5,1727072731463
93,0.30052752335118,1.28206114e-06,1.0,0.16666666666667,0.50000445289454,0.50000848193951,0.5,0.5,1727072731480
93,0.30720177945014,1.28206114e-06,1.0,0.16666666666667,0.50000176069386,0.50000848193951,0.5,0.5,1727072731497
93,0.31388185675416,1.28206114e-06,1.0,0.16666666666667,0.50000482383827,0.50000848193951,0.5,0.5,1727072731513
93,0.33772637318111,1.28206114e-06,1.0,0.16666666666667,0.50000309212024,0.50000848193951,0.5,0.5,1727072731530
93,0.35782644762042,1.28206114e-06,1.0,0.16666666666667,0.50001003466674,0.50000848193951,0.5,0.5,1727072731546
93,0.39142375504268,1.28206114e-06,1.0,0.16666666666667,0.50000719469514,0.50000848193951,0.5,0.5,1727072731563
93,0.40858763265935,1.28206114e-06,1.0,0.16666666666667,0.50000252587412,0.50000848193951,0.5,0.5,1727072731580
93,0.41526167552383,1.28206114e-06,1.0,0.16666666666667,0.50000011358904,0.50000848193951,0.5,0.5,1727072731596
93,0.4286299714146,1.28206114e-06,1.0,0.16666666666667,0.49999935184238,0.50000848193951,0.5,0.5,1727072731613
93,0.44200028849527,1.28206114e-06,1.0,0.16666666666667,0.50000022984922,0.50000848193951,0.5,0.5,1727072731629
93,0.4591707268133,1.28206114e-06,1.0,0.16666666666667,0.50000116306557,0.50000848193951,0.5,0.5,1727072731646
93,0.47252958432906,1.28206114e-06,1.0,0.16666666666667,0.50000496549293,0.50000848193951,0.5,0.5,1727072731663
93,0.48304433504413,1.28206114e-06,1.0,0.16666666666667,0.49999863206291,0.50000848193951,0.5,0.5,1727072731679
93,0.48971713906179,1.28206114e-06,1.0,0.16666666666667,0.50000704087708,0.50000848193951,0.5,0.5,1727072731696
93,0.49639185439293,1.28206114e-06,1.0,0.16666666666667,0.50000534714842,0.50000848193951,0.5,0.5,1727072731713
93,0.50306395588908,1.28206114e-06,1.0,0.16666666666667,0.50000176983239,0.50000848193951,0.5,0.5,1727072731803
93,0.50973067554627,1.28206114e-06,1.0,0.16666666666667,0.50000551423508,0.50000848193951,0.5,0.5,1727072731859
93,0.51360863124662,1.28206114e-06,1.0,0.16666666666667,0.50000623178747,0.50000848193951,0.5,0.5,1727072731867
93,0.52027987156478,1.28206114e-06,1.0,0.16666666666667,0.50000211038293,0.50000848193951,0.5,0.5,1727072731883
93,0.52694994413626,1.28206114e-06,1.0,0.16666666666667,0.49999723109976,0.50000848193951,0.5,0.5,1727072731930
93,0.52694994413626,1.28206114e-06,1.0,0.16666666666667,0.49999723109976,0.50000848193951,0.5,0.5,1727072735019
93,0.52694994413626,1.28206114e-06,1.0,0.16666666666667,0.49999723109976,0.50000848193951,0.5,0.5,1727072736467
93,0.52694994413626,1.28206114e-06,1.0,0.17334534730595,0.49999723109976,0.50000848193951,0.5,0.50000896741232,1727072736531
93,0.52694994413626,1.28206114e-06,1.0,0.18002783310671,0.49999723109976,0.50000848193951,0.5,0.49999623565792,1727072736555
93,0.52694994413626,1.28206114e-06,1.0,0.18670256491654,0.49999723109976,0.50000848193951,0.5,0.49999352675112,1727072736570
93,0.52694994413626,1.28206114e-06,1.0,0.20008759426757,0.49999723109976,0.50000848193951,0.5,0.49999422634201,1727072736594
93,0.52694994413626,1.28206114e-06,1.0,0.20676718575255,0.49999723109976,0.50000848193951,0.5,0.49999753161419,1727072736602
93,0.52694994413626,1.28206114e-06,1.0,0.21344535299315,0.49999723109976,0.50000848193951,0.5,0.49999904728022,1727072736613
93,0.52694994413626,1.28206114e-06,1.0,0.22012284861575,0.49999723109976,0.50000848193951,0.5,0.49999973225626,1727072736629
93,0.52694994413626,1.28206114e-06,1.0,0.23350450784889,0.49999723109976,0.50000848193951,0.5,0.49999636883203,1727072736646
93,0.52694994413626,1.28206114e-06,1.0,0.24018115100244,0.49999723109976,0.50000848193951,0.5,0.49999610344829,1727072736663
93,0.52694994413626,1.28206114e-06,1.0,0.24686164977219,0.49999723109976,0.50000848193951,0.5,0.50000012351282,1727072736679
93,0.52694994413626,1.28206114e-06,1.0,0.25353815965887,0.49999723109976,0.50000848193951,0.5,0.49999966946895,1727072736696
93,0.52694994413626,1.28206114e-06,1.0,0.26021496005865,0.49999723109976,0.50000848193951,0.5,0.49999954123178,1727072736714
93,0.52694994413626,1.28206114e-06,1.0,0.26688738159009,0.49999723109976,0.50000848193951,0.5,0.49999474565078,1727072736731
93,0.52694994413626,1.28206114e-06,1.0,0.27356281892824,0.49999723109976,0.50000848193951,0.5,0.49999324810642,1727072736755
93,0.52694994413626,1.28206114e-06,1.0,0.2802426170282,0.49999723109976,0.50000848193951,0.5,0.49999632252858,1727072736770
93,0.52694994413626,1.28206114e-06,1.0,0.2869147387551,0.49999723109976,0.50000848193951,0.5,0.49999143796123,1727072736819
93,0.52694994413626,1.28206114e-06,1.0,0.29359245612576,0.49999723109976,0.50000848193951,0.5,0.49999234874328,1727072736863
93,0.52694994413626,1.28206114e-06,1.0,0.30027005338655,0.49999723109976,0.50000848193951,0.5,0.49999311707648,1727072737011
93,0.52694994413626,1.28206114e-06,1.0,0.30027005338655,0.49999723109976,0.50000848193951,0.5,0.49999311707648,1727072739027
94,0.83333333333333,1.0,0.33333333333333,0.66666666666667,0.5,0.5,0.5,0.5,1727072741628
94,0.83333333333333,1.0,0.34057023897682,0.66666666666667,0.5,0.5,0.49999385906835,0.5,1727072741683
94,0.83333333333333,1.0,0.34779871936548,0.66666666666667,0.5,0.5,0.49999167292583,0.5,1727072741696
94,0.83333333333333,1.0,0.37211985692406,0.66666666666667,0.5,0.5,0.49998708570245,0.5,1727072741712
94,0.83333333333333,1.0,0.40630339186072,0.66666666666667,0.5,0.5,0.49999678891381,0.5,1727072741729
94,0.83333333333333,1.0,0.43062477723771,0.66666666666667,0.5,0.5,0.49999050261539,0.5,1727072741746
94,0.83333333333333,1.0,0.44771545988856,0.66666666666667,0.5,0.5,0.50000314110209,0.5,1727072741763
94,0.83333333333333,1.0,0.4792653634022,0.66666666666667,0.5,0.5,0.49999490652418,0.5,1727072741779
94,0.83333333333333,1.0,0.50357746069519,0.66666666666667,0.5,0.5,0.49999696354841,0.5,1727072741796
94,0.83333333333333,1.0,0.53777097637257,0.66666666666667,0.5,0.5,0.49999266419238,0.5,1727072741812
94,0.83333333333333,1.0,0.5647428194958,0.66666666666667,0.5,0.5,0.49999915691315,0.5,1727072741829
94,0.83333333333333,1.0,0.58905629094418,0.66666666666667,0.5,0.5,0.49999228757338,0.5,1727072741846
94,0.83333333333333,1.0,0.59629261347981,0.66666666666667,0.5,0.5,0.4999928887083,0.5,1727072741862
94,0.83333333333333,1.0,0.60352250682885,0.66666666666667,0.5,0.5,0.49998267933528,0.5,1727072741879
94,0.83333333333333,1.0,0.60618254559091,0.66666666666667,0.5,0.5,0.49998521931884,0.5,1727072741947
94,0.83333333333333,1.0,0.61341832233106,0.66666666666667,0.5,0.5,0.49998918468519,0.5,1727072741979
94,0.83333333333333,1.0,0.62064564311631,0.66666666666667,0.5,0.5,0.49999471117641,0.5,1727072742819
94,0.83333333333333,1.0,0.62330783026169,0.66666666666667,0.5,0.5,0.49998425630862,0.5,1727072742835
94,0.83333333333333,1.0,0.64039692933043,0.66666666666667,0.5,0.5,0.50000361195822,0.5,1727072742846
94,0.83333333333333,1.0,0.64763521556696,0.66666666666667,0.5,0.5,0.49999260826335,0.5,1727072742863
94,0.83333333333333,1.0,0.66472109953908,0.66666666666667,0.5,0.5,0.49998277800867,0.5,1727072742879
94,0.83333333333333,1.0,0.67195485340486,0.66666666666667,0.5,0.5,0.49999802375363,0.5,1727072742896
94,0.83333333333333,1.0,0.68182606829765,0.66666666666667,0.5,0.5,0.5000041288825,0.5,1727072742912
94,0.83333333333333,1.0,0.68905574280996,0.66666666666667,0.5,0.5,0.49999598554571,0.5,1727072743043
94,0.83333333333333,1.0,0.69628391892974,0.66666666666667,0.5,0.5,0.49999627544585,0.5,1727072743079
94,0.83333333333333,1.0,0.69894575088153,0.66666666666667,0.5,0.5,0.49998861353569,0.5,1727072743096
94,0.83333333333333,1.0,0.70618024521166,0.66666666666667,0.5,0.5,0.49999920605031,0.5,1727072743112
94,0.83333333333333,1.0,0.71341132232553,0.66666666666667,0.5,0.5,0.49998366633744,0.5,1727072743162
94,0.83333333333333,1.0,0.72328298857933,0.66666666666667,0.5,0.5,0.49998722352188,0.5,1727072743212
94,0.83333333333333,1.0,0.73051122143929,0.66666666666667,0.5,0.5,0.49998726424685,0.5,1727072743235
94,0.83333333333333,1.0,0.73774671421135,0.66666666666667,0.5,0.5,0.49999222404511,0.5,1727072743371
94,0.83333333333333,1.0,0.74039922574559,0.66666666666667,0.5,0.5,0.49999090399657,0.5,1727072743451
94,0.83333333333333,1.0,0.74763300966827,0.66666666666667,0.5,0.5,0.50000477637243,0.5,1727072743467
94,0.83333333333333,1.0,0.75028840884126,0.66666666666667,0.5,0.5,0.49998828821685,0.5,1727072743699
94,0.83333333333333,1.0,0.74306628112784,0.66666666666667,0.5,0.5,0.4999992507286,0.5,1727072743712
94,0.83333333333333,1.0,0.74571879598917,0.66666666666667,0.5,0.5,0.49999790146775,0.5,1727072743729
94,0.83333333333333,1.0,0.73849906156281,0.66666666666667,0.5,0.5,0.49999628058087,0.5,1727072743746
94,0.83333333333333,1.0,0.7312725519384,0.66666666666667,0.5,0.5,0.49998709182276,0.5,1727072743762
94,0.83333333333333,1.0,0.72405090664989,0.66666666666667,0.5,0.5,0.4999956606097,0.5,1727072743787
94,0.83333333333333,1.0,0.71682213818395,0.66666666666667,0.5,0.5,0.49999858930022,0.5,1727072743891
94,0.83333333333333,1.0,0.70960221088255,0.66666666666667,0.5,0.5,0.49999797945114,0.5,1727072743929
94,0.83333333333333,1.0,0.7023758012938,0.66666666666667,0.5,0.5,0.49998797360368,0.5,1727072743946
94,0.83333333333333,1.0,0.69514769254814,0.66666666666667,0.5,0.5,0.49998724804448,0.5,1727072745859
94,0.83333333333333,1.0,0.6879286599543,0.66666666666667,0.5,0.5,0.49998153144724,0.5,1727072745875
94,0.83333333333333,1.0,0.6905879953311,0.66666666666667,0.5,0.5,0.49998777065178,0.5,1727072745883
94,0.83333333333333,1.0,0.68335989636453,0.66666666666667,0.5,0.5,0.49998697938119,0.5,1727072745929
94,0.83333333333333,1.0,0.67612902993789,0.66666666666667,0.5,0.5,0.50000185555997,0.5,1727072746571
94,0.83333333333333,1.0,0.67879296623066,0.66666666666667,0.5,0.5,0.49998212289442,0.5,1727072746595
94,0.83333333333333,1.0,0.67157130378844,0.66666666666667,0.5,0.5,0.49999123830716,0.5,1727072746603
94,0.83333333333333,1.0,0.66434187270637,0.66666666666667,0.5,0.5,0.49999810275833,0.5,1727072746619
94,0.83333333333333,1.0,0.66700170707252,0.66666666666667,0.5,0.5,0.5000015991934,0.5,1727072746634
94,0.83333333333333,1.0,0.65977601842404,0.66666666666667,0.5,0.5,0.49998699544021,0.5,1727072746646
94,0.83333333333333,1.0,0.65255434926229,0.66666666666667,0.5,0.5,0.49999638103621,0.5,1727072748043
94,0.83333333333333,1.0,0.65521519606501,0.66666666666667,0.5,0.5,0.49999405924778,0.5,1727072748051
94,0.83333333333333,1.0,0.64798741385941,0.66666666666667,0.5,0.5,0.49999143648237,0.5,1727072748062
94,0.83333333333333,1.0,0.65064625016279,0.66666666666667,0.5,0.5,0.50000083089655,0.5,1727072748275
94,0.83333333333333,1.0,0.64342633563086,0.66666666666667,0.5,0.5,0.50000011899074,0.5,1727072748283
94,0.83333333333333,1.0,0.64608824440057,0.66666666666667,0.5,0.5,0.49999154384515,0.5,1727072749931
94,0.83333333333333,1.0,0.64874623948937,0.66666666666667,0.5,0.5,0.50000586921819,0.5,1727072750139
94,0.83333333333333,1.0,0.65597585234397,0.66666666666667,0.5,0.5,0.49999777174993,0.5,1727072750243
94,0.83333333333333,1.0,0.6658498980435,0.66666666666667,0.5,0.5,0.49998776729366,0.5,1727072750279
94,0.83333333333333,1.0,0.6658498980435,0.66666666666667,0.5,0.5,0.49998776729366,0.5,1727072750891
94,0.83333333333333,1.0,0.6658498980435,0.66666666666667,0.5,0.5,0.49998776729366,0.5,1727072752596
94,0.83333333333333,1.0,0.6658498980435,0.66284341011688,0.5,0.5,0.49998776729366,0.49999834287239,1727072752667
94,0.83333333333333,1.0,0.6658498980435,0.65234169937562,0.5,0.5,0.49998776729366,0.50000197831059,1727072752679
94,0.83333333333333,1.0,0.6658498980435,0.60296372790866,0.5,0.5,0.49998776729366,0.49999644312041,1727072752695
94,0.83333333333333,1.0,0.6658498980435,0.5364292552671,0.5,0.5,0.49998776729366,0.49999893863034,1727072752712
94,0.83333333333333,1.0,0.6658498980435,0.45272672713827,0.5,0.5,0.49998776729366,0.50000286379793,1727072752729
94,0.83333333333333,1.0,0.6658498980435,0.35868348635382,0.5,0.5,0.49998776729366,0.49999200985299,1727072752745
94,0.83333333333333,1.0,0.6658498980435,0.28913348162529,0.5,0.5,0.49998776729366,0.49999490743137,1727072752762
94,0.83333333333333,1.0,0.6658498980435,0.22330949613181,0.5,0.5,0.49998776729366,0.50000210116154,1727072752778
94,0.83333333333333,1.0,0.6658498980435,0.10902239775849,0.5,0.5,0.49998776729366,0.49998714438833,1727072752795
94,0.83333333333333,1.0,0.6658498980435,0.03960943696247,0.5,0.5,0.49998776729366,0.49998867742643,1727072752812
94,0.83333333333333,1.0,0.6658498980435,0.01193538941754,0.5,0.5,0.49998776729366,0.49999353370166,1727072752829
94,0.83333333333333,1.0,0.6658498980435,-0.0,0.5,0.5,0.49998776729366,0.5,1727072752846
94,0.83333333333333,1.0,0.6658498980435,-0.0,0.5,0.5,0.49998776729366,0.5,1727072752862
94,0.83333333333333,1.0,0.6658498980435,-0.0,0.5,0.5,0.49998776729366,0.5,1727072752879
94,0.83333333333333,1.0,0.6658498980435,-0.0,0.5,0.5,0.49998776729366,0.5,1727072752896
94,0.83333333333333,1.0,0.6658498980435,-0.0,0.5,0.5,0.49998776729366,0.5,1727072752912
94,0.83333333333333,1.0,0.6658498980435,-0.0,0.5,0.5,0.49998776729366,0.5,1727072752929
94,0.83333333333333,1.0,0.6658498980435,-0.0,0.5,0.5,0.49998776729366,0.5,1727072752946
94,0.83333333333333,1.0,0.6658498980435,-0.0,0.5,0.5,0.49998776729366,0.5,1727072752962
94,0.83333333333333,1.0,0.6658498980435,-0.0,0.5,0.5,0.49998776729366,0.5,1727072752979
94,0.83333333333333,1.0,0.6658498980435,-0.0,0.5,0.5,0.49998776729366,0.5,1727072752996
94,0.83333333333333,1.0,0.6658498980435,-0.0,0.5,0.5,0.49998776729366,0.5,1727072753012
94,0.83333333333333,1.0,0.6658498980435,-0.0,0.5,0.5,0.49998776729366,0.5,1727072753084
94,0.83333333333333,1.0,0.6658498980435,-0.0,0.5,0.5,0.49998776729366,0.5,1727072753211
94,0.83333333333333,1.0,0.6658498980435,-0.0,0.5,0.5,0.49998776729366,0.5,1727072754892
94,0.82951660623818,1.0,0.6658498980435,-0.0,0.50000455250124,0.5,0.49998776729366,0.5,1727072755012
94,0.82568719108893,1.0,0.6658498980435,-0.0,0.50000526272204,0.5,0.49998776729366,0.5,1727072755030
94,0.81137424340854,1.0,0.6658498980435,-0.0,0.50000260380423,0.5,0.49998776729366,0.5,1727072755046
94,0.79329842862141,1.0,0.6658498980435,-0.0,0.50000323458915,0.5,0.49998776729366,0.5,1727072755062
94,0.7685121350817,1.0,0.6658498980435,-0.0,0.50000240490796,0.5,0.49998776729366,0.5,1727072755079
94,0.74083584312572,1.0,0.6658498980435,-0.0,0.50000282325522,0.5,0.49998776729366,0.5,1727072755096
94,0.71605109972056,1.0,0.6658498980435,-0.0,0.5000028226262,0.5,0.49998776729366,0.5,1727072755112
94,0.69798431222694,1.0,0.6658498980435,-0.0,0.4999998236895,0.5,0.49998776729366,0.5,1727072755129
94,0.6874864008252,1.0,0.6658498980435,-0.0,0.50000557378503,0.5,0.49998776729366,0.5,1727072755146
94,0.66648480027138,1.0,0.6658498980435,-0.0,0.50000473866962,0.5,0.49998776729366,0.5,1727072755162
94,0.65218322666838,1.0,0.6658498980435,-0.0,0.49999915134798,0.5,0.49998776729366,0.5,1727072755179
94,0.59683079558368,1.0,0.6658498980435,-0.0,0.50000001715701,0.5,0.49998776729366,0.5,1727072755196
94,0.5586585005519,1.0,0.6658498980435,-0.0,0.49999792880624,0.5,0.49998776729366,0.5,1727072755212
94,0.51381416971614,1.0,0.6658498980435,-0.0,0.49999912307303,0.5,0.49998776729366,0.5,1727072755229
94,0.47564599155541,1.0,0.6658498980435,-0.0,0.49999987669529,0.5,0.49998776729366,0.5,1727072755245
94,0.44796787568268,1.0,0.6658498980435,-0.0,0.49999892960886,0.5,0.49998776729366,0.5,1727072755262
94,0.42029946762786,1.0,0.6658498980435,-0.0,0.50000588911745,0.5,0.49998776729366,0.5,1727072755279
94,0.39930088493767,1.0,0.6658498980435,-0.0,0.50000728302226,0.5,0.49998776729366,0.5,1727072755296
94,0.38880114343929,1.0,0.6658498980435,-0.0,0.50000098686566,0.5,0.49998776729366,0.5,1727072755312
94,0.37163468925036,1.0,0.6658498980435,-0.0,0.50000347666857,0.5,0.49998776729366,0.5,1727072755329
94,0.3544653778513,1.0,0.6658498980435,-0.0,0.50000350187839,0.5,0.49998776729366,0.5,1727072755346
94,0.3439591761024,1.0,0.6658498980435,-0.0,0.50000494739428,0.5,0.49998776729366,0.5,1727072755362
94,0.34015655590257,1.0,0.6658498980435,-0.0,0.50000253146666,0.5,0.49998776729366,0.5,1727072755379
94,0.32688165536892,1.0,0.6658498980435,-0.0,0.50000452267069,0.5,0.49998776729366,0.5,1727072755396
94,0.32307452992196,1.0,0.6658498980435,-0.0,0.49999769765312,0.5,0.49998776729366,0.5,1727072755540
94,0.31257388728557,1.0,0.6658498980435,-0.0,0.50000456343339,0.5,0.49998776729366,0.5,1727072755579
94,0.30876468982036,1.0,0.6658498980435,-0.0,0.49999551947399,0.5,0.49998776729366,0.5,1727072755595
94,0.29826515329913,1.0,0.6658498980435,-0.0,0.50000363503356,0.5,0.49998776729366,0.5,1727072755612
94,0.29161843871126,1.0,0.6658498980435,-0.0,0.50000310884862,0.5,0.49998776729366,0.5,1727072755635
94,0.28781110023567,1.0,0.6658498980435,-0.0,0.49999560792727,0.5,0.49998776729366,0.5,1727072755645
94,0.28116840166968,1.0,0.6658498980435,-0.0,0.49999913943179,0.5,0.49998776729366,0.5,1727072755662
94,0.27736516843674,1.0,0.6658498980435,-0.0,0.50001183673056,0.5,0.49998776729366,0.5,1727072755679
94,0.26686285410228,1.0,0.6658498980435,-0.0,0.50000140337116,0.5,0.49998776729366,0.5,1727072755695
94,0.25635968565705,1.0,0.6658498980435,-0.0,0.50000635809043,0.5,0.49998776729366,0.5,1727072755712
94,0.23919183089113,1.0,0.6658498980435,-0.0,0.50000813199889,0.5,0.49998776729366,0.5,1727072755729
94,0.22868870512745,1.0,0.6658498980435,-0.0,0.49999585074698,0.5,0.49998776729366,0.5,1727072755745
94,0.20488168333841,1.0,0.6658498980435,-0.0,0.50000576955548,0.5,0.49998776729366,0.5,1727072755762
94,0.18390509346602,1.0,0.6658498980435,-0.0,0.49999669785406,0.5,0.49998776729366,0.5,1727072755779
94,0.16966394498079,1.0,0.6658498980435,-0.0,0.50000316153513,0.5,0.49998776729366,0.5,1727072755795
94,0.16302274658866,1.0,0.6658498980435,-0.0,0.50000982719849,0.5,0.49998776729366,0.5,1727072756012
94,0.15922831685517,1.0,0.6658498980435,-0.0,0.50001742274333,0.5,0.49998776729366,0.5,1727072756030
94,0.15543413666389,1.0,0.6658498980435,-0.0,0.50000457919162,0.5,0.49998776729366,0.5,1727072756062
94,0.15164519591119,1.0,0.6658498980435,-0.0,0.49999868506479,0.5,0.49998776729366,0.5,1727072756083
94,0.14500037682425,1.0,0.6658498980435,-0.0,0.50000052595922,0.5,0.49998776729366,0.5,1727072756172
94,0.13835901876828,1.0,0.6658498980435,-0.0,0.5000073432193,0.5,0.49998776729366,0.5,1727072756284
94,0.13457118974699,1.0,0.6658498980435,-0.0,0.50000280842697,0.5,0.49998776729366,0.5,1727072756296
94,0.13077919411039,1.0,0.6658498980435,-0.0,0.49999215053689,0.5,0.49998776729366,0.5,1727072756312
94,0.13745995887465,1.0,0.6658498980435,-0.0,0.49999775235485,0.5,0.49998776729366,0.5,1727072757076
94,0.14414310421367,1.0,0.6658498980435,-0.0,0.50000649417928,0.5,0.49998776729366,0.5,1727072757252
94,0.15082214458522,1.0,0.6658498980435,-0.0,0.50000929827927,0.5,0.49998776729366,0.5,1727072757340
94,0.15750080470601,1.0,0.6658498980435,-0.0,0.50001149600887,0.5,0.49998776729366,0.5,1727072757379
94,0.1641890500138,1.0,0.6658498980435,-0.0,0.50000590294411,0.5,0.49998776729366,0.5,1727072757436
94,0.15754307085719,1.0,0.6658498980435,-0.0,0.50000623552707,0.5,0.49998776729366,0.5,1727072757804
94,0.15754307085719,1.0,0.6658498980435,-0.0,0.50000623552707,0.5,0.49998776729366,0.5,1727072758316
94,0.15754307085719,1.0,0.6658498980435,-0.0,0.50000623552707,0.5,0.49998776729366,0.5,1727072759380
94,0.15754307085719,0.99333812273373,0.6658498980435,-0.0,0.50000623552707,0.50000697219358,0.49998776729366,0.5,1727072759436
94,0.15754307085719,0.98668244209217,0.6658498980435,-0.0,0.50000623552707,0.50000439821688,0.49998776729366,0.5,1727072759451
94,0.15754307085719,0.98002737396342,0.6658498980435,-0.0,0.50000623552707,0.50000152184401,0.49998776729366,0.5,1727072759467
94,0.15754307085719,0.97338029146571,0.6658498980435,-0.0,0.50000623552707,0.50000194861956,0.49998776729366,0.5,1727072759483
94,0.15754307085719,0.96007476770654,0.6658498980435,-0.0,0.50000623552707,0.50000098202054,0.49998776729366,0.5,1727072759499
94,0.15754307085719,0.95342430491096,0.6658498980435,-0.0,0.50000623552707,0.50000296152356,0.49998776729366,0.5,1727072759512
94,0.15754307085719,0.9268728620779,0.6658498980435,-0.0,0.50000623552707,0.50000190245474,0.49998776729366,0.5,1727072759529
94,0.15754307085719,0.89372308797368,0.6658498980435,-0.0,0.50000623552707,0.5000074108056,0.49998776729366,0.5,1727072759545
94,0.15754307085719,0.85664479591502,0.6658498980435,-0.0,0.50000623552707,0.5000006765195,0.49998776729366,0.5,1727072759562
94,0.15754307085719,0.81565561911419,0.6658498980435,-0.0,0.50000623552707,0.50000306244362,0.49998776729366,0.5,1727072759579
94,0.15754307085719,0.77594772122999,0.6658498980435,-0.0,0.50000623552707,0.5000032914453,0.49998776729366,0.5,1727072759595
94,0.15754307085719,0.73497039624253,0.6658498980435,-0.0,0.50000623552707,0.4999993476362,0.49998776729366,0.5,1727072759612
94,0.15754307085719,0.7216735797986,0.6658498980435,-0.0,0.50000623552707,0.50000189698163,0.49998776729366,0.5,1727072759629
94,0.15754307085719,0.70837617901834,0.6658498980435,-0.0,0.50000623552707,0.50000485322919,0.49998776729366,0.5,1727072759645
94,0.15754307085719,0.70171839100958,0.6658498980435,-0.0,0.50000623552707,0.50000271454412,0.49998776729366,0.5,1727072759662
94,0.15754307085719,0.69507252436111,0.6658498980435,-0.0,0.50000623552707,0.50000256608977,0.49998776729366,0.5,1727072759715
94,0.15754307085719,0.68841397805362,0.6658498980435,-0.0,0.50000623552707,0.50000082637121,0.49998776729366,0.5,1727072759729
94,0.15754307085719,0.67124210357192,0.6658498980435,-0.0,0.50000623552707,0.50000242393921,0.49998776729366,0.5,1727072759745
94,0.15754307085719,0.6513298865782,0.6658498980435,-0.0,0.50000623552707,0.5000052451726,0.49998776729366,0.5,1727072759762
94,0.15754307085719,0.61167452803943,0.6658498980435,-0.0,0.50000623552707,0.50000153242775,0.49998776729366,0.5,1727072759779
94,0.15754307085719,0.55746422818818,0.6658498980435,-0.0,0.50000623552707,0.50000866797194,0.49998776729366,0.5,1727072759796
94,0.15754307085719,0.53096507078504,0.6658498980435,-0.0,0.50000623552707,0.50000293677854,0.49998776729366,0.5,1727072759812
94,0.15754307085719,0.50715076232102,0.6658498980435,-0.0,0.50000623552707,0.50000224553334,0.49998776729366,0.5,1727072759829
94,0.15754307085719,0.48998278315374,0.6658498980435,-0.0,0.50000623552707,0.50000136511587,0.49998776729366,0.5,1727072759845
94,0.15754307085719,0.4833342231371,0.6658498980435,-0.0,0.50000623552707,0.50000318648072,0.49998776729366,0.5,1727072759867
94,0.15754307085719,0.4900041777376,0.6658498980435,-0.0,0.50000623552707,0.50000834953542,0.49998776729366,0.5,1727072760172
94,0.15754307085719,0.50337069679687,0.6658498980435,-0.0,0.50000623552707,0.49999892713747,0.49998776729366,0.5,1727072760212
94,0.15754307085719,0.51004216568009,0.6658498980435,-0.0,0.50000623552707,0.50000289298827,0.49998776729366,0.5,1727072760229
94,0.15754307085719,0.51671601007588,0.6658498980435,-0.0,0.50000623552707,0.50000508162474,0.49998776729366,0.5,1727072760307
94,0.15754307085719,0.52058075513294,0.6658498980435,-0.0,0.50000623552707,0.50000276190393,0.49998776729366,0.5,1727072760315
94,0.15754307085719,0.52725276442385,0.6658498980435,-0.0,0.50000623552707,0.50000622370194,0.49998776729366,0.5,1727072760331
94,0.15754307085719,0.53392887972998,0.6658498980435,-0.0,0.50000623552707,0.50000673879831,0.49998776729366,0.5,1727072760345
94,0.15754307085719,0.54059704296398,0.6658498980435,-0.0,0.50000623552707,0.50000206211289,0.49998776729366,0.5,1727072760362
94,0.15754307085719,0.55111560827365,0.6658498980435,-0.0,0.50000623552707,0.50000513994302,0.49998776729366,0.5,1727072760379
94,0.15754307085719,0.55778068395873,0.6658498980435,-0.0,0.50000623552707,0.50000268329076,0.49998776729366,0.5,1727072760395
94,0.15754307085719,0.5644531151105,0.6658498980435,-0.0,0.50000623552707,0.50000570204064,0.49998776729366,0.5,1727072760412
94,0.15754307085719,0.56833144026227,0.6658498980435,-0.0,0.50000623552707,0.50000473040356,0.49998776729366,0.5,1727072760429
94,0.15754307085719,0.59217896730209,0.6658498980435,-0.0,0.50000623552707,0.5000036974974,0.49998776729366,0.5,1727072760445
94,0.15754307085719,0.61985685230429,0.6658498980435,-0.0,0.50000623552707,0.50000297016244,0.49998776729366,0.5,1727072760462
94,0.15754307085719,0.62652293202133,0.6658498980435,-0.0,0.50000623552707,0.50000009114254,0.49998776729366,0.5,1727072760479
94,0.15754307085719,0.6331976149861,0.6658498980435,-0.0,0.50000623552707,0.50000148882609,0.49998776729366,0.5,1727072760668
94,0.15754307085719,0.63986610616217,0.6658498980435,-0.0,0.50000623552707,0.49999717002004,0.49998776729366,0.5,1727072760724
94,0.15754307085719,0.64372760802115,0.6658498980435,-0.0,0.50000623552707,0.50000669540667,0.49998776729366,0.5,1727072760731
94,0.15754307085719,0.65040480847726,0.6658498980435,-0.0,0.50000623552707,0.50000647591156,0.49998776729366,0.5,1727072760747
94,0.15754307085719,0.65707187719022,0.6658498980435,-0.0,0.50000623552707,0.50000306695174,0.49998776729366,0.5,1727072760827
94,0.15754307085719,0.66374026970483,0.6658498980435,-0.0,0.50000623552707,0.50000819172292,0.49998776729366,0.5,1727072760884
94,0.15754307085719,0.66761426110502,0.6658498980435,-0.0,0.50000623552707,0.50000067503725,0.49998776729366,0.5,1727072760929
94,0.15754307085719,0.67428264008843,0.6658498980435,-0.0,0.50000623552707,0.50000576667614,0.49998776729366,0.5,1727072760945
94,0.15754307085719,0.6676285611303,0.6658498980435,-0.0,0.50000623552707,0.50000132666973,0.49998776729366,0.5,1727072762636
94,0.15754307085719,0.66097856350276,0.6658498980435,-0.0,0.50000623552707,0.5000036626339,0.49998776729366,0.5,1727072762724
94,0.15754307085719,0.65432306108084,0.6658498980435,-0.0,0.50000623552707,0.50000000965831,0.49998776729366,0.5,1727072763044
94,0.15754307085719,0.65432306108084,0.6658498980435,-0.0,0.50000623552707,0.50000000965831,0.49998776729366,0.5,1727072763580
95,0.5,0.5,1.0,1.0,0.5,0.5,0.5,0.5,1727072769565
95,0.4867217948259,0.5,1.0,1.0,0.49999904053687,0.5,0.5,0.5,1727072769668
95,0.48006744499631,0.5,1.0,1.0,0.50000446046309,0.5,0.5,0.5,1727072769678
95,0.44572948911287,0.5,1.0,1.0,0.50000508131412,0.5,0.5,0.5,1727072769695
95,0.38254762029274,0.5,1.0,1.0,0.5000079827566,0.5,0.5,0.5,1727072769711
95,0.30880401365324,0.5,1.0,1.0,0.50000395995794,0.5,0.5,0.5,1727072769728
95,0.22040144661388,0.5,1.0,1.0,0.50000169548715,0.5,0.5,0.5,1727072769745
95,0.14268103340389,0.5,1.0,1.0,0.50000577093837,0.5,0.5,0.5,1727072769761
95,0.0568080480828,0.5,1.0,1.0,0.50001446220596,0.5,0.5,0.5,1727072769778
95,0.0,0.5,1.0,1.0,0.5,0.5,0.5,0.5,1727072769795
95,0.0,0.5,1.0,1.0,0.5,0.5,0.5,0.5,1727072769812
95,0.0,0.5,1.0,1.0,0.5,0.5,0.5,0.5,1727072769828
95,0.0,0.5,1.0,1.0,0.5,0.5,0.5,0.5,1727072769845
95,0.0,0.5,1.0,1.0,0.5,0.5,0.5,0.5,1727072769862
95,0.0,0.5,1.0,1.0,0.5,0.5,0.5,0.5,1727072769878
95,0.0,0.5,1.0,1.0,0.5,0.5,0.5,0.5,1727072769895
95,0.0,0.5,1.0,1.0,0.5,0.5,0.5,0.5,1727072769911
95,0.0,0.5,1.0,1.0,0.5,0.5,0.5,0.5,1727072769928
95,0.0,0.5,1.0,1.0,0.5,0.5,0.5,0.5,1727072769945
95,0.0,0.5,1.0,1.0,0.5,0.5,0.5,0.5,1727072769961
95,0.0,0.5,1.0,1.0,0.5,0.5,0.5,0.5,1727072770060
96,1.0,0.83333333333333,1.0,0.83333333333333,0.5,0.5,0.5,0.5,1727072776837
96,1.0,0.83333333333333,0.99277335883968,0.83333333333333,0.5,0.5,0.49999156318502,0.5,1727072776900
96,1.0,0.83333333333333,0.98555212246349,0.83333333333333,0.5,0.5,0.49999660797083,0.5,1727072776924
96,1.0,0.83333333333333,0.97832413061414,0.83333333333333,0.5,0.5,0.49999560111586,0.5,1727072776940
96,1.0,0.83333333333333,0.96387614062731,0.83333333333333,0.5,0.5,0.49999438261558,0.5,1727072776956
96,1.0,0.83333333333333,0.94943628986645,0.83333333333333,0.5,0.5,0.4999933393584,0.5,1727072776964
96,1.0,0.83333333333333,0.93767322334444,0.83333333333333,0.5,0.5,0.4999924301749,0.5,1727072776978
96,1.0,0.83333333333333,0.90881076060792,0.83333333333333,0.5,0.5,0.49998629693207,0.5,1727072776994
96,1.0,0.83333333333333,0.8871496679088,0.83333333333333,0.5,0.5,0.49999056737689,0.5,1727072777011
96,1.0,0.83333333333333,0.84389370046092,0.83333333333333,0.5,0.5,0.49999611364,0.5,1727072777028
96,1.0,0.83333333333333,0.82223335323114,0.83333333333333,0.5,0.5,0.49999719284448,0.5,1727072777044
96,1.0,0.83333333333333,0.80779360448579,0.83333333333333,0.5,0.5,0.49999554219331,0.5,1727072777061
96,1.0,0.83333333333333,0.79335403919045,0.83333333333333,0.5,0.5,0.4999929232501,0.5,1727072777078
96,1.0,0.83333333333333,0.78612740631286,0.83333333333333,0.5,0.5,0.49998482176889,0.5,1727072777094
96,1.0,0.83333333333333,0.77890020490355,0.83333333333333,0.5,0.5,0.49997950593516,0.5,1727072777111
96,1.0,0.83333333333333,0.77167566859641,0.83333333333333,0.5,0.5,0.50000246960137,0.5,1727072777161
96,1.0,0.83333333333333,0.76444986938667,0.83333333333333,0.5,0.5,0.49998995075015,0.5,1727072777178
96,1.0,0.83333333333333,0.75000978888201,0.83333333333333,0.5,0.5,0.49998984095644,0.5,1727072777194
96,1.0,0.83333333333333,0.73556278143958,0.83333333333333,0.5,0.5,0.4999830246455,0.5,1727072777211
96,1.0,0.83333333333333,0.72833924139624,0.83333333333333,0.5,0.5,0.50000168818288,0.5,1727072777228
96,1.0,0.83333333333333,0.72111244705253,0.83333333333333,0.5,0.5,0.49999398189123,0.5,1727072777244
96,1.0,0.83333333333333,0.71389167141926,0.83333333333333,0.5,0.5,0.49999795841826,0.5,1727072777268
96,1.0,0.83333333333333,0.70666465439477,0.83333333333333,0.5,0.5,0.49999132899691,0.5,1727072777278
96,1.0,0.83333333333333,0.69943818683005,0.83333333333333,0.5,0.5,0.49998156207834,0.5,1727072777300
96,1.0,0.83333333333333,0.69221589888718,0.83333333333333,0.5,0.5,0.49999395688423,0.5,1727072777316
96,1.0,0.83333333333333,0.68498774453603,0.83333333333333,0.5,0.5,0.49999352563184,0.5,1727072777332
96,1.0,0.83333333333333,0.67776900406541,0.83333333333333,0.5,0.5,0.49998614306485,0.5,1727072777344
96,1.0,0.83333333333333,0.67054116446654,0.83333333333333,0.5,0.5,0.49998384957909,0.5,1727072777394
96,1.0,0.83333333333333,0.66331827206001,0.83333333333333,0.5,0.5,0.50000012750633,0.5,1727072777428
96,1.0,0.83333333333333,0.65609192997085,0.83333333333333,0.5,0.5,0.49998923676243,0.5,1727072777460
96,1.0,0.83333333333333,0.64887152523312,0.83333333333333,0.5,0.5,0.49999129765666,0.5,1727072777468
96,1.0,0.83333333333333,0.64164476094537,0.83333333333333,0.5,0.5,0.49998264358529,0.5,1727072777511
96,1.0,0.83333333333333,0.63441574252518,0.83333333333333,0.5,0.5,0.49998722166735,0.5,1727072777561
96,1.0,0.83333333333333,0.62719355436917,0.83333333333333,0.5,0.5,0.49999998504417,0.5,1727072777579
96,1.0,0.83333333333333,0.61996583144952,0.83333333333333,0.5,0.5,0.49999696942102,0.5,1727072777595
96,1.0,0.83333333333333,0.61274597588851,0.83333333333333,0.5,0.5,0.49999584122448,0.5,1727072777620
96,1.0,0.83333333333333,0.60551894533977,0.83333333333333,0.5,0.5,0.49998849311545,0.5,1727072777636
96,1.0,0.83333333333333,0.59829570593026,0.83333333333333,0.5,0.5,0.50000820490168,0.5,1727072778412
96,1.0,0.83333333333333,0.59106969676962,0.83333333333333,0.5,0.5,0.499994464399,0.5,1727072778428
96,1.0,0.83333333333333,0.58384983352083,0.83333333333333,0.5,0.5,0.49999332379836,0.5,1727072778478
96,1.0,0.83333333333333,0.57662138226109,0.83333333333333,0.5,0.5,0.49999471519665,0.5,1727072778494
96,1.0,0.83333333333333,0.56940379566548,0.83333333333333,0.5,0.5,0.49997897777567,0.5,1727072778511
96,1.0,0.83333333333333,0.56679913412434,0.83333333333333,0.5,0.5,0.49998866883434,0.5,1727072778532
96,1.0,0.83333333333333,0.55957957059169,0.83333333333333,0.5,0.5,0.4999854997948,0.5,1727072778544
96,1.0,0.83333333333333,0.55235132823935,0.83333333333333,0.5,0.5,0.49998549657634,0.5,1727072778594
96,1.0,0.83333333333333,0.54512878538101,0.83333333333333,0.5,0.5,0.50000190234647,0.5,1727072778611
96,1.0,0.83333333333333,0.53790122986258,0.83333333333333,0.5,0.5,0.4999974753455,0.5,1727072778628
96,1.0,0.83333333333333,0.5306824549199,0.83333333333333,0.5,0.5,0.49998897002356,0.5,1727072778644
96,1.0,0.83333333333333,0.52345368618627,0.83333333333333,0.5,0.5,0.49999257015807,0.5,1727072778675
96,1.0,0.83333333333333,0.51623493156925,0.83333333333333,0.5,0.5,0.49998371912754,0.5,1727072779100
96,1.0,0.83333333333333,0.50900399765146,0.83333333333333,0.5,0.5,0.50000230638059,0.5,1727072779144
96,1.0,0.83333333333333,0.50900399765146,0.83333333333333,0.5,0.5,0.50000230638059,0.5,1727072780316
96,1.0,0.83333333333333,0.50900399765146,0.83333333333333,0.5,0.5,0.50000230638059,0.5,1727072781597
96,1.0,0.83333333333333,0.50900399765146,0.8295054593395,0.5,0.5,0.50000230638059,0.49999885957011,1727072781668
96,1.0,0.83333333333333,0.50900399765146,0.81233846220896,0.5,0.5,0.50000230638059,0.500000000348,1727072781678
96,1.0,0.83333333333333,0.50900399765146,0.78379841219336,0.5,0.5,0.50000230638059,0.49999915321603,1727072781694
96,1.0,0.83333333333333,0.50900399765146,0.73513228167098,0.5,0.5,0.50000230638059,0.49999654143599,1727072781711
96,1.0,0.83333333333333,0.50900399765146,0.65811390938587,0.5,0.5,0.50000230638059,0.49999443424816,1727072781727
96,1.0,0.83333333333333,0.50900399765146,0.57132423411569,0.5,0.5,0.50000230638059,0.50000077678653,1727072781744
96,1.0,0.83333333333333,0.50900399765146,0.48831655748955,0.5,0.5,0.50000230638059,0.49999513168527,1727072781761
96,1.0,0.83333333333333,0.50900399765146,0.43591434456327,0.5,0.5,0.50000230638059,0.49999298102956,1727072781778
96,1.0,0.83333333333333,0.50900399765146,0.39775094022419,0.5,0.5,0.50000230638059,0.49999752663554,1727072781794
96,1.0,0.83333333333333,0.50900399765146,0.38724554072581,0.5,0.5,0.50000230638059,0.49999946954352,1727072781811
96,1.0,0.83333333333333,0.50900399765146,0.3805994666049,0.5,0.5,0.50000230638059,0.49999953365622,1727072781828
96,1.0,0.83333333333333,0.50900399765146,0.37678743084551,0.5,0.5,0.50000230638059,0.50000247650749,1727072782012
96,1.0,0.83333333333333,0.50900399765146,0.370133088223,0.5,0.5,0.50000230638059,0.49999522285063,1727072782028
96,1.0,0.83333333333333,0.50900399765146,0.35215587401293,0.5,0.5,0.50000230638059,0.50000185668989,1727072782044
96,1.0,0.83333333333333,0.50900399765146,0.34165453987015,0.5,0.5,0.50000230638059,0.49999347840162,1727072782061
96,1.0,0.83333333333333,0.50900399765146,0.33784736223349,0.5,0.5,0.50000230638059,0.5000011333191,1727072782077
96,1.0,0.83333333333333,0.50900399765146,0.33119500672164,0.5,0.5,0.50000230638059,0.49999526330649,1727072782094
96,1.0,0.83333333333333,0.50900399765146,0.32738509461696,0.5,0.5,0.50000230638059,0.50000045760544,1727072782116
96,1.0,0.83333333333333,0.50900399765146,0.31688809169127,0.5,0.5,0.50000230638059,0.49999589970918,1727072782364
96,1.0,0.83333333333333,0.50900399765146,0.31023992119571,0.5,0.5,0.50000230638059,0.4999938664731,1727072782516
96,1.0,0.83333333333333,0.50900399765146,0.31691156880816,0.5,0.5,0.50000230638059,0.49998880817034,1727072785572
96,1.0,0.83333333333333,0.50900399765146,0.31691156880816,0.5,0.5,0.50000230638059,0.49998880817034,1727072785908
96,1.0,0.83333333333333,0.50900399765146,0.31691156880816,0.5,0.5,0.50000230638059,0.49998880817034,1727072788485
96,1.0,0.82668357068705,0.50900399765146,0.31691156880816,0.5,0.499996596014,0.50000230638059,0.49998880817034,1727072788532
96,1.0,0.82003160606866,0.50900399765146,0.31691156880816,0.5,0.49999956882316,0.50000230638059,0.49998880817034,1727072788548
96,1.0,0.81337351876,0.50900399765146,0.31691156880816,0.5,0.49999777680033,0.50000230638059,0.49998880817034,1727072788572
96,1.0,0.80671493351585,0.50900399765146,0.31691156880816,0.5,0.49999622198699,0.50000230638059,0.49998880817034,1727072788588
96,1.0,0.80289518733117,0.50900399765146,0.31691156880816,0.5,0.49999849213157,0.50000230638059,0.49998880817034,1727072788596
96,1.0,0.79623589364933,0.50900399765146,0.31691156880816,0.5,0.49999729961692,0.50000230638059,0.49998880817034,1727072788610
96,1.0,0.77631364575224,0.50900399765146,0.31691156880816,0.5,0.4999968018521,0.50000230638059,0.49998880817034,1727072788627
96,1.0,0.75639479605766,0.50900399765146,0.31691156880816,0.5,0.50000285085557,0.50000230638059,0.49998880817034,1727072788644
96,1.0,0.73257906289312,0.50900399765146,0.31691156880816,0.5,0.49999448316663,0.50000230638059,0.49998880817034,1727072788660
96,1.0,0.70875697172746,0.50900399765146,0.31691156880816,0.5,0.49999820265391,0.50000230638059,0.49998880817034,1727072788677
96,1.0,0.69547059025023,0.50900399765146,0.31691156880816,0.5,0.49999472167118,0.50000230638059,0.49998880817034,1727072788694
96,1.0,0.67555857254605,0.50900399765146,0.31691156880816,0.5,0.49999718462506,0.50000230638059,0.49998880817034,1727072788711
96,1.0,0.65839027496167,0.50900399765146,0.31691156880816,0.5,0.499996565039,0.50000230638059,0.49998880817034,1727072788727
96,1.0,0.65173113610061,0.50900399765146,0.31691156880816,0.5,0.49999507253251,0.50000230638059,0.49998880817034,1727072788756
96,1.0,0.64508344442575,0.50900399765146,0.31691156880816,0.5,0.49999598316365,0.50000230638059,0.49998880817034,1727072788771
96,1.0,0.63842703199003,0.50900399765146,0.31691156880816,0.5,0.49999277203427,0.50000230638059,0.49998880817034,1727072788788
96,1.0,0.62513595663454,0.50900399765146,0.31691156880816,0.5,0.50000157807091,0.50000230638059,0.49998880817034,1727072788827
96,1.0,0.60796800131778,0.50900399765146,0.31691156880816,0.5,0.50000079004376,0.50000230638059,0.49998880817034,1727072788844
96,1.0,0.60130690668211,0.50900399765146,0.31691156880816,0.5,0.50000050879197,0.50000230638059,0.49998880817034,1727072788894
96,1.0,0.58801957237714,0.50900399765146,0.31691156880816,0.5,0.49999724489477,0.50000230638059,0.49998880817034,1727072788911
96,1.0,0.56420598207326,0.50900399765146,0.31691156880816,0.5,0.49999594932259,0.50000230638059,0.49998880817034,1727072788927
96,1.0,0.54430174560557,0.50900399765146,0.31691156880816,0.5,0.5000041276414,0.50000230638059,0.49998880817034,1727072788944
96,1.0,0.52048914573156,0.50900399765146,0.31691156880816,0.5,0.50000226256462,0.50000230638059,0.49998880817034,1727072788961
96,1.0,0.51383667346049,0.50900399765146,0.31691156880816,0.5,0.49999573839752,0.50000230638059,0.49998880817034,1727072788977
96,1.0,0.52051059246926,0.50900399765146,0.31691156880816,0.5,0.49999792482815,0.50000230638059,0.49998880817034,1727072789172
96,1.0,0.52718157119954,0.50900399765146,0.31691156880816,0.5,0.50000215953176,0.50000230638059,0.49998880817034,1727072789188
96,1.0,0.53385518792466,0.50900399765146,0.31691156880816,0.5,0.49999364584301,0.50000230638059,0.49998880817034,1727072789204
96,1.0,0.540524254434,0.50900399765146,0.31691156880816,0.5,0.49999917877835,0.50000230638059,0.49998880817034,1727072789244
96,1.0,0.55769740248399,0.50900399765146,0.31691156880816,0.5,0.49999652233259,0.50000230638059,0.49998880817034,1727072789260
96,1.0,0.56437086117375,0.50900399765146,0.31691156880816,0.5,0.4999988962169,0.50000230638059,0.49998880817034,1727072789277
96,1.0,0.57103980454568,0.50900399765146,0.31691156880816,0.5,0.49999393278979,0.50000230638059,0.49998880817034,1727072789294
96,1.0,0.57491360334021,0.50900399765146,0.31691156880816,0.5,0.49999604938127,0.50000230638059,0.49998880817034,1727072789310
96,1.0,0.58157895559308,0.50900399765146,0.31691156880816,0.5,0.49999355254736,0.50000230638059,0.49998880817034,1727072789327
96,1.0,0.5882521983237,0.50900399765146,0.31691156880816,0.5,0.49999602447668,0.50000230638059,0.49998880817034,1727072789344
96,1.0,0.59492414498423,0.50900399765146,0.31691156880816,0.5,0.49999930307019,0.50000230638059,0.49998880817034,1727072789360
96,1.0,0.61595441978533,0.50900399765146,0.31691156880816,0.5,0.49999963478496,0.50000230638059,0.49998880817034,1727072789377
96,1.0,0.62931313259226,0.50900399765146,0.31691156880816,0.5,0.49999658894776,0.50000230638059,0.49998880817034,1727072789394
96,1.0,0.63598645022163,0.50900399765146,0.31691156880816,0.5,0.49999885822373,0.50000230638059,0.49998880817034,1727072789411
96,1.0,0.64264561978842,0.50900399765146,0.31691156880816,0.5,0.50000032985259,0.50000230638059,0.49998880817034,1727072789468
96,1.0,0.64931970826088,0.50900399765146,0.31691156880816,0.5,0.50000206516324,0.50000230638059,0.49998880817034,1727072789484
96,1.0,0.65319222652666,0.50900399765146,0.31691156880816,0.5,0.49999535399381,0.50000230638059,0.49998880817034,1727072789548
96,1.0,0.65985926556414,0.50900399765146,0.31691156880816,0.5,0.50000137726194,0.50000230638059,0.49998880817034,1727072789561
96,1.0,0.67322111079711,0.50900399765146,0.31691156880816,0.5,0.49999658044407,0.50000230638059,0.49998880817034,1727072789577
96,1.0,0.70756246410703,0.50900399765146,0.31691156880816,0.5,0.49999503811014,0.50000230638059,0.49998880817034,1727072789594
96,1.0,0.74189990079155,0.50900399765146,0.31691156880816,0.5,0.49999577952405,0.50000230638059,0.49998880817034,1727072789611
96,1.0,0.75906729128149,0.50900399765146,0.31691156880816,0.5,0.49999685680737,0.50000230638059,0.49998880817034,1727072789627
96,1.0,0.75241638399465,0.50900399765146,0.31691156880816,0.5,0.49999945034161,0.50000230638059,0.49998880817034,1727072789820
96,1.0,0.74575949578817,0.50900399765146,0.31691156880816,0.5,0.49999687193174,0.50000230638059,0.49998880817034,1727072789828
96,1.0,0.73911067125445,0.50900399765146,0.31691156880816,0.5,0.49999833954011,0.50000230638059,0.49998880817034,1727072789860
96,1.0,0.73245770997802,0.50900399765146,0.31691156880816,0.5,0.4999935150217,0.50000230638059,0.49998880817034,1727072789894
96,1.0,0.72195077989269,0.50900399765146,0.31691156880816,0.5,0.50000173930541,0.50000230638059,0.49998880817034,1727072789916
96,1.0,0.71529594934638,0.50900399765146,0.31691156880816,0.5,0.49999792007014,0.50000230638059,0.49998880817034,1727072789940
96,1.0,0.70864564878326,0.50900399765146,0.31691156880816,0.5,0.50000029046792,0.50000230638059,0.49998880817034,1727072789980
96,1.0,0.70199095290853,0.50900399765146,0.31691156880816,0.5,0.499996329738,0.50000230638059,0.49998880817034,1727072790004
96,1.0,0.69816207477675,0.50900399765146,0.31691156880816,0.5,0.50000416100844,0.50000230638059,0.49998880817034,1727072790020
96,1.0,0.69151244452518,0.50900399765146,0.31691156880816,0.5,0.49999721720872,0.50000230638059,0.49998880817034,1727072790076
96,1.0,0.68485834894807,0.50900399765146,0.31691156880816,0.5,0.50000188100362,0.50000230638059,0.49998880817034,1727072790084
96,1.0,0.68485834894807,0.50900399765146,0.31691156880816,0.5,0.50000188100362,0.50000230638059,0.49998880817034,1727072790740
97,0.5,0.16666666666667,0.83333333333333,0.33333333333333,0.5,0.5,0.5,0.5,1727072795085
97,0.5,0.16666666666667,0.82610839102782,0.33333333333333,0.5,0.5,0.4999822435428,0.5,1727072795172
97,0.5,0.16666666666667,0.81888507428606,0.33333333333333,0.5,0.5,0.49999822455342,0.5,1727072795180
97,0.5,0.16666666666667,0.81165774573757,0.33333333333333,0.5,0.5,0.49999379226461,0.5,1727072795194
97,0.5,0.16666666666667,0.79721813341199,0.33333333333333,0.5,0.5,0.49999139451372,0.5,1727072795210
97,0.5,0.16666666666667,0.78998986592313,0.33333333333333,0.5,0.5,0.49999155982606,0.5,1727072795227
97,0.5,0.16666666666667,0.7755472138981,0.33333333333333,0.5,0.5,0.50000463275668,0.5,1727072795243
97,0.5,0.16666666666667,0.72958507429466,0.33333333333333,0.5,0.5,0.49999331092654,0.5,1727072795260
97,0.5,0.16666666666667,0.71250051943381,0.33333333333333,0.5,0.5,0.49999541987009,0.5,1727072795277
97,0.5,0.16666666666667,0.69805357815384,0.33333333333333,0.5,0.5,0.49998805264419,0.5,1727072795293
97,0.5,0.16666666666667,0.68096815657996,0.33333333333333,0.5,0.5,0.49999502157102,0.5,1727072795310
97,0.5,0.16666666666667,0.65665480130793,0.33333333333333,0.5,0.5,0.5000005954968,0.5,1727072795327
97,0.5,0.16666666666667,0.64942751266456,0.33333333333333,0.5,0.5,0.49999514998407,0.5,1727072795343
97,0.5,0.16666666666667,0.63498829613343,0.33333333333333,0.5,0.5,0.49998998811936,0.5,1727072795360
97,0.5,0.16666666666667,0.62514011571271,0.33333333333333,0.5,0.5,0.49999253182876,0.5,1727072795377
97,0.5,0.16666666666667,0.61791945058546,0.33333333333333,0.5,0.5,0.49999626790146,0.5,1727072795427
97,0.5,0.16666666666667,0.61069304823263,0.33333333333333,0.5,0.5,0.4999851377632,0.5,1727072795444
97,0.5,0.16666666666667,0.59625067601357,0.33333333333333,0.5,0.5,0.4999991357865,0.5,1727072795460
97,0.5,0.16666666666667,0.5890221784582,0.33333333333333,0.5,0.5,0.50000084624006,0.5,1727072795477
97,0.5,0.16666666666667,0.57918317509152,0.33333333333333,0.5,0.5,0.49999738815737,0.5,1727072795493
97,0.5,0.16666666666667,0.57195612300914,0.33333333333333,0.5,0.5,0.49998989105666,0.5,1727072795893
97,0.5,0.16666666666667,0.56473424994227,0.33333333333333,0.5,0.5,0.50000162729243,0.5,1727072795916
97,0.5,0.16666666666667,0.55750684361302,0.33333333333333,0.5,0.5,0.49999633586607,0.5,1727072795960
97,0.5,0.16666666666667,0.55028768902626,0.33333333333333,0.5,0.5,0.49999051783554,0.5,1727072796044
97,0.5,0.16666666666667,0.54305933784892,0.33333333333333,0.5,0.5,0.49999128034789,0.5,1727072796076
97,0.5,0.16666666666667,0.5358383822757,0.33333333333333,0.5,0.5,0.49999733453679,0.5,1727072796148
97,0.5,0.16666666666667,0.52861047255803,0.33333333333333,0.5,0.5,0.4999951993747,0.5,1727072796268
97,0.5,0.16666666666667,0.52861047255803,0.33333333333333,0.5,0.5,0.4999951993747,0.5,1727072799268
97,0.5,0.16666666666667,0.52861047255803,0.33333333333333,0.5,0.5,0.4999951993747,0.5,1727072800582
97,0.5,0.16666666666667,0.52861047255803,0.33722395223005,0.5,0.5,0.4999951993747,0.5000080438852,1727072800636
97,0.5,0.16666666666667,0.52861047255803,0.34110483132176,0.5,0.5,0.4999951993747,0.49999733152998,1727072800652
97,0.5,0.16666666666667,0.52861047255803,0.35447940546013,0.5,0.5,0.4999951993747,0.50000226411137,1727072800660
97,0.5,0.16666666666667,0.52861047255803,0.42612789802317,0.5,0.5,0.4999951993747,0.50000393122165,1727072800677
97,0.5,0.16666666666667,0.52861047255803,0.53214282258306,0.5,0.5,0.4999951993747,0.50000307407751,1727072800693
97,0.5,0.16666666666667,0.52861047255803,0.64859241758499,0.5,0.5,0.4999951993747,0.50000478701161,1727072800710
97,0.5,0.16666666666667,0.52861047255803,0.77174357488402,0.5,0.5,0.4999951993747,0.50000275913923,1727072800727
97,0.5,0.16666666666667,0.52861047255803,0.90161158661149,0.5,0.5,0.4999951993747,0.4999981817216,1727072800743
97,0.5,0.16666666666667,0.52861047255803,1.0,0.5,0.5,0.4999951993747,0.5,1727072800760
97,0.5,0.16666666666667,0.52861047255803,1.0,0.5,0.5,0.4999951993747,0.5,1727072800776
97,0.5,0.16666666666667,0.52861047255803,1.0,0.5,0.5,0.4999951993747,0.5,1727072800793
97,0.5,0.16666666666667,0.52861047255803,1.0,0.5,0.5,0.4999951993747,0.5,1727072800810
97,0.5,0.16666666666667,0.52861047255803,1.0,0.5,0.5,0.4999951993747,0.5,1727072800826
97,0.5,0.16666666666667,0.52861047255803,1.0,0.5,0.5,0.4999951993747,0.5,1727072800843
97,0.5,0.16666666666667,0.52861047255803,1.0,0.5,0.5,0.4999951993747,0.5,1727072800860
97,0.5,0.16666666666667,0.52861047255803,1.0,0.5,0.5,0.4999951993747,0.5,1727072801044
97,0.5,0.16666666666667,0.52861047255803,1.0,0.5,0.5,0.4999951993747,0.5,1727072802469
97,0.5,0.16001445791495,0.52861047255803,1.0,0.5,0.50000124609481,0.4999951993747,0.5,1727072802541
97,0.5,0.15337396102491,0.52861047255803,1.0,0.5,0.50001456237345,0.4999951993747,0.5,1727072802548
97,0.5,0.13356673955775,0.52861047255803,1.0,0.5,0.50000358080681,0.4999951993747,0.5,1727072802560
97,0.5,0.08871669585476,0.52861047255803,1.0,0.5,0.5000103864925,0.4999951993747,0.5,1727072802576
97,0.5,0.04777492764356,0.52861047255803,1.0,0.5,0.50001793690482,0.4999951993747,0.5,1727072802593
97,0.5,0.00030278381646,0.52861047255803,1.0,0.5,0.5000108117131,0.4999951993747,0.5,1727072802610
97,0.5,0.0,0.52861047255803,1.0,0.5,0.5,0.4999951993747,0.5,1727072802627
97,0.5,0.0,0.52861047255803,1.0,0.5,0.5,0.4999951993747,0.5,1727072802643
97,0.5,0.0,0.52861047255803,1.0,0.5,0.5,0.4999951993747,0.5,1727072802660
97,0.5,0.0,0.52861047255803,1.0,0.5,0.5,0.4999951993747,0.5,1727072802676
97,0.5,0.0,0.52861047255803,1.0,0.5,0.5,0.4999951993747,0.5,1727072802828
97,0.5,0.0,0.52861047255803,1.0,0.5,0.5,0.4999951993747,0.5,1727072802908
98,0.83333333333333,0.33333333333333,0.33333333333333,0.0,0.5,0.5,0.5,0.5,1727072806838
98,0.83333333333333,0.33333333333333,0.34057058893305,0.0,0.5,0.5,0.49999074970036,0.5,1727072806900
98,0.83333333333333,0.33333333333333,0.3432461979254,0.0,0.5,0.5,0.50000147092084,0.5,1727072806910
98,0.83333333333333,0.33333333333333,0.35047549242163,0.0,0.5,0.5,0.49999208877733,0.5,1727072806926
98,0.83333333333333,0.33333333333333,0.36035540584937,0.0,0.5,0.5,0.49999709901962,0.5,1727072806943
98,0.83333333333333,0.33333333333333,0.37483749920833,0.0,0.5,0.5,0.49998801545863,0.5,1727072806960
98,0.83333333333333,0.33333333333333,0.40180902913059,0.0,0.5,0.5,0.49999884486251,0.5,1727072806976
98,0.83333333333333,0.33333333333333,0.42612893543392,0.0,0.5,0.5,0.50000392153939,0.5,1727072806993
98,0.83333333333333,0.33333333333333,0.44322194714342,0.0,0.5,0.5,0.49999868150552,0.5,1727072807010
98,0.83333333333333,0.33333333333333,0.46300125952769,0.0,0.5,0.5,0.49998416287887,0.5,1727072807026
98,0.83333333333333,0.33333333333333,0.47022926084761,0.0,0.5,0.5,0.49998593590177,0.5,1727072807043
98,0.83333333333333,0.33333333333333,0.47746510233913,0.0,0.5,0.5,0.49999016816834,0.5,1727072807060
98,0.83333333333333,0.33333333333333,0.48013555418878,0.0,0.5,0.5,0.49997711424915,0.5,1727072807076
98,0.83333333333333,0.33333333333333,0.48736217989345,0.0,0.5,0.5,0.49998870418094,0.5,1727072807093
98,0.83333333333333,0.33333333333333,0.49003267962158,0.0,0.5,0.5,0.49997549067557,0.5,1727072807397
98,0.83333333333333,0.33333333333333,0.49726623717866,0.0,0.5,0.5,0.49999574927959,0.5,1727072807876
98,0.83333333333333,0.33333333333333,0.4999271485111,0.0,0.5,0.5,0.49999249744692,0.5,1727072807893
98,0.83333333333333,0.33333333333333,0.4999271485111,0.0,0.5,0.5,0.49999249744692,0.5,1727072809868
98,0.83333333333333,0.33333333333333,0.4999271485111,0.0,0.5,0.5,0.49999249744692,0.5,1727072812037
98,0.83333333333333,0.33333333333333,0.4999271485111,0.0,0.5,0.5,0.49999249744692,0.5,1727072812980
98,0.83333333333333,0.33333333333333,0.4999271485111,0.0,0.5,0.5,0.49999249744692,0.5,1727072814228
98,0.84000213887172,0.33333333333333,0.4999271485111,0.0,0.50000108185235,0.5,0.49999249744692,0.5,1727072814315
98,0.84667622461503,0.33333333333333,0.4999271485111,0.0,0.49999964886424,0.5,0.49999249744692,0.5,1727072814339
98,0.85334583285585,0.33333333333333,0.4999271485111,0.0,0.50000368335624,0.5,0.49999249744692,0.5,1727072814355
98,0.86000526123328,0.33333333333333,0.4999271485111,0.0,0.50000261320168,0.5,0.49999249744692,0.5,1727072814363
98,0.8666813915027,0.33333333333333,0.4999271485111,0.0,0.5000022061535,0.5,0.49999249744692,0.5,1727072814379
98,0.87334539661485,0.33333333333333,0.4999271485111,0.0,0.50000340367626,0.5,0.49999249744692,0.5,1727072814427
98,0.88386146642164,0.33333333333333,0.4999271485111,0.0,0.4999999649713,0.5,0.49999249744692,0.5,1727072814475
98,0.89052617252549,0.33333333333333,0.4999271485111,0.0,0.50000149640957,0.5,0.49999249744692,0.5,1727072814492
98,0.89719536856245,0.33333333333333,0.4999271485111,0.0,0.50000516784551,0.5,0.49999249744692,0.5,1727072814604
98,0.90106550304581,0.33333333333333,0.4999271485111,0.0,0.50000189892636,0.5,0.49999249744692,0.5,1727072814642
98,0.90772917940856,0.33333333333333,0.4999271485111,0.0,0.50000290609729,0.5,0.49999249744692,0.5,1727072814658
98,0.91439480530514,0.33333333333333,0.4999271485111,0.0,0.49999754036391,0.5,0.49999249744692,0.5,1727072814675
98,0.92106834101257,0.33333333333333,0.4999271485111,0.0,0.50000320257941,0.5,0.49999249744692,0.5,1727072814692
98,0.92492699231451,0.33333333333333,0.4999271485111,0.0,0.50000183727775,0.5,0.49999249744692,0.5,1727072814715
98,0.93160360681359,0.33333333333333,0.4999271485111,0.0,0.50000168291592,0.5,0.49999249744692,0.5,1727072814780
98,0.94210904306639,0.33333333333333,0.4999271485111,0.0,0.50000062470136,0.5,0.49999249744692,0.5,1727072814825
98,0.94877491960617,0.33333333333333,0.4999271485111,0.0,0.50000261635245,0.5,0.49999249744692,0.5,1727072814843
98,0.95544956466534,0.33333333333333,0.4999271485111,0.0,0.50000155998422,0.5,0.49999249744692,0.5,1727072814900
98,0.95931295625067,0.33333333333333,0.4999271485111,0.0,0.50000239984342,0.5,0.49999249744692,0.5,1727072814908
98,0.96597339326718,0.33333333333333,0.4999271485111,0.0,0.50000188729798,0.5,0.49999249744692,0.5,1727072814925
98,0.97649468494849,0.33333333333333,0.4999271485111,0.0,0.50000106861414,0.5,0.49999249744692,0.5,1727072814942
98,0.99365896618671,0.33333333333333,0.4999271485111,0.0,0.49999885967941,0.5,0.49999249744692,0.5,1727072814958
98,1.0,0.33333333333333,0.4999271485111,0.0,0.5,0.5,0.49999249744692,0.5,1727072814975
98,1.0,0.33333333333333,0.4999271485111,0.0,0.5,0.5,0.49999249744692,0.5,1727072814992
98,1.0,0.33333333333333,0.4999271485111,0.0,0.5,0.5,0.49999249744692,0.5,1727072815008
98,1.0,0.33333333333333,0.4999271485111,0.0,0.5,0.5,0.49999249744692,0.5,1727072815025
98,1.0,0.33333333333333,0.4999271485111,0.0,0.5,0.5,0.49999249744692,0.5,1727072815042
98,1.0,0.33333333333333,0.4999271485111,0.0,0.5,0.5,0.49999249744692,0.5,1727072815058
98,1.0,0.33333333333333,0.4999271485111,0.0,0.5,0.5,0.49999249744692,0.5,1727072815075
98,1.0,0.33333333333333,0.4999271485111,0.0,0.5,0.5,0.49999249744692,0.5,1727072815092
98,1.0,0.33333333333333,0.4999271485111,0.0,0.5,0.5,0.49999249744692,0.5,1727072815332
98,1.0,0.33333333333333,0.4999271485111,0.0,0.5,0.5,0.49999249744692,0.5,1727072817157
98,0.99617595658943,0.33333333333333,0.4999271485111,0.0,0.50000297561167,0.5,0.49999249744692,0.5,1727072817284
98,0.99234561195876,0.33333333333333,0.4999271485111,0.0,0.50000317321484,0.5,0.49999249744692,0.5,1727072817300
98,0.98569077672219,0.33333333333333,0.4999271485111,0.0,0.49999931692603,0.5,0.49999249744692,0.5,1727072817342
98,0.98186357999527,0.33333333333333,0.4999271485111,0.0,0.50000091370202,0.5,0.49999249744692,0.5,1727072817358
98,0.97520374738563,0.33333333333333,0.4999271485111,0.0,0.50000168628352,0.5,0.49999249744692,0.5,1727072817375
98,0.97138312596185,0.33333333333333,0.4999271485111,0.0,0.50000627223881,0.5,0.49999249744692,0.5,1727072817392
98,0.96087435575268,0.33333333333333,0.4999271485111,0.0,0.49999883105913,0.5,0.49999249744692,0.5,1727072817409
98,0.94370980912891,0.33333333333333,0.4999271485111,0.0,0.50000097767847,0.5,0.49999249744692,0.5,1727072817425
98,0.9370526613165,0.33333333333333,0.4999271485111,0.0,0.50000302240437,0.5,0.49999249744692,0.5,1727072817441
98,0.93322621917184,0.33333333333333,0.4999271485111,0.0,0.50000504839636,0.5,0.49999249744692,0.5,1727072817458
98,0.92656302838787,0.33333333333333,0.4999271485111,0.0,0.49999709360654,0.5,0.49999249744692,0.5,1727072817475
98,0.90939819654505,0.33333333333333,0.4999271485111,0.0,0.49999914240242,0.5,0.49999249744692,0.5,1727072817492
98,0.89889618310397,0.33333333333333,0.4999271485111,0.0,0.50000185971999,0.5,0.49999249744692,0.5,1727072817508
98,0.89223871849342,0.33333333333333,0.4999271485111,0.0,0.50000383689768,0.5,0.49999249744692,0.5,1727072817525
98,0.88841184120068,0.33333333333333,0.4999271485111,0.0,0.49999828393569,0.5,0.49999249744692,0.5,1727072817575
98,0.88175021234681,0.33333333333333,0.4999271485111,0.0,0.49999822980027,0.5,0.49999249744692,0.5,1727072817592
98,0.87125235003925,0.33333333333333,0.4999271485111,0.0,0.50000304671571,0.5,0.49999249744692,0.5,1727072817608
98,0.87125235003925,0.33333333333333,0.4999271485111,0.0,0.50000304671571,0.5,0.49999249744692,0.5,1727072817892
98,0.87125235003925,0.33333333333333,0.4999271485111,0.0,0.50000304671571,0.5,0.49999249744692,0.5,1727072818540
98,0.87125235003925,0.32668108652788,0.4999271485111,0.0,0.50000304671571,0.49999601958839,0.49999249744692,0.5,1727072818588
98,0.87125235003925,0.32003195121004,0.4999271485111,0.0,0.50000304671571,0.49999885680252,0.49999249744692,0.5,1727072818603
98,0.87125235003925,0.3133865687515,0.4999271485111,0.0,0.50000304671571,0.49999808844047,0.49999249744692,0.5,1727072818611
98,0.87125235003925,0.30673521935501,0.4999271485111,0.0,0.50000304671571,0.50000321070245,0.49999249744692,0.5,1727072818627
98,0.87125235003925,0.28293087196357,0.4999271485111,0.0,0.50000304671571,0.49999193587605,0.49999249744692,0.5,1727072818642
98,0.87125235003925,0.26575933737741,0.4999271485111,0.0,0.50000304671571,0.49999413008238,0.49999249744692,0.5,1727072818658
98,0.87125235003925,0.25249443812866,0.4999271485111,0.0,0.50000304671571,0.49999766252087,0.49999249744692,0.5,1727072818675
98,0.87125235003925,0.22208606496192,0.4999271485111,0.0,0.50000304671571,0.49998932362238,0.49999249744692,0.5,1727072818691
98,0.87125235003925,0.19828150167798,0.4999271485111,0.0,0.50000304671571,0.49999436891603,0.49999249744692,0.5,1727072818708
98,0.87125235003925,0.17190604904107,0.4999271485111,0.0,0.50000304671571,0.50000214735229,0.49999249744692,0.5,1727072818725
98,0.87125235003925,0.15474182986537,0.4999271485111,0.0,0.50000304671571,0.49999541175815,0.49999249744692,0.5,1727072818741
98,0.87125235003925,0.14809335467086,0.4999271485111,0.0,0.50000304671571,0.4999985500152,0.49999249744692,0.5,1727072818758
98,0.87125235003925,0.14145967909947,0.4999271485111,0.0,0.50000304671571,0.50000261871372,0.49999249744692,0.5,1727072818852
98,0.87125235003925,0.14814084607177,0.4999271485111,0.0,0.50000304671571,0.49999669800061,0.49999249744692,0.5,1727072819756
98,0.87125235003925,0.15481861131024,0.4999271485111,0.0,0.50000304671571,0.49999560551888,0.49999249744692,0.5,1727072819836
98,0.87125235003925,0.16821743685072,0.4999271485111,0.0,0.50000304671571,0.49999729457546,0.49999249744692,0.5,1727072819875
98,0.87125235003925,0.1615712964783,0.4999271485111,0.0,0.50000304671571,0.49999723283872,0.49999249744692,0.5,1727072820148
98,0.87125235003925,0.15492276769245,0.4999271485111,0.0,0.50000304671571,0.50000042103771,0.49999249744692,0.5,1727072820163
98,0.87125235003925,0.14827992573037,0.4999271485111,0.0,0.50000304671571,0.49999584350755,0.49999249744692,0.5,1727072820187
98,0.87125235003925,0.14163632475967,0.4999271485111,0.0,0.50000304671571,0.49999217918202,0.49999249744692,0.5,1727072820228
98,0.87125235003925,0.13499562621211,0.4999271485111,0.0,0.50000304671571,0.50000626344836,0.49999249744692,0.5,1727072820284
98,0.87125235003925,0.12834991470364,0.4999271485111,0.0,0.50000304671571,0.50000572889212,0.49999249744692,0.5,1727072820412
98,0.87125235003925,0.12834991470364,0.4999271485111,0.0,0.50000304671571,0.50000572889212,0.49999249744692,0.5,1727072822372
98,0.87125235003925,0.12834991470364,0.4999271485111,0.0,0.50000304671571,0.50000572889212,0.49999249744692,0.5,1727072823508
98,0.87125235003925,0.12834991470364,0.4999271485111,0.00393537400978,0.50000304671571,0.50000572889212,0.49999249744692,0.49999329653362,1727072823541
98,0.87125235003925,0.12834991470364,0.4999271485111,0.02780957024619,0.50000304671571,0.50000572889212,0.49999249744692,0.49998846101347,1727072823558
98,0.87125235003925,0.12834991470364,0.4999271485111,0.06214852282424,0.50000304671571,0.50000572889212,0.49999249744692,0.49999059770103,1727072823575
98,0.87125235003925,0.12834991470364,0.4999271485111,0.1031994188543,0.50000304671571,0.50000572889212,0.49999249744692,0.49999909285657,1727072823591
98,0.87125235003925,0.12834991470364,0.4999271485111,0.20933402875411,0.50000304671571,0.50000572889212,0.49999249744692,0.49999467941434,1727072823608
98,0.87125235003925,0.12834991470364,0.4999271485111,0.33588227889229,0.50000304671571,0.50000572889212,0.49999249744692,0.49999056263828,1727072823625
98,0.87125235003925,0.12834991470364,0.4999271485111,0.45523412064359,0.50000304671571,0.50000572889212,0.49999249744692,0.49999059281033,1727072823641
98,0.87125235003925,0.12834991470364,0.4999271485111,0.53361422140597,0.50000304671571,0.50000572889212,0.49999249744692,0.49999918159847,1727072823658
98,0.87125235003925,0.12834991470364,0.4999271485111,0.57086448740403,0.50000304671571,0.50000572889212,0.49999249744692,0.50000198063901,1727072823675
98,0.87125235003925,0.12834991470364,0.4999271485111,0.61188686742362,0.50000304671571,0.50000572889212,0.49999249744692,0.49999651998358,1727072823692
98,0.87125235003925,0.12834991470364,0.4999271485111,0.63573185439686,0.50000304671571,0.50000572889212,0.49999249744692,0.4999958873415,1727072823708
98,0.87125235003925,0.12834991470364,0.4999271485111,0.67006937860533,0.50000304671571,0.50000572889212,0.49999249744692,0.49999547915521,1727072823725
98,0.87125235003925,0.12834991470364,0.4999271485111,0.69684488490472,0.50000304671571,0.50000572889212,0.49999249744692,0.49999926112053,1727072823741
98,0.87125235003925,0.12834991470364,0.4999271485111,0.71019973296571,0.50000304671571,0.50000572889212,0.49999249744692,0.49999984667383,1727072823758
98,0.87125235003925,0.12834991470364,0.4999271485111,0.74073314840821,0.50000304671571,0.50000572889212,0.49999249744692,0.49999704331596,1727072823775
98,0.87125235003925,0.12834991470364,0.4999271485111,0.76457124678426,0.50000304671571,0.50000572889212,0.49999249744692,0.50000109552379,1727072823791
98,0.87125235003925,0.12834991470364,0.4999271485111,0.79132972360372,0.50000304671571,0.50000572889212,0.49999249744692,0.49999537372022,1727072823808
98,0.87125235003925,0.12834991470364,0.4999271485111,0.80468650069631,0.50000304671571,0.50000572889212,0.49999249744692,0.49999696443674,1727072823825
98,0.87125235003925,0.12834991470364,0.4999271485111,0.85239196096603,0.50000304671571,0.50000572889212,0.49999249744692,0.49999597950889,1727072823841
98,0.87125235003925,0.12834991470364,0.4999271485111,0.87622889155009,0.50000304671571,0.50000572889212,0.49999249744692,0.49999908080864,1727072823858
98,0.87125235003925,0.12834991470364,0.4999271485111,0.88958302159816,0.50000304671571,0.50000572889212,0.49999249744692,0.49999922892786,1727072823875
98,0.87125235003925,0.12834991470364,0.4999271485111,0.90962873945213,0.50000304671571,0.50000572889212,0.49999249744692,0.4999990349705,1727072823891
98,0.87125235003925,0.12834991470364,0.4999271485111,0.94014840220564,0.50000304671571,0.50000572889212,0.49999249744692,0.49999747812271,1727072823908
98,0.87125235003925,0.12834991470364,0.4999271485111,0.96398781085835,0.50000304671571,0.50000572889212,0.49999249744692,0.49999446432892,1727072823925
98,0.87125235003925,0.12834991470364,0.4999271485111,0.97065465634401,0.50000304671571,0.50000572889212,0.49999249744692,0.49999689157472,1727072823941
98,0.87125235003925,0.12834991470364,0.4999271485111,0.97732336281406,0.50000304671571,0.50000572889212,0.49999249744692,0.50000012842574,1727072824044
98,0.87125235003925,0.12834991470364,0.4999271485111,0.9839927027455,0.50000304671571,0.50000572889212,0.49999249744692,0.49999673969609,1727072824059
98,0.87125235003925,0.12834991470364,0.4999271485111,0.99065820161426,0.50000304671571,0.50000572889212,0.49999249744692,0.49999851715715,1727072824075
98,0.87125235003925,0.12834991470364,0.4999271485111,0.99452299347978,0.50000304671571,0.50000572889212,0.49999249744692,0.49999996303427,1727072824091
98,0.87125235003925,0.12834991470364,0.4999271485111,1.0,0.50000304671571,0.50000572889212,0.49999249744692,0.5,1727072824108
98,0.87125235003925,0.12834991470364,0.4999271485111,1.0,0.50000304671571,0.50000572889212,0.49999249744692,0.5,1727072824125
98,0.87125235003925,0.12834991470364,0.4999271485111,1.0,0.50000304671571,0.50000572889212,0.49999249744692,0.5,1727072824141
98,0.87125235003925,0.12834991470364,0.4999271485111,1.0,0.50000304671571,0.50000572889212,0.49999249744692,0.5,1727072824158
98,0.87125235003925,0.12834991470364,0.4999271485111,1.0,0.50000304671571,0.50000572889212,0.49999249744692,0.5,1727072824174
98,0.87125235003925,0.12834991470364,0.4999271485111,1.0,0.50000304671571,0.50000572889212,0.49999249744692,0.5,1727072824191
98,0.87125235003925,0.12834991470364,0.4999271485111,1.0,0.50000304671571,0.50000572889212,0.49999249744692,0.5,1727072824260
98,0.87125235003925,0.12834991470364,0.4999271485111,1.0,0.50000304671571,0.50000572889212,0.49999249744692,0.5,1727072824283
98,0.87125235003925,0.12834991470364,0.4999271485111,1.0,0.50000304671571,0.50000572889212,0.49999249744692,0.5,1727072824299
98,0.87125235003925,0.12834991470364,0.4999271485111,1.0,0.50000304671571,0.50000572889212,0.49999249744692,0.5,1727072824308
98,0.87125235003925,0.12834991470364,0.4999271485111,1.0,0.50000304671571,0.50000572889212,0.49999249744692,0.5,1727072824325
98,0.87125235003925,0.12834991470364,0.4999271485111,1.0,0.50000304671571,0.50000572889212,0.49999249744692,0.5,1727072824341
98,0.87125235003925,0.12834991470364,0.4999271485111,1.0,0.50000304671571,0.50000572889212,0.49999249744692,0.5,1727072824391
98,0.87125235003925,0.12834991470364,0.4999271485111,1.0,0.50000304671571,0.50000572889212,0.49999249744692,0.5,1727072824408
98,0.87125235003925,0.12834991470364,0.4999271485111,1.0,0.50000304671571,0.50000572889212,0.49999249744692,0.5,1727072824424
98,0.87125235003925,0.12834991470364,0.4999271485111,1.0,0.50000304671571,0.50000572889212,0.49999249744692,0.5,1727072824441
98,0.87125235003925,0.12834991470364,0.4999271485111,1.0,0.50000304671571,0.50000572889212,0.49999249744692,0.5,1727072824458
98,0.87125235003925,0.12834991470364,0.4999271485111,1.0,0.50000304671571,0.50000572889212,0.49999249744692,0.5,1727072824474
98,0.87125235003925,0.12834991470364,0.4999271485111,1.0,0.50000304671571,0.50000572889212,0.49999249744692,0.5,1727072824491
98,0.87125235003925,0.12834991470364,0.4999271485111,1.0,0.50000304671571,0.50000572889212,0.49999249744692,0.5,1727072824508
98,0.87125235003925,0.12834991470364,0.4999271485111,1.0,0.50000304671571,0.50000572889212,0.49999249744692,0.5,1727072824524
98,0.87125235003925,0.12834991470364,0.4999271485111,1.0,0.50000304671571,0.50000572889212,0.49999249744692,0.5,1727072824541
98,0.87125235003925,0.12834991470364,0.4999271485111,1.0,0.50000304671571,0.50000572889212,0.49999249744692,0.5,1727072824558
98,0.87125235003925,0.12834991470364,0.4999271485111,1.0,0.50000304671571,0.50000572889212,0.49999249744692,0.5,1727072824575
98,0.87125235003925,0.12834991470364,0.4999271485111,1.0,0.50000304671571,0.50000572889212,0.49999249744692,0.5,1727072824644
98,0.87125235003925,0.12834991470364,0.4999271485111,1.0,0.50000304671571,0.50000572889212,0.49999249744692,0.5,1727072824900
98,0.87125235003925,0.12834991470364,0.4999271485111,1.0,0.50000304671571,0.50000572889212,0.49999249744692,0.5,1727072827158
98,0.87125235003925,0.12834991470364,0.4999271485111,0.9933432569807,0.50000304671571,0.50000572889212,0.49999249744692,0.50000212641534,1727072827308
98,0.87125235003925,0.12834991470364,0.4999271485111,0.98668121933515,0.50000304671571,0.50000572889212,0.49999249744692,0.49999505665585,1727072827380
98,0.87125235003925,0.12834991470364,0.4999271485111,0.98002560636018,0.50000304671571,0.50000572889212,0.49999249744692,0.49999768586789,1727072827436
98,0.87125235003925,0.12834991470364,0.4999271485111,0.97337411344929,0.50000304671571,0.50000572889212,0.49999249744692,0.49999526716428,1727072827476
98,0.87125235003925,0.12834991470364,0.4999271485111,0.96286686239367,0.50000304671571,0.50000572889212,0.49999249744692,0.499995426742,1727072827660
98,0.87125235003925,0.12834991470364,0.4999271485111,0.95236973173236,0.50000304671571,0.50000572889212,0.49999249744692,0.50000022970925,1727072827764
98,0.87125235003925,0.12834991470364,0.4999271485111,0.95236973173236,0.50000304671571,0.50000572889212,0.49999249744692,0.50000022970925,1727072827996
99,0.33333333333333,0.66666666666667,0.83333333333333,0.5,0.5,0.5,0.5,0.5,1727072830629
99,0.33333333333333,0.66666666666667,0.82610779924856,0.5,0.5,0.5,0.49998512908721,0.5,1727072830700
99,0.33333333333333,0.66666666666667,0.81888564975834,0.5,0.5,0.5,0.49999539950101,0.5,1727072830708
99,0.33333333333333,0.66666666666667,0.78012623183124,0.5,0.5,0.5,0.49998905814392,0.5,1727072830724
99,0.33333333333333,0.66666666666667,0.7387271323132,0.5,0.5,0.5,0.50000231440864,0.5,1727072830741
99,0.33333333333333,0.66666666666667,0.70455925867528,0.5,0.5,0.5,0.50000009484007,0.5,1727072830758
99,0.33333333333333,0.66666666666667,0.65592784567113,0.5,0.5,0.5,0.49999134685719,0.5,1727072830774
99,0.33333333333333,0.66666666666667,0.61193736238986,0.5,0.5,0.5,0.49998488672417,0.5,1727072830791
99,0.33333333333333,0.66666666666667,0.56794449994789,0.5,0.5,0.5,0.49999299424615,0.5,1727072830808
99,0.33333333333333,0.66666666666667,0.53640521874199,0.5,0.5,0.5,0.49998396727561,0.5,1727072830824
99,0.33333333333333,0.66666666666667,0.49968131134595,0.5,0.5,0.5,0.49999429856106,0.5,1727072830841
99,0.33333333333333,0.66666666666667,0.4780403394955,0.5,0.5,0.5,0.49997418771569,0.5,1727072830858
99,0.33333333333333,0.66666666666667,0.45112454135081,0.5,0.5,0.5,0.49997534081354,0.5,1727072830874
99,0.33333333333333,0.66666666666667,0.44390394658701,0.5,0.5,0.5,0.4999793027408,0.5,1727072830891
99,0.33333333333333,0.66666666666667,0.42681715158102,0.5,0.5,0.5,0.49999931552533,0.5,1727072830908
99,0.33333333333333,0.66666666666667,0.4097339808582,0.5,0.5,0.5,0.49999153893003,0.5,1727072830924
99,0.33333333333333,0.66666666666667,0.38541372386727,0.5,0.5,0.5,0.49998875337653,0.5,1727072830941
99,0.33333333333333,0.66666666666667,0.36832965373451,0.5,0.5,0.5,0.49998779679136,0.5,1727072830957
99,0.33333333333333,0.66666666666667,0.36110835915058,0.5,0.5,0.5,0.49999845172398,0.5,1727072830974
99,0.33333333333333,0.66666666666667,0.35388049588696,0.5,0.5,0.5,0.49999530848149,0.5,1727072830995
99,0.33333333333333,0.66666666666667,0.33944992585483,0.5,0.5,0.5,0.49998346308741,0.5,1727072831041
99,0.33333333333333,0.66666666666667,0.32961063275741,0.5,0.5,0.5,0.49998084394067,0.5,1727072831058
99,0.33333333333333,0.66666666666667,0.32239010825975,0.5,0.5,0.5,0.49998507227817,0.5,1727072831074
99,0.33333333333333,0.66666666666667,0.30530420733188,0.5,0.5,0.5,0.50000119357252,0.5,1727072831091
99,0.33333333333333,0.66666666666667,0.28367845060006,0.5,0.5,0.5,0.4999854120808,0.5,1727072831108
99,0.33333333333333,0.66666666666667,0.27645990043241,0.5,0.5,0.5,0.49997039420439,0.5,1727072831124
99,0.33333333333333,0.66666666666667,0.2692294529307,0.5,0.5,0.5,0.49999246330268,0.5,1727072831141
99,0.33333333333333,0.66666666666667,0.2620104756176,0.5,0.5,0.5,0.499981498293,0.5,1727072831157
99,0.33333333333333,0.66666666666667,0.25217093182472,0.5,0.5,0.5,0.49998105624702,0.5,1727072831220
99,0.33333333333333,0.66666666666667,0.24495163938882,0.5,0.5,0.5,0.49997288780497,0.5,1727072831268
99,0.33333333333333,0.66666666666667,0.23773043633706,0.5,0.5,0.5,0.49998503230988,0.5,1727072831284
99,0.33333333333333,0.66666666666667,0.22330546956364,0.5,0.5,0.5,0.49999859999255,0.5,1727072831324
99,0.33333333333333,0.66666666666667,0.21608602053096,0.5,0.5,0.5,0.49999196016184,0.5,1727072831348
99,0.33333333333333,0.66666666666667,0.20885793699067,0.5,0.5,0.5,0.49999024022486,0.5,1727072831412
99,0.33333333333333,0.66666666666667,0.20163874067432,0.5,0.5,0.5,0.49998031838641,0.5,1727072831428
99,0.33333333333333,0.66666666666667,0.19441844975416,0.5,0.5,0.5,0.499982997947,0.5,1727072831444
99,0.33333333333333,0.66666666666667,0.18719791618823,0.5,0.5,0.5,0.49998867822222,0.5,1727072831677
99,0.33333333333333,0.66666666666667,0.17997833608154,0.5,0.5,0.5,0.49998291386143,0.5,1727072831748
99,0.33333333333333,0.66666666666667,0.17997833608154,0.5,0.5,0.5,0.49998291386143,0.5,1727072834084
99,0.33333333333333,0.66666666666667,0.17997833608154,0.5,0.5,0.5,0.49998291386143,0.5,1727072836933
99,0.34000408672008,0.66666666666667,0.17997833608154,0.5,0.50000381882822,0.5,0.49998291386143,0.5,1727072837052
99,0.34667509067632,0.66666666666667,0.17997833608154,0.5,0.49999830685758,0.5,0.49998291386143,0.5,1727072837068
99,0.35335121344864,0.66666666666667,0.17997833608154,0.5,0.49999759429085,0.5,0.49998291386143,0.5,1727072837084
99,0.36002615690453,0.66666666666667,0.17997833608154,0.5,0.49999583147065,0.5,0.49998291386143,0.5,1727072837124
99,0.36669775188042,0.66666666666667,0.17997833608154,0.5,0.49999111321632,0.5,0.49998291386143,0.5,1727072837204
99,0.36669775188042,0.66666666666667,0.17997833608154,0.5,0.49999111321632,0.5,0.49998291386143,0.5,1727072838140
99,0.36669775188042,0.66666666666667,0.17997833608154,0.5,0.49999111321632,0.5,0.49998291386143,0.5,1727072838389
99,0.37337273411156,0.66666666666667,0.17997833608154,0.5,0.50000309845445,0.5,0.49998291386143,0.5,1727072838836
99,0.3838900483558,0.66666666666667,0.17997833608154,0.5,0.49999803493016,0.5,0.49998291386143,0.5,1727072838874
99,0.390563308711,0.66666666666667,0.17997833608154,0.5,0.49999490291308,0.5,0.49998291386143,0.5,1727072838924
99,0.3972289469406,0.66666666666667,0.17997833608154,0.5,0.49999844771819,0.5,0.49998291386143,0.5,1727072838940
99,0.3972289469406,0.66666666666667,0.17997833608154,0.5,0.49999844771819,0.5,0.49998291386143,0.5,1727072839532
99,0.3972289469406,0.66666666666667,0.17997833608154,0.5,0.49999844771819,0.5,0.49998291386143,0.5,1727072842989
99,0.3972289469406,0.66666666666667,0.17997833608154,0.50667641841754,0.49999844771819,0.5,0.49998291386143,0.49999963229553,1727072843036
99,0.3972289469406,0.66666666666667,0.17997833608154,0.51334895998757,0.49999844771819,0.5,0.49998291386143,0.50000758248897,1727072843052
99,0.3972289469406,0.66666666666667,0.17997833608154,0.51722139461061,0.49999844771819,0.5,0.49998291386143,0.50000431880519,1727072843060
99,0.3972289469406,0.66666666666667,0.17997833608154,0.52109721344253,0.49999844771819,0.5,0.49998291386143,0.50000350757196,1727072843074
99,0.3972289469406,0.66666666666667,0.17997833608154,0.5478941632021,0.49999844771819,0.5,0.49998291386143,0.50000128211958,1727072843090
99,0.3972289469406,0.66666666666667,0.17997833608154,0.57556911338887,0.49999844771819,0.5,0.49998291386143,0.49999992161138,1727072843107
99,0.3972289469406,0.66666666666667,0.17997833608154,0.64718761207908,0.49999844771819,0.5,0.49998291386143,0.50000184149149,1727072843124
99,0.3972289469406,0.66666666666667,0.17997833608154,0.6748642424828,0.49999844771819,0.5,0.49998291386143,0.50000161191692,1727072843140
99,0.3972289469406,0.66666666666667,0.17997833608154,0.6987045603775,0.49999844771819,0.5,0.49998291386143,0.49999817991325,1727072843157
99,0.3972289469406,0.66666666666667,0.17997833608154,0.70537562278205,0.49999844771819,0.5,0.49998291386143,0.50000368870352,1727072843174
99,0.3972289469406,0.66666666666667,0.17997833608154,0.71589073965711,0.49999844771819,0.5,0.49998291386143,0.49999910496776,1727072843190
99,0.3972289469406,0.66666666666667,0.17997833608154,0.72255241887565,0.49999844771819,0.5,0.49998291386143,0.49999919089208,1727072843207
99,0.3972289469406,0.66666666666667,0.17997833608154,0.72922715931044,0.49999844771819,0.5,0.49998291386143,0.4999979675251,1727072843224
99,0.3972289469406,0.66666666666667,0.17997833608154,0.74639906232399,0.49999844771819,0.5,0.49998291386143,0.49999948116374,1727072843240
99,0.3972289469406,0.66666666666667,0.17997833608154,0.77023855801199,0.49999844771819,0.5,0.49998291386143,0.50000420899075,1727072843257
99,0.3972289469406,0.66666666666667,0.17997833608154,0.7979228951767,0.49999844771819,0.5,0.49998291386143,0.49999990438032,1727072843274
99,0.3972289469406,0.66666666666667,0.17997833608154,0.82467813703865,0.49999844771819,0.5,0.49998291386143,0.50000062278375,1727072843290
99,0.3972289469406,0.66666666666667,0.17997833608154,0.84852280682406,0.49999844771819,0.5,0.49998291386143,0.49999986444213,1727072843307
99,0.3972289469406,0.66666666666667,0.17997833608154,0.885740823694,0.49999844771819,0.5,0.49998291386143,0.50000114667373,1727072843324
99,0.3972289469406,0.66666666666667,0.17997833608154,0.92297044687258,0.49999844771819,0.5,0.49998291386143,0.50000057160244,1727072843340
99,0.3972289469406,0.66666666666667,0.17997833608154,0.96018588676095,0.49999844771819,0.5,0.49998291386143,0.50000057920555,1727072843357
99,0.3972289469406,0.66666666666667,0.17997833608154,0.99070839310813,0.49999844771819,0.5,0.49998291386143,0.500000311412,1727072843374
99,0.3972289469406,0.66666666666667,0.17997833608154,1.0,0.49999844771819,0.5,0.49998291386143,0.5,1727072843390
99,0.3972289469406,0.66666666666667,0.17997833608154,1.0,0.49999844771819,0.5,0.49998291386143,0.5,1727072843407
99,0.3972289469406,0.66666666666667,0.17997833608154,1.0,0.49999844771819,0.5,0.49998291386143,0.5,1727072844157
99,0.3972289469406,0.66666666666667,0.17997833608154,1.0,0.49999844771819,0.5,0.49998291386143,0.5,1727072844174
99,0.3972289469406,0.66666666666667,0.17997833608154,1.0,0.49999844771819,0.5,0.49998291386143,0.5,1727072844190
99,0.3972289469406,0.66666666666667,0.17997833608154,1.0,0.49999844771819,0.5,0.49998291386143,0.5,1727072844207
99,0.3972289469406,0.66666666666667,0.17997833608154,1.0,0.49999844771819,0.5,0.49998291386143,0.5,1727072844223
99,0.3972289469406,0.66666666666667,0.17997833608154,1.0,0.49999844771819,0.5,0.49998291386143,0.5,1727072844240
99,0.3972289469406,0.66666666666667,0.17997833608154,1.0,0.49999844771819,0.5,0.49998291386143,0.5,1727072844257
99,0.3972289469406,0.66666666666667,0.17997833608154,1.0,0.49999844771819,0.5,0.49998291386143,0.5,1727072844273
99,0.3972289469406,0.66666666666667,0.17997833608154,1.0,0.49999844771819,0.5,0.49998291386143,0.5,1727072844388
99,0.3972289469406,0.66666666666667,0.17997833608154,1.0,0.49999844771819,0.5,0.49998291386143,0.5,1727072844404
99,0.3972289469406,0.66666666666667,0.17997833608154,1.0,0.49999844771819,0.5,0.49998291386143,0.5,1727072844420
99,0.3972289469406,0.66666666666667,0.17997833608154,1.0,0.49999844771819,0.5,0.49998291386143,0.5,1727072844436
99,0.3972289469406,0.66666666666667,0.17997833608154,1.0,0.49999844771819,0.5,0.49998291386143,0.5,1727072844452
99,0.3972289469406,0.66666666666667,0.17997833608154,1.0,0.49999844771819,0.5,0.49998291386143,0.5,1727072844460
99,0.3972289469406,0.66666666666667,0.17997833608154,1.0,0.49999844771819,0.5,0.49998291386143,0.5,1727072844473
99,0.3972289469406,0.66666666666667,0.17997833608154,1.0,0.49999844771819,0.5,0.49998291386143,0.5,1727072844490
99,0.3972289469406,0.66666666666667,0.17997833608154,1.0,0.49999844771819,0.5,0.49998291386143,0.5,1727072844507
99,0.3972289469406,0.66666666666667,0.17997833608154,1.0,0.49999844771819,0.5,0.49998291386143,0.5,1727072844524
99,0.3972289469406,0.66666666666667,0.17997833608154,1.0,0.49999844771819,0.5,0.49998291386143,0.5,1727072844548
99,0.3972289469406,0.66666666666667,0.17997833608154,1.0,0.49999844771819,0.5,0.49998291386143,0.5,1727072844564
99,0.3972289469406,0.66666666666667,0.17997833608154,1.0,0.49999844771819,0.5,0.49998291386143,0.5,1727072844573
99,0.3972289469406,0.66666666666667,0.17997833608154,1.0,0.49999844771819,0.5,0.49998291386143,0.5,1727072844590
99,0.3972289469406,0.66666666666667,0.17997833608154,1.0,0.49999844771819,0.5,0.49998291386143,0.5,1727072844607
99,0.3972289469406,0.66666666666667,0.17997833608154,1.0,0.49999844771819,0.5,0.49998291386143,0.5,1727072844623
99,0.3972289469406,0.66666666666667,0.17997833608154,1.0,0.49999844771819,0.5,0.49998291386143,0.5,1727072844640
99,0.3972289469406,0.66666666666667,0.17997833608154,1.0,0.49999844771819,0.5,0.49998291386143,0.5,1727072844657
99,0.3972289469406,0.66666666666667,0.17997833608154,1.0,0.49999844771819,0.5,0.49998291386143,0.5,1727072844707
99,0.3972289469406,0.66666666666667,0.17997833608154,0.99334797368721,0.49999844771819,0.5,0.49998291386143,0.50000421789871,1727072846060
99,0.3972289469406,0.66666666666667,0.17997833608154,0.98284354253612,0.49999844771819,0.5,0.49998291386143,0.49999883221904,1727072846074
99,0.3972289469406,0.66666666666667,0.17997833608154,0.9761879789104,0.49999844771819,0.5,0.49998291386143,0.50000151233587,1727072846090
99,0.3972289469406,0.66666666666667,0.17997833608154,0.97235821660986,0.49999844771819,0.5,0.49998291386143,0.50000197123658,1727072846236
99,0.3972289469406,0.66666666666667,0.17997833608154,0.96570779528854,0.49999844771819,0.5,0.49998291386143,0.50000004670228,1727072846244
99,0.3972289469406,0.66666666666667,0.17997833608154,0.96187786754239,0.49999844771819,0.5,0.49998291386143,0.50000042967284,1727072846260
99,0.3972289469406,0.66666666666667,0.17997833608154,0.95521608029463,0.49999844771819,0.5,0.49998291386143,0.50000031824009,1727072846276
99,0.3972289469406,0.66666666666667,0.17997833608154,0.9618875778919,0.49999844771819,0.5,0.49998291386143,0.50000484723075,1727072847692
99,0.3972289469406,0.66666666666667,0.17997833608154,0.96855537653538,0.49999844771819,0.5,0.49998291386143,0.50000069241285,1727072848180
99,0.3972289469406,0.66666666666667,0.17997833608154,0.9647314006272,0.49999844771819,0.5,0.49998291386143,0.50000377786671,1727072848188
99,0.3972289469406,0.66666666666667,0.17997833608154,0.9647314006272,0.49999844771819,0.5,0.49998291386143,0.50000377786671,1727072848188
100,0.0,0.83333333333333,1.0,0.5,0.5,0.5,0.5,0.5,1727072850605
100,0.0,0.83333333333333,0.99738891971697,0.5,0.5,0.5,0.49999720371568,0.5,1727072850732
100,0.0,0.83333333333333,0.99016948034326,0.5,0.5,0.5,0.49999465930674,0.5,1727072850748
100,0.0,0.83333333333333,0.98294164834329,0.5,0.5,0.5,0.49999296450348,0.5,1727072850764
100,0.0,0.83333333333333,0.97571113870585,0.5,0.5,0.5,0.50000271267033,0.5,1727072850780
100,0.0,0.83333333333333,0.96849324919885,0.5,0.5,0.5,0.49999348132901,0.5,1727072850790
100,0.0,0.83333333333333,0.9586355678502,0.5,0.5,0.5,0.50000106040365,0.5,1727072850806
100,0.0,0.83333333333333,0.94878810779265,0.5,0.5,0.5,0.4999998551971,0.5,1727072850823
100,0.0,0.83333333333333,0.93434130408802,0.5,0.5,0.5,0.49999340233444,0.5,1727072850840
100,0.0,0.83333333333333,0.92712268228173,0.5,0.5,0.5,0.49998705391513,0.5,1727072850857
100,0.0,0.83333333333333,0.91989042572349,0.5,0.5,0.5,0.50000506603285,0.5,1727072850876
100,0.0,0.83333333333333,0.91266341009172,0.5,0.5,0.5,0.49999964903551,0.5,1727072850900
100,0.0,0.83333333333333,0.90544497132369,0.5,0.5,0.5,0.49999238924529,0.5,1727072850916
100,0.0,0.83333333333333,0.89821841196814,0.5,0.5,0.5,0.49998473930088,0.5,1727072850932
100,0.0,0.83333333333333,0.89098747382576,0.5,0.5,0.5,0.49999712970976,0.5,1727072850948
100,0.0,0.83333333333333,0.88838397718205,0.5,0.5,0.5,0.49999875530395,0.5,1727072850956
100,0.0,0.83333333333333,0.87393700067726,0.5,0.5,0.5,0.49999274825493,0.5,1727072850973
100,0.0,0.83333333333333,0.86671037336848,0.5,0.5,0.5,0.49998520408477,0.5,1727072850990
100,0.0,0.83333333333333,0.85949020502066,0.5,0.5,0.5,0.49998572952493,0.5,1727072851006
100,0.0,0.83333333333333,0.85225869580071,0.5,0.5,0.5,0.50000128040305,0.5,1727072851023
100,0.0,0.83333333333333,0.84503874629704,0.5,0.5,0.5,0.50000087011351,0.5,1727072851040
100,0.0,0.83333333333333,0.83781259511273,0.5,0.5,0.5,0.4999908827366,0.5,1727072851056
100,0.0,0.83333333333333,0.83058392395739,0.5,0.5,0.5,0.4999929985861,0.5,1727072851076
100,0.0,0.83333333333333,0.82336286571383,0.5,0.5,0.5,0.49999794450578,0.5,1727072851148
100,0.0,0.83333333333333,0.81613499303678,0.5,0.5,0.5,0.49999620700079,0.5,1727072851156
100,0.0,0.83333333333333,0.80890863752607,0.5,0.5,0.5,0.49998692775283,0.5,1727072851188
100,0.0,0.83333333333333,0.80168925214532,0.5,0.5,0.5,0.49998358746338,0.5,1727072851228
100,0.0,0.83333333333333,0.79445724535182,0.5,0.5,0.5,0.50000248385191,0.5,1727072851244
100,0.0,0.83333333333333,0.78723832178251,0.5,0.5,0.5,0.49999686896676,0.5,1727072851256
100,0.0,0.83333333333333,0.78000993809975,0.5,0.5,0.5,0.49999766623744,0.5,1727072851273
100,0.0,0.83333333333333,0.77278252706997,0.5,0.5,0.5,0.49999348469824,0.5,1727072851300
100,0.0,0.83333333333333,0.76556048688692,0.5,0.5,0.5,0.50000378916695,0.5,1727072851340
100,0.0,0.83333333333333,0.77279203457333,0.5,0.5,0.5,0.4999867049746,0.5,1727072852276
100,0.0,0.83333333333333,0.78002904535211,0.5,0.5,0.5,0.49998373204749,0.5,1727072852300
100,0.0,0.83333333333333,0.78725552290355,0.5,0.5,0.5,0.49999267449772,0.5,1727072852316
100,0.0,0.83333333333333,0.78991578944353,0.5,0.5,0.5,0.499993590847,0.5,1727072852324
100,0.0,0.83333333333333,0.79714558482927,0.5,0.5,0.5,0.49998575526446,0.5,1727072852340
100,0.0,0.83333333333333,0.79979751733156,0.5,0.5,0.5,0.49998742042162,0.5,1727072852356
100,0.0,0.83333333333333,0.80703089238566,0.5,0.5,0.5,0.50000256673052,0.5,1727072852373
100,0.0,0.83333333333333,0.8142608742506,0.5,0.5,0.5,0.49999387666227,0.5,1727072852396
100,0.0,0.83333333333333,0.81692078279671,0.5,0.5,0.5,0.49999652748235,0.5,1727072852406
100,0.0,0.83333333333333,0.82414773938626,0.5,0.5,0.5,0.5000027367209,0.5,1727072852423
100,0.0,0.83333333333333,0.83137917125806,0.5,0.5,0.5,0.49998714714023,0.5,1727072852440
100,0.0,0.83333333333333,0.83861607322708,0.5,0.5,0.5,0.49998485573511,0.5,1727072852456
100,0.0,0.83333333333333,0.84126865915222,0.5,0.5,0.5,0.49998331793119,0.5,1727072852476
100,0.0,0.83333333333333,0.84850291999232,0.5,0.5,0.5,0.49999368818367,0.5,1727072852490
100,0.0,0.83333333333333,0.85573251564628,0.5,0.5,0.5,0.49998721494334,0.5,1727072852516
100,0.0,0.83333333333333,0.86560231510432,0.5,0.5,0.5,0.49999906743086,0.5,1727072852556
100,0.0,0.83333333333333,0.86825316307718,0.5,0.5,0.5,0.50000568818436,0.5,1727072854300
100,0.0,0.83333333333333,0.86102631337429,0.5,0.5,0.5,0.49999923979435,0.5,1727072854716
100,0.0,0.83333333333333,0.85380623800257,0.5,0.5,0.5,0.49999941777025,0.5,1727072854780
100,0.0,0.83333333333333,0.85380623800257,0.5,0.5,0.5,0.49999941777025,0.5,1727072856260
100,0.0,0.83333333333333,0.85380623800257,0.5,0.5,0.5,0.49999941777025,0.5,1727072858341
100,0.00668914371368,0.83333333333333,0.85380623800257,0.5,0.49999320424536,0.5,0.49999941777025,0.5,1727072858429
100,0.01721040658363,0.83333333333333,0.85380623800257,0.5,0.49998972891321,0.5,0.49999941777025,0.5,1727072858444
100,0.03063915009392,0.83333333333333,0.85380623800257,0.5,0.49998624073991,0.5,0.49999941777025,0.5,1727072858460
100,0.04405917389748,0.83333333333333,0.85380623800257,0.5,0.49999556669426,0.5,0.49999941777025,0.5,1727072858473
100,0.08145949783897,0.83333333333333,0.85380623800257,0.5,0.49999660575321,0.5,0.49999941777025,0.5,1727072858489
100,0.1188254310098,0.83333333333333,0.85380623800257,0.5,0.49999202028306,0.5,0.49999941777025,0.5,1727072858506
100,0.15617416213328,0.83333333333333,0.85380623800257,0.5,0.49998581100234,0.5,0.49999941777025,0.5,1727072858523
100,0.19350802301911,0.83333333333333,0.85380623800257,0.5,0.50000041111033,0.5,0.49999941777025,0.5,1727072858539
100,0.22408169385123,0.83333333333333,0.85380623800257,0.5,0.50000554811838,0.5,0.49999941777025,0.5,1727072858556
100,0.24419933639159,0.83333333333333,0.85380623800257,0.5,0.49999925967808,0.5,0.49999941777025,0.5,1727072858573
100,0.26431729670332,0.83333333333333,0.85380623800257,0.5,0.49999380380914,0.5,0.49999941777025,0.5,1727072858590
100,0.27483207499793,0.83333333333333,0.85380623800257,0.5,0.50000137168998,0.5,0.49999941777025,0.5,1727072858606
100,0.29493549145676,0.83333333333333,0.85380623800257,0.5,0.49999699506935,0.5,0.49999941777025,0.5,1727072858623
100,0.30161536955052,0.83333333333333,0.85380623800257,0.5,0.49999998494298,0.5,0.49999941777025,0.5,1727072858639
100,0.31878105107398,0.83333333333333,0.85380623800257,0.5,0.49999654505109,0.5,0.49999941777025,0.5,1727072858656
100,0.3254526942399,0.83333333333333,0.85380623800257,0.5,0.49999152651907,0.5,0.49999941777025,0.5,1727072858673
100,0.33213764687312,0.83333333333333,0.85380623800257,0.5,0.49999922844944,0.5,0.49999941777025,0.5,1727072858689
100,0.33880891673938,0.83333333333333,0.85380623800257,0.5,0.49999394381881,0.5,0.49999941777025,0.5,1727072858706
100,0.35218098008441,0.83333333333333,0.85380623800257,0.5,0.49999667168493,0.5,0.49999941777025,0.5,1727072858723
100,0.36269298475177,0.83333333333333,0.85380623800257,0.5,0.50000060924863,0.5,0.49999941777025,0.5,1727072858739
100,0.38952524870502,0.83333333333333,0.85380623800257,0.5,0.50000187227239,0.5,0.49999941777025,0.5,1727072858756
100,0.42007624433941,0.83333333333333,0.85380623800257,0.5,0.49999944154458,0.5,0.49999941777025,0.5,1727072858773
100,0.4334437083918,0.83333333333333,0.85380623800257,0.5,0.49999802726916,0.5,0.49999941777025,0.5,1727072858789
100,0.44395346706166,0.83333333333333,0.85380623800257,0.5,0.49999969882061,0.5,0.49999941777025,0.5,1727072858806
100,0.44395346706166,0.83333333333333,0.85380623800257,0.5,0.49999969882061,0.5,0.49999941777025,0.5,1727072860852
100,0.44395346706166,0.83333333333333,0.85380623800257,0.5,0.49999969882061,0.5,0.49999941777025,0.5,1727072861949
100,0.44395346706166,0.84000151365005,0.85380623800257,0.5,0.49999969882061,0.49999923438747,0.49999941777025,0.5,1727072862237
100,0.44395346706166,0.84666923900241,0.85380623800257,0.5,0.49999969882061,0.49999612870905,0.49999941777025,0.5,1727072862244
100,0.44395346706166,0.85053202718074,0.85380623800257,0.5,0.49999969882061,0.49999551623321,0.49999941777025,0.5,1727072862256
100,0.44395346706166,0.85720276344979,0.85380623800257,0.5,0.49999969882061,0.49999862394756,0.49999941777025,0.5,1727072862273
100,0.44395346706166,0.86387623062203,0.85380623800257,0.5,0.49999969882061,0.49999272792204,0.49999941777025,0.5,1727072862289
100,0.44395346706166,0.87438396654395,0.85380623800257,0.5,0.49999969882061,0.50000031815167,0.49999941777025,0.5,1727072862306
100,0.44395346706166,0.88105601149639,0.85380623800257,0.5,0.49999969882061,0.49999519493333,0.49999941777025,0.5,1727072862323
100,0.44395346706166,0.88491632273154,0.85380623800257,0.5,0.49999969882061,0.4999958074477,0.49999941777025,0.5,1727072862420
100,0.44395346706166,0.89158779521498,0.85380623800257,0.5,0.49999969882061,0.49999846430423,0.49999941777025,0.5,1727072862428
100,0.44395346706166,0.89825736291243,0.85380623800257,0.5,0.49999969882061,0.49999461804272,0.49999941777025,0.5,1727072862452
100,0.44395346706166,0.90876603167138,0.85380623800257,0.5,0.49999969882061,0.4999942022669,0.49999941777025,0.5,1727072862489
100,0.44395346706166,0.91543723598328,0.85380623800257,0.5,0.49999969882061,0.49999694080116,0.49999941777025,0.5,1727072862506
100,0.44395346706166,0.92210116035033,0.85380623800257,0.5,0.49999969882061,0.49999583592254,0.49999941777025,0.5,1727072862588
100,0.44395346706166,0.92877308683404,0.85380623800257,0.5,0.49999969882061,0.49999819646474,0.49999941777025,0.5,1727072862612
100,0.44395346706166,0.93928442950487,0.85380623800257,0.5,0.49999969882061,0.49999652017115,0.49999941777025,0.5,1727072862628
100,0.44395346706166,0.94594527929083,0.85380623800257,0.5,0.49999969882061,0.49999685702983,0.49999941777025,0.5,1727072862639
100,0.44395346706166,0.95261595449835,0.85380623800257,0.5,0.49999969882061,0.49999973874209,0.49999941777025,0.5,1727072862853
100,0.44395346706166,0.95648293203667,0.85380623800257,0.5,0.49999969882061,0.49999725407602,0.49999941777025,0.5,1727072862860
100,0.44395346706166,0.96314930744087,0.85380623800257,0.5,0.49999969882061,0.49999507096901,0.49999941777025,0.5,1727072862964
100,0.44395346706166,0.9670149080127,0.85380623800257,0.5,0.49999969882061,0.50000021590929,0.49999941777025,0.5,1727072862973
100,0.44395346706166,0.9803573624805,0.85380623800257,0.5,0.49999969882061,0.49999842431833,0.49999941777025,0.5,1727072862989
100,0.44395346706166,0.98703242834778,0.85380623800257,0.5,0.49999969882061,0.49999926055379,0.49999941777025,0.5,1727072863006
100,0.44395346706166,0.99089209398049,0.85380623800257,0.5,0.49999969882061,0.50000009495228,0.49999941777025,0.5,1727072863084
100,0.44395346706166,0.99756474366436,0.85380623800257,0.5,0.49999969882061,0.49999518413475,0.49999941777025,0.5,1727072863092
100,0.44395346706166,1.00000293868467,0.85380623800257,0.5,0.49999969882061,0.49999870385813,0.49999941777025,0.5,1727072863116
100,0.44395346706166,1.00000293868467,0.85380623800257,0.5,0.49999969882061,0.49999870385813,0.49999941777025,0.5,1727072863180
100,0.44395346706166,1.00000293868467,0.85380623800257,0.5,0.49999969882061,0.49999870385813,0.49999941777025,0.5,1727072863189
100,0.44395346706166,1.00000293868467,0.85380623800257,0.5,0.49999969882061,0.49999870385813,0.49999941777025,0.5,1727072863206
100,0.44395346706166,1.00000293868467,0.85380623800257,0.5,0.49999969882061,0.49999870385813,0.49999941777025,0.5,1727072863300
100,0.44395346706166,1.00000293868467,0.85380623800257,0.5,0.49999969882061,0.49999870385813,0.49999941777025,0.5,1727072863356
100,0.44395346706166,1.00000293868467,0.85380623800257,0.5,0.49999969882061,0.49999870385813,0.49999941777025,0.5,1727072863373
100,0.44395346706166,1.00000293868467,0.85380623800257,0.5,0.49999969882061,0.49999870385813,0.49999941777025,0.5,1727072863389
100,0.44395346706166,1.00000293868467,0.85380623800257,0.5,0.49999969882061,0.49999870385813,0.49999941777025,0.5,1727072863406
100,0.44395346706166,1.00000293868467,0.85380623800257,0.5,0.49999969882061,0.49999870385813,0.49999941777025,0.5,1727072863423
100,0.44395346706166,1.00000293868467,0.85380623800257,0.5,0.49999969882061,0.49999870385813,0.49999941777025,0.5,1727072863439
100,0.44395346706166,1.00000293868467,0.85380623800257,0.5,0.49999969882061,0.49999870385813,0.49999941777025,0.5,1727072863456
100,0.44395346706166,1.00000293868467,0.85380623800257,0.5,0.49999969882061,0.49999870385813,0.49999941777025,0.5,1727072863473
100,0.44395346706166,1.00000293868467,0.85380623800257,0.5,0.49999969882061,0.49999870385813,0.49999941777025,0.5,1727072863489
100,0.44395346706166,1.00000293868467,0.85380623800257,0.5,0.49999969882061,0.49999870385813,0.49999941777025,0.5,1727072863506
100,0.44395346706166,1.00000293868467,0.85380623800257,0.5,0.49999969882061,0.49999870385813,0.49999941777025,0.5,1727072863522
100,0.44395346706166,1.00000293868467,0.85380623800257,0.5,0.49999969882061,0.49999870385813,0.49999941777025,0.5,1727072863539
100,0.44395346706166,1.00000293868467,0.85380623800257,0.5,0.49999969882061,0.49999870385813,0.49999941777025,0.5,1727072863564
100,0.44395346706166,1.00000293868467,0.85380623800257,0.5,0.49999969882061,0.49999870385813,0.49999941777025,0.5,1727072863580
100,0.44395346706166,1.00000293868467,0.85380623800257,0.5,0.49999969882061,0.49999870385813,0.49999941777025,0.5,1727072863589
100,0.44395346706166,1.00000293868467,0.85380623800257,0.5,0.49999969882061,0.49999870385813,0.49999941777025,0.5,1727072863606
100,0.44395346706166,1.00000293868467,0.85380623800257,0.5,0.49999969882061,0.49999870385813,0.49999941777025,0.5,1727072863622
100,0.44395346706166,1.00000293868467,0.85380623800257,0.5,0.49999969882061,0.49999870385813,0.49999941777025,0.5,1727072863639
100,0.44395346706166,0.98670248526122,0.85380623800257,0.5,0.49999969882061,0.49999546278898,0.49999941777025,0.5,1727072863773
100,0.44395346706166,0.98670248526122,0.85380623800257,0.5,0.49999969882061,0.49999546278898,0.49999941777025,0.5,1727072863773
100,0.44395346706166,0.98670248526122,0.85380623800257,0.5,0.49999969882061,0.49999546278898,0.49999941777025,0.5,1727072865125
100,0.44395346706166,0.98670248526122,0.85380623800257,0.49618700129464,0.49999969882061,0.49999546278898,0.49999941777025,0.50000176285633,1727072865229
100,0.44395346706166,0.98670248526122,0.85380623800257,0.48861067658826,0.49999969882061,0.49999546278898,0.49999941777025,0.49999648573436,1727072865244
100,0.44395346706166,0.98670248526122,0.85380623800257,0.48195834653192,0.49999969882061,0.49999546278898,0.49999941777025,0.50000338979117,1727072865256
100,0.44395346706166,0.98670248526122,0.85380623800257,0.46096978792704,0.49999969882061,0.49999546278898,0.49999941777025,0.50000043205379,1727072865273
100,0.44395346706166,0.98670248526122,0.85380623800257,0.43621656025571,0.49999969882061,0.49999546278898,0.49999941777025,0.50000094454771,1727072865289
100,0.44395346706166,0.98670248526122,0.85380623800257,0.41904892483354,0.49999969882061,0.49999546278898,0.49999941777025,0.500002283427,1727072865306
100,0.44395346706166,0.98670248526122,0.85380623800257,0.41523472709456,0.49999969882061,0.49999546278898,0.49999941777025,0.50000328016926,1727072865323
100,0.44395346706166,0.98670248526122,0.85380623800257,0.40858266095342,0.49999969882061,0.49999546278898,0.49999941777025,0.49999836385779,1727072865348
100,0.44395346706166,0.98670248526122,0.85380623800257,0.40477406246861,0.49999969882061,0.49999546278898,0.49999941777025,0.50000406835328,1727072865356
100,0.44395346706166,0.98670248526122,0.85380623800257,0.40096360894534,0.49999969882061,0.49999546278898,0.49999941777025,0.50000826850456,1727072865388
100,0.44395346706166,0.98670248526122,0.85380623800257,0.39431024510785,0.49999969882061,0.49999546278898,0.49999941777025,0.50000218440037,1727072865396
100,0.44395346706166,0.98670248526122,0.85380623800257,0.3838093515107,0.49999969882061,0.49999546278898,0.49999941777025,0.50000813453666,1727072865412
100,0.44395346706166,0.98670248526122,0.85380623800257,0.3771596100131,0.49999969882061,0.49999546278898,0.49999941777025,0.50000506693546,1727072865422
100,0.44395346706166,0.98670248526122,0.85380623800257,0.37334792996598,0.49999969882061,0.49999546278898,0.49999941777025,0.50000837446343,1727072865439
100,0.44395346706166,0.98670248526122,0.85380623800257,0.3667033112946,0.49999969882061,0.49999546278898,0.49999941777025,0.50000983712229,1727072866677
100,0.44395346706166,0.98670248526122,0.85380623800257,0.36005052113759,0.49999969882061,0.49999546278898,0.49999941777025,0.50000394690445,1727072866764
100,0.44395346706166,0.98670248526122,0.85380623800257,0.36005052113759,0.49999969882061,0.49999546278898,0.49999941777025,0.50000394690445,1727072867981
101,0.0,0.0,0.5,0.66666666666667,0.5,0.5,0.5,0.5,1727072870454
101,0.0,0.0,0.50723788325758,0.66666666666667,0.5,0.5,0.49998805156408,0.5,1727072870621
101,0.0,0.0,0.51446482026426,0.66666666666667,0.5,0.5,0.49999699060501,0.5,1727072870636
101,0.0,0.0,0.52170133382926,0.66666666666667,0.5,0.5,0.49999630682298,0.5,1727072870645
101,0.0,0.0,0.54147148923202,0.66666666666667,0.5,0.5,0.49998972437197,0.5,1727072870656
101,0.0,0.0,0.56319840789661,0.66666666666667,0.5,0.5,0.49998148066656,0.5,1727072870672
101,0.0,0.0,0.59016979899676,0.66666666666667,0.5,0.5,0.49999095887841,0.5,1727072870689
101,0.0,0.0,0.60726295377794,0.66666666666667,0.5,0.5,0.49998610436202,0.5,1727072870705
101,0.0,0.0,0.63157423689128,0.66666666666667,0.5,0.5,0.49999295151843,0.5,1727072870722
101,0.0,0.0,0.6513433975618,0.66666666666667,0.5,0.5,0.49999303595577,0.5,1727072870739
101,0.0,0.0,0.66842755022945,0.66666666666667,0.5,0.5,0.49999312877179,0.5,1727072870755
101,0.0,0.0,0.69274866616075,0.66666666666667,0.5,0.5,0.49999018446986,0.5,1727072870772
101,0.0,0.0,0.70261958764824,0.66666666666667,0.5,0.5,0.49999785365115,0.5,1727072870789
101,0.0,0.0,0.72958666782011,0.66666666666667,0.5,0.5,0.49998477512629,0.5,1727072870805
101,0.0,0.0,0.73682039030308,0.66666666666667,0.5,0.5,0.49999917100399,0.5,1727072870822
101,0.0,0.0,0.75390388527853,0.66666666666667,0.5,0.5,0.50000258920201,0.5,1727072870839
101,0.0,0.0,0.77099734824238,0.66666666666667,0.5,0.5,0.49999673454511,0.5,1727072870855
101,0.0,0.0,0.79530861548515,0.66666666666667,0.5,0.5,0.50000234169749,0.5,1727072870872
101,0.0,0.0,0.8124025009886,0.66666666666667,0.5,0.5,0.49999463225142,0.5,1727072870889
101,0.0,0.0,0.83216432750765,0.66666666666667,0.5,0.5,0.49999054144764,0.5,1727072870905
101,0.0,0.0,0.84662771698141,0.66666666666667,0.5,0.5,0.49999661022502,0.5,1727072870922
101,0.0,0.0,0.85650205389311,0.66666666666667,0.5,0.5,0.49998695894998,0.5,1727072870939
101,0.0,0.0,0.86636622620513,0.66666666666667,0.5,0.5,0.49998677825449,0.5,1727072870955
101,0.0,0.0,0.88345593705985,0.66666666666667,0.5,0.5,0.49999911301441,0.5,1727072870972
101,0.0,0.0,0.89332744899297,0.66666666666667,0.5,0.5,0.50000271609835,0.5,1727072871004
101,0.0,0.0,0.90055856706102,0.66666666666667,0.5,0.5,0.49998949511605,0.5,1727072871164
101,0.0,0.0,0.90321201643458,0.66666666666667,0.5,0.5,0.49998410049296,0.5,1727072871188
101,0.0,0.0,0.91044508340049,0.66666666666667,0.5,0.5,0.49999931074387,0.5,1727072871239
101,0.0,0.0,0.91767385286594,0.66666666666667,0.5,0.5,0.49999685872551,0.5,1727072871255
101,0.0,0.0,0.92032778038463,0.66666666666667,0.5,0.5,0.49998938245947,0.5,1727072871276
101,0.0,0.0,0.91309849909943,0.66666666666667,0.5,0.5,0.49999409142831,0.5,1727072871621
101,0.0,0.0,0.90587813880033,0.66666666666667,0.5,0.5,0.49999552268959,0.5,1727072871655
101,0.0,0.0,0.89865130870081,0.66666666666667,0.5,0.5,0.49998913210456,0.5,1727072871672
101,0.0,0.0,0.89142403209703,0.66666666666667,0.5,0.5,0.49998471324782,0.5,1727072871689
101,0.0,0.0,0.88420135177179,0.66666666666667,0.5,0.5,0.49999684540194,0.5,1727072871705
101,0.0,0.0,0.86975380544302,0.66666666666667,0.5,0.5,0.49999346151637,0.5,1727072871722
101,0.0,0.0,0.86253305385462,0.66666666666667,0.5,0.5,0.49999678996566,0.5,1727072871772
101,0.0,0.0,0.85530549675306,0.66666666666667,0.5,0.5,0.49999360834747,0.5,1727072871789
101,0.0,0.0,0.84807623420512,0.66666666666667,0.5,0.5,0.49999853447141,0.5,1727072871839
101,0.0,0.0,0.84085643350676,0.66666666666667,0.5,0.5,0.49999738864773,0.5,1727072871860
101,0.0,0.0,0.82640923143367,0.66666666666667,0.5,0.5,0.49999219762441,0.5,1727072871905
101,0.0,0.0,0.81918825101774,0.66666666666667,0.5,0.5,0.49999677548504,0.5,1727072871932
101,0.0,0.0,0.81195960714656,0.66666666666667,0.5,0.5,0.49999883375689,0.5,1727072872028
101,0.0,0.0,0.8047333559247,0.66666666666667,0.5,0.5,0.49998901690907,0.5,1727072872052
101,0.0,0.0,0.80739188481859,0.66666666666667,0.5,0.5,0.49999855027015,0.5,1727072873109
101,0.0,0.0,0.81462168537926,0.66666666666667,0.5,0.5,0.49999078407093,0.5,1727072873123
101,0.0,0.0,0.82185743357263,0.66666666666667,0.5,0.5,0.49999408051828,0.5,1727072873149
101,0.0,0.0,0.82450962052573,0.66666666666667,0.5,0.5,0.49999444426807,0.5,1727072873165
101,0.0,0.0,0.83173949296352,0.66666666666667,0.5,0.5,0.49998647979617,0.5,1727072873189
101,0.0,0.0,0.83897631423328,0.66666666666667,0.5,0.5,0.49998458243074,0.5,1727072873205
101,0.0,0.0,0.84620263486453,0.66666666666667,0.5,0.5,0.49999378954674,0.5,1727072873285
101,0.0,0.0,0.84885429554859,0.66666666666667,0.5,0.5,0.49999665898263,0.5,1727072873301
101,0.0,0.0,0.85609237435078,0.66666666666667,0.5,0.5,0.49998875869912,0.5,1727072873309
101,0.0,0.0,0.85609237435078,0.66666666666667,0.5,0.5,0.49998875869912,0.5,1727072874533
101,0.0,0.0,0.85609237435078,0.66666666666667,0.5,0.5,0.49998875869912,0.5,1727072876318
101,0.00669061595699,-0.0,0.85609237435078,0.66666666666667,0.49999636642907,0.5,0.49998875869912,0.5,1727072876429
101,0.01338634817355,-0.0,0.85609237435078,0.66666666666667,0.50000362712619,0.5,0.49998875869912,0.5,1727072876445
101,0.0239079436195,0.0,0.85609237435078,0.66666666666667,0.50000050584684,0.5,0.49998875869912,0.5,1727072876461
101,0.03732857779144,-0.0,0.85609237435078,0.66666666666667,0.50001055508656,0.5,0.49998875869912,0.5,1727072876477
101,0.04401893782119,-0.0,0.85609237435078,0.66666666666667,0.50000666277176,0.5,0.49998875869912,0.5,1727072876489
101,0.06421532072447,-0.0,0.85609237435078,0.66666666666667,0.49999988789564,0.5,0.49998875869912,0.5,1727072876506
101,0.08138223979097,-0.0,0.85609237435078,0.66666666666667,0.49999604766102,0.5,0.49998875869912,0.5,1727072876522
101,0.08806901203492,-0.0,0.85609237435078,0.66666666666667,0.50001218799012,0.5,0.49998875869912,0.5,1727072876539
101,0.09198553734373,-0.0,0.85609237435078,0.66666666666667,0.50000148632749,0.5,0.49998875869912,0.5,1727072876556
101,0.10539092151913,-0.0,0.85609237435078,0.66666666666667,0.500009782872,0.5,0.49998875869912,0.5,1727072876572
101,0.12554701217756,-0.0,0.85609237435078,0.66666666666667,0.49998996722129,0.5,0.49998875869912,0.5,1727072876589
101,0.14941407506954,-0.0,0.85609237435078,0.66666666666667,0.49999819237493,0.5,0.49998875869912,0.5,1727072876606
101,0.16280735689904,0.0,0.85609237435078,0.66666666666667,0.5000098255492,0.5,0.49998875869912,0.5,1727072876622
101,0.18294290989368,0.0,0.85609237435078,0.66666666666667,0.50000566472517,0.5,0.49998875869912,0.5,1727072876639
101,0.20680105632135,0.0,0.85609237435078,0.66666666666667,0.50000127491007,0.5,0.49998875869912,0.5,1727072876656
101,0.22018879178658,0.0,0.85609237435078,0.66666666666667,0.50000489711298,0.5,0.49998875869912,0.5,1727072876672
101,0.2373610275839,0.0,0.85609237435078,0.66666666666667,0.50000812399835,0.5,0.49998875869912,0.5,1727072876689
101,0.24403545580615,0.0,0.85609237435078,0.66666666666667,0.5000052300707,0.5,0.49998875869912,0.5,1727072876706
101,0.25071492346896,0.0,0.85609237435078,0.66666666666667,0.50000796209252,0.5,0.49998875869912,0.5,1727072876722
101,0.25738457287659,0.0,0.85609237435078,0.66666666666667,0.49999995381043,0.5,0.49998875869912,0.5,1727072876861
101,0.26406669202716,0.0,0.85609237435078,0.66666666666667,0.50000552711332,0.5,0.49998875869912,0.5,1727072876885
101,0.27074493098291,0.0,0.85609237435078,0.66666666666667,0.50000684938837,0.5,0.49998875869912,0.5,1727072876893
101,0.277418239104,0.0,0.85609237435078,0.66666666666667,0.50000298389505,0.5,0.49998875869912,0.5,1727072876906
101,0.28409974104839,0.0,0.85609237435078,0.66666666666667,0.50000767312573,0.5,0.49998875869912,0.5,1727072876933
101,0.29076731481313,0.0,0.85609237435078,0.66666666666667,0.49999804662271,0.5,0.49998875869912,0.5,1727072878501
101,0.29465619056407,0.0,0.85609237435078,0.66666666666667,0.50001015964887,0.5,0.49998875869912,0.5,1727072878909
101,0.30132703456577,0.0,0.85609237435078,0.66666666666667,0.50000395765126,0.5,0.49998875869912,0.5,1727072878997
101,0.30132703456577,0.0,0.85609237435078,0.66666666666667,0.50000395765126,0.5,0.49998875869912,0.5,1727072879645
101,0.30132703456577,0.0,0.85609237435078,0.66666666666667,0.50000395765126,0.5,0.49998875869912,0.5,1727072881886
101,0.30132703456577,0.0,0.85609237435078,0.66666666666667,0.50000395765126,0.5,0.49998875869912,0.5,1727072882509
101,0.30132703456577,0.0,0.85609237435078,0.66666666666667,0.50000395765126,0.5,0.49998875869912,0.5,1727072883006
101,0.30132703456577,0.00669322835456,0.85609237435078,0.66666666666667,0.50000395765126,0.49999802259165,0.49998875869912,0.5,1727072883069
101,0.30132703456577,0.02121105477916,0.85609237435078,0.66666666666667,0.50000395765126,0.49997752754686,0.49998875869912,0.5,1727072883077
101,0.30132703456577,0.02790216015568,0.85609237435078,0.66666666666667,0.50000395765126,0.49998045385602,0.49998875869912,0.5,1727072883089
101,0.30132703456577,0.05851691910254,0.85609237435078,0.66666666666667,0.50000395765126,0.49998351152585,0.49998875869912,0.5,1727072883105
101,0.30132703456577,0.08238447523102,0.85609237435078,0.66666666666667,0.50000395765126,0.49997471407763,0.49998875869912,0.5,1727072883122
101,0.30132703456577,0.1377595938815,0.85609237435078,0.66666666666667,0.50000395765126,0.49999182771872,0.49998875869912,0.5,1727072883139
101,0.30132703456577,0.17210524511157,0.85609237435078,0.66666666666667,0.50000395765126,0.49998310199486,0.49998875869912,0.5,1727072883155
101,0.30132703456577,0.19595918299526,0.85609237435078,0.66666666666667,0.50000395765126,0.49999340220122,0.49998875869912,0.5,1727072883172
101,0.30132703456577,0.1998523692847,0.85609237435078,0.66666666666667,0.50000395765126,0.49999238251672,0.49998875869912,0.5,1727072883222
101,0.30132703456577,0.21702489666262,0.85609237435078,0.66666666666667,0.50000395765126,0.49998877094416,0.49998875869912,0.5,1727072883239
101,0.30132703456577,0.24470460977213,0.85609237435078,0.66666666666667,0.50000395765126,0.49998628987117,0.49998875869912,0.5,1727072883255
101,0.30132703456577,0.26855978413566,0.85609237435078,0.66666666666667,0.50000395765126,0.49999368679414,0.49998875869912,0.5,1727072883272
101,0.30132703456577,0.28961090886877,0.85609237435078,0.66666666666667,0.50000395765126,0.49998885427599,0.49998875869912,0.5,1727072883289
101,0.30132703456577,0.33445417781767,0.85609237435078,0.66666666666667,0.50000395765126,0.49999243082288,0.49998875869912,0.5,1727072883305
101,0.30132703456577,0.3726559801112,0.85609237435078,0.66666666666667,0.50000395765126,0.49999129938562,0.49998875869912,0.5,1727072883322
101,0.30132703456577,0.39369181517223,0.85609237435078,0.66666666666667,0.50000395765126,0.50000042184877,0.49998875869912,0.5,1727072883339
101,0.30132703456577,0.39757038830455,0.85609237435078,0.66666666666667,0.50000395765126,0.4999990144972,0.49998875869912,0.5,1727072883421
101,0.30132703456577,0.40425219862641,0.85609237435078,0.66666666666667,0.50000395765126,0.49999490615869,0.49998875869912,0.5,1727072883440
101,0.30132703456577,0.41475987131286,0.85609237435078,0.66666666666667,0.50000395765126,0.49999500294862,0.49998875869912,0.5,1727072883489
101,0.30132703456577,0.42527497570418,0.85609237435078,0.66666666666667,0.50000395765126,0.49998902918688,0.49998875869912,0.5,1727072883505
101,0.30132703456577,0.44631817445067,0.85609237435078,0.66666666666667,0.50000395765126,0.49999170049844,0.49998875869912,0.5,1727072883522
101,0.30132703456577,0.4778833677062,0.85609237435078,0.66666666666667,0.50000395765126,0.49999511857914,0.49998875869912,0.5,1727072883539
101,0.30132703456577,0.5055640383516,0.85609237435078,0.66666666666667,0.50000395765126,0.49999256285353,0.49998875869912,0.5,1727072883555
101,0.30132703456577,0.53325286905769,0.85609237435078,0.66666666666667,0.50000395765126,0.4999952731934,0.49998875869912,0.5,1727072883572
101,0.30132703456577,0.55428108773464,0.85609237435078,0.66666666666667,0.50000395765126,0.49999714515963,0.49998875869912,0.5,1727072883589
101,0.30132703456577,0.56479306458482,0.85609237435078,0.66666666666667,0.50000395765126,0.49999428286723,0.49998875869912,0.5,1727072883605
101,0.30132703456577,0.57530873553635,0.85609237435078,0.66666666666667,0.50000395765126,0.49998902578552,0.49998875869912,0.5,1727072883655
101,0.30132703456577,0.58197822893622,0.85609237435078,0.66666666666667,0.50000395765126,0.49999403717513,0.49998875869912,0.5,1727072884790
101,0.30132703456577,0.59248470693135,0.85609237435078,0.66666666666667,0.50000395765126,0.49999490618975,0.49998875869912,0.5,1727072884813
101,0.30132703456577,0.5991571816868,0.85609237435078,0.66666666666667,0.50000395765126,0.49999783435329,0.49998875869912,0.5,1727072884822
101,0.30132703456577,0.60582881440053,0.85609237435078,0.66666666666667,0.50000395765126,0.50000125931122,0.49998875869912,0.5,1727072884839
101,0.30132703456577,0.60970137946422,0.85609237435078,0.66666666666667,0.50000395765126,0.49999418225764,0.49998875869912,0.5,1727072884855
101,0.30132703456577,0.62021545349043,0.85609237435078,0.66666666666667,0.50000395765126,0.49999995636399,0.49998875869912,0.5,1727072884872
101,0.30132703456577,0.62688589699766,0.85609237435078,0.66666666666667,0.50000395765126,0.49999435779117,0.49998875869912,0.5,1727072884893
101,0.30132703456577,0.63355860482105,0.85609237435078,0.66666666666667,0.50000395765126,0.4999970306572,0.49998875869912,0.5,1727072884909
101,0.30132703456577,0.64022506930986,0.85609237435078,0.66666666666667,0.50000395765126,0.49999400214355,0.49998875869912,0.5,1727072884955
101,0.30132703456577,0.64410129538453,0.85609237435078,0.66666666666667,0.50000395765126,0.49999445793653,0.49998875869912,0.5,1727072884972
101,0.30132703456577,0.65076370771869,0.85609237435078,0.66666666666667,0.50000395765126,0.49999396406002,0.49998875869912,0.5,1727072884989
101,0.30132703456577,0.65743625456696,0.85609237435078,0.66666666666667,0.50000395765126,0.49999666729065,0.49998875869912,0.5,1727072885013
101,0.30132703456577,0.66410474704416,0.85609237435078,0.66666666666667,0.50000395765126,0.49999249740407,0.49998875869912,0.5,1727072885022
101,0.30132703456577,0.67461908379456,0.85609237435078,0.66666666666667,0.50000395765126,0.49999779426681,0.49998875869912,0.5,1727072885039
101,0.30132703456577,0.68129281942612,0.85609237435078,0.66666666666667,0.50000395765126,0.49999058932757,0.49998875869912,0.5,1727072885061
101,0.30132703456577,0.67464163141866,0.85609237435078,0.66666666666667,0.50000395765126,0.49999352330016,0.49998875869912,0.5,1727072886149
101,0.30132703456577,0.67464163141866,0.85609237435078,0.66666666666667,0.50000395765126,0.49999352330016,0.49998875869912,0.5,1727072886957
102,0.66666666666667,0.5,0.83333333333333,0.0,0.5,0.5,0.5,0.5,1727072891799
102,0.66666666666667,0.5,0.82610708131365,0.0,0.5,0.5,0.49998862979369,0.5,1727072891885
102,0.66666666666667,0.5,0.81888613457211,0.0,0.5,0.5,0.49999301951162,0.5,1727072891893
102,0.66666666666667,0.5,0.81372066420282,0.0,0.5,0.5,0.49999355379415,0.5,1727072891905
102,0.66666666666667,0.5,0.77955407321096,0.0,0.5,0.5,0.49998466809296,0.5,1727072891921
102,0.66666666666667,0.5,0.74538408209741,0.0,0.5,0.5,0.4999930962003,0.5,1727072891938
102,0.66666666666667,0.5,0.68689671789243,0.0,0.5,0.5,0.49998435743731,0.5,1727072891955
102,0.66666666666667,0.5,0.63310477690214,0.0,0.5,0.5,0.49999438255075,0.5,1727072891971
102,0.66666666666667,0.5,0.58447248568566,0.0,0.5,0.5,0.49999007490376,0.5,1727072891988
102,0.66666666666667,0.5,0.52861885513255,0.0,0.5,0.5,0.4999938745594,0.5,1727072892005
102,0.66666666666667,0.5,0.48721512928542,0.0,0.5,0.5,0.49998658740591,0.5,1727072892022
102,0.66666666666667,0.5,0.45305644579662,0.0,0.5,0.5,0.49997531535902,0.5,1727072892038
102,0.66666666666667,0.5,0.42151281793845,0.0,0.5,0.5,0.49999787814814,0.5,1727072892055
102,0.66666666666667,0.5,0.40443039935673,0.0,0.5,0.5,0.49998397039136,0.5,1727072892071
102,0.66666666666667,0.5,0.38734622049788,0.0,0.5,0.5,0.49998380926798,0.5,1727072892088
102,0.66666666666667,0.5,0.37291235857853,0.0,0.5,0.5,0.50000006358989,0.5,1727072892105
102,0.66666666666667,0.5,0.3558306150106,0.0,0.5,0.5,0.49997925537332,0.5,1727072892121
102,0.66666666666667,0.5,0.33874561973592,0.0,0.5,0.5,0.49998622036534,0.5,1727072892138
102,0.66666666666667,0.5,0.32165891726658,0.0,0.5,0.5,0.50000927222041,0.5,1727072892155
102,0.66666666666667,0.5,0.30722964295244,0.0,0.5,0.5,0.49998490194613,0.5,1727072892171
102,0.66666666666667,0.5,0.29014338545136,0.0,0.5,0.5,0.50000493433191,0.5,1727072892188
102,0.66666666666667,0.5,0.2757150019034,0.0,0.5,0.5,0.49997009363541,0.5,1727072892205
102,0.66666666666667,0.5,0.25862968595035,0.0,0.5,0.5,0.49998115603319,0.5,1727072892221
102,0.66666666666667,0.5,0.24419714860229,0.0,0.5,0.5,0.49998750243819,0.5,1727072892238
102,0.66666666666667,0.5,0.22977333918763,0.0,0.5,0.5,0.49998830358836,0.5,1727072892255
102,0.66666666666667,0.5,0.22255334818509,0.0,0.5,0.5,0.49998761538436,0.5,1727072892271
102,0.66666666666667,0.5,0.20093462839037,0.0,0.5,0.5,0.49998165790182,0.5,1727072892288
102,0.66666666666667,0.5,0.18651077630095,0.0,0.5,0.5,0.49998285830295,0.5,1727072892305
102,0.66666666666667,0.5,0.17208751911583,0.0,0.5,0.5,0.49997674526436,0.5,1727072892322
102,0.66666666666667,0.5,0.15766377232672,0.0,0.5,0.5,0.4999765014458,0.5,1727072892338
102,0.66666666666667,0.5,0.15044456634604,0.0,0.5,0.5,0.49996519035439,0.5,1727072892355
102,0.66666666666667,0.5,0.1432244966175,0.0,0.5,0.5,0.49996498944645,0.5,1727072892372
102,0.66666666666667,0.5,0.12880899969018,0.0,0.5,0.5,0.49996339539529,0.5,1727072892388
102,0.66666666666667,0.5,0.11438165943059,0.0,0.5,0.5,0.50001434090452,0.5,1727072892405
102,0.66666666666667,0.5,0.07850516506145,0.0,0.5,0.5,0.49997328236096,0.5,1727072892422
102,0.66666666666667,0.5,0.05692760140398,0.0,0.5,0.5,0.4999596565996,0.5,1727072892438
102,0.66666666666667,0.5,0.03534885717603,0.0,0.5,0.5,0.49996567839772,0.5,1727072892455
102,0.66666666666667,0.5,0.02094286304969,0.0,0.5,0.5,0.49993798684828,0.5,1727072892471
102,0.66666666666667,0.5,0.00654017617433,0.0,0.5,0.5,0.50000697156869,0.5,1727072892488
102,0.66666666666667,0.5,0.0,0.0,0.5,0.5,0.5,0.5,1727072892505
102,0.66666666666667,0.5,0.0,0.0,0.5,0.5,0.5,0.5,1727072892522
102,0.66666666666667,0.5,0.0,0.0,0.5,0.5,0.5,0.5,1727072892538
102,0.66666666666667,0.5,0.0,0.0,0.5,0.5,0.5,0.5,1727072892555
102,0.66666666666667,0.5,0.0,0.0,0.5,0.5,0.5,0.5,1727072892605
102,0.66666666666667,0.5,0.0,0.0,0.5,0.5,0.5,0.5,1727072892655
102,0.66666666666667,0.5,0.0,0.0,0.5,0.5,0.5,0.5,1727072892705
102,0.66666666666667,0.5,0.0,0.0,0.5,0.5,0.5,0.5,1727072892721
102,0.66666666666667,0.5,0.0,0.0,0.5,0.5,0.5,0.5,1727072892772
102,0.66666666666667,0.5,0.0,0.0,0.5,0.5,0.5,0.5,1727072892788
102,0.66666666666667,0.5,0.0,0.0,0.5,0.5,0.5,0.5,1727072892805
102,0.66666666666667,0.5,0.0,0.0,0.5,0.5,0.5,0.5,1727072892822
102,0.66666666666667,0.5,0.0,0.0,0.5,0.5,0.5,0.5,1727072892838
102,0.66666666666667,0.5,0.0,0.0,0.5,0.5,0.5,0.5,1727072892855
102,0.66666666666667,0.5,0.0,0.0,0.5,0.5,0.5,0.5,1727072892872
102,0.66666666666667,0.5,0.0,0.0,0.5,0.5,0.5,0.5,1727072892888
102,0.66666666666667,0.5,0.0,0.0,0.5,0.5,0.5,0.5,1727072892905
102,0.66666666666667,0.5,0.0,0.0,0.5,0.5,0.5,0.5,1727072892922
102,0.66666666666667,0.5,0.0,0.0,0.5,0.5,0.5,0.5,1727072892941
102,0.66666666666667,0.5,0.0,0.0,0.5,0.5,0.5,0.5,1727072892965
102,0.66666666666667,0.5,0.0,0.0,0.5,0.5,0.5,0.5,1727072895462
102,0.66666666666667,0.5,0.0,0.0,0.5,0.5,0.5,0.5,1727072896654
102,0.65616386241547,0.5,0.0,0.0,0.49999673377896,0.5,0.5,0.5,1727072896773
102,0.63899180451705,0.5,0.0,0.0,0.49999491737327,0.5,0.5,0.5,1727072896788
102,0.58748721945051,0.5,0.0,0.0,0.49999665033986,0.5,0.5,0.5,1727072896805
102,0.45963040944615,0.5,0.0,0.0,0.49999972047472,0.5,0.5,0.5,1727072896821
102,0.38830294268204,0.5,0.0,0.0,0.49999589754502,0.5,0.5,0.5,1727072896838
102,0.30248399849877,0.5,0.0,0.0,0.49999170815809,0.5,0.5,0.5,1727072896854
102,0.25098327324819,0.5,0.0,0.0,0.4999985229868,0.5,0.5,0.5,1727072896871
102,0.21002277519196,0.5,0.0,0.0,0.49999041926263,0.5,0.5,0.5,1727072896888
102,0.14421160419127,0.5,0.0,0.0,0.49999471283853,0.5,0.5,0.5,1727072896904
102,0.07169440342754,0.5,0.0,0.0,0.50000359172601,0.5,0.5,0.5,1727072896921
102,0.0,0.5,0.0,0.0,0.5,0.5,0.5,0.5,1727072896938
102,0.0,0.5,0.0,0.0,0.5,0.5,0.5,0.5,1727072896954
102,0.0,0.5,0.0,0.0,0.5,0.5,0.5,0.5,1727072896971
102,0.0,0.5,0.0,0.0,0.5,0.5,0.5,0.5,1727072896988
102,0.0,0.5,0.0,0.0,0.5,0.5,0.5,0.5,1727072897005
102,0.0,0.5,0.0,0.0,0.5,0.5,0.5,0.5,1727072897021
102,0.0,0.5,0.0,0.0,0.5,0.5,0.5,0.5,1727072897038
102,0.0,0.5,0.0,0.0,0.5,0.5,0.5,0.5,1727072897055
102,0.0,0.5,0.0,0.0,0.5,0.5,0.5,0.5,1727072897071
102,0.0,0.5,0.0,0.0,0.5,0.5,0.5,0.5,1727072897088
102,0.0,0.5,0.0,0.0,0.5,0.5,0.5,0.5,1727072897104
102,0.00668915876076,0.5,0.0,0.0,0.49999323656476,0.5,0.5,0.5,1727072897213
102,0.00668915876076,0.5,0.0,0.0,0.49999323656476,0.5,0.5,0.5,1727072897213
102,0.00668915876076,0.5,0.0,0.0,0.49999323656476,0.5,0.5,0.5,1727072898991
102,0.00668915876076,0.50667167265076,0.0,0.0,0.49999323656476,0.50000382558923,0.5,0.5,1727072899077
102,0.00668915876076,0.513344700825,0.0,0.0,0.49999323656476,0.49999549365545,0.5,0.5,1727072899088
102,0.00668915876076,0.52774951887516,0.0,0.0,0.49999323656476,0.500003067512,0.5,0.5,1727072899104
102,0.00668915876076,0.54491906697959,0.0,0.0,0.49999323656476,0.50000278116305,0.5,0.5,1727072899122
102,0.00668915876076,0.55544089783167,0.0,0.0,0.49999323656476,0.50000359777583,0.5,0.5,1727072899138
102,0.00668915876076,0.565949733241,0.0,0.0,0.49999323656476,0.5000027790555,0.5,0.5,1727072899154
102,0.00668915876076,0.58312502148571,0.0,0.0,0.49999323656476,0.49999871316656,0.5,0.5,1727072899171
102,0.00668915876076,0.58979594131649,0.0,0.0,0.49999323656476,0.50000266454165,0.5,0.5,1727072899188
102,0.00668915876076,0.6003040801931,0.0,0.0,0.49999323656476,0.50000234206159,0.5,0.5,1727072899204
102,0.00668915876076,0.63464007665302,0.0,0.0,0.49999323656476,0.50000378745674,0.5,0.5,1727072899221
102,0.00668915876076,0.64799654444482,0.0,0.0,0.49999323656476,0.50000212155458,0.5,0.5,1727072899238
102,0.00668915876076,0.66516573075448,0.0,0.0,0.49999323656476,0.50000210853669,0.5,0.5,1727072899254
102,0.00668915876076,0.69570723134985,0.0,0.0,0.49999323656476,0.50000026872944,0.5,0.5,1727072899271
102,0.00668915876076,0.71287472871627,0.0,0.0,0.49999323656476,0.50000125646141,0.5,0.5,1727072899288
102,0.00668915876076,0.7405527326218,0.0,0.0,0.49999323656476,0.50000061977774,0.5,0.5,1727072899304
102,0.00668915876076,0.76439337095403,0.0,0.0,0.49999323656476,0.50000360293029,0.5,0.5,1727072899321
102,0.00668915876076,0.79492487683615,0.0,0.0,0.49999323656476,0.49999905032041,0.5,0.5,1727072899338
102,0.00668915876076,0.8121000240771,0.0,0.0,0.49999323656476,0.49999599448205,0.5,0.5,1727072899354
102,0.00668915876076,0.82261011690463,0.0,0.0,0.49999323656476,0.50000270764141,0.5,0.5,1727072899371
102,0.00668915876076,0.83311992423222,0.0,0.0,0.49999323656476,0.50000160478111,0.5,0.5,1727072899388
102,0.00668915876076,0.84646558030381,0.0,0.0,0.49999323656476,0.5000057034251,0.5,0.5,1727072899404
102,0.00668915876076,0.89798076963499,0.0,0.0,0.49999323656476,0.50000184695956,0.5,0.5,1727072899421
102,0.00668915876076,0.94949009180454,0.0,0.0,0.49999323656476,0.50000101850221,0.5,0.5,1727072899438
102,0.00668915876076,0.98672180428207,0.0,0.0,0.49999323656476,0.50000056734174,0.5,0.5,1727072899454
102,0.00668915876076,1.00000136543028,0.0,0.0,0.49999323656476,0.49999939775983,0.5,0.5,1727072899471
102,0.00668915876076,1.00000136543028,0.0,0.0,0.49999323656476,0.49999939775983,0.5,0.5,1727072899488
102,0.00668915876076,1.00000136543028,0.0,0.0,0.49999323656476,0.49999939775983,0.5,0.5,1727072899504
102,0.00668915876076,1.00000136543028,0.0,0.0,0.49999323656476,0.49999939775983,0.5,0.5,1727072899521
102,0.00668915876076,1.00000136543028,0.0,0.0,0.49999323656476,0.49999939775983,0.5,0.5,1727072899538
102,0.00668915876076,1.00000136543028,0.0,0.0,0.49999323656476,0.49999939775983,0.5,0.5,1727072899554
102,0.00668915876076,1.00000136543028,0.0,0.0,0.49999323656476,0.49999939775983,0.5,0.5,1727072899571
102,0.00668915876076,0.99334212792497,0.0,0.0,0.49999323656476,0.49999837423361,0.5,0.5,1727072900949
102,0.00668915876076,0.98669308397089,0.0,0.0,0.49999323656476,0.49999965392808,0.5,0.5,1727072900988
102,0.00668915876076,0.98002943796369,0.0,0.0,0.49999323656476,0.50000059670615,0.5,0.5,1727072901038
102,0.00668915876076,0.9733813751534,0.0,0.0,0.49999323656476,0.50000146024284,0.5,0.5,1727072901054
102,0.00668915876076,0.96672429618349,0.0,0.0,0.49999323656476,0.49999944752202,0.5,0.5,1727072901071
102,0.00668915876076,0.96006346771736,0.0,0.0,0.49999323656476,0.49999912099306,0.5,0.5,1727072901088
102,0.00668915876076,0.95341072351344,0.0,0.0,0.49999323656476,0.50000213543206,0.5,0.5,1727072901109
102,0.00668915876076,0.9401086570795,0.0,0.0,0.49999323656476,0.49999955306053,0.5,0.5,1727072901154
102,0.00668915876076,0.93345342248578,0.0,0.0,0.49999323656476,0.50000378094902,0.5,0.5,1727072901173
102,0.00668915876076,0.92679597147235,0.0,0.0,0.49999323656476,0.5000018873662,0.5,0.5,1727072901189
102,0.00668915876076,0.92014741846337,0.0,0.0,0.49999323656476,0.50000302848571,0.5,0.5,1727072901221
102,0.00668915876076,0.91349011326067,0.0,0.0,0.49999323656476,0.50000103984891,0.5,0.5,1727072901245
102,0.00668915876076,0.90966595687365,0.0,0.0,0.49999323656476,0.49999789939793,0.5,0.5,1727072902422
102,0.00668915876076,0.90300794688697,0.0,0.0,0.49999323656476,0.50000355647073,0.5,0.5,1727072903197
102,0.00668915876076,0.89634900228062,0.0,0.0,0.49999323656476,0.50000232963011,0.5,0.5,1727072903349
102,0.00668915876076,0.89252042995918,0.0,0.0,0.49999323656476,0.50000127730601,0.5,0.5,1727072903365
102,0.00668915876076,0.88587301783103,0.0,0.0,0.49999323656476,0.50000189552542,0.5,0.5,1727072903373
102,0.00668915876076,0.89254130908109,0.0,0.0,0.49999323656476,0.49999862592991,0.5,0.5,1727072904110
102,0.00668915876076,0.89921094454466,0.0,0.0,0.49999323656476,0.50000213010577,0.5,0.5,1727072904154
102,0.00668915876076,0.905871740868,0.0,0.0,0.49999323656476,0.50000247181719,0.5,0.5,1727072904222
102,0.00668915876076,0.91253892928933,0.0,0.0,0.49999323656476,0.49999977817129,0.5,0.5,1727072904318
102,0.00668915876076,0.91640960040291,0.0,0.0,0.49999323656476,0.50000273403622,0.5,0.5,1727072904334
102,0.00668915876076,0.90974980189519,0.0,0.0,0.49999323656476,0.50000192258534,0.5,0.5,1727072904606
102,0.00668915876076,0.90974980189519,0.0,0.0,0.49999323656476,0.50000192258534,0.5,0.5,1727072904606
102,0.00668915876076,0.90974980189519,0.0,0.0,0.49999323656476,0.50000192258534,0.5,0.5,1727072905854
102,0.00668915876076,0.90974980189519,0.0,0.00669285693412,0.49999323656476,0.50000192258534,0.5,0.50000117966968,1727072905910
102,0.00668915876076,0.90974980189519,0.0,0.01062316536545,0.49999323656476,0.50000192258534,0.5,0.50001645951551,1727072905925
102,0.00668915876076,0.90974980189519,0.0,0.01731561918963,0.49999323656476,0.50000192258534,0.5,0.50001634882946,1727072905937
102,0.00668915876076,0.90974980189519,0.0,0.02400422814508,0.49999323656476,0.50000192258534,0.5,0.5000085075059,1727072905954
102,0.00668915876076,0.90974980189519,0.0,0.05104507805323,0.49999323656476,0.50000192258534,0.5,0.49999802980978,1727072905971
102,0.00668915876076,0.90974980189519,0.0,0.10562776212036,0.49999323656476,0.50000192258534,0.5,0.49999533807703,1727072905987
102,0.00668915876076,0.90974980189519,0.0,0.18067168534261,0.49999323656476,0.50000192258534,0.5,0.5000129895857,1727072906004
102,0.00668915876076,0.90974980189519,0.0,0.26597515923217,0.49999323656476,0.50000192258534,0.5,0.5000063346589,1727072906021
102,0.00668915876076,0.90974980189519,0.0,0.3992897807085,0.49999323656476,0.50000192258534,0.5,0.49999785427075,1727072906037
102,0.00668915876076,0.90974980189519,0.0,0.45684436283139,0.49999323656476,0.50000192258534,0.5,0.49999860303246,1727072906054
102,0.00668915876076,0.90974980189519,0.0,0.4941031835023,0.49999323656476,0.50000192258534,0.5,0.49999665928432,1727072906071
102,0.00668915876076,0.90974980189519,0.0,0.50746948583766,0.49999323656476,0.50000192258534,0.5,0.50000578453727,1727072906087
102,0.00668915876076,0.90974980189519,0.0,0.52463828946184,0.49999323656476,0.50000192258534,0.5,0.50000535232254,1727072906104
102,0.00668915876076,0.90974980189519,0.0,0.53130813186482,0.49999323656476,0.50000192258534,0.5,0.50000031017278,1727072906121
102,0.00668915876076,0.90974980189519,0.0,0.53797794943554,0.49999323656476,0.50000192258534,0.5,0.50000610022633,1727072906137
102,0.00668915876076,0.90974980189519,0.0,0.54849697156073,0.49999323656476,0.50000192258534,0.5,0.50000322020377,1727072906154
102,0.00668915876076,0.90974980189519,0.0,0.55516292154682,0.49999323656476,0.50000192258534,0.5,0.50000621429134,1727072906171
102,0.00668915876076,0.90974980189519,0.0,0.57233493586993,0.49999323656476,0.50000192258534,0.5,0.50000795073161,1727072906188
102,0.00668915876076,0.90974980189519,0.0,0.58569282851093,0.49999323656476,0.50000192258534,0.5,0.50000034359797,1727072906204
102,0.00668915876076,0.90974980189519,0.0,0.61337218631123,0.49999323656476,0.50000192258534,0.5,0.50000188733758,1727072906221
102,0.00668915876076,0.90974980189519,0.0,0.66488921848259,0.49999323656476,0.50000192258534,0.5,0.50000740941861,1727072906237
102,0.00668915876076,0.90974980189519,0.0,0.678237873284,0.49999323656476,0.50000192258534,0.5,0.50000421946239,1727072906254
102,0.00668915876076,0.90974980189519,0.0,0.6887560500783,0.49999323656476,0.50000192258534,0.5,0.50000129435842,1727072906271
102,0.00668915876076,0.90974980189519,0.0,0.69542626928778,0.49999323656476,0.50000192258534,0.5,0.50000634742557,1727072906350
102,0.00668915876076,0.90974980189519,0.0,0.70209212338428,0.49999323656476,0.50000192258534,0.5,0.49999989327257,1727072906358
102,0.00668915876076,0.90974980189519,0.0,0.71260711102524,0.49999323656476,0.50000192258534,0.5,0.50000407280274,1727072906373
102,0.00668915876076,0.90974980189519,0.0,0.71927745688716,0.49999323656476,0.50000192258534,0.5,0.5000003036334,1727072906389
102,0.00668915876076,0.90974980189519,0.0,0.72594685118262,0.49999323656476,0.50000192258534,0.5,0.50000473944523,1727072906478
102,0.00668915876076,0.90974980189519,0.0,0.72981336223962,0.49999323656476,0.50000192258534,0.5,0.49999886203371,1727072906487
102,0.00668915876076,0.90974980189519,0.0,0.72316058506128,0.49999323656476,0.50000192258534,0.5,0.50000381781808,1727072906942
102,0.00668915876076,0.90974980189519,0.0,0.71934159170075,0.49999323656476,0.50000192258534,0.5,0.50000178033008,1727072906954
102,0.00668915876076,0.90974980189519,0.0,0.7126751957572,0.49999323656476,0.50000192258534,0.5,0.49999901075506,1727072906971
102,0.00668915876076,0.90974980189519,0.0,0.69550626885976,0.49999323656476,0.50000192258534,0.5,0.49999916998099,1727072906987
102,0.00668915876076,0.90974980189519,0.0,0.68885507124642,0.49999323656476,0.50000192258534,0.5,0.4999962022182,1727072907004
102,0.00668915876076,0.90974980189519,0.0,0.67168650557573,0.49999323656476,0.50000192258534,0.5,0.49999652932113,1727072907021
102,0.00668915876076,0.90974980189519,0.0,0.65451928637536,0.49999323656476,0.50000192258534,0.5,0.49999768955737,1727072907037
102,0.00668915876076,0.90974980189519,0.0,0.64123047713805,0.49999323656476,0.50000192258534,0.5,0.4999998193069,1727072907054
102,0.00668915876076,0.90974980189519,0.0,0.63740638513267,0.49999323656476,0.50000192258534,0.5,0.50000396695802,1727072907071
102,0.00668915876076,0.90974980189519,0.0,0.63075519607514,0.49999323656476,0.50000192258534,0.5,0.50000084501396,1727072907087
102,0.00668915876076,0.90974980189519,0.0,0.62410073840377,0.49999323656476,0.50000192258534,0.5,0.50000531756488,1727072907182
102,0.00668915876076,0.90974980189519,0.0,0.61744795109454,0.49999323656476,0.50000192258534,0.5,0.50000114228711,1727072907526
102,0.00668915876076,0.90974980189519,0.0,0.61362991223019,0.49999323656476,0.50000192258534,0.5,0.49999945290311,1727072907614
102,0.00668915876076,0.90974980189519,0.0,0.6069779116966,0.49999323656476,0.50000192258534,0.5,0.50000558478572,1727072907637
102,0.00668915876076,0.90974980189519,0.0,0.60032307689866,0.49999323656476,0.50000192258534,0.5,0.49999999998417,1727072907854
102,0.00668915876076,0.90974980189519,0.0,0.5964997629483,0.49999323656476,0.50000192258534,0.5,0.50000485563283,1727072908030
102,0.00668915876076,0.90974980189519,0.0,0.58985149726921,0.49999323656476,0.50000192258534,0.5,0.50000350773964,1727072909470
102,0.00668915876076,0.90974980189519,0.0,0.58320019788964,0.49999323656476,0.50000192258534,0.5,0.5000001309436,1727072909521
102,0.00668915876076,0.90974980189519,0.0,0.57654646193153,0.49999323656476,0.50000192258534,0.5,0.50000533647039,1727072909749
102,0.00668915876076,0.90974980189519,0.0,0.5727304572694,0.49999323656476,0.50000192258534,0.5,0.50000494571713,1727072909757
102,0.00668915876076,0.90974980189519,0.0,0.56607267334365,0.49999323656476,0.50000192258534,0.5,0.50000752257554,1727072909926
102,0.00668915876076,0.90974980189519,0.0,0.56607267334365,0.49999323656476,0.50000192258534,0.5,0.50000752257554,1727072910741
102,0.00668915876076,0.90974980189519,0.0,0.56607267334365,0.49999323656476,0.50000192258534,0.5,0.50000752257554,1727072914735
102,0.00668915876076,0.90592226272304,0.0,0.56607267334365,0.49999323656476,0.50000038834102,0.5,0.50000752257554,1727072914790
102,0.00668915876076,0.89927151545118,0.0,0.56607267334365,0.49999323656476,0.50000259414995,0.5,0.50000752257554,1727072914846
102,0.00668915876076,0.89261315224093,0.0,0.56607267334365,0.49999323656476,0.50000107715628,0.5,0.50000752257554,1727072914869
102,0.00668915876076,0.88596148401271,0.0,0.56607267334365,0.49999323656476,0.50000375982431,0.5,0.50000752257554,1727072914920
102,0.00668915876076,0.87930587756097,0.0,0.56607267334365,0.49999323656476,0.50000088596245,0.5,0.50000752257554,1727072914937
102,0.00668915876076,0.87265108233972,0.0,0.56607267334365,0.49999323656476,0.49999757964076,0.5,0.50000752257554,1727072914957
102,0.00668915876076,0.86599075798534,0.0,0.56607267334365,0.49999323656476,0.50000456580551,0.5,0.50000752257554,1727072915022
102,0.00668915876076,0.85933821519962,0.0,0.56607267334365,0.49999323656476,0.5000001224277,0.5,0.50000752257554,1727072915045
102,0.00668915876076,0.85268537285528,0.0,0.56607267334365,0.49999323656476,0.50000346733543,0.5,0.50000752257554,1727072915061
102,0.00668915876076,0.84603214185595,0.0,0.56607267334365,0.49999323656476,0.49999930953875,0.5,0.50000752257554,1727072915070
102,0.00668915876076,0.83937101950159,0.0,0.56607267334365,0.49999323656476,0.49999909472573,0.5,0.50000752257554,1727072915087
102,0.00668915876076,0.83271834779946,0.0,0.56607267334365,0.49999323656476,0.50000240810952,0.5,0.50000752257554,1727072916790
102,0.00668915876076,0.83271834779946,0.0,0.56607267334365,0.49999323656476,0.50000240810952,0.5,0.50000752257554,1727072916790
102,0.00668915876076,0.83271834779946,0.0,0.56607267334365,0.49999323656476,0.50000240810952,0.5,0.50000752257554,1727072919158
102,0.00668915876076,0.83271834779946,0.0,0.56225092261888,0.49999323656476,0.50000240810952,0.5,0.50000323688109,1727072919286
102,0.00668915876076,0.83271834779946,0.0,0.55560566469499,0.49999323656476,0.50000240810952,0.5,0.50000387671846,1727072919342
102,0.00668915876076,0.83271834779946,0.0,0.54894642183894,0.49999323656476,0.50000240810952,0.5,0.50000549315486,1727072919387
102,0.00668915876076,0.83271834779946,0.0,0.5422985542812,0.49999323656476,0.50000240810952,0.5,0.50000434674585,1727072919406
102,0.00668915876076,0.83271834779946,0.0,0.53848083286011,0.49999323656476,0.50000240810952,0.5,0.50000273383264,1727072919461
102,0.00668915876076,0.83271834779946,0.0,0.53182613287385,0.49999323656476,0.50000240810952,0.5,0.50000757944973,1727072919477
102,0.00668915876076,0.83271834779946,0.0,0.52516967635415,0.49999323656476,0.50000240810952,0.5,0.50000031691619,1727072919558
102,0.00668915876076,0.83271834779946,0.0,0.5213537556521,0.49999323656476,0.50000240810952,0.5,0.4999999353134,1727072919582
102,0.00668915876076,0.83271834779946,0.0,0.51470370706679,0.49999323656476,0.50000240810952,0.5,0.49999712675591,1727072919589
102,0.00668915876076,0.83271834779946,0.0,0.51470370706679,0.49999323656476,0.50000240810952,0.5,0.49999712675591,1727072919933
103,0.16666666666667,0.66666666666667,0.5,0.0,0.5,0.5,0.5,0.5,1727072924031
103,0.16666666666667,0.66666666666667,0.50723867848675,0.0,0.5,0.5,0.49998254114222,0.5,1727072924078
103,0.16666666666667,0.66666666666667,0.51446470183368,0.0,0.5,0.5,0.49999780351071,0.5,1727072924093
103,0.16666666666667,0.66666666666667,0.52170382489339,0.0,0.5,0.5,0.49997936883356,0.5,1727072924110
103,0.16666666666667,0.66666666666667,0.53878668150471,0.0,0.5,0.5,0.4999883945184,0.5,1727072924126
103,0.16666666666667,0.66666666666667,0.54866853144467,0.0,0.5,0.5,0.49997954639931,0.5,1727072924137
103,0.16666666666667,0.66666666666667,0.56574894772249,0.0,0.5,0.5,0.50000396731499,0.5,1727072924153
103,0.16666666666667,0.66666666666667,0.58022473278804,0.0,0.5,0.5,0.499985143591,0.5,1727072924170
103,0.16666666666667,0.66666666666667,0.5900976493277,0.0,0.5,0.5,0.49998143820076,0.5,1727072924187
103,0.16666666666667,0.66666666666667,0.59996933546272,0.0,0.5,0.5,0.49998541459469,0.5,1727072924204
103,0.16666666666667,0.66666666666667,0.60720348655654,0.0,0.5,0.5,0.49999935820484,0.5,1727072924220
103,0.16666666666667,0.66666666666667,0.61707630967156,0.0,0.5,0.5,0.49999617155355,0.5,1727072924237
103,0.16666666666667,0.66666666666667,0.63155042727129,0.0,0.5,0.5,0.4999884970747,0.5,1727072924253
103,0.16666666666667,0.66666666666667,0.6414147840076,0.0,0.5,0.5,0.49998716817051,0.5,1727072924270
103,0.16666666666667,0.66666666666667,0.6486487814247,0.0,0.5,0.5,0.50000135195059,0.5,1727072924287
103,0.16666666666667,0.66666666666667,0.66574218749706,0.0,0.5,0.5,0.49999517346219,0.5,1727072924303
103,0.16666666666667,0.66666666666667,0.67297177180252,0.0,0.5,0.5,0.49998747130751,0.5,1727072924558
103,0.16666666666667,0.66666666666667,0.67563186834712,0.0,0.5,0.5,0.49998947940653,0.5,1727072924573
103,0.16666666666667,0.66666666666667,0.68285932295772,0.0,0.5,0.5,0.49999388229155,0.5,1727072924597
103,0.16666666666667,0.66666666666667,0.69009604762939,0.0,0.5,0.5,0.49999216660949,0.5,1727072924662
103,0.16666666666667,0.66666666666667,0.69275532398214,0.0,0.5,0.5,0.49999869008696,0.5,1727072924686
103,0.16666666666667,0.66666666666667,0.70261937660232,0.0,0.5,0.5,0.49999901614828,0.5,1727072924720
103,0.16666666666667,0.66666666666667,0.7098580841309,0.0,0.5,0.5,0.49998645743466,0.5,1727072924838
103,0.16666666666667,0.66666666666667,0.712518259757,0.0,0.5,0.5,0.49998796026207,0.5,1727072924934
103,0.16666666666667,0.66666666666667,0.71974414595856,0.0,0.5,0.5,0.5000006936075,0.5,1727072924950
103,0.16666666666667,0.66666666666667,0.72961678741115,0.0,0.5,0.5,0.49999883264906,0.5,1727072925014
103,0.16666666666667,0.66666666666667,0.73226877159164,0.0,0.5,0.5,0.50000030094291,0.5,1727072925398
103,0.16666666666667,0.66666666666667,0.73493090239619,0.0,0.5,0.5,0.49999131589981,0.5,1727072925406
103,0.16666666666667,0.66666666666667,0.73759145929772,0.0,0.5,0.5,0.49999074172199,0.5,1727072925429
103,0.16666666666667,0.66666666666667,0.73304192894577,0.0,0.5,0.5,0.49998068469469,0.5,1727072925470
103,0.16666666666667,0.66666666666667,0.73570137195424,0.0,0.5,0.5,0.49998606766644,0.5,1727072926582
103,0.16666666666667,0.66666666666667,0.73835263120995,0.0,0.5,0.5,0.49999140979977,0.5,1727072926590
103,0.16666666666667,0.66666666666667,0.73113289907404,0.0,0.5,0.5,0.49998971674043,0.5,1727072926603
103,0.16666666666667,0.66666666666667,0.72390265416647,0.0,0.5,0.5,0.50000053486849,0.5,1727072926620
103,0.16666666666667,0.66666666666667,0.71668325873545,0.0,0.5,0.5,0.49999705695347,0.5,1727072926637
103,0.16666666666667,0.66666666666667,0.71933683331771,0.0,0.5,0.5,0.49998994047017,0.5,1727072927966
103,0.16666666666667,0.66666666666667,0.71211609287033,0.0,0.5,0.5,0.49999370208289,0.5,1727072927981
103,0.16666666666667,0.66666666666667,0.71476793652201,0.0,0.5,0.5,0.49999597542263,0.5,1727072928214
103,0.16666666666667,0.66666666666667,0.70754810915692,0.0,0.5,0.5,0.49999479691988,0.5,1727072928253
103,0.16666666666667,0.66666666666667,0.71020828200459,0.0,0.5,0.5,0.49999629546036,0.5,1727072930246
103,0.16666666666667,0.66666666666667,0.7128600477185,0.0,0.5,0.5,0.49999899090672,0.5,1727072930254
103,0.16666666666667,0.66666666666667,0.70831743207373,0.0,0.5,0.5,0.49999567428732,0.5,1727072930270
103,0.16666666666667,0.66666666666667,0.70108918699672,0.0,0.5,0.5,0.49999576393088,0.5,1727072930286
103,0.16666666666667,0.66666666666667,0.70375007729617,0.0,0.5,0.5,0.49999332271234,0.5,1727072931550
103,0.16666666666667,0.66666666666667,0.7109807677651,0.0,0.5,0.5,0.49997989924842,0.5,1727072931606
103,0.16666666666667,0.66666666666667,0.71821364941073,0.0,0.5,0.5,0.49999916504309,0.5,1727072931670
103,0.16666666666667,0.66666666666667,0.72087449503204,0.0,0.5,0.5,0.49999699902146,0.5,1727072932046
103,0.16666666666667,0.66666666666667,0.72352925036715,0.0,0.5,0.5,0.49998354924308,0.5,1727072932238
103,0.16666666666667,0.66666666666667,0.71630719064922,0.0,0.5,0.5,0.49999441060783,0.5,1727072932430
103,0.16666666666667,0.66666666666667,0.70907791997985,0.0,0.5,0.5,0.50000010116116,0.5,1727072932470
103,0.16666666666667,0.66666666666667,0.71173860314685,0.0,0.5,0.5,0.49999879832751,0.5,1727072932574
103,0.16666666666667,0.66666666666667,0.71173860314685,0.0,0.5,0.5,0.49999879832751,0.5,1727072933109
103,0.16666666666667,0.66666666666667,0.71173860314685,0.0,0.5,0.5,0.49999879832751,0.5,1727072934695
103,0.16001905705326,0.66666666666667,0.71173860314685,0.0,0.5000049381072,0.5,0.49999879832751,0.5,1727072934782
103,0.15338034615093,0.66666666666667,0.71173860314685,0.0,0.4999941649214,0.5,0.49999879832751,0.5,1727072934797
103,0.14287700771393,0.66666666666667,0.71173860314685,0.0,0.50000011877215,0.5,0.49999879832751,0.5,1727072934805
103,0.13237800831215,0.66666666666667,0.71173860314685,0.0,0.49999047361405,0.5,0.49999879832751,0.5,1727072934819
103,0.1047066877449,0.66666666666667,0.71173860314685,0.0,0.49999843858372,0.5,0.49999879832751,0.5,1727072934836
103,0.07703521264679,0.66666666666667,0.71173860314685,0.0,0.49998155479056,0.5,0.49999879832751,0.5,1727072934852
103,0.0284396340018,0.66666666666667,0.71173860314685,0.0,0.4999870902264,0.5,0.49999879832751,0.5,1727072934869
103,0.0,0.66666666666667,0.71173860314685,0.0,0.5,0.5,0.49999879832751,0.5,1727072934886
103,0.0,0.66666666666667,0.71173860314685,0.0,0.5,0.5,0.49999879832751,0.5,1727072934902
103,0.0,0.66666666666667,0.71173860314685,0.0,0.5,0.5,0.49999879832751,0.5,1727072934919
103,0.0,0.66666666666667,0.71173860314685,0.0,0.5,0.5,0.49999879832751,0.5,1727072934936
103,0.0,0.66666666666667,0.71173860314685,0.0,0.5,0.5,0.49999879832751,0.5,1727072934952
103,0.0,0.66666666666667,0.71173860314685,0.0,0.5,0.5,0.49999879832751,0.5,1727072935117
103,0.0,0.66666666666667,0.71173860314685,0.0,0.5,0.5,0.49999879832751,0.5,1727072936151
103,0.0,0.66666666666667,0.71173860314685,0.0,0.5,0.5,0.49999879832751,0.5,1727072937327
103,0.0,0.66666666666667,0.71173860314685,0.0,0.5,0.5,0.49999879832751,0.5,1727072938206
103,0.0,0.65616310265416,0.71173860314685,0.0,0.5,0.50000372847965,0.49999879832751,0.5,1727072938286
103,0.0,0.62571321754059,0.71173860314685,0.0,0.5,0.49999652144418,0.49999879832751,0.5,1727072938302
103,0.0,0.56368852892431,0.71173860314685,0.0,0.5,0.5000025603723,0.49999879832751,0.5,1727072938319
103,0.0,0.47921382917775,0.71173860314685,0.0,0.5,0.50000117600352,0.49999879832751,0.5,1727072938335
103,0.0,0.38419791515381,0.71173860314685,0.0,0.5,0.50000181242566,0.49999879832751,0.5,1727072938352
103,0.0,0.29982711156172,0.71173860314685,0.0,0.5,0.50000366766352,0.49999879832751,0.5,1727072938369
103,0.0,0.22617887731709,0.71173860314685,0.0,0.5,0.50000664365631,0.49999879832751,0.5,1727072938386
103,0.0,0.17618516326279,0.71173860314685,0.0,0.5,0.49999929124466,0.49999879832751,0.5,1727072938402
103,0.0,0.12625724975511,0.71173860314685,0.0,0.5,0.50000628424377,0.49999879832751,0.5,1727072938419
103,0.0,0.08140657406105,0.71173860314685,0.0,0.5,0.50001465732745,0.49999879832751,0.5,1727072938435
103,0.0,0.03806163456754,0.71173860314685,0.0,0.5,0.49999981606014,0.49999879832751,0.5,1727072938452
103,0.0,0.0,0.71173860314685,0.0,0.5,0.5,0.49999879832751,0.5,1727072938469
103,0.0,0.0,0.71173860314685,0.0,0.5,0.5,0.49999879832751,0.5,1727072938485
103,0.0,0.0,0.71173860314685,0.0,0.5,0.5,0.49999879832751,0.5,1727072938502
103,0.0,0.0,0.71173860314685,0.0,0.5,0.5,0.49999879832751,0.5,1727072938519
103,0.0,0.0,0.71173860314685,0.0,0.5,0.5,0.49999879832751,0.5,1727072938535
103,0.0,0.0,0.71173860314685,0.0,0.5,0.5,0.49999879832751,0.5,1727072938552
103,0.0,0.0,0.71173860314685,0.0,0.5,0.5,0.49999879832751,0.5,1727072938569
103,0.0,0.0,0.71173860314685,0.0,0.5,0.5,0.49999879832751,0.5,1727072938585
103,0.0,0.0,0.71173860314685,0.0,0.5,0.5,0.49999879832751,0.5,1727072938602
103,0.0,0.0,0.71173860314685,0.0,0.5,0.5,0.49999879832751,0.5,1727072938619
103,0.0,0.0,0.71173860314685,0.0,0.5,0.5,0.49999879832751,0.5,1727072938635
103,0.0,0.0,0.71173860314685,0.0,0.5,0.5,0.49999879832751,0.5,1727072938652
103,0.0,0.0,0.71173860314685,0.0,0.5,0.5,0.49999879832751,0.5,1727072938718
103,0.0,0.0,0.71173860314685,0.0,0.5,0.5,0.49999879832751,0.5,1727072938733
103,0.0,0.0,0.71173860314685,0.0,0.5,0.5,0.49999879832751,0.5,1727072938749
103,0.0,0.0,0.71173860314685,0.0,0.5,0.5,0.49999879832751,0.5,1727072938785
103,0.0,0.0,0.71173860314685,0.0,0.5,0.5,0.49999879832751,0.5,1727072938802
103,0.0,0.0,0.71173860314685,0.0,0.5,0.5,0.49999879832751,0.5,1727072938819
103,0.0,0.0,0.71173860314685,0.0,0.5,0.5,0.49999879832751,0.5,1727072938821
103,0.0,0.0,0.71173860314685,0.0,0.5,0.5,0.49999879832751,0.5,1727072938821
103,0.0,0.0,0.71173860314685,0.0,0.5,0.5,0.49999879832751,0.5,1727072940110
103,0.0,0.0,0.71173860314685,0.00669681259119,0.5,0.5,0.49999879832751,0.50000967551416,1727072940117
103,0.0,0.0,0.71173860314685,0.01062315905154,0.5,0.5,0.49999879832751,0.50001644615923,1727072940125
103,0.0,0.0,0.71173860314685,0.01731528970048,0.5,0.5,0.49999879832751,0.50001566929579,1727072940135
103,0.0,0.0,0.71173860314685,0.04118596259996,0.5,0.5,0.49999879832751,0.50000255080365,1727072940152
103,0.0,0.0,0.71173860314685,0.11661627741602,0.5,0.5,0.49999879832751,0.50000134262071,1727072940169
103,0.0,0.0,0.71173860314685,0.24323530395312,0.5,0.5,0.49999879832751,0.50000506881729,1727072940185
103,0.0,0.0,0.71173860314685,0.39374261293394,0.5,0.5,0.49999879832751,0.50000355542998,1727072940202
103,0.0,0.0,0.71173860314685,0.56138928194824,0.5,0.5,0.49999879832751,0.50000317086877,1727072940219
103,0.0,0.0,0.71173860314685,0.72164211118836,0.5,0.5,0.49999879832751,0.49999770611469,1727072940235
103,0.0,0.0,0.71173860314685,0.91598531363543,0.5,0.5,0.49999879832751,0.50000033016356,1727072940252
103,0.0,0.0,0.71173860314685,1.0,0.5,0.5,0.49999879832751,0.5,1727072940269
103,0.0,0.0,0.71173860314685,1.0,0.5,0.5,0.49999879832751,0.5,1727072940285
103,0.0,0.0,0.71173860314685,1.0,0.5,0.5,0.49999879832751,0.5,1727072940302
103,0.0,0.0,0.71173860314685,1.0,0.5,0.5,0.49999879832751,0.5,1727072940319
103,0.0,0.0,0.71173860314685,1.0,0.5,0.5,0.49999879832751,0.5,1727072940335
103,0.0,0.0,0.71173860314685,1.0,0.5,0.5,0.49999879832751,0.5,1727072940352
103,0.0,0.0,0.71173860314685,1.0,0.5,0.5,0.49999879832751,0.5,1727072940369
103,0.0,0.0,0.71173860314685,1.0,0.5,0.5,0.49999879832751,0.5,1727072940385
103,0.0,0.0,0.71173860314685,1.0,0.5,0.5,0.49999879832751,0.5,1727072940402
103,0.0,0.0,0.71173860314685,1.0,0.5,0.5,0.49999879832751,0.5,1727072940419
103,0.0,0.0,0.71173860314685,1.0,0.5,0.5,0.49999879832751,0.5,1727072940582
103,0.0,0.0,0.71173860314685,1.0,0.5,0.5,0.49999879832751,0.5,1727072940597
103,0.0,0.0,0.71173860314685,1.0,0.5,0.5,0.49999879832751,0.5,1727072943647
103,0.0,0.0,0.70451016899687,1.0,0.5,0.5,0.49999995071057,0.5,1727072943798
103,0.0,0.0,0.69729254842553,1.0,0.5,0.5,0.49998656587462,0.5,1727072943835
103,0.0,0.0,0.6900646792035,1.0,0.5,0.5,0.49998448861785,0.5,1727072943852
103,0.0,0.0,0.68284137649211,1.0,0.5,0.5,0.50000273881997,0.5,1727072943974
103,0.0,0.0,0.68284137649211,1.0,0.5,0.5,0.50000273881997,0.5,1727072944878
104,0.66666666666667,-0.0,0.0,0.33333333333333,0.5,0.5,0.5,0.5,1727072947614
104,0.66666666666667,-0.0,0.0072457423333,0.33333333333333,0.5,0.5,0.49997489472463,0.5,1727072947718
104,0.66666666666667,-0.0,0.01448277652817,0.33333333333333,0.5,0.5,0.49996317552947,0.5,1727072947736
104,0.66666666666667,-0.0,0.02898933202138,0.33333333333333,0.5,0.5,0.49994639875399,0.5,1727072947752
104,0.66666666666667,-0.0,0.04608803538938,0.33333333333333,0.5,0.5,0.49998165514222,0.5,1727072947768
104,0.66666666666667,-0.0,0.05332660296854,0.33333333333333,0.5,0.5,0.49994475073108,0.5,1727072947785
104,0.66666666666667,-0.0,0.07317430836378,0.33333333333333,0.5,0.5,0.50000177258982,0.5,1727072947802
104,0.66666666666667,-0.0,0.08041261955687,0.33333333333333,0.5,0.5,0.49997152320062,0.5,1727072947818
104,0.66666666666667,-0.0,0.08764810102153,0.33333333333333,0.5,0.5,0.49998654527344,0.5,1727072947852
104,0.66666666666667,-0.0,0.0903571167633,0.33333333333333,0.5,0.5,0.4999950481603,0.5,1727072947877
104,0.66666666666667,-0.0,0.09759480720281,0.33333333333333,0.5,0.5,0.49997580482467,0.5,1727072947918
104,0.66666666666667,-0.0,0.10483894524679,0.33333333333333,0.5,0.5,0.49998305352461,0.5,1727072947942
104,0.66666666666667,-0.0,0.11472906994634,0.33333333333333,0.5,0.5,0.49996254651508,0.5,1727072947985
104,0.66666666666667,-0.0,0.12196407640629,0.33333333333333,0.5,0.5,0.49998305778327,0.5,1727072948005
104,0.66666666666667,-0.0,0.12466499908926,0.33333333333333,0.5,0.5,0.49998950546115,0.5,1727072948018
104,0.66666666666667,-0.0,0.1345451156919,0.33333333333333,0.5,0.5,0.4999947517536,0.5,1727072948035
104,0.66666666666667,-0.0,0.14178987597799,0.33333333333333,0.5,0.5,0.49999263292051,0.5,1727072948052
104,0.66666666666667,-0.0,0.1490269120656,0.33333333333333,0.5,0.5,0.49998451838872,0.5,1727072948102
104,0.66666666666667,-0.0,0.15626180631514,0.33333333333333,0.5,0.5,0.5000043566194,0.5,1727072948158
104,0.66666666666667,-0.0,0.1589568196336,0.33333333333333,0.5,0.5,0.49998091228131,0.5,1727072948222
104,0.66666666666667,-0.0,0.16619236580463,0.33333333333333,0.5,0.5,0.49999212048261,0.5,1727072948268
104,0.66666666666667,-0.0,0.17607176249099,0.33333333333333,0.5,0.5,0.5000056609723,0.5,1727072948358
104,0.66666666666667,-0.0,0.183310773332,0.33333333333333,0.5,0.5,0.49997405737199,0.5,1727072948402
104,0.66666666666667,-0.0,0.18600410707377,0.33333333333333,0.5,0.5,0.49997246805882,0.5,1727072948452
104,0.66666666666667,-0.0,0.18869517540529,0.33333333333333,0.5,0.5,0.49999799440122,0.5,1727072949214
104,0.66666666666667,-0.0,0.18147374038969,0.33333333333333,0.5,0.5,0.50001496409693,0.5,1727072949294
104,0.66666666666667,-0.0,0.17425584391561,0.33333333333333,0.5,0.5,0.49998874548227,0.5,1727072949309
104,0.66666666666667,-0.0,0.17425584391561,0.33333333333333,0.5,0.5,0.49998874548227,0.5,1727072950638
104,0.66666666666667,-0.0,0.17425584391561,0.33333333333333,0.5,0.5,0.49998874548227,0.5,1727072951999
104,0.66000663091812,-0.0,0.17425584391561,0.33333333333333,0.49999469655072,0.5,0.49998874548227,0.5,1727072952110
104,0.64950791109671,-0.0,0.17425584391561,0.33333333333333,0.50000013410078,0.5,0.49998874548227,0.5,1727072952118
104,0.62182731748859,-0.0,0.17425584391561,0.33333333333333,0.49999781717504,0.5,0.49998874548227,0.5,1727072952135
104,0.57033094610203,-0.0,0.17425584391561,0.33333333333333,0.49999494900978,0.5,0.49998874548227,0.5,1727072952151
104,0.53215587554334,-0.0,0.17425584391561,0.33333333333333,0.50000143048283,0.5,0.49998874548227,0.5,1727072952168
104,0.48730999597043,-0.0,0.17425584391561,0.33333333333333,0.50000172257962,0.5,0.49998874548227,0.5,1727072952185
104,0.44914093116281,-0.0,0.17425584391561,0.33333333333333,0.50000194749641,0.5,0.49998874548227,0.5,1727072952201
104,0.42814624833417,-0.0,0.17425584391561,0.33333333333333,0.49999382300591,0.5,0.49998874548227,0.5,1727072952218
104,0.41764351498866,-0.0,0.17425584391561,0.33333333333333,0.49999782087406,0.5,0.49998874548227,0.5,1727072952235
104,0.40714594316378,-0.0,0.17425584391561,0.33333333333333,0.5000062768833,0.5,0.49998874548227,0.5,1727072952253
104,0.40049390465156,-0.0,0.17425584391561,0.33333333333333,0.50000135350914,0.5,0.49998874548227,0.5,1727072952277
104,0.39668126046694,-0.0,0.17425584391561,0.33333333333333,0.50000369784298,0.5,0.49998874548227,0.5,1727072952285
104,0.38617713237024,-0.0,0.17425584391561,0.33333333333333,0.49999351499768,0.5,0.49998874548227,0.5,1727072952318
104,0.38236516677919,-0.0,0.17425584391561,0.33333333333333,0.49999645679791,0.5,0.49998874548227,0.5,1727072952325
104,0.37855320092257,-0.0,0.17425584391561,0.33333333333333,0.49999943404203,0.5,0.49998874548227,0.5,1727072952349
104,0.36805510239048,-0.0,0.17425584391561,0.33333333333333,0.49999425876737,0.5,0.49998874548227,0.5,1727072952358
104,0.3575527241147,-0.0,0.17425584391561,0.33333333333333,0.49999898179566,0.5,0.49998874548227,0.5,1727072952368
104,0.33282362014076,-0.0,0.17425584391561,0.33333333333333,0.49999323721992,0.5,0.49998874548227,0.5,1727072952385
104,0.3148503830483,-0.0,0.17425584391561,0.33333333333333,0.49998911159115,0.5,0.49998874548227,0.5,1727072952401
104,0.29386395764988,-0.0,0.17425584391561,0.33333333333333,0.50000245239175,0.5,0.49998874548227,0.5,1727072952418
104,0.27959766661049,-0.0,0.17425584391561,0.33333333333333,0.49999757086164,0.5,0.49998874548227,0.5,1727072952435
104,0.26533218153445,-0.0,0.17425584391561,0.33333333333333,0.49999328131473,0.5,0.49998874548227,0.5,1727072952452
104,0.25868259901743,-0.0,0.17425584391561,0.33333333333333,0.49998947734798,0.5,0.49998874548227,0.5,1727072952468
104,0.25487298225367,-0.0,0.17425584391561,0.33333333333333,0.49999569655609,0.5,0.49998874548227,0.5,1727072952518
104,0.24823277506057,-0.0,0.17425584391561,0.33333333333333,0.50000221958746,0.5,0.49998874548227,0.5,1727072952535
104,0.2444283442413,-0.0,0.17425584391561,0.33333333333333,0.49999729593206,0.5,0.49998874548227,0.5,1727072952551
104,0.2511053852668,-0.0,0.17425584391561,0.33333333333333,0.49999746173296,0.5,0.49998874548227,0.5,1727072952814
104,0.25777855106164,-0.0,0.17425584391561,0.33333333333333,0.49999341554863,0.5,0.49998874548227,0.5,1727072952830
104,0.2644623241783,-0.0,0.17425584391561,0.33333333333333,0.50000084202132,0.5,0.49998874548227,0.5,1727072952868
104,0.27113807021898,-0.0,0.17425584391561,0.33333333333333,0.49999958601042,0.5,0.49998874548227,0.5,1727072952885
104,0.27780815636588,-0.0,0.17425584391561,0.33333333333333,0.49999244962045,0.5,0.49998874548227,0.5,1727072952950
104,0.28448848156165,-0.0,0.17425584391561,0.33333333333333,0.49999605331264,0.5,0.49998874548227,0.5,1727072952966
104,0.28448848156165,-0.0,0.17425584391561,0.33333333333333,0.49999605331264,0.5,0.49998874548227,0.5,1727072953550
104,0.28448848156165,-0.0,0.17425584391561,0.33333333333333,0.49999605331264,0.5,0.49998874548227,0.5,1727072955847
104,0.28448848156165,0.01452451051444,0.17425584391561,0.33333333333333,0.49999605331264,0.49999701207412,0.49998874548227,0.5,1727072955935
104,0.28448848156165,0.01844695819026,0.17425584391561,0.33333333333333,0.49999605331264,0.49999834806153,0.49998874548227,0.5,1727072955951
104,0.28448848156165,0.03562430285279,0.17425584391561,0.33333333333333,0.49999605331264,0.50001248183191,0.49998874548227,0.5,1727072955968
104,0.28448848156165,0.05426071378232,0.17425584391561,0.33333333333333,0.49999605331264,0.50000149434245,0.49998874548227,0.5,1727072955985
104,0.28448848156165,0.07812544459865,0.17425584391561,0.33333333333333,0.49999605331264,0.49999602174602,0.49998874548227,0.5,1727072956001
104,0.28448848156165,0.09918468517328,0.17425584391561,0.33333333333333,0.49999605331264,0.49999988981048,0.49998874548227,0.5,1727072956018
104,0.28448848156165,0.12304018522311,0.17425584391561,0.33333333333333,0.49999605331264,0.50000882125644,0.49998874548227,0.5,1727072956035
104,0.28448848156165,0.14410297111176,0.17425584391561,0.33333333333333,0.49999605331264,0.50000660471294,0.49998874548227,0.5,1727072956051
104,0.28448848156165,0.154620134051,0.17425584391561,0.33333333333333,0.49999605331264,0.49999352850809,0.49998874548227,0.5,1727072956068
104,0.28448848156165,0.16801273211244,0.17425584391561,0.33333333333333,0.49999605331264,0.5000034984654,0.49998874548227,0.5,1727072956085
104,0.28448848156165,0.17190792212132,0.17425584391561,0.33333333333333,0.49999605331264,0.49999969969081,0.49998874548227,0.5,1727072956101
104,0.28448848156165,0.1824311796646,0.17425584391561,0.33333333333333,0.49999605331264,0.49999947671689,0.49998874548227,0.5,1727072956118
104,0.28448848156165,0.19294699261838,0.17425584391561,0.33333333333333,0.49999605331264,0.5000085305059,0.49998874548227,0.5,1727072956135
104,0.28448848156165,0.19684436699526,0.17425584391561,0.33333333333333,0.49999605331264,0.50000220466748,0.49998874548227,0.5,1727072956238
104,0.28448848156165,0.2035175777964,0.17425584391561,0.33333333333333,0.49999605331264,0.50000668515129,0.49998874548227,0.5,1727072956251
104,0.28448848156165,0.2074133401985,0.17425584391561,0.33333333333333,0.49999605331264,0.50000246417606,0.49998874548227,0.5,1727072956269
104,0.28448848156165,0.21409390851429,0.17425584391561,0.33333333333333,0.49999605331264,0.49999809827527,0.49998874548227,0.5,1727072956318
104,0.28448848156165,0.21798636843484,0.17425584391561,0.33333333333333,0.49999605331264,0.49999793475478,0.49998874548227,0.5,1727072956350
104,0.28448848156165,0.22466189311396,0.17425584391561,0.33333333333333,0.49999605331264,0.49999958806454,0.49998874548227,0.5,1727072956357
104,0.28448848156165,0.22855380268567,0.17425584391561,0.33333333333333,0.49999605331264,0.50000005007866,0.49998874548227,0.5,1727072956368
104,0.28448848156165,0.23244322294388,0.17425584391561,0.33333333333333,0.49999605331264,0.50000334939475,0.49998874548227,0.5,1727072956384
104,0.28448848156165,0.2563037937705,0.17425584391561,0.33333333333333,0.49999605331264,0.50000424523583,0.49998874548227,0.5,1727072956401
104,0.28448848156165,0.27347397963083,0.17425584391561,0.33333333333333,0.49999605331264,0.50000310007465,0.49998874548227,0.5,1727072956418
104,0.28448848156165,0.28399000868314,0.17425584391561,0.33333333333333,0.49999605331264,0.49999443158813,0.49998874548227,0.5,1727072956434
104,0.28448848156165,0.28787614769289,0.17425584391561,0.33333333333333,0.49999605331264,0.50000079477732,0.49998874548227,0.5,1727072956726
104,0.28448848156165,0.29455180680378,0.17425584391561,0.33333333333333,0.49999605331264,0.50000206473163,0.49998874548227,0.5,1727072956742
104,0.28448848156165,0.29843814529191,0.17425584391561,0.33333333333333,0.49999605331264,0.49999258507726,0.49998874548227,0.5,1727072956942
104,0.28448848156165,0.30232277143424,0.17425584391561,0.33333333333333,0.49999605331264,0.50000030493921,0.49998874548227,0.5,1727072956951
104,0.28448848156165,0.3089973862655,0.17425584391561,0.33333333333333,0.49999605331264,0.50000257788064,0.49998874548227,0.5,1727072957070
104,0.28448848156165,0.31288201557712,0.17425584391561,0.33333333333333,0.49999605331264,0.50001008090088,0.49998874548227,0.5,1727072957159
104,0.28448848156165,0.31956140661926,0.17425584391561,0.33333333333333,0.49999605331264,0.49999268157268,0.49998874548227,0.5,1727072957168
104,0.28448848156165,0.32344585685953,0.17425584391561,0.33333333333333,0.49999605331264,0.50000028553237,0.49998874548227,0.5,1727072957334
104,0.28448848156165,0.33011507219957,0.17425584391561,0.33333333333333,0.49999605331264,0.50000760753477,0.49998874548227,0.5,1727072957352
104,0.28448848156165,0.33679256570822,0.17425584391561,0.33333333333333,0.49999605331264,0.50000698500431,0.49998874548227,0.5,1727072958822
104,0.28448848156165,0.34346294357039,0.17425584391561,0.33333333333333,0.49999605331264,0.49999869465013,0.49998874548227,0.5,1727072959198
104,0.28448848156165,0.3473500702041,0.17425584391561,0.33333333333333,0.49999605331264,0.50000348504598,0.49998874548227,0.5,1727072959205
104,0.28448848156165,0.35402502276232,0.17425584391561,0.33333333333333,0.49999605331264,0.50000524514549,0.49998874548227,0.5,1727072959221
104,0.28448848156165,0.35402502276232,0.17425584391561,0.33333333333333,0.49999605331264,0.50000524514549,0.49998874548227,0.5,1727072960630
104,0.28448848156165,0.35402502276232,0.17425584391561,0.33333333333333,0.49999605331264,0.50000524514549,0.49998874548227,0.5,1727072961815
104,0.28448848156165,0.35402502276232,0.17425584391561,0.34000721302993,0.49999605331264,0.50000524514549,0.49998874548227,0.50000674016114,1727072961878
104,0.28448848156165,0.35402502276232,0.17425584391561,0.34668065148299,0.49999605331264,0.50000524514549,0.49998874548227,0.50000344501852,1727072961894
104,0.28448848156165,0.35402502276232,0.17425584391561,0.36005741530398,0.49999605331264,0.50000524514549,0.49998874548227,0.5000101773175,1727072961909
104,0.28448848156165,0.35402502276232,0.17425584391561,0.38015088761066,0.49999605331264,0.50000524514549,0.49998874548227,0.50001087172978,1727072961918
104,0.28448848156165,0.35402502276232,0.17425584391561,0.42731308252103,0.49999605331264,0.50000524514549,0.49998874548227,0.50000438759638,1727072961934
104,0.28448848156165,0.35402502276232,0.17425584391561,0.49164291444059,0.49999605331264,0.50000524514549,0.49998874548227,0.49999759186105,1727072961951
104,0.28448848156165,0.35402502276232,0.17425584391561,0.56272601726213,0.49999605331264,0.50000524514549,0.49998874548227,0.50000199463639,1727072961967
104,0.28448848156165,0.35402502276232,0.17425584391561,0.64056871613795,0.49999605331264,0.50000524514549,0.49998874548227,0.49999968140458,1727072961984
104,0.28448848156165,0.35402502276232,0.17425584391561,0.69499408824891,0.49999605331264,0.50000524514549,0.49998874548227,0.50000552665374,1727072962001
104,0.28448848156165,0.35402502276232,0.17425584391561,0.74567729772826,0.49999605331264,0.50000524514549,0.49998874548227,0.50000020745288,1727072962017
104,0.28448848156165,0.35402502276232,0.17425584391561,0.78291272611962,0.49999605331264,0.50000524514549,0.49998874548227,0.50000268685207,1727072962034
104,0.28448848156165,0.35402502276232,0.17425584391561,0.81343994081029,0.49999605331264,0.50000524514549,0.49998874548227,0.50000475489902,1727072962051
104,0.28448848156165,0.35402502276232,0.17425584391561,0.83348696770476,0.49999605331264,0.50000524514549,0.49998874548227,0.500005111169,1727072962067
104,0.28448848156165,0.35402502276232,0.17425584391561,0.85065277823981,0.49999605331264,0.50000524514549,0.49998874548227,0.50000331822719,1727072962084
104,0.28448848156165,0.35402502276232,0.17425584391561,0.86400758659624,0.49999605331264,0.50000524514549,0.49998874548227,0.50000375464674,1727072962101
104,0.28448848156165,0.35402502276232,0.17425584391561,0.87066727510679,0.49999605331264,0.50000524514549,0.49998874548227,0.50000282222537,1727072962117
104,0.28448848156165,0.35402502276232,0.17425584391561,0.88401814774127,0.49999605331264,0.50000524514549,0.49998874548227,0.50000134335642,1727072962134
104,0.28448848156165,0.35402502276232,0.17425584391561,0.89069169586369,0.49999605331264,0.50000524514549,0.49998874548227,0.49999970428572,1727072962151
104,0.28448848156165,0.35402502276232,0.17425584391561,0.90120472194845,0.49999605331264,0.50000524514549,0.49998874548227,0.50000226140913,1727072962167
104,0.28448848156165,0.35402502276232,0.17425584391561,0.9145415579563,0.49999605331264,0.50000524514549,0.49998874548227,0.50000146593641,1727072962184
104,0.28448848156165,0.35402502276232,0.17425584391561,0.92121416728427,0.49999605331264,0.50000524514549,0.49998874548227,0.49999942696225,1727072962201
104,0.28448848156165,0.35402502276232,0.17425584391561,0.93456741116321,0.49999605331264,0.50000524514549,0.49998874548227,0.49999915310718,1727072962218
104,0.28448848156165,0.35402502276232,0.17425584391561,0.94507619645435,0.49999605331264,0.50000524514549,0.49998874548227,0.49999966478448,1727072962234
104,0.28448848156165,0.35402502276232,0.17425584391561,0.95174457811982,0.49999605331264,0.50000524514549,0.49998874548227,0.50000280612473,1727072962318
104,0.28448848156165,0.35402502276232,0.17425584391561,0.95841411889811,0.49999605331264,0.50000524514549,0.49998874548227,0.49999942252691,1727072962350
104,0.28448848156165,0.35402502276232,0.17425584391561,0.96507559957039,0.49999605331264,0.50000524514549,0.49998874548227,0.49999939947148,1727072962358
104,0.28448848156165,0.35402502276232,0.17425584391561,0.96894123557298,0.49999605331264,0.50000524514549,0.49998874548227,0.50000125469936,1727072962374
104,0.28448848156165,0.35402502276232,0.17425584391561,0.97561347254475,0.49999605331264,0.50000524514549,0.49998874548227,0.49999913987557,1727072962384
104,0.28448848156165,0.35402502276232,0.17425584391561,0.96895804282064,0.49999605331264,0.50000524514549,0.49998874548227,0.50000189813121,1727072963102
104,0.28448848156165,0.35402502276232,0.17425584391561,0.95845051285284,0.49999605331264,0.50000524514549,0.49998874548227,0.50000198869949,1727072963118
104,0.28448848156165,0.35402502276232,0.17425584391561,0.95180080893983,0.49999605331264,0.50000524514549,0.49998874548227,0.50000037110298,1727072963142
104,0.28448848156165,0.35402502276232,0.17425584391561,0.94796784481685,0.49999605331264,0.50000524514549,0.49998874548227,0.49999936215673,1727072963158
104,0.28448848156165,0.35402502276232,0.17425584391561,0.94131210219204,0.49999605331264,0.50000524514549,0.49998874548227,0.50000204085489,1727072963201
104,0.28448848156165,0.35402502276232,0.17425584391561,0.93748747978471,0.49999605331264,0.50000524514549,0.49998874548227,0.50000490128067,1727072963218
104,0.28448848156165,0.35402502276232,0.17425584391561,0.92419030638762,0.49999605331264,0.50000524514549,0.49998874548227,0.50000267214933,1727072963234
104,0.28448848156165,0.35402502276232,0.17425584391561,0.91368277492311,0.49999605331264,0.50000524514549,0.49998874548227,0.50000277248168,1727072963251
104,0.28448848156165,0.35402502276232,0.17425584391561,0.90985353046738,0.49999605331264,0.50000524514549,0.49998874548227,0.50000350642562,1727072963277
104,0.28448848156165,0.35402502276232,0.17425584391561,0.90320423101257,0.49999605331264,0.50000524514549,0.49998874548227,0.50000202277964,1727072963285
104,0.28448848156165,0.35402502276232,0.17425584391561,0.89937427720182,0.49999605331264,0.50000524514549,0.49998874548227,0.50000242065806,1727072963334
104,0.28448848156165,0.35402502276232,0.17425584391561,0.89272120556185,0.49999605331264,0.50000524514549,0.49998874548227,0.50000651972917,1727072963838
104,0.28448848156165,0.35402502276232,0.17425584391561,0.88605973467937,0.49999605331264,0.50000524514549,0.49998874548227,0.49999912462571,1727072964390
104,0.28448848156165,0.35402502276232,0.17425584391561,0.87940713547508,0.49999605331264,0.50000524514549,0.49998874548227,0.50000348323411,1727072964574
104,0.28448848156165,0.35402502276232,0.17425584391561,0.87275685495425,0.49999605331264,0.50000524514549,0.49998874548227,0.50000147746846,1727072965454
104,0.28448848156165,0.35402502276232,0.17425584391561,0.86892424554882,0.49999605331264,0.50000524514549,0.49998874548227,0.50000057581829,1727072965526
104,0.28448848156165,0.35402502276232,0.17425584391561,0.86892424554882,0.49999605331264,0.50000524514549,0.49998874548227,0.50000057581829,1727072966911
104,0.28448848156165,0.35402502276232,0.17425584391561,0.86892424554882,0.49999605331264,0.50000524514549,0.49998874548227,0.50000057581829,1727072968119
104,0.28448848156165,0.35402502276232,0.17425584391561,0.86227041392181,0.49999605331264,0.50000524514549,0.49998874548227,0.50000439937186,1727072968342
104,0.28448848156165,0.35402502276232,0.17425584391561,0.85561851085616,0.49999605331264,0.50000524514549,0.49998874548227,0.50000155893379,1727072968454
104,0.28448848156165,0.35402502276232,0.17425584391561,0.85179420356927,0.49999605331264,0.50000524514549,0.49998874548227,0.50000479784302,1727072968467
104,0.28448848156165,0.35402502276232,0.17425584391561,0.85846125738613,0.49999605331264,0.50000524514549,0.49998874548227,0.49999986019812,1727072969014
104,0.28448848156165,0.35402502276232,0.17425584391561,0.86512229904333,0.49999605331264,0.50000524514549,0.49998874548227,0.4999996154075,1727072969142
104,0.28448848156165,0.35402502276232,0.17425584391561,0.87179671267375,0.49999605331264,0.50000524514549,0.49998874548227,0.49999838437856,1727072969302
104,0.28448848156165,0.35402502276232,0.17425584391561,0.87846301814909,0.49999605331264,0.50000524514549,0.49998874548227,0.50000072292521,1727072969326
104,0.28448848156165,0.35402502276232,0.17425584391561,0.87463547743244,0.49999605331264,0.50000524514549,0.49998874548227,0.50000230809526,1727072969750
104,0.28448848156165,0.35402502276232,0.17425584391561,0.87081281299567,0.49999605331264,0.50000524514549,0.49998874548227,0.49999873501731,1727072969768
104,0.28448848156165,0.35402502276232,0.17425584391561,0.86618964883136,0.49999605331264,0.50000524514549,0.49998874548227,0.50000248621059,1727072969782
104,0.28448848156165,0.35402502276232,0.17425584391561,0.86618964883136,0.49999605331264,0.50000524514549,0.49998874548227,0.50000248621059,1727072969782
104,0.28448848156165,0.35402502276232,0.17425584391561,0.86618964883136,0.49999605331264,0.50000524514549,0.49998874548227,0.50000248621059,1727072970911
105,0.0,0.83333333333333,0.66666666666667,0.16666666666667,0.5,0.5,0.5,0.5,1727072973672
105,0.0,0.83333333333333,0.65944022240205,0.16666666666667,0.5,0.5,0.49998797566875,0.5,1727072973734
105,0.0,0.83333333333333,0.652220568761,0.16666666666667,0.5,0.5,0.49998565054122,0.5,1727072973750
105,0.0,0.83333333333333,0.64499203304434,0.16666666666667,0.5,0.5,0.4999873688165,0.5,1727072973767
105,0.0,0.83333333333333,0.62068043366766,0.16666666666667,0.5,0.5,0.49998237730784,0.5,1727072973784
105,0.0,0.83333333333333,0.59636528012748,0.16666666666667,0.5,0.5,0.49999913370981,0.5,1727072973800
105,0.0,0.83333333333333,0.53330239488712,0.16666666666667,0.5,0.5,0.49998615690063,0.5,1727072973817
105,0.0,0.83333333333333,0.47024436696972,0.16666666666667,0.5,0.5,0.49999515829629,0.5,1727072973834
105,0.0,0.83333333333333,0.39280530654204,0.16666666666667,0.5,0.5,0.4999918201775,0.5,1727072973850
105,0.0,0.83333333333333,0.32823444969822,0.16666666666667,0.5,0.5,0.49998930965761,0.5,1727072973867
105,0.0,0.83333333333333,0.26373011363635,0.16666666666667,0.5,0.5,0.49997561970697,0.5,1727072973884
105,0.0,0.83333333333333,0.19222350062003,0.16666666666667,0.5,0.5,0.49999603358713,0.5,1727072973900
105,0.0,0.83333333333333,0.14205995742004,0.16666666666667,0.5,0.5,0.49999338738703,0.5,1727072973917
105,0.0,0.83333333333333,0.11329393645059,0.16666666666667,0.5,0.5,0.49999975600213,0.5,1727072973934
105,0.0,0.83333333333333,0.07031740848556,0.16666666666667,0.5,0.5,0.50000165502499,0.5,1727072973950
105,0.0,0.83333333333333,0.04159470777243,0.16666666666667,0.5,0.5,0.49996739116236,0.5,1727072973967
105,0.0,0.83333333333333,0.02002470689054,0.16666666666667,0.5,0.5,0.49996354338042,0.5,1727072973983
105,0.0,0.83333333333333,0.00561657609824,0.16666666666667,0.5,0.5,0.49997792968797,0.5,1727072974000
105,0.0,0.83333333333333,0.0,0.16666666666667,0.5,0.5,0.5,0.5,1727072974017
105,0.0,0.83333333333333,0.0,0.16666666666667,0.5,0.5,0.5,0.5,1727072974033
105,0.0,0.83333333333333,0.0,0.16666666666667,0.5,0.5,0.5,0.5,1727072974050
105,0.0,0.83333333333333,0.0,0.16666666666667,0.5,0.5,0.5,0.5,1727072974067
105,0.0,0.83333333333333,0.0,0.16666666666667,0.5,0.5,0.5,0.5,1727072974083
105,0.0,0.83333333333333,0.0,0.16666666666667,0.5,0.5,0.5,0.5,1727072974100
105,0.0,0.83333333333333,0.0,0.16666666666667,0.5,0.5,0.5,0.5,1727072974926
105,0.0,0.83333333333333,0.0,0.16666666666667,0.5,0.5,0.5,0.5,1727072978319
105,0.0,0.82667579017525,0.0,0.16666666666667,0.5,0.50000058012034,0.5,0.5,1727072978358
105,0.0,0.82002417225815,0.0,0.16666666666667,0.5,0.50000339908713,0.5,0.5,1727072978382
105,0.0,0.81336366392803,0.0,0.16666666666667,0.5,0.50000288627793,0.5,0.5,1727072978398
105,0.0,0.79905301377909,0.0,0.16666666666667,0.5,0.5000044801455,0.5,0.5,1727072978406
105,0.0,0.78575948471908,0.0,0.16666666666667,0.5,0.50000518777528,0.5,0.5,1727072978417
105,0.0,0.74379839759218,0.0,0.16666666666667,0.5,0.50000088896697,0.5,0.5,1727072978433
105,0.0,0.67512492430704,0.0,0.16666666666667,0.5,0.49999889905049,0.5,0.5,1727072978450
105,0.0,0.61977507668367,0.0,0.16666666666667,0.5,0.50000604635753,0.5,0.5,1727072978467
105,0.0,0.5816027254037,0.0,0.16666666666667,0.5,0.49999819313605,0.5,0.5,1727072978483
105,0.0,0.56443267892061,0.0,0.16666666666667,0.5,0.49999870723903,0.5,0.5,1727072978500
105,0.0,0.55778214953955,0.0,0.16666666666667,0.5,0.50000168299374,0.5,0.5,1727072978517
105,0.0,0.5472768405115,0.0,0.16666666666667,0.5,0.50000005709521,0.5,0.5,1727072978533
105,0.0,0.54062635651687,0.0,0.16666666666667,0.5,0.50000307712859,0.5,0.5,1727072978550
105,0.0,0.51963239766463,0.0,0.16666666666667,0.5,0.49999883346608,0.5,0.5,1727072978567
105,0.0,0.48258511436255,0.0,0.16666666666667,0.5,0.49999962447927,0.5,0.5,1727072978583
105,0.0,0.4389663147503,0.0,0.16666666666667,0.5,0.50000233347634,0.5,0.5,1727072978600
105,0.0,0.40852004630145,0.0,0.16666666666667,0.5,0.50000253731165,0.5,0.5,1727072978617
105,0.0,0.38471050851558,0.0,0.16666666666667,0.5,0.50001091733786,0.5,0.5,1727072978633
105,0.0,0.36754211633879,0.0,0.16666666666667,0.5,0.50001047217065,0.5,0.5,1727072978650
105,0.0,0.36089590474182,0.0,0.16666666666667,0.5,0.49999675369347,0.5,0.5,1727072978667
105,0.0,0.35424055042977,0.0,0.16666666666667,0.5,0.50000511274881,0.5,0.5,1727072978686
105,0.0,0.35043776765239,0.0,0.16666666666667,0.5,0.50000770031789,0.5,0.5,1727072978700
105,0.0,0.32662807890441,0.0,0.16666666666667,0.5,0.50000257229206,0.5,0.5,1727072978717
105,0.0,0.28565468356531,0.0,0.16666666666667,0.5,0.50000705549782,0.5,0.5,1727072978733
105,0.0,0.22753886551917,0.0,0.16666666666667,0.5,0.49999953359567,0.5,0.5,1727072978750
105,0.0,0.20373280186667,0.0,0.16666666666667,0.5,0.50000687705861,0.5,0.5,1727072978767
105,0.0,0.19708957311936,0.0,0.16666666666667,0.5,0.50000337214438,0.5,0.5,1727072978886
105,0.0,0.19328609723308,0.0,0.16666666666667,0.5,0.50000772416191,0.5,0.5,1727072978902
105,0.0,0.18664466061318,0.0,0.16666666666667,0.5,0.50000188542996,0.5,0.5,1727072978917
105,0.0,0.16947225228581,0.0,0.16666666666667,0.5,0.50000613901604,0.5,0.5,1727072978933
105,0.0,0.15898546862296,0.0,0.16666666666667,0.5,0.49999884980073,0.5,0.5,1727072978950
105,0.0,0.15234138270714,0.0,0.16666666666667,0.5,0.49999599712371,0.5,0.5,1727072979158
105,0.0,0.14854735928551,0.0,0.16666666666667,0.5,0.50000897360767,0.5,0.5,1727072979167
105,0.0,0.14190439438198,0.0,0.16666666666667,0.5,0.50000463950978,0.5,0.5,1727072979184
105,0.0,0.12093388010449,0.0,0.16666666666667,0.5,0.5000068095213,0.5,0.5,1727072979200
105,0.0,0.10670132549647,0.0,0.16666666666667,0.5,0.50000984077485,0.5,0.5,1727072979206
105,0.0,0.10670132549647,0.0,0.16666666666667,0.5,0.50000984077485,0.5,0.5,1727072979206
105,0.0,0.10670132549647,0.0,0.16666666666667,0.5,0.50000984077485,0.5,0.5,1727072979943
105,0.00668785339714,0.10670132549647,0.0,0.16666666666667,0.49999043278178,0.50000984077485,0.5,0.5,1727072980038
105,0.01337495323188,0.10670132549647,0.0,0.16666666666667,0.49997977386809,0.50000984077485,0.5,0.5,1727072980054
105,0.02006644472426,0.10670132549647,0.0,0.16666666666667,0.49997860876061,0.50000984077485,0.5,0.5,1727072980070
105,0.02674965708213,0.10670132549647,0.0,0.16666666666667,0.49999165468854,0.50000984077485,0.5,0.5,1727072980086
105,0.03344350187855,0.10670132549647,0.0,0.16666666666667,0.49999484162235,0.50000984077485,0.5,0.5,1727072980110
105,0.04012715965356,0.10670132549647,0.0,0.16666666666667,0.49997852287879,0.50000984077485,0.5,0.5,1727072980118
105,0.04405684869396,0.10670132549647,0.0,0.16666666666667,0.49999120710424,0.50000984077485,0.5,0.5,1727072980134
105,0.05073591833281,0.10670132549647,0.0,0.16666666666667,0.49999533762145,0.50000984077485,0.5,0.5,1727072980150
105,0.05742135006492,0.10670132549647,0.0,0.16666666666667,0.49998310759868,0.50000984077485,0.5,0.5,1727072980167
105,0.06410698308251,0.10670132549647,0.0,0.16666666666667,0.49999875514869,0.50000984077485,0.5,0.5,1727072980183
105,0.07079511139079,0.10670132549647,0.0,0.16666666666667,0.49999159825601,0.50000984077485,0.5,0.5,1727072980200
105,0.08131991488203,0.10670132549647,0.0,0.16666666666667,0.49999473823544,0.50000984077485,0.5,0.5,1727072980217
105,0.08799825210109,0.10670132549647,0.0,0.16666666666667,0.49999714889639,0.50000984077485,0.5,0.5,1727072980246
105,0.09467989423122,0.10670132549647,0.0,0.16666666666667,0.50000475247001,0.50000984077485,0.5,0.5,1727072980283
105,0.10136593918579,0.10670132549647,0.0,0.16666666666667,0.49999483516273,0.50000984077485,0.5,0.5,1727072980300
105,0.10804470072284,0.10670132549647,0.0,0.16666666666667,0.49999776243189,0.50000984077485,0.5,0.5,1727072980317
105,0.11472502849782,0.10670132549647,0.0,0.16666666666667,0.50000295005415,0.50000984077485,0.5,0.5,1727072980342
105,0.12140883537271,0.10670132549647,0.0,0.16666666666667,0.49999027810597,0.50000984077485,0.5,0.5,1727072980406
105,0.12808679340197,0.10670132549647,0.0,0.16666666666667,0.49999195900243,0.50000984077485,0.5,0.5,1727072980510
105,0.14149302395897,0.10670132549647,0.0,0.16666666666667,0.50000100869833,0.50000984077485,0.5,0.5,1727072980550
105,0.14149302395897,0.10670132549647,0.0,0.16666666666667,0.50000100869833,0.50000984077485,0.5,0.5,1727072980550
105,0.14149302395897,0.10670132549647,0.0,0.16666666666667,0.50000100869833,0.50000984077485,0.5,0.5,1727072981983
105,0.14149302395897,0.11338257534588,0.0,0.16666666666667,0.50000100869833,0.50000309517703,0.5,0.5,1727072982102
105,0.14149302395897,0.1200618851553,0.0,0.16666666666667,0.50000100869833,0.49999948348579,0.5,0.5,1727072982198
105,0.14149302395897,0.12674307365634,0.0,0.16666666666667,0.50000100869833,0.50001576463619,0.5,0.5,1727072982255
105,0.14149302395897,0.13343075372106,0.0,0.16666666666667,0.50000100869833,0.50000002230121,0.5,0.5,1727072982278
105,0.14149302395897,0.14010808257622,0.0,0.16666666666667,0.50000100869833,0.49999944844446,0.5,0.5,1727072982318
105,0.14149302395897,0.14401310664358,0.0,0.16666666666667,0.50000100869833,0.50000318749027,0.5,0.5,1727072982398
105,0.14149302395897,0.15068655147611,0.0,0.16666666666667,0.50000100869833,0.50000792034563,0.5,0.5,1727072982446
105,0.14149302395897,0.15068655147611,0.0,0.16666666666667,0.50000100869833,0.50000792034563,0.5,0.5,1727072983094
106,1.0,0.16666666666667,0.16666666666667,0.5,0.5,0.5,0.5,0.5,1727072986223
106,1.0,0.16666666666667,0.16666666666667,0.5,0.5,0.5,0.5,0.5,1727072986887
106,1.0,0.16666666666667,0.1739055391136,0.5,0.5,0.5,0.49996778678336,0.5,1727072986974
106,1.0,0.16666666666667,0.18114136755882,0.5,0.5,0.5,0.49997539108873,0.5,1727072986983
106,1.0,0.16666666666667,0.18837534154487,0.5,0.5,0.5,0.50000494180484,0.5,1727072987000
106,1.0,0.16666666666667,0.19561253939818,0.5,0.5,0.5,0.49999557069412,0.5,1727072987016
106,1.0,0.16666666666667,0.20549167602377,0.5,0.5,0.5,0.50001115778908,0.5,1727072987033
106,1.0,0.16666666666667,0.22258586664208,0.5,0.5,0.5,0.4999901197235,0.5,1727072987050
106,1.0,0.16666666666667,0.23246782679947,0.5,0.5,0.5,0.49997423872232,0.5,1727072987066
106,1.0,0.16666666666667,0.23970191500387,0.5,0.5,0.5,0.49999948521733,0.5,1727072987083
106,1.0,0.16666666666667,0.24693804023638,0.5,0.5,0.5,0.50000248753672,0.5,1727072987099
106,1.0,0.16666666666667,0.25681836510336,0.5,0.5,0.5,0.50000405885396,0.5,1727072987116
106,1.0,0.16666666666667,0.27129936308134,0.5,0.5,0.5,0.50000400358586,0.5,1727072987133
106,1.0,0.16666666666667,0.28118337247598,0.5,0.5,0.5,0.49996907766098,0.5,1727072987150
106,1.0,0.16666666666667,0.2884158805872,0.5,0.5,0.5,0.5000075082618,0.5,1727072987174
106,1.0,0.16666666666667,0.29109542532303,0.5,0.5,0.5,0.49998101311955,0.5,1727072987183
106,1.0,0.16666666666667,0.30097654260783,0.5,0.5,0.5,0.49997529710325,0.5,1727072987200
106,1.0,0.16666666666667,0.31806901545465,0.5,0.5,0.5,0.49997474145813,0.5,1727072987216
106,1.0,0.16666666666667,0.33254941217689,0.5,0.5,0.5,0.49998083635398,0.5,1727072987233
106,1.0,0.16666666666667,0.3496396648159,0.5,0.5,0.5,0.49999958018887,0.5,1727072987250
106,1.0,0.16666666666667,0.35951358305219,0.5,0.5,0.5,0.4999856156037,0.5,1727072987266
106,1.0,0.16666666666667,0.36939324864155,0.5,0.5,0.5,0.49999275552065,0.5,1727072987283
106,1.0,0.16666666666667,0.37662203098978,0.5,0.5,0.5,0.49998815411988,0.5,1727072987300
106,1.0,0.16666666666667,0.3838573398881,0.5,0.5,0.5,0.49999739505565,0.5,1727072987316
106,1.0,0.16666666666667,0.39373186326868,0.5,0.5,0.5,0.4999792737021,0.5,1727072987333
106,1.0,0.16666666666667,0.40096769906639,0.5,0.5,0.5,0.49998412322204,0.5,1727072987349
106,1.0,0.16666666666667,0.40820190774782,0.5,0.5,0.5,0.50000183767773,0.5,1727072987366
106,1.0,0.16666666666667,0.41807433204435,0.5,0.5,0.5,0.50000079761313,0.5,1727072987383
106,1.0,0.16666666666667,0.43516625773803,0.5,0.5,0.5,0.50000389109793,0.5,1727072987399
106,1.0,0.16666666666667,0.43783657246799,0.5,0.5,0.5,0.4999910269067,0.5,1727072987782
106,1.0,0.16666666666667,0.43061579019833,0.5,0.5,0.5,0.49999667828195,0.5,1727072987800
106,1.0,0.16666666666667,0.42338887651914,0.5,0.5,0.5,0.49998644105772,0.5,1727072987816
106,1.0,0.16666666666667,0.42605573014858,0.5,0.5,0.5,0.50000028515949,0.5,1727072987850
106,1.0,0.16666666666667,0.41883725200311,0.5,0.5,0.5,0.49998805938874,0.5,1727072988046
106,1.0,0.16666666666667,0.41161661689046,0.5,0.5,0.5,0.49999267354793,0.5,1727072988198
106,1.0,0.16666666666667,0.4043892033151,0.5,0.5,0.5,0.49998610330873,0.5,1727072989007
106,1.0,0.16666666666667,0.39987101206782,0.5,0.5,0.5,0.49998220137831,0.5,1727072989050
106,1.0,0.16666666666667,0.39264329984414,0.5,0.5,0.5,0.49997783180673,0.5,1727072989175
106,1.0,0.16666666666667,0.39531664017654,0.5,0.5,0.5,0.50000618841476,0.5,1727072989414
106,1.0,0.16666666666667,0.38808966172238,0.5,0.5,0.5,0.49999602510273,0.5,1727072989430
106,1.0,0.16666666666667,0.38087086662899,0.5,0.5,0.5,0.49998565108363,0.5,1727072990639
106,1.0,0.16666666666667,0.37365078534327,0.5,0.5,0.5,0.49998585852135,0.5,1727072990683
106,1.0,0.16666666666667,0.36642213677097,0.5,0.5,0.5,0.49998931641621,0.5,1727072990862
106,1.0,0.16666666666667,0.36383701432596,0.5,0.5,0.5,0.49997518289841,0.5,1727072992103
106,1.0,0.16666666666667,0.36125036926594,0.5,0.5,0.5,0.49997400034464,0.5,1727072992116
106,1.0,0.16666666666667,0.36839657167168,0.5,0.5,0.5,0.49997566378708,0.5,1727072992133
106,1.0,0.16666666666667,0.37307486868889,0.5,0.5,0.5,0.50001024998462,0.5,1727072992135
106,1.0,0.16666666666667,0.37307486868889,0.5,0.5,0.5,0.50001024998462,0.5,1727072992135
106,1.0,0.16666666666667,0.37307486868889,0.5,0.5,0.5,0.50001024998462,0.5,1727072994551
106,1.0,0.16666666666667,0.37307486868889,0.50667495736652,0.5,0.5,0.50001024998462,0.49999856774245,1727072994646
106,1.0,0.16666666666667,0.37307486868889,0.5133378373661,0.5,0.5,0.50001024998462,0.49999954918481,1727072994662
106,1.0,0.16666666666667,0.37307486868889,0.52670159780564,0.5,0.5,0.50001024998462,0.49999567391201,1727072994670
106,1.0,0.16666666666667,0.37307486868889,0.54006051593127,0.5,0.5,0.50001024998462,0.49999928644629,1727072994682
106,1.0,0.16666666666667,0.37307486868889,0.56012967250338,0.5,0.5,0.50001024998462,0.49999401866399,1727072994699
106,1.0,0.16666666666667,0.37307486868889,0.58691301925807,0.5,0.5,0.50001024998462,0.49999337435033,1727072994716
106,1.0,0.16666666666667,0.37307486868889,0.61745091499952,0.5,0.5,0.50001024998462,0.49999324799433,1727072994732
106,1.0,0.16666666666667,0.37307486868889,0.64130398878992,0.5,0.5,0.50001024998462,0.49999770913425,1727072994749
106,1.0,0.16666666666667,0.37307486868889,0.67182889746326,0.5,0.5,0.50001024998462,0.49999888052994,1727072994766
106,1.0,0.16666666666667,0.37307486868889,0.71207868742312,0.5,0.5,0.50001024998462,0.50000101107604,1727072994782
106,1.0,0.16666666666667,0.37307486868889,0.74261044891147,0.5,0.5,0.50001024998462,0.49999725854345,1727072994799
106,1.0,0.16666666666667,0.37307486868889,0.75978132236411,0.5,0.5,0.50001024998462,0.49999820204796,1727072994816
106,1.0,0.16666666666667,0.37307486868889,0.77313550077043,0.5,0.5,0.50001024998462,0.4999984045537,1727072994832
106,1.0,0.16666666666667,0.37307486868889,0.79317861801468,0.5,0.5,0.50001024998462,0.49999683033525,1727072994849
106,1.0,0.16666666666667,0.37307486868889,0.79985346259658,0.5,0.5,0.50001024998462,0.49999575896678,1727072994866
106,1.0,0.16666666666667,0.37307486868889,0.80651959296834,0.5,0.5,0.50001024998462,0.49999818194951,1727072994882
106,1.0,0.16666666666667,0.37307486868889,0.81702516849236,0.5,0.5,0.50001024998462,0.49999710611171,1727072994899
106,1.0,0.16666666666667,0.37307486868889,0.82369936530888,0.5,0.5,0.50001024998462,0.49999572420253,1727072995206
106,1.0,0.16666666666667,0.37307486868889,0.82756886077811,0.5,0.5,0.50001024998462,0.49999981069723,1727072995216
106,1.0,0.16666666666667,0.37307486868889,0.84092003715925,0.5,0.5,0.50001024998462,0.4999984637642,1727072995233
106,1.0,0.16666666666667,0.37307486868889,0.84758014725505,0.5,0.5,0.50001024998462,0.49999775559846,1727072995249
106,1.0,0.16666666666667,0.37307486868889,0.86093359237427,0.5,0.5,0.50001024998462,0.49999758355232,1727072995266
106,1.0,0.16666666666667,0.37307486868889,0.8676032179685,0.5,0.5,0.50001024998462,0.49999399801644,1727072995282
106,1.0,0.16666666666667,0.37307486868889,0.86095084707979,0.5,0.5,0.50001024998462,0.49999851165607,1727072995711
106,1.0,0.16666666666667,0.37307486868889,0.85429731534851,0.5,0.5,0.50001024998462,0.50000250010884,1727072995726
106,1.0,0.16666666666667,0.37307486868889,0.85047179670178,0.5,0.5,0.50001024998462,0.49999743171888,1727072995734
106,1.0,0.16666666666667,0.37307486868889,0.84381702516494,0.5,0.5,0.50001024998462,0.50000082690441,1727072995749
106,1.0,0.16666666666667,0.37307486868889,0.82664421014105,0.5,0.5,0.50001024998462,0.49999900466548,1727072995766
106,1.0,0.16666666666667,0.37307486868889,0.81613856207737,0.5,0.5,0.50001024998462,0.50000005199139,1727072995782
106,1.0,0.16666666666667,0.37307486868889,0.80563868984252,0.5,0.5,0.50001024998462,0.49999610176688,1727072995815
106,1.0,0.16666666666667,0.37307486868889,0.79898192881261,0.5,0.5,0.50001024998462,0.49999858797818,1727072995830
106,1.0,0.16666666666667,0.37307486868889,0.795155232027,0.5,0.5,0.50001024998462,0.50000073106057,1727072995846
106,1.0,0.16666666666667,0.37307486868889,0.78850932785799,0.5,0.5,0.50001024998462,0.50000086828869,1727072995882
106,1.0,0.16666666666667,0.37307486868889,0.7846788227854,0.5,0.5,0.50001024998462,0.50000101225984,1727072995899
106,1.0,0.16666666666667,0.37307486868889,0.77802563051496,0.5,0.5,0.50001024998462,0.4999972441107,1727072995916
106,1.0,0.16666666666667,0.37307486868889,0.7570244061212,0.5,0.5,0.50001024998462,0.49999651630107,1727072995932
106,1.0,0.16666666666667,0.37307486868889,0.75036492751484,0.5,0.5,0.50001024998462,0.49999762835532,1727072995949
106,1.0,0.16666666666667,0.37307486868889,0.75704048408939,0.5,0.5,0.50001024998462,0.49999689595035,1727072997151
106,1.0,0.16666666666667,0.37307486868889,0.76755101892221,0.5,0.5,0.50001024998462,0.49999846815034,1727072997199
106,1.0,0.16666666666667,0.37307486868889,0.77421800658356,0.5,0.5,0.50001024998462,0.50000141138526,1727072997216
106,1.0,0.16666666666667,0.37307486868889,0.78089023468704,0.5,0.5,0.50001024998462,0.49999889133874,1727072997232
106,1.0,0.16666666666667,0.37307486868889,0.78475760776227,0.5,0.5,0.50001024998462,0.5000020042203,1727072997254
106,1.0,0.16666666666667,0.37307486868889,0.79142205647726,0.5,0.5,0.50001024998462,0.49999538746137,1727072997265
106,1.0,0.16666666666667,0.37307486868889,0.80193504881688,0.5,0.5,0.50001024998462,0.49999821136006,1727072997286
106,1.0,0.16666666666667,0.37307486868889,0.80860868664531,0.5,0.5,0.50001024998462,0.49999651165876,1727072997302
106,1.0,0.16666666666667,0.37307486868889,0.81911901391757,0.5,0.5,0.50001024998462,0.4999979047667,1727072997326
106,1.0,0.16666666666667,0.37307486868889,0.82962577828969,0.5,0.5,0.50001024998462,0.4999974512908,1727072998127
106,1.0,0.16666666666667,0.37307486868889,0.82297155588878,0.5,0.5,0.50001024998462,0.50000119472427,1727072998823
106,1.0,0.16666666666667,0.37307486868889,0.81632022933687,0.5,0.5,0.50001024998462,0.49999852768691,1727072998887
106,1.0,0.16666666666667,0.37307486868889,0.80966407755361,0.5,0.5,0.50001024998462,0.50000132105475,1727072999006
106,1.0,0.16666666666667,0.37307486868889,0.80583558547802,0.5,0.5,0.50001024998462,0.49999448147366,1727072999022
106,1.0,0.16666666666667,0.37307486868889,0.79918087280698,0.5,0.5,0.50001024998462,0.49999803333012,1727072999038
106,1.0,0.16666666666667,0.37307486868889,0.79253362083197,0.5,0.5,0.50001024998462,0.49999744006009,1727072999126
106,1.0,0.16666666666667,0.37307486868889,0.78870565318069,0.5,0.5,0.50001024998462,0.49999891766261,1727072999166
106,1.0,0.16666666666667,0.37307486868889,0.78204556893531,0.5,0.5,0.50001024998462,0.49999968753481,1727072999671
106,1.0,0.16666666666667,0.37307486868889,0.77539878054467,0.5,0.5,0.50001024998462,0.4999993443321,1727072999682
106,1.0,0.16666666666667,0.37307486868889,0.76210114291295,0.5,0.5,0.50001024998462,0.49999643229878,1727072999695
106,1.0,0.16666666666667,0.37307486868889,0.76210114291295,0.5,0.5,0.50001024998462,0.49999643229878,1727072999695
106,1.0,0.16666666666667,0.37307486868889,0.76210114291295,0.5,0.5,0.50001024998462,0.49999643229878,1727073001351
106,0.99335054824766,0.16666666666667,0.37307486868889,0.76210114291295,0.50000535950319,0.5,0.50001024998462,0.49999643229878,1727073001358
106,0.98952091721714,0.16666666666667,0.37307486868889,0.76210114291295,0.49999903937993,0.5,0.50001024998462,0.49999643229878,1727073001374
106,0.98285959910274,0.16666666666667,0.37307486868889,0.76210114291295,0.49999913272785,0.5,0.50001024998462,0.49999643229878,1727073001382
106,0.97903121076708,0.16666666666667,0.37307486868889,0.76210114291295,0.50000019806797,0.5,0.50001024998462,0.49999643229878,1727073001399
106,0.96573378880015,0.16666666666667,0.37307486868889,0.76210114291295,0.49999788093633,0.5,0.50001024998462,0.49999643229878,1727073001415
106,0.96190493706152,0.16666666666667,0.37307486868889,0.76210114291295,0.49999874656221,0.5,0.50001024998462,0.49999643229878,1727073001432
106,0.95525525246385,0.16666666666667,0.37307486868889,0.76210114291295,0.5000041620433,0.5,0.50001024998462,0.49999643229878,1727073001454
106,0.95142662189906,0.16666666666667,0.37307486868889,0.76210114291295,0.50000515672736,0.5,0.50001024998462,0.49999643229878,1727073001465
106,0.94759498739737,0.16666666666667,0.37307486868889,0.76210114291295,0.49999769237959,0.5,0.50001024998462,0.49999643229878,1727073001482
106,0.93708742381292,0.16666666666667,0.37307486868889,0.76210114291295,0.49999773173766,0.5,0.50001024998462,0.49999643229878,1727073001499
106,0.92658944260221,0.16666666666667,0.37307486868889,0.76210114291295,0.50000226194678,0.5,0.50001024998462,0.49999643229878,1727073001515
106,0.91993714429707,0.16666666666667,0.37307486868889,0.76210114291295,0.50000662918879,0.5,0.50001024998462,0.49999643229878,1727073001532
106,0.91610757545089,0.16666666666667,0.37307486868889,0.76210114291295,0.49999994475075,0.5,0.50001024998462,0.49999643229878,1727073001549
106,0.91227921902537,0.16666666666667,0.37307486868889,0.76210114291295,0.50000108908621,0.5,0.50001024998462,0.49999643229878,1727073001565
106,0.9017723990137,0.16666666666667,0.37307486868889,0.76210114291295,0.50000151657041,0.5,0.50001024998462,0.49999643229878,1727073001582
106,0.8912742665237,0.16666666666667,0.37307486868889,0.76210114291295,0.5000061486845,0.5,0.50001024998462,0.49999643229878,1727073001599
106,0.87695622933399,0.16666666666667,0.37307486868889,0.76210114291295,0.50000116589767,0.5,0.50001024998462,0.49999643229878,1727073001615
106,0.85978812692751,0.16666666666667,0.37307486868889,0.76210114291295,0.50000174448978,0.5,0.50001024998462,0.49999643229878,1727073001632
106,0.83879102616251,0.16666666666667,0.37307486868889,0.76210114291295,0.5000032462094,0.5,0.50001024998462,0.49999643229878,1727073001649
106,0.8177854199147,0.16666666666667,0.37307486868889,0.76210114291295,0.50000041540241,0.5,0.50001024998462,0.49999643229878,1727073001666
106,0.80061073676394,0.16666666666667,0.37307486868889,0.76210114291295,0.49999756094563,0.5,0.50001024998462,0.49999643229878,1727073001682
106,0.7901140905187,0.16666666666667,0.37307486868889,0.76210114291295,0.50000339146929,0.5,0.50001024998462,0.49999643229878,1727073001699
106,0.78628362878087,0.16666666666667,0.37307486868889,0.76210114291295,0.50000356759893,0.5,0.50001024998462,0.49999643229878,1727073001715
106,0.77963037892873,0.16666666666667,0.37307486868889,0.76210114291295,0.49999979100772,0.5,0.50001024998462,0.49999643229878,1727073001732
106,0.77580690755398,0.16666666666667,0.37307486868889,0.76210114291295,0.50000371252118,0.5,0.50001024998462,0.49999643229878,1727073001749
106,0.76530596766944,0.16666666666667,0.37307486868889,0.76210114291295,0.49999906349102,0.5,0.50001024998462,0.49999643229878,1727073001765
106,0.74051212100084,0.16666666666667,0.37307486868889,0.76210114291295,0.50000246505284,0.5,0.50001024998462,0.49999643229878,1727073001782
106,0.71951442997401,0.16666666666667,0.37307486868889,0.76210114291295,0.5000038314704,0.5,0.50001024998462,0.49999643229878,1727073001799
106,0.70901846202613,0.16666666666667,0.37307486868889,0.76210114291295,0.5000017691678,0.5,0.50001024998462,0.49999643229878,1727073001815
106,0.69851204330115,0.16666666666667,0.37307486868889,0.76210114291295,0.50000252904177,0.5,0.50001024998462,0.49999643229878,1727073001832
106,0.67751400924049,0.16666666666667,0.37307486868889,0.76210114291295,0.50000375487981,0.5,0.50001024998462,0.49999643229878,1727073001849
106,0.66701078918415,0.16666666666667,0.37307486868889,0.76210114291295,0.50000648670375,0.5,0.50001024998462,0.49999643229878,1727073001865
106,0.66035620694579,0.16666666666667,0.37307486868889,0.76210114291295,0.50000142973948,0.5,0.50001024998462,0.49999643229878,1727073001882
106,0.65652810456306,0.16666666666667,0.37307486868889,0.76210114291295,0.50000305768858,0.5,0.50001024998462,0.49999643229878,1727073001899
106,0.65271214943273,0.16666666666667,0.37307486868889,0.76210114291295,0.5000027221743,0.5,0.50001024998462,0.49999643229878,1727073001918
106,0.64889215654111,0.16666666666667,0.37307486868889,0.76210114291295,0.49999990729248,0.5,0.50001024998462,0.49999643229878,1727073001932
106,0.64223900098031,0.16666666666667,0.37307486868889,0.76210114291295,0.50000508652319,0.5,0.50001024998462,0.49999643229878,1727073001949
106,0.6317313109682,0.16666666666667,0.37307486868889,0.76210114291295,0.50000514857521,0.5,0.50001024998462,0.49999643229878,1727073001965
106,0.6250813369256,0.16666666666667,0.37307486868889,0.76210114291295,0.50000278086185,0.5,0.50001024998462,0.49999643229878,1727073001982
106,0.62126062379769,0.16666666666667,0.37307486868889,0.76210114291295,0.49999942120566,0.5,0.50001024998462,0.49999643229878,1727073002199
106,0.61460407405652,0.16666666666667,0.37307486868889,0.76210114291295,0.50000259788658,0.5,0.50001024998462,0.49999643229878,1727073002278
106,0.61078984576556,0.16666666666667,0.37307486868889,0.76210114291295,0.50000335001305,0.5,0.50001024998462,0.49999643229878,1727073002294
106,0.60696866904922,0.16666666666667,0.37307486868889,0.76210114291295,0.49999963861859,0.5,0.50001024998462,0.49999643229878,1727073002332
106,0.60031318667434,0.16666666666667,0.37307486868889,0.76210114291295,0.50000356245193,0.5,0.50001024998462,0.49999643229878,1727073002349
106,0.5964953141685,0.16666666666667,0.37307486868889,0.76210114291295,0.50000195813988,0.5,0.50001024998462,0.49999643229878,1727073002366
106,0.589839894328,0.16666666666667,0.37307486868889,0.76210114291295,0.50000599033301,0.5,0.50001024998462,0.49999643229878,1727073002382
106,0.58319147689005,0.16666666666667,0.37307486868889,0.76210114291295,0.50000454030213,0.5,0.50001024998462,0.49999643229878,1727073002406
106,0.57937125566529,0.16666666666667,0.37307486868889,0.76210114291295,0.50000134605978,0.5,0.50001024998462,0.49999643229878,1727073002494
106,0.57271434827956,0.16666666666667,0.37307486868889,0.76210114291295,0.50000446038736,0.5,0.50001024998462,0.49999643229878,1727073002574
106,0.56889646781396,0.16666666666667,0.37307486868889,0.76210114291295,0.5000028008343,0.5,0.50001024998462,0.49999643229878,1727073002582
106,0.56508044565162,0.16666666666667,0.37307486868889,0.76210114291295,0.50000238270446,0.5,0.50001024998462,0.49999643229878,1727073002606
106,0.5584273070444,0.16666666666667,0.37307486868889,0.76210114291295,0.50000813080337,0.5,0.50001024998462,0.49999643229878,1727073002622
106,0.55460660332987,0.16666666666667,0.37307486868889,0.76210114291295,0.50000452469763,0.5,0.50001024998462,0.49999643229878,1727073003079
106,0.54409589198219,0.16666666666667,0.37307486868889,0.76210114291295,0.50000248851694,0.5,0.50001024998462,0.49999643229878,1727073003115
106,0.53359817504797,0.16666666666667,0.37307486868889,0.76210114291295,0.49999871598837,0.5,0.50001024998462,0.49999643229878,1727073003132
106,0.52978641612793,0.16666666666667,0.37307486868889,0.76210114291295,0.50000127317103,0.5,0.50001024998462,0.49999643229878,1727073003149
106,0.52312865540777,0.16666666666667,0.37307486868889,0.76210114291295,0.50000397809096,0.5,0.50001024998462,0.49999643229878,1727073003230
106,0.51931114340225,0.16666666666667,0.37307486868889,0.76210114291295,0.50000247323427,0.5,0.50001024998462,0.49999643229878,1727073003238
106,0.51550056917605,0.16666666666667,0.37307486868889,0.76210114291295,0.50000595007596,0.5,0.50001024998462,0.49999643229878,1727073003262
106,0.50884345211584,0.16666666666667,0.37307486868889,0.76210114291295,0.49999803708809,0.5,0.50001024998462,0.49999643229878,1727073003270
106,0.50219329777932,0.16666666666667,0.37307486868889,0.76210114291295,0.50000636385071,0.5,0.50001024998462,0.49999643229878,1727073003282
106,0.49461510632348,0.16666666666667,0.37307486868889,0.76210114291295,0.49999979394677,0.5,0.50001024998462,0.49999643229878,1727073003299
106,0.48796651417197,0.16666666666667,0.37307486868889,0.76210114291295,0.49999797045061,0.5,0.50001024998462,0.49999643229878,1727073003315
106,0.48415240658104,0.16666666666667,0.37307486868889,0.76210114291295,0.4999989189188,0.5,0.50001024998462,0.49999643229878,1727073003407
106,0.4803381003276,0.16666666666667,0.37307486868889,0.76210114291295,0.49999972732357,0.5,0.50001024998462,0.49999643229878,1727073003430
106,0.47367882659088,0.16666666666667,0.37307486868889,0.76210114291295,0.50000145017622,0.5,0.50001024998462,0.49999643229878,1727073003438
106,0.4698683437522,0.16666666666667,0.37307486868889,0.76210114291295,0.50000521199123,0.5,0.50001024998462,0.49999643229878,1727073003449
106,0.46322075184185,0.16666666666667,0.37307486868889,0.76210114291295,0.50000414893051,0.5,0.50001024998462,0.49999643229878,1727073003465
106,0.4594012373233,0.16666666666667,0.37307486868889,0.76210114291295,0.5000009616164,0.5,0.50001024998462,0.49999643229878,1727073003566
106,0.45275213871684,0.16666666666667,0.37307486868889,0.76210114291295,0.49999866046697,0.5,0.50001024998462,0.49999643229878,1727073003663
106,0.4489354397442,0.16666666666667,0.37307486868889,0.76210114291295,0.49999761636974,0.5,0.50001024998462,0.49999643229878,1727073003699
106,0.44512195757606,0.16666666666667,0.37307486868889,0.76210114291295,0.49999911220109,0.5,0.50001024998462,0.49999643229878,1727073003816
106,0.43847130047052,0.16666666666667,0.37307486868889,0.76210114291295,0.50000781741366,0.5,0.50001024998462,0.49999643229878,1727073003959
106,0.42797297281278,0.16666666666667,0.37307486868889,0.76210114291295,0.50000304303407,0.5,0.50001024998462,0.49999643229878,1727073003999
106,0.42415655055648,0.16666666666667,0.37307486868889,0.76210114291295,0.50000221167376,0.5,0.50001024998462,0.49999643229878,1727073004230
106,0.41750915592824,0.16666666666667,0.37307486868889,0.76210114291295,0.50000120887629,0.5,0.50001024998462,0.49999643229878,1727073004246
106,0.41085205069459,0.16666666666667,0.37307486868889,0.76210114291295,0.50000491955517,0.5,0.50001024998462,0.49999643229878,1727073004615
106,0.40704897975626,0.16666666666667,0.37307486868889,0.76210114291295,0.50000237121565,0.5,0.50001024998462,0.49999643229878,1727073004982
106,0.40039016494562,0.16666666666667,0.37307486868889,0.76210114291295,0.50000470429769,0.5,0.50001024998462,0.49999643229878,1727073004999
106,0.39374362584621,0.16666666666667,0.37307486868889,0.76210114291295,0.50000442292264,0.5,0.50001024998462,0.49999643229878,1727073005303
106,0.38992650568576,0.16666666666667,0.37307486868889,0.76210114291295,0.50000295404895,0.5,0.50001024998462,0.49999643229878,1727073005315
106,0.38612148946015,0.16666666666667,0.37307486868889,0.76210114291295,0.49999862413937,0.5,0.50001024998462,0.49999643229878,1727073005447
106,0.37946706985767,0.16666666666667,0.37307486868889,0.76210114291295,0.50000484475545,0.5,0.50001024998462,0.49999643229878,1727073005463
106,0.37282164128276,0.16666666666667,0.37307486868889,0.76210114291295,0.50000553846485,0.5,0.50001024998462,0.49999643229878,1727073005502
106,0.36900698939994,0.16666666666667,0.37307486868889,0.76210114291295,0.50000622521393,0.5,0.50001024998462,0.49999643229878,1727073005526
106,0.3623607705136,0.16666666666667,0.37307486868889,0.76210114291295,0.50000623422113,0.5,0.50001024998462,0.49999643229878,1727073005534
106,0.35570968967332,0.16666666666667,0.37307486868889,0.76210114291295,0.50000181804062,0.5,0.50001024998462,0.49999643229878,1727073005903
106,0.35190331259621,0.16666666666667,0.37307486868889,0.76210114291295,0.50001008019541,0.5,0.50001024998462,0.49999643229878,1727073005915
106,0.34525420008583,0.16666666666667,0.37307486868889,0.76210114291295,0.50000745247067,0.5,0.50001024998462,0.49999643229878,1727073005934
106,0.34144591871247,0.16666666666667,0.37307486868889,0.76210114291295,0.49999978081507,0.5,0.50001024998462,0.49999643229878,1727073005949
106,0.3309406121735,0.16666666666667,0.37307486868889,0.76210114291295,0.50000204101161,0.5,0.50001024998462,0.49999643229878,1727073005965
106,0.32428924005678,0.16666666666667,0.37307486868889,0.76210114291295,0.49999705500728,0.5,0.50001024998462,0.49999643229878,1727073005982
106,0.32428924005678,0.16666666666667,0.37307486868889,0.76210114291295,0.49999705500728,0.5,0.50001024998462,0.49999643229878,1727073007927
107,0.66666666666667,0.16666666666667,0.0,0.33333333333333,0.5,0.5,0.5,0.5,1727073012151
107,0.66666666666667,0.16666666666667,0.0072464228863,0.33333333333333,0.5,0.5,0.49996101355613,0.5,1727073012199
107,0.66666666666667,0.16666666666667,0.01448357805582,0.33333333333333,0.5,0.5,0.49994727453481,0.5,1727073012215
107,0.66666666666667,0.16666666666667,0.05863919307386,0.33333333333333,0.5,0.5,0.49994761886753,0.5,1727073012231
107,0.66666666666667,0.16666666666667,0.11277197999079,0.33333333333333,0.5,0.5,0.49997160200586,0.5,1727073012248
107,0.66666666666667,0.16666666666667,0.18298191782973,0.33333333333333,0.5,0.5,0.49999119997668,0.5,1727073012265
107,0.66666666666667,0.16666666666667,0.2541938564358,0.33333333333333,0.5,0.5,0.49997086223416,0.5,1727073012282
107,0.66666666666667,0.16666666666667,0.3182226215549,0.33333333333333,0.5,0.5,0.49999254819883,0.5,1727073012298
107,0.66666666666667,0.16666666666667,0.35512697933799,0.33333333333333,0.5,0.5,0.49997611958867,0.5,1727073012315
107,0.66666666666667,0.16666666666667,0.38485482769057,0.33333333333333,0.5,0.5,0.50000733501381,0.5,1727073012332
107,0.66666666666667,0.16666666666667,0.39472949345504,0.33333333333333,0.5,0.5,0.49998793039679,0.5,1727073012348
107,0.66666666666667,0.16666666666667,0.40460957972651,0.33333333333333,0.5,0.5,0.49999127917828,0.5,1727073012366
107,0.66666666666667,0.16666666666667,0.41183887902107,0.33333333333333,0.5,0.5,0.49998284031497,0.5,1727073012382
107,0.66666666666667,0.16666666666667,0.41907406154069,0.33333333333333,0.5,0.5,0.49999264337265,0.5,1727073012398
107,0.66666666666667,0.16666666666667,0.42894849180095,0.33333333333333,0.5,0.5,0.49997625083431,0.5,1727073012415
107,0.66666666666667,0.16666666666667,0.43882773220755,0.33333333333333,0.5,0.5,0.49998604410264,0.5,1727073012432
107,0.66666666666667,0.16666666666667,0.46579963125716,0.33333333333333,0.5,0.5,0.49999327370913,0.5,1727073012448
107,0.66666666666667,0.16666666666667,0.47567167982999,0.33333333333333,0.5,0.5,0.49999514952631,0.5,1727073012465
107,0.66666666666667,0.16666666666667,0.49276485406159,0.33333333333333,0.5,0.5,0.49998931280484,0.5,1727073012481
107,0.66666666666667,0.16666666666667,0.50263711056586,0.33333333333333,0.5,0.5,0.49998972370847,0.5,1727073012498
107,0.66666666666667,0.16666666666667,0.50987381803761,0.33333333333333,0.5,0.5,0.4999877595005,0.5,1727073013431
107,0.66666666666667,0.16666666666667,0.51974700150364,0.33333333333333,0.5,0.5,0.49998186232827,0.5,1727073013449
107,0.66666666666667,0.16666666666667,0.52698120765105,0.33333333333333,0.5,0.5,0.49999690681182,0.5,1727073013465
107,0.66666666666667,0.16666666666667,0.53421052975972,0.33333333333333,0.5,0.5,0.49998958019167,0.5,1727073013481
107,0.66666666666667,0.16666666666667,0.54408258905873,0.33333333333333,0.5,0.5,0.49999126943683,0.5,1727073013498
107,0.66666666666667,0.16666666666667,0.5539552634549,0.33333333333333,0.5,0.5,0.49998890261079,0.5,1727073013515
107,0.66666666666667,0.16666666666667,0.56119187407354,0.33333333333333,0.5,0.5,0.49998769648437,0.5,1727073013531
107,0.66666666666667,0.16666666666667,0.56841839774253,0.33333333333333,0.5,0.5,0.49999869945489,0.5,1727073013548
107,0.66666666666667,0.16666666666667,0.57565645813707,0.33333333333333,0.5,0.5,0.4999882149101,0.5,1727073013565
107,0.66666666666667,0.16666666666667,0.58288368483301,0.33333333333333,0.5,0.5,0.49999459314523,0.5,1727073013606
107,0.66666666666667,0.16666666666667,0.5901195353644,0.33333333333333,0.5,0.5,0.4999981269108,0.5,1727073013648
107,0.66666666666667,0.16666666666667,0.59277928879686,0.33333333333333,0.5,0.5,0.50000243510575,0.5,1727073015135
107,0.66666666666667,0.16666666666667,0.60001848236865,0.33333333333333,0.5,0.5,0.49998522402012,0.5,1727073015199
107,0.66666666666667,0.16666666666667,0.60267834956354,0.33333333333333,0.5,0.5,0.49998882229888,0.5,1727073015519
107,0.66666666666667,0.16666666666667,0.60533765320406,0.33333333333333,0.5,0.5,0.49999585545644,0.5,1727073015622
107,0.66666666666667,0.16666666666667,0.59811037085015,0.33333333333333,0.5,0.5,0.49999000118428,0.5,1727073015638
107,0.66666666666667,0.16666666666667,0.59089002298315,0.33333333333333,0.5,0.5,0.49999185587105,0.5,1727073015654
107,0.66666666666667,0.16666666666667,0.59355067613032,0.33333333333333,0.5,0.5,0.49999058326014,0.5,1727073015665
107,0.66666666666667,0.16666666666667,0.58900993798145,0.33333333333333,0.5,0.5,0.49997500774249,0.5,1727073015681
107,0.66666666666667,0.16666666666667,0.59167666979247,0.33333333333333,0.5,0.5,0.49998692313167,0.5,1727073015698
107,0.66666666666667,0.16666666666667,0.58444751411073,0.33333333333333,0.5,0.5,0.49999267559991,0.5,1727073015715
107,0.66666666666667,0.16666666666667,0.58710728135581,0.33333333333333,0.5,0.5,0.499996943691,0.5,1727073016127
107,0.66666666666667,0.16666666666667,0.57988881217673,0.33333333333333,0.5,0.5,0.49998700477692,0.5,1727073016134
107,0.66666666666667,0.16666666666667,0.58254832835715,0.33333333333333,0.5,0.5,0.49999289668297,0.5,1727073016150
107,0.66666666666667,0.16666666666667,0.5753270819634,0.33333333333333,0.5,0.5,0.50000052434218,0.5,1727073016165
107,0.66666666666667,0.16666666666667,0.57798692807496,0.33333333333333,0.5,0.5,0.50000431446978,0.5,1727073016287
107,0.66666666666667,0.16666666666667,0.57076066933568,0.33333333333333,0.5,0.5,0.49999179539051,0.5,1727073016335
107,0.66666666666667,0.16666666666667,0.573429778923,0.33333333333333,0.5,0.5,0.49998876850262,0.5,1727073016381
107,0.66666666666667,0.16666666666667,0.58065627369574,0.33333333333333,0.5,0.5,0.49999978259632,0.5,1727073017503
107,0.66666666666667,0.16666666666667,0.59052918927712,0.33333333333333,0.5,0.5,0.49999591306155,0.5,1727073017515
107,0.66666666666667,0.16666666666667,0.59776792108923,0.33333333333333,0.5,0.5,0.49998157013577,0.5,1727073017531
107,0.66666666666667,0.16666666666667,0.60499475624471,0.33333333333333,0.5,0.5,0.49999024245691,0.5,1727073017631
107,0.66666666666667,0.16666666666667,0.60765651476176,0.33333333333333,0.5,0.5,0.49998223308696,0.5,1727073017648
107,0.66666666666667,0.16666666666667,0.62474553865384,0.33333333333333,0.5,0.5,0.50000242549084,0.5,1727073017665
107,0.66666666666667,0.16666666666667,0.63197687418549,0.33333333333333,0.5,0.5,0.49998388709809,0.5,1727073017698
107,0.66666666666667,0.16666666666667,0.63921391124452,0.33333333333333,0.5,0.5,0.49998031125356,0.5,1727073017715
107,0.66666666666667,0.16666666666667,0.6418728953785,0.33333333333333,0.5,0.5,0.4999889613576,0.5,1727073018135
107,0.66666666666667,0.16666666666667,0.63464646321393,0.33333333333333,0.5,0.5,0.49997824983872,0.5,1727073018148
107,0.66666666666667,0.16666666666667,0.63730573854667,0.33333333333333,0.5,0.5,0.49998522858605,0.5,1727073018166
107,0.66666666666667,0.16666666666667,0.63008621134509,0.33333333333333,0.5,0.5,0.49998206861287,0.5,1727073018181
107,0.66666666666667,0.16666666666667,0.62285398409379,0.33333333333333,0.5,0.5,0.50000599278227,0.5,1727073018198
107,0.66666666666667,0.16666666666667,0.61563402403515,0.33333333333333,0.5,0.5,0.50000557704417,0.5,1727073018215
107,0.66666666666667,0.16666666666667,0.61829716078976,0.33333333333333,0.5,0.5,0.49998928974424,0.5,1727073018270
107,0.66666666666667,0.16666666666667,0.61106663331017,0.33333333333333,0.5,0.5,0.50000324390379,0.5,1727073018281
107,0.66666666666667,0.16666666666667,0.61373007409387,0.33333333333333,0.5,0.5,0.49998503074401,0.5,1727073018298
107,0.66666666666667,0.16666666666667,0.60650757594708,0.33333333333333,0.5,0.5,0.49999998297822,0.5,1727073018314
107,0.66666666666667,0.16666666666667,0.59928106235568,0.33333333333333,0.5,0.5,0.4999894221116,0.5,1727073018331
107,0.66666666666667,0.16666666666667,0.60194186856187,0.33333333333333,0.5,0.5,0.49998722693472,0.5,1727073018350
107,0.66666666666667,0.16666666666667,0.59472098593593,0.33333333333333,0.5,0.5,0.49999237128942,0.5,1727073018398
107,0.66666666666667,0.16666666666667,0.59738244631849,0.33333333333333,0.5,0.5,0.49998610421223,0.5,1727073018448
107,0.66666666666667,0.16666666666667,0.59016133651092,0.33333333333333,0.5,0.5,0.49999268568874,0.5,1727073018559
107,0.66666666666667,0.16666666666667,0.58293145479914,0.33333333333333,0.5,0.5,0.50000307252757,0.5,1727073018647
107,0.66666666666667,0.16666666666667,0.58559378259358,0.33333333333333,0.5,0.5,0.49999123579146,0.5,1727073018681
107,0.66666666666667,0.16666666666667,0.58825475147908,0.33333333333333,0.5,0.5,0.49998798069007,0.5,1727073018702
107,0.66666666666667,0.16666666666667,0.59092024552261,0.33333333333333,0.5,0.5,0.5000075895026,0.5,1727073018748
107,0.66666666666667,0.16666666666667,0.58369498276068,0.33333333333333,0.5,0.5,0.4999890243344,0.5,1727073018855
107,0.66666666666667,0.16666666666667,0.57647464050506,0.33333333333333,0.5,0.5,0.4999908672081,0.5,1727073018898
107,0.66666666666667,0.16666666666667,0.57913507145857,0.33333333333333,0.5,0.5,0.49999098180629,0.5,1727073022783
107,0.66666666666667,0.16666666666667,0.5719072060016,0.33333333333333,0.5,0.5,0.49998862070535,0.5,1727073022959
107,0.66666666666667,0.16666666666667,0.56468642296883,0.33333333333333,0.5,0.5,0.49999332561811,0.5,1727073023007
107,0.66666666666667,0.16666666666667,0.56734599313828,0.33333333333333,0.5,0.5,0.49999895999493,0.5,1727073023031
107,0.66666666666667,0.16666666666667,0.56734599313828,0.33333333333333,0.5,0.5,0.49999895999493,0.5,1727073023959
107,0.66666666666667,0.16666666666667,0.56734599313828,0.33333333333333,0.5,0.5,0.49999895999493,0.5,1727073025552
107,0.66666666666667,0.16666666666667,0.56734599313828,0.34000180730116,0.5,0.5,0.49999895999493,0.50000168883694,1727073025599
107,0.66666666666667,0.16666666666667,0.56734599313828,0.32950647141939,0.5,0.5,0.49999895999493,0.49999883847507,1727073025623
107,0.66666666666667,0.16666666666667,0.56734599313828,0.31523355459477,0.5,0.5,0.49999895999493,0.50000271684229,1727073025631
107,0.66666666666667,0.16666666666667,0.56734599313828,0.27706350285232,0.5,0.5,0.49999895999493,0.50000205482775,1727073025648
107,0.66666666666667,0.16666666666667,0.56734599313828,0.20754313626782,0.5,0.5,0.49999895999493,0.50000563293121,1727073025664
107,0.66666666666667,0.16666666666667,0.56734599313828,0.15524146983111,0.5,0.5,0.49999895999493,0.4999936274098,1727073025681
107,0.66666666666667,0.16666666666667,0.56734599313828,0.09990318127457,0.5,0.5,0.49999895999493,0.49999289212458,1727073025697
107,0.66666666666667,0.16666666666667,0.56734599313828,0.0580802707565,0.5,0.5,0.49999895999493,0.49997845901093,1727073025714
107,0.66666666666667,0.16666666666667,0.56734599313828,0.02772432938326,0.5,0.5,0.49999895999493,0.50000248633961,1727073025731
107,0.66666666666667,0.16666666666667,0.56734599313828,5.603324315e-05,0.5,0.5,0.49999895999493,0.49998786193205,1727073025748
107,0.66666666666667,0.16666666666667,0.56734599313828,0.0,0.5,0.5,0.49999895999493,0.5,1727073025764
107,0.66666666666667,0.16666666666667,0.56734599313828,0.0,0.5,0.5,0.49999895999493,0.5,1727073025781
107,0.66666666666667,0.16666666666667,0.56734599313828,0.0,0.5,0.5,0.49999895999493,0.5,1727073025798
107,0.66666666666667,0.16666666666667,0.56734599313828,0.0,0.5,0.5,0.49999895999493,0.5,1727073025814
107,0.66666666666667,0.16666666666667,0.56734599313828,0.0,0.5,0.5,0.49999895999493,0.5,1727073025831
107,0.66666666666667,0.16666666666667,0.56734599313828,0.0,0.5,0.5,0.49999895999493,0.5,1727073025848
107,0.66666666666667,0.16666666666667,0.56734599313828,0.0,0.5,0.5,0.49999895999493,0.5,1727073025864
107,0.66666666666667,0.16666666666667,0.56734599313828,0.0,0.5,0.5,0.49999895999493,0.5,1727073025911
107,0.66666666666667,0.16666666666667,0.56734599313828,0.0,0.5,0.5,0.49999895999493,0.5,1727073028728
107,0.66666666666667,0.16666666666667,0.56012313031275,0.0,0.5,0.5,0.5000172549849,0.5,1727073028991
107,0.66666666666667,0.16666666666667,0.5528957533856,0.0,0.5,0.5,0.50001188156566,0.5,1727073029031
107,0.66666666666667,0.16666666666667,0.55029976742927,0.0,0.5,0.5,0.50001866960549,0.5,1727073029095
107,0.66666666666667,0.16666666666667,0.54307271705318,0.0,0.5,0.5,0.50001108187004,0.5,1727073029151
107,0.66666666666667,0.16666666666667,0.53585379317302,0.0,0.5,0.5,0.50000375183075,0.5,1727073029175
107,0.66666666666667,0.16666666666667,0.53325172352509,0.0,0.5,0.5,0.49999657651421,0.5,1727073030143
107,0.66666666666667,0.16666666666667,0.54048704957227,0.0,0.5,0.5,0.50000379557336,0.5,1727073030159
107,0.66666666666667,0.16666666666667,0.53789080453676,0.0,0.5,0.5,0.50001238927874,0.5,1727073030167
107,0.66666666666667,0.16666666666667,0.54254900123995,0.0,0.5,0.5,0.50000985049077,0.5,1727073030181
107,0.66666666666667,0.16666666666667,0.55446922027287,0.0,0.5,0.5,0.50000039019813,0.5,1727073030197
107,0.66666666666667,0.16666666666667,0.57119999712971,0.0,0.5,0.5,0.5000091498646,0.5,1727073030214
107,0.66666666666667,0.16666666666667,0.5758516420347,0.0,0.5,0.5,0.49999634850565,0.5,1727073030223
107,0.66666666666667,0.16666666666667,0.5758516420347,0.0,0.5,0.5,0.49999634850565,0.5,1727073030223
107,0.66666666666667,0.16666666666667,0.5758516420347,0.0,0.5,0.5,0.49999634850565,0.5,1727073030912
107,0.66666666666667,0.16666666666667,0.56862743765133,0.0,0.5,0.5,0.50002302976209,0.5,1727073030967
107,0.66666666666667,0.16666666666667,0.56140163587019,0.0,0.5,0.5,0.50000757744122,0.5,1727073030981
107,0.66666666666667,0.16666666666667,0.55418062651787,0.0,0.5,0.5,0.50001399093685,0.5,1727073030999
107,0.66666666666667,0.16666666666667,0.55158732323762,0.0,0.5,0.5,0.50000321342743,0.5,1727073031015
107,0.66666666666667,0.16666666666667,0.54435754618391,0.0,0.5,0.5,0.50001350928414,0.5,1727073031031
107,0.66666666666667,0.16666666666667,0.53451240652847,0.0,0.5,0.5,0.49999630348921,0.5,1727073031047
107,0.66666666666667,0.16666666666667,0.52467238686211,0.0,0.5,0.5,0.49999942833248,0.5,1727073031064
107,0.66666666666667,0.16666666666667,0.52467238686211,0.0,0.5,0.5,0.49999942833248,0.5,1727073031471
107,0.66666666666667,0.16666666666667,0.52467238686211,0.0,0.5,0.5,0.49999942833248,0.5,1727073035704
107,0.67333595286853,0.16666666666667,0.52467238686211,0.0,0.4999985020589,0.5,0.49999942833248,0.5,1727073035791
107,0.68000973914336,0.16666666666667,0.52467238686211,0.0,0.50000577355436,0.5,0.49999942833248,0.5,1727073035831
107,0.68667693528565,0.16666666666667,0.52467238686211,0.0,0.50000000718605,0.5,0.49999942833248,0.5,1727073035847
107,0.69719616174761,0.16666666666667,0.52467238686211,0.0,0.50000672070992,0.5,0.49999942833248,0.5,1727073035864
107,0.71054388550592,0.16666666666667,0.52467238686211,0.0,0.50000311322284,0.5,0.49999942833248,0.5,1727073035880
107,0.73060496737915,0.16666666666667,0.52467238686211,0.0,0.50000279282428,0.5,0.49999942833248,0.5,1727073035897
107,0.74777328613004,0.16666666666667,0.52467238686211,0.0,0.50000224082577,0.5,0.49999942833248,0.5,1727073035914
107,0.7745348895856,0.16666666666667,0.52467238686211,0.0,0.50000635668899,0.5,0.49999942833248,0.5,1727073035930
107,0.79169806273453,0.16666666666667,0.52467238686211,0.0,0.50000304590965,0.5,0.49999942833248,0.5,1727073035947
107,0.80505458070239,0.16666666666667,0.52467238686211,0.0,0.50000440352874,0.5,0.49999942833248,0.5,1727073035964
107,0.81172126964509,0.16666666666667,0.52467238686211,0.0,0.49999906151934,0.5,0.49999942833248,0.5,1727073035980
107,0.82506977378627,0.16666666666667,0.52467238686211,0.0,0.5000042233228,0.5,0.49999942833248,0.5,1727073035997
107,0.83174119621655,0.16666666666667,0.52467238686211,0.0,0.50000139377737,0.5,0.49999942833248,0.5,1727073036014
107,0.83560964713444,0.16666666666667,0.52467238686211,0.0,0.50000489930805,0.5,0.49999942833248,0.5,1727073036030
107,0.85565630846537,0.16666666666667,0.52467238686211,0.0,0.50000506353232,0.5,0.49999942833248,0.5,1727073036047
107,0.86232256130327,0.16666666666667,0.52467238686211,0.0,0.4999997444301,0.5,0.49999942833248,0.5,1727073036064
107,0.88906764542977,0.16666666666667,0.52467238686211,0.0,0.50000295587807,0.5,0.49999942833248,0.5,1727073036080
107,0.91290866170365,0.16666666666667,0.52467238686211,0.0,0.50000045958548,0.5,0.49999942833248,0.5,1727073036097
107,0.94344154004116,0.16666666666667,0.52467238686211,0.0,0.50000497573603,0.5,0.49999942833248,0.5,1727073036114
107,0.9739584993854,0.16666666666667,0.52467238686211,0.0,0.50000209603459,0.5,0.49999942833248,0.5,1727073036130
107,1.0,0.16666666666667,0.52467238686211,0.0,0.5,0.5,0.49999942833248,0.5,1727073036147
107,1.0,0.16666666666667,0.52467238686211,0.0,0.5,0.5,0.49999942833248,0.5,1727073036164
107,1.0,0.16666666666667,0.52467238686211,0.0,0.5,0.5,0.49999942833248,0.5,1727073036180
107,1.0,0.16666666666667,0.52467238686211,0.0,0.5,0.5,0.49999942833248,0.5,1727073036197
107,1.0,0.16666666666667,0.52467238686211,0.0,0.5,0.5,0.49999942833248,0.5,1727073036214
107,1.0,0.16666666666667,0.52467238686211,0.0,0.5,0.5,0.49999942833248,0.5,1727073036230
107,1.0,0.16666666666667,0.52467238686211,0.0,0.5,0.5,0.49999942833248,0.5,1727073036247
107,1.0,0.16666666666667,0.52467238686211,0.0,0.5,0.5,0.49999942833248,0.5,1727073036263
107,0.99334905922931,0.16666666666667,0.52467238686211,0.0,0.50000469924743,0.5,0.49999942833248,0.5,1727073036503
107,0.97618098383387,0.16666666666667,0.52467238686211,0.0,0.50000528453293,0.5,0.49999942833248,0.5,1727073036519
107,0.96185988611216,0.16666666666667,0.52467238686211,0.0,0.49999924827272,0.5,0.49999942833248,0.5,1727073036530
107,0.9275220257529,0.16666666666667,0.52467238686211,0.0,0.49999950783039,0.5,0.49999942833248,0.5,1727073036547
107,0.91320263977158,0.16666666666667,0.52467238686211,0.0,0.50000125118506,0.5,0.49999942833248,0.5,1727073036564
107,0.90655401872794,0.16666666666667,0.52467238686211,0.0,0.50000008226598,0.5,0.49999942833248,0.5,1727073036580
107,0.89605452117264,0.16666666666667,0.52467238686211,0.0,0.50000402523891,0.5,0.49999942833248,0.5,1727073036597
107,0.90271062402269,0.16666666666667,0.52467238686211,0.0,0.50000140220668,0.5,0.49999942833248,0.5,1727073037455
107,0.90938584116374,0.16666666666667,0.52467238686211,0.0,0.50000058290112,0.5,0.49999942833248,0.5,1727073037479
107,0.91605096229305,0.16666666666667,0.52467238686211,0.0,0.50000227351457,0.5,0.49999942833248,0.5,1727073037495
107,0.92271819286263,0.16666666666667,0.52467238686211,0.0,0.4999977038597,0.5,0.49999942833248,0.5,1727073037511
107,0.92938844711387,0.16666666666667,0.52467238686211,0.0,0.50000179121807,0.5,0.49999942833248,0.5,1727073037547
107,0.93605563600603,0.16666666666667,0.52467238686211,0.0,0.50000440770366,0.5,0.49999942833248,0.5,1727073037807
107,0.94273064646472,0.16666666666667,0.52467238686211,0.0,0.50000349894811,0.5,0.49999942833248,0.5,1727073037855
107,0.94938730473849,0.16666666666667,0.52467238686211,0.0,0.50000123622945,0.5,0.49999942833248,0.5,1727073037870
107,0.95606087883117,0.16666666666667,0.52467238686211,0.0,0.49999969846186,0.5,0.49999942833248,0.5,1727073037880
107,0.96272809117412,0.16666666666667,0.52467238686211,0.0,0.50000227957083,0.5,0.49999942833248,0.5,1727073037902
107,0.96272809117412,0.16666666666667,0.52467238686211,0.0,0.50000227957083,0.5,0.49999942833248,0.5,1727073038479
107,0.96272809117412,0.16666666666667,0.52467238686211,0.0,0.50000227957083,0.5,0.49999942833248,0.5,1727073039240
107,0.96272809117412,0.18382961806419,0.52467238686211,0.0,0.50000227957083,0.50000146295144,0.49999942833248,0.5,1727073039351
107,0.96272809117412,0.19722533913053,0.52467238686211,0.0,0.50000227957083,0.50000669411356,0.49999942833248,0.5,1727073039364
107,0.96272809117412,0.22490435493702,0.52467238686211,0.0,0.50000227957083,0.50000387444555,0.49999942833248,0.5,1727073039380
107,0.96272809117412,0.24502735813283,0.52467238686211,0.0,0.50000227957083,0.50000379906074,0.49999942833248,0.5,1727073039397
107,0.96272809117412,0.27936825717296,0.52467238686211,0.0,0.50000227957083,0.50000101398584,0.49999942833248,0.5,1727073039414
107,0.96272809117412,0.29654314209103,0.52467238686211,0.0,0.50000227957083,0.49999527846929,0.49999942833248,0.5,1727073039430
107,0.96272809117412,0.32038791982852,0.52467238686211,0.0,0.50000227957083,0.4999968059743,0.49999942833248,0.5,1727073039447
107,0.96272809117412,0.33756759816577,0.52467238686211,0.0,0.50000227957083,0.50000153191207,0.49999942833248,0.5,1727073039464
107,0.96272809117412,0.35473603381425,0.52467238686211,0.0,0.50000227957083,0.50000221332171,0.49999942833248,0.5,1727073039480
107,0.96272809117412,0.38241358747333,0.52467238686211,0.0,0.50000227957083,0.50000156672279,0.49999942833248,0.5,1727073039497
107,0.96272809117412,0.39958448521219,0.52467238686211,0.0,0.50000227957083,0.50000011048261,0.49999942833248,0.5,1727073039513
107,0.96272809117412,0.40625613515939,0.52467238686211,0.0,0.50000227957083,0.50000453938721,0.49999942833248,0.5,1727073039530
107,0.96272809117412,0.42342435363188,0.52467238686211,0.0,0.50000227957083,0.50000525242462,0.49999942833248,0.5,1727073039547
107,0.96272809117412,0.43393776378294,0.52467238686211,0.0,0.50000227957083,0.50000056246758,0.49999942833248,0.5,1727073039563
107,0.96272809117412,0.44061432613811,0.52467238686211,0.0,0.50000227957083,0.50000084500024,0.49999942833248,0.5,1727073039580
107,0.96272809117412,0.44729486747886,0.52467238686211,0.0,0.50000227957083,0.49999797605938,0.49999942833248,0.5,1727073039597
107,0.96272809117412,0.45116842047383,0.52467238686211,0.0,0.50000227957083,0.50000063713558,0.49999942833248,0.5,1727073039613
107,0.96272809117412,0.45783520257638,0.52467238686211,0.0,0.50000227957083,0.49999654689542,0.49999942833248,0.5,1727073039630
107,0.96272809117412,0.47887754413208,0.52467238686211,0.0,0.50000227957083,0.49999953022886,0.49999942833248,0.5,1727073039647
107,0.96272809117412,0.48938805545497,0.52467238686211,0.0,0.50000227957083,0.49999743489405,0.49999942833248,0.5,1727073039663
107,0.96272809117412,0.49605558355878,0.52467238686211,0.0,0.50000227957083,0.50000440062969,0.49999942833248,0.5,1727073039713
107,0.96272809117412,0.49993523609648,0.52467238686211,0.0,0.50000227957083,0.50000237124561,0.49999942833248,0.5,1727073039730
107,0.96272809117412,0.50660311549813,0.52467238686211,0.0,0.50000227957083,0.49999772977014,0.49999942833248,0.5,1727073039747
107,0.96272809117412,0.51327584572084,0.52467238686211,0.0,0.50000227957083,0.50000077819529,0.49999942833248,0.5,1727073039775
107,0.96272809117412,0.51715198628042,0.52467238686211,0.0,0.50000227957083,0.50000133663523,0.49999942833248,0.5,1727073039791
107,0.96272809117412,0.52103366328266,0.52467238686211,0.0,0.50000227957083,0.49999793060468,0.49999942833248,0.5,1727073039863
107,0.96272809117412,0.52770278999803,0.52467238686211,0.0,0.50000227957083,0.4999925689028,0.49999942833248,0.5,1727073039881
107,0.96272809117412,0.53821390702743,0.52467238686211,0.0,0.50000227957083,0.50000103352293,0.49999942833248,0.5,1727073039897
107,0.96272809117412,0.55538129599458,0.52467238686211,0.0,0.50000227957083,0.50000227231117,0.49999942833248,0.5,1727073039930
107,0.96272809117412,0.56205279838746,0.52467238686211,0.0,0.50000227957083,0.49999548881228,0.49999942833248,0.5,1727073039947
107,0.96272809117412,0.57256566853865,0.52467238686211,0.0,0.50000227957083,0.50000238760519,0.49999942833248,0.5,1727073039963
107,0.96272809117412,0.58307780272779,0.52467238686211,0.0,0.50000227957083,0.49999941784924,0.49999942833248,0.5,1727073039980
107,0.96272809117412,0.60024296308128,0.52467238686211,0.0,0.50000227957083,0.50000206901089,0.49999942833248,0.5,1727073039997
107,0.96272809117412,0.60691872471348,0.52467238686211,0.0,0.50000227957083,0.50000280014997,0.49999942833248,0.5,1727073040014
107,0.96272809117412,0.61743084815927,0.52467238686211,0.0,0.50000227957083,0.49999994983399,0.49999942833248,0.5,1727073040030
107,0.96272809117412,0.62793780446186,0.52467238686211,0.0,0.50000227957083,0.50000041263218,0.49999942833248,0.5,1727073040695
107,0.96272809117412,0.63461364900805,0.52467238686211,0.0,0.50000227957083,0.50000108170473,0.49999942833248,0.5,1727073040767
107,0.96272809117412,0.63847941214883,0.52467238686211,0.0,0.50000227957083,0.49999845545481,0.49999942833248,0.5,1727073040780
107,0.96272809117412,0.64515522445618,0.52467238686211,0.0,0.50000227957083,0.49999915109952,0.49999942833248,0.5,1727073040797
107,0.96272809117412,0.65566624464711,0.52467238686211,0.0,0.50000227957083,0.49999713508829,0.49999942833248,0.5,1727073040847
107,0.96272809117412,0.65566624464711,0.52467238686211,0.0,0.50000227957083,0.49999713508829,0.49999942833248,0.5,1727073041479
108,0.16666666666667,0.66666666666667,1.0,0.83333333333333,0.5,0.5,0.5,0.5,1727073045680
108,0.16666666666667,0.66666666666667,0.99277407260717,0.83333333333333,0.5,0.5,0.49998854953257,0.5,1727073045735
108,0.16666666666667,0.66666666666667,0.99016991794025,0.83333333333333,0.5,0.5,0.4999928078041,0.5,1727073045746
108,0.16666666666667,0.66666666666667,0.96850858184202,0.83333333333333,0.5,0.5,0.49999795704512,0.5,1727073045763
108,0.16666666666667,0.66666666666667,0.94419086594356,0.83333333333333,0.5,0.5,0.49998544012559,0.5,1727073045780
108,0.16666666666667,0.66666666666667,0.91002121769234,0.83333333333333,0.5,0.5,0.49999114391159,0.5,1727073045796
108,0.16666666666667,0.66666666666667,0.86861650641191,0.83333333333333,0.5,0.5,0.49999086277805,0.5,1727073045813
108,0.16666666666667,0.66666666666667,0.8416903282538,0.83333333333333,0.5,0.5,0.50000256014263,0.5,1727073045830
108,0.16666666666667,0.66666666666667,0.81015168347313,0.83333333333333,0.5,0.5,0.49999299853689,0.5,1727073045846
108,0.16666666666667,0.66666666666667,0.74443321761421,0.83333333333333,0.5,0.5,0.49999989895298,0.5,1727073045863
108,0.16666666666667,0.66666666666667,0.70838370765199,0.83333333333333,0.5,0.5,0.49999136176619,0.5,1727073045880
108,0.16666666666667,0.66666666666667,0.676843775668,0.83333333333333,0.5,0.5,0.49998733132884,0.5,1727073045896
108,0.16666666666667,0.66666666666667,0.65975715406978,0.83333333333333,0.5,0.5,0.50000137064375,0.5,1727073045913
108,0.16666666666667,0.66666666666667,0.63810527293968,0.83333333333333,0.5,0.5,0.50000114675737,0.5,1727073045930
108,0.16666666666667,0.66666666666667,0.61378672465676,0.83333333333333,0.5,0.5,0.4999889882464,0.5,1727073045946
108,0.16666666666667,0.66666666666667,0.59934683613135,0.83333333333333,0.5,0.5,0.49998765658072,0.5,1727073045963
108,0.16666666666667,0.66666666666667,0.56518518813092,0.83333333333333,0.5,0.5,0.49999706176515,0.5,1727073045980
108,0.16666666666667,0.66666666666667,0.55074429319094,0.83333333333333,0.5,0.5,0.50000238989159,0.5,1727073045996
108,0.16666666666667,0.66666666666667,0.53630472817213,0.83333333333333,0.5,0.5,0.49999903866715,0.5,1727073046013
108,0.16666666666667,0.66666666666667,0.52186503617421,0.83333333333333,0.5,0.5,0.49999642529818,0.5,1727073046030
108,0.16666666666667,0.66666666666667,0.5146449095745,0.83333333333333,0.5,0.5,0.49999700718505,0.5,1727073046046
108,0.16666666666667,0.66666666666667,0.50020461541862,0.83333333333333,0.5,0.5,0.49999849102908,0.5,1727073046063
108,0.16666666666667,0.66666666666667,0.49297936336242,0.83333333333333,0.5,0.5,0.49997749533085,0.5,1727073046080
108,0.16666666666667,0.66666666666667,0.47854502812518,0.83333333333333,0.5,0.5,0.49999467666525,0.5,1727073046096
108,0.16666666666667,0.66666666666667,0.47131768022516,0.83333333333333,0.5,0.5,0.49998825835207,0.5,1727073046113
108,0.16666666666667,0.66666666666667,0.45687912025976,0.83333333333333,0.5,0.5,0.49997678152201,0.5,1727073046130
108,0.16666666666667,0.66666666666667,0.4496579335835,0.83333333333333,0.5,0.5,0.49998516483986,0.5,1727073046146
108,0.16666666666667,0.66666666666667,0.44243632960157,0.83333333333333,0.5,0.5,0.49999688544061,0.5,1727073046163
108,0.16666666666667,0.66666666666667,0.4279970252883,0.83333333333333,0.5,0.5,0.49999086399103,0.5,1727073046180
108,0.16666666666667,0.66666666666667,0.42077669733595,0.83333333333333,0.5,0.5,0.4999930425447,0.5,1727073046230
108,0.16666666666667,0.66666666666667,0.41354881227006,0.83333333333333,0.5,0.5,0.49999029546135,0.5,1727073046246
108,0.16666666666667,0.66666666666667,0.40632946302091,0.83333333333333,0.5,0.5,0.49998469121134,0.5,1727073046263
108,0.16666666666667,0.66666666666667,0.39910933125259,0.83333333333333,0.5,0.5,0.4999852879194,0.5,1727073046280
108,0.16666666666667,0.66666666666667,0.39188140784324,0.83333333333333,0.5,0.5,0.4999826742614,0.5,1727073046296
108,0.16666666666667,0.66666666666667,0.38466094292441,0.83333333333333,0.5,0.5,0.49998601598173,0.5,1727073046319
108,0.16666666666667,0.66666666666667,0.3774314645769,0.83333333333333,0.5,0.5,0.4999963544516,0.5,1727073046343
108,0.16666666666667,0.66666666666667,0.37021105047855,0.83333333333333,0.5,0.5,0.49999950339685,0.5,1727073046351
108,0.16666666666667,0.66666666666667,0.36299290030178,0.83333333333333,0.5,0.5,0.49998334727377,0.5,1727073046375
108,0.16666666666667,0.66666666666667,0.3557644680394,0.83333333333333,0.5,0.5,0.49998496233488,0.5,1727073046413
108,0.16666666666667,0.66666666666667,0.34854430019129,0.83333333333333,0.5,0.5,0.49998592901931,0.5,1727073046430
108,0.16666666666667,0.66666666666667,0.34132582868716,0.83333333333333,0.5,0.5,0.49997186681209,0.5,1727073046447
108,0.16666666666667,0.66666666666667,0.3341053506711,0.83333333333333,0.5,0.5,0.49997548176745,0.5,1727073046463
108,0.16666666666667,0.66666666666667,0.32687408396543,0.83333333333333,0.5,0.5,0.50000286097974,0.5,1727073046480
108,0.16666666666667,0.66666666666667,0.31965590532374,0.83333333333333,0.5,0.5,0.49998578043638,0.5,1727073046496
108,0.16666666666667,0.66666666666667,0.31243356167267,0.83333333333333,0.5,0.5,0.50000711897675,0.5,1727073046513
108,0.16666666666667,0.66666666666667,0.30520815808232,0.83333333333333,0.5,0.5,0.4999805667276,0.5,1727073046530
108,0.16666666666667,0.66666666666667,0.30789285467639,0.83333333333333,0.5,0.5,0.49998353625601,0.5,1727073046935
108,0.16666666666667,0.66666666666667,0.30066390805004,0.83333333333333,0.5,0.5,0.49999021669515,0.5,1727073046946
108,0.16666666666667,0.66666666666667,0.2934435741042,0.83333333333333,0.5,0.5,0.49999295497,0.5,1727073046996
108,0.16666666666667,0.66666666666667,0.28622451362211,0.83333333333333,0.5,0.5,0.49998330554909,0.5,1727073047071
108,0.16666666666667,0.66666666666667,0.27900555526704,0.83333333333333,0.5,0.5,0.49997237993648,0.5,1727073047080
108,0.16666666666667,0.66666666666667,0.28167994112347,0.83333333333333,0.5,0.5,0.49999650600137,0.5,1727073047111
108,0.16666666666667,0.66666666666667,0.27446027759109,0.83333333333333,0.5,0.5,0.49999272246847,0.5,1727073047119
108,0.16666666666667,0.66666666666667,0.26995921278155,0.83333333333333,0.5,0.5,0.49998028959079,0.5,1727073047163
108,0.16666666666667,0.66666666666667,0.26273019604558,0.83333333333333,0.5,0.5,0.49998813595807,0.5,1727073047183
108,0.16666666666667,0.66666666666667,0.25550837167336,0.83333333333333,0.5,0.5,0.50000652090746,0.5,1727073047196
108,0.16666666666667,0.66666666666667,0.25819709845363,0.83333333333333,0.5,0.5,0.49996803150212,0.5,1727073047213
108,0.16666666666667,0.66666666666667,0.2608803951936,0.83333333333333,0.5,0.5,0.49998571759473,0.5,1727073047239
108,0.16666666666667,0.66666666666667,0.2536522610278,0.83333333333333,0.5,0.5,0.4999845884806,0.5,1727073047247
108,0.16666666666667,0.66666666666667,0.24643403304603,0.83333333333333,0.5,0.5,0.49996524500545,0.5,1727073047296
108,0.16666666666667,0.66666666666667,0.23921208011517,0.83333333333333,0.5,0.5,0.4999852827237,0.5,1727073047327
108,0.16666666666667,0.66666666666667,0.24189721207885,0.83333333333333,0.5,0.5,0.49998398075869,0.5,1727073047335
108,0.16666666666667,0.66666666666667,0.23467761469145,0.83333333333333,0.5,0.5,0.49997898408902,0.5,1727073047346
108,0.16666666666667,0.66666666666667,0.22745830260103,0.83333333333333,0.5,0.5,0.49997070105783,0.5,1727073047396
108,0.16666666666667,0.66666666666667,0.22022977926619,0.83333333333333,0.5,0.5,0.49997360342823,0.5,1727073047447
108,0.16666666666667,0.66666666666667,0.22292222029573,0.83333333333333,0.5,0.5,0.49998204545652,0.5,1727073047496
108,0.16666666666667,0.66666666666667,0.215701183405,0.83333333333333,0.5,0.5,0.49999303441354,0.5,1727073047513
108,0.16666666666667,0.66666666666667,0.20847388201796,0.83333333333333,0.5,0.5,0.49998237830084,0.5,1727073047530
108,0.16666666666667,0.66666666666667,0.20125426757363,0.83333333333333,0.5,0.5,0.49997718425111,0.5,1727073047551
108,0.16666666666667,0.66666666666667,0.20394835811005,0.83333333333333,0.5,0.5,0.49996689163609,0.5,1727073047735
108,0.16666666666667,0.66666666666667,0.19672626169041,0.83333333333333,0.5,0.5,0.4999905471395,0.5,1727073047746
108,0.16666666666667,0.66666666666667,0.18950645326885,0.83333333333333,0.5,0.5,0.4999876642358,0.5,1727073047799
108,0.16666666666667,0.66666666666667,0.19219158629258,0.83333333333333,0.5,0.5,0.49998618887616,0.5,1727073047813
108,0.16666666666667,0.66666666666667,0.1849724558401,0.83333333333333,0.5,0.5,0.49997502518092,0.5,1727073048719
108,0.16666666666667,0.66666666666667,0.1777512803201,0.83333333333333,0.5,0.5,0.49998857099782,0.5,1727073048763
108,0.16666666666667,0.66666666666667,0.17053148221729,0.83333333333333,0.5,0.5,0.49998539534386,0.5,1727073048813
108,0.16666666666667,0.66666666666667,0.17322497638293,0.83333333333333,0.5,0.5,0.49998169692409,0.5,1727073048863
108,0.16666666666667,0.66666666666667,0.16600455306252,0.83333333333333,0.5,0.5,0.49998625343305,0.5,1727073048880
108,0.16666666666667,0.66666666666667,0.15878536707234,0.83333333333333,0.5,0.5,0.49997508859898,0.5,1727073048896
108,0.16666666666667,0.66666666666667,0.15156638770499,0.83333333333333,0.5,0.5,0.49996082273195,0.5,1727073048927
108,0.16666666666667,0.66666666666667,0.15425650332109,0.83333333333333,0.5,0.5,0.50000096693996,0.5,1727073049992
108,0.16666666666667,0.66666666666667,0.15695815922594,0.83333333333333,0.5,0.5,0.49999733011556,0.5,1727073050047
108,0.16666666666667,0.66666666666667,0.16683991771651,0.83333333333333,0.5,0.5,0.49998131625955,0.5,1727073050071
108,0.16666666666667,0.66666666666667,0.17407812910575,0.83333333333333,0.5,0.5,0.49995933256443,0.5,1727073050087
108,0.16666666666667,0.66666666666667,0.17676984296358,0.83333333333333,0.5,0.5,0.49997771782677,0.5,1727073050167
108,0.16666666666667,0.66666666666667,0.17676984296358,0.83333333333333,0.5,0.5,0.49997771782677,0.5,1727073050631
108,0.16666666666667,0.66666666666667,0.17676984296358,0.83333333333333,0.5,0.5,0.49997771782677,0.5,1727073054761
108,0.17334213107416,0.66666666666667,0.17676984296358,0.83333333333333,0.50000477891996,0.5,0.49997771782677,0.5,1727073054936
108,0.18002886854054,0.66666666666667,0.17676984296358,0.83333333333333,0.49999756317245,0.5,0.49997771782677,0.5,1727073054952
108,0.18670411123082,0.66666666666667,0.17676984296358,0.83333333333333,0.49999547896665,0.5,0.49997771782677,0.5,1727073054964
108,0.20008657303662,0.66666666666667,0.17676984296358,0.83333333333333,0.49999297537781,0.5,0.49997771782677,0.5,1727073054980
108,0.23066390260375,0.66666666666667,0.17676984296358,0.83333333333333,0.5000027117053,0.5,0.49997771782677,0.5,1727073054997
108,0.26796739793376,0.66666666666667,0.17676984296358,0.83333333333333,0.49999804911314,0.5,0.49997771782677,0.5,1727073055013
108,0.29853499024523,0.66666666666667,0.17676984296358,0.83333333333333,0.49999651102246,0.5,0.49997771782677,0.5,1727073055030
108,0.32538301010147,0.66666666666667,0.17676984296358,0.83333333333333,0.49999846182569,0.5,0.49997771782677,0.5,1727073055047
108,0.35593726704569,0.66666666666667,0.17676984296358,0.83333333333333,0.49999891315719,0.5,0.49997771782677,0.5,1727073055063
108,0.39696524553162,0.66666666666667,0.17676984296358,0.83333333333333,0.49999660386871,0.5,0.49997771782677,0.5,1727073055080
108,0.40364174841007,0.66666666666667,0.17676984296358,0.83333333333333,0.49999628413123,0.5,0.49997771782677,0.5,1727073055096
108,0.41700779054623,0.66666666666667,0.17676984296358,0.83333333333333,0.49999372295527,0.5,0.49997771782677,0.5,1727073055113
108,0.42368554022138,0.66666666666667,0.17676984296358,0.83333333333333,0.49999446164671,0.5,0.49997771782677,0.5,1727073055130
108,0.43035340082071,0.66666666666667,0.17676984296358,0.83333333333333,0.49999963912125,0.5,0.49997771782677,0.5,1727073055147
108,0.43702651042235,0.66666666666667,0.17676984296358,0.83333333333333,0.4999965823639,0.5,0.49997771782677,0.5,1727073055163
108,0.46087325000697,0.66666666666667,0.17676984296358,0.83333333333333,0.49999715129051,0.5,0.49997771782677,0.5,1727073055180
108,0.49813716053772,0.66666666666667,0.17676984296358,0.83333333333333,0.49999904124597,0.5,0.49997771782677,0.5,1727073055197
108,0.53168487020857,0.66666666666667,0.17676984296358,0.83333333333333,0.50000560516916,0.5,0.49997771782677,0.5,1727073055213
108,0.57270254235366,0.66666666666667,0.17676984296358,0.83333333333333,0.49999654878731,0.5,0.49997771782677,0.5,1727073055230
108,0.60994427112469,0.66666666666667,0.17676984296358,0.83333333333333,0.49999386123011,0.5,0.49997771782677,0.5,1727073055247
108,0.63672688119443,0.66666666666667,0.17676984296358,0.83333333333333,0.49999279982111,0.5,0.49997771782677,0.5,1727073055264
108,0.67397071517218,0.66666666666667,0.17676984296358,0.83333333333333,0.50000088573587,0.5,0.49997771782677,0.5,1727073055280
108,0.68447813459097,0.66666666666667,0.17676984296358,0.83333333333333,0.49999163804931,0.5,0.49997771782677,0.5,1727073055297
108,0.69784008498024,0.66666666666667,0.17676984296358,0.83333333333333,0.49999646992697,0.5,0.49997771782677,0.5,1727073055313
108,0.70450892469934,0.66666666666667,0.17676984296358,0.83333333333333,0.50000071183516,0.5,0.49997771782677,0.5,1727073055330
108,0.69785857125328,0.66666666666667,0.17676984296358,0.83333333333333,0.49999827410063,0.5,0.49997771782677,0.5,1727073056320
108,0.69119843922849,0.66666666666667,0.17676984296358,0.83333333333333,0.49999908574155,0.5,0.49997771782677,0.5,1727073056344
108,0.67689059223491,0.66666666666667,0.17676984296358,0.83333333333333,0.49999897961905,0.5,0.49997771782677,0.5,1727073056352
108,0.67024080911609,0.66666666666667,0.17676984296358,0.83333333333333,0.49999679789574,0.5,0.49997771782677,0.5,1727073056363
108,0.65973441109377,0.66666666666667,0.17676984296358,0.83333333333333,0.49999754529583,0.5,0.49997771782677,0.5,1727073056380
108,0.64922867345434,0.66666666666667,0.17676984296358,0.83333333333333,0.49999871505145,0.5,0.49997771782677,0.5,1727073056397
108,0.63872636133344,0.66666666666667,0.17676984296358,0.83333333333333,0.49999249351867,0.5,0.49997771782677,0.5,1727073056413
108,0.63207496385391,0.66666666666667,0.17676984296358,0.83333333333333,0.49999877541402,0.5,0.49997771782677,0.5,1727073056432
108,0.62157275020568,0.66666666666667,0.17676984296358,0.83333333333333,0.50000222628083,0.5,0.49997771782677,0.5,1727073056480
108,0.61492232538524,0.66666666666667,0.17676984296358,0.83333333333333,0.49999952094589,0.5,0.49997771782677,0.5,1727073056496
108,0.61492232538524,0.66666666666667,0.17676984296358,0.83333333333333,0.49999952094589,0.5,0.49997771782677,0.5,1727073056816
108,0.61492232538524,0.66666666666667,0.17676984296358,0.83333333333333,0.49999952094589,0.5,0.49997771782677,0.5,1727073058433
108,0.61492232538524,0.66666666666667,0.17676984296358,0.83333333333333,0.49999952094589,0.5,0.49997771782677,0.5,1727073059321
108,0.61492232538524,0.66666666666667,0.17676984296358,0.83333333333333,0.49999952094589,0.5,0.49997771782677,0.5,1727073060121
108,0.6215893041143,0.66666666666667,0.17676984296358,0.83333333333333,0.49999323424129,0.5,0.49997771782677,0.5,1727073060272
108,0.62825775197719,0.66666666666667,0.17676984296358,0.83333333333333,0.49999762302155,0.5,0.49997771782677,0.5,1727073060313
108,0.64543224235038,0.66666666666667,0.17676984296358,0.83333333333333,0.50000090701807,0.5,0.49997771782677,0.5,1727073060330
108,0.65209959241541,0.66666666666667,0.17676984296358,0.83333333333333,0.49999504964705,0.5,0.49997771782677,0.5,1727073060346
108,0.66261342364348,0.66666666666667,0.17676984296358,0.83333333333333,0.4999988153354,0.5,0.49997771782677,0.5,1727073060363
108,0.66928196469527,0.66666666666667,0.17676984296358,0.83333333333333,0.49999379689363,0.5,0.49997771782677,0.5,1727073060384
108,0.67595341848058,0.66666666666667,0.17676984296358,0.83333333333333,0.49999974535584,0.5,0.49997771782677,0.5,1727073060400
108,0.6798264377111,0.66666666666667,0.17676984296358,0.83333333333333,0.49999743167786,0.5,0.49997771782677,0.5,1727073060416
108,0.68648989746676,0.66666666666667,0.17676984296358,0.83333333333333,0.49999858105509,0.5,0.49997771782677,0.5,1727073060430
108,0.69315562237101,0.66666666666667,0.17676984296358,0.83333333333333,0.49999204508671,0.5,0.49997771782677,0.5,1727073060446
108,0.69982362725634,0.66666666666667,0.17676984296358,0.83333333333333,0.49999585440736,0.5,0.49997771782677,0.5,1727073060496
108,0.70649824986796,0.66666666666667,0.17676984296358,0.83333333333333,0.49999455733615,0.5,0.49997771782677,0.5,1727073060520
108,0.69984297615265,0.66666666666667,0.17676984296358,0.83333333333333,0.49999815553174,0.5,0.49997771782677,0.5,1727073061424
108,0.69319090771876,0.66666666666667,0.17676984296358,0.83333333333333,0.49999468522712,0.5,0.49997771782677,0.5,1727073061544
108,0.68654101969478,0.66666666666667,0.17676984296358,0.83333333333333,0.50000150595094,0.5,0.49997771782677,0.5,1727073061580
108,0.68272166133766,0.66666666666667,0.17676984296358,0.83333333333333,0.49999916325165,0.5,0.49997771782677,0.5,1727073061632
108,0.67221318555006,0.66666666666667,0.17676984296358,0.83333333333333,0.49999868532707,0.5,0.49997771782677,0.5,1727073061648
108,0.66555625065461,0.66666666666667,0.17676984296358,0.83333333333333,0.50000144793966,0.5,0.49997771782677,0.5,1727073061664
108,0.66173685294517,0.66666666666667,0.17676984296358,0.83333333333333,0.49999902728045,0.5,0.49997771782677,0.5,1727073061680
108,0.65508404399464,0.66666666666667,0.17676984296358,0.83333333333333,0.49999496618872,0.5,0.49997771782677,0.5,1727073061696
108,0.64457952053954,0.66666666666667,0.17676984296358,0.83333333333333,0.49999686004659,0.5,0.49997771782677,0.5,1727073061746
108,0.63792730498348,0.66666666666667,0.17676984296358,0.83333333333333,0.5000026252712,0.5,0.49997771782677,0.5,1727073061763
108,0.62362461221032,0.66666666666667,0.17676984296358,0.83333333333333,0.49999611440979,0.5,0.49997771782677,0.5,1727073061780
108,0.61697416098434,0.66666666666667,0.17676984296358,0.83333333333333,0.50000313523473,0.5,0.49997771782677,0.5,1727073062064
108,0.61697416098434,0.66666666666667,0.17676984296358,0.83333333333333,0.50000313523473,0.5,0.49997771782677,0.5,1727073062072
108,0.61697416098434,0.66666666666667,0.17676984296358,0.83333333333333,0.50000313523473,0.5,0.49997771782677,0.5,1727073062953
108,0.61697416098434,0.66001081877275,0.17676984296358,0.83333333333333,0.50000313523473,0.50000276621225,0.49997771782677,0.5,1727073063112
108,0.61697416098434,0.65335618742211,0.17676984296358,0.83333333333333,0.50000313523473,0.49999857109703,0.49997771782677,0.5,1727073063130
108,0.61697416098434,0.64006566036855,0.17676984296358,0.83333333333333,0.50000313523473,0.49999744678977,0.49997771782677,0.5,1727073063152
108,0.61697416098434,0.63624009030442,0.17676984296358,0.83333333333333,0.50000313523473,0.50000377212629,0.49997771782677,0.5,1727073063320
108,0.61697416098434,0.6295822417602,0.17676984296358,0.83333333333333,0.50000313523473,0.5000014878066,0.49997771782677,0.5,1727073063329
108,0.61697416098434,0.62293483241752,0.17676984296358,0.83333333333333,0.50000313523473,0.50000229208474,0.49997771782677,0.5,1727073063346
108,0.61697416098434,0.60576599242762,0.17676984296358,0.83333333333333,0.50000313523473,0.50000208630914,0.49997771782677,0.5,1727073063363
108,0.61697416098434,0.59247451230355,0.17676984296358,0.83333333333333,0.50000313523473,0.50000157764966,0.49997771782677,0.5,1727073063380
108,0.61697416098434,0.57530799966869,0.17676984296358,0.83333333333333,0.50000313523473,0.49999979467417,0.49997771782677,0.5,1727073063396
108,0.61697416098434,0.56865191192291,0.17676984296358,0.83333333333333,0.50000313523473,0.50000648309642,0.49997771782677,0.5,1727073063413
108,0.61697416098434,0.56200144297382,0.17676984296358,0.83333333333333,0.50000313523473,0.49999902025675,0.49997771782677,0.5,1727073063429
108,0.61697416098434,0.55535777276052,0.17676984296358,0.83333333333333,0.50000313523473,0.49999731194007,0.49997771782677,0.5,1727073063446
108,0.61697416098434,0.55153938324692,0.17676984296358,0.83333333333333,0.50000313523473,0.49999936601434,0.49997771782677,0.5,1727073063463
108,0.61697416098434,0.53824426331977,0.17676984296358,0.83333333333333,0.50000313523473,0.50000132230866,0.49997771782677,0.5,1727073063480
108,0.61697416098434,0.53159598702005,0.17676984296358,0.83333333333333,0.50000313523473,0.50000283071262,0.49997771782677,0.5,1727073063496
108,0.61697416098434,0.52777640066131,0.17676984296358,0.83333333333333,0.50000313523473,0.50000582303895,0.49997771782677,0.5,1727073063513
108,0.61697416098434,0.51449050246687,0.17676984296358,0.83333333333333,0.50000313523473,0.50000130187793,0.49997771782677,0.5,1727073063529
108,0.61697416098434,0.4973228160929,0.17676984296358,0.83333333333333,0.50000313523473,0.50000019242448,0.49997771782677,0.5,1727073063546
108,0.61697416098434,0.48681950581928,0.17676984296358,0.83333333333333,0.50000313523473,0.4999969162913,0.49997771782677,0.5,1727073063563
108,0.61697416098434,0.48016958518782,0.17676984296358,0.83333333333333,0.50000313523473,0.49999973238932,0.49997771782677,0.5,1727073063579
108,0.61697416098434,0.47351528578611,0.17676984296358,0.83333333333333,0.50000313523473,0.50000593696734,0.49997771782677,0.5,1727073063656
108,0.61697416098434,0.46970097786438,0.17676984296358,0.83333333333333,0.50000313523473,0.5000051436256,0.49997771782677,0.5,1727073063664
108,0.61697416098434,0.45642370261255,0.17676984296358,0.83333333333333,0.50000313523473,0.49999350822571,0.49997771782677,0.5,1727073063680
108,0.61697416098434,0.44977269092599,0.17676984296358,0.83333333333333,0.50000313523473,0.49999727385347,0.49997771782677,0.5,1727073063696
108,0.61697416098434,0.43926811659162,0.17676984296358,0.83333333333333,0.50000313523473,0.50000704410953,0.49997771782677,0.5,1727073063713
108,0.61697416098434,0.43262081270673,0.17676984296358,0.83333333333333,0.50000313523473,0.49999561592666,0.49997771782677,0.5,1727073063730
108,0.61697416098434,0.42596747632321,0.17676984296358,0.83333333333333,0.50000313523473,0.50000143095225,0.49997771782677,0.5,1727073063746
108,0.61697416098434,0.41546723411976,0.17676984296358,0.83333333333333,0.50000313523473,0.49999528124554,0.49997771782677,0.5,1727073063763
108,0.61697416098434,0.40496441074302,0.17676984296358,0.83333333333333,0.50000313523473,0.50000405735478,0.49997771782677,0.5,1727073063813
108,0.61697416098434,0.39830991943636,0.17676984296358,0.83333333333333,0.50000313523473,0.49999810602969,0.49997771782677,0.5,1727073063829
108,0.61697416098434,0.38114238339799,0.17676984296358,0.83333333333333,0.50000313523473,0.49999657409753,0.49997771782677,0.5,1727073063846
108,0.61697416098434,0.36786688002479,0.17676984296358,0.83333333333333,0.50000313523473,0.50000896154174,0.49997771782677,0.5,1727073063863
108,0.61697416098434,0.36121639874514,0.17676984296358,0.83333333333333,0.50000313523473,0.49999908523575,0.49997771782677,0.5,1727073063879
108,0.61697416098434,0.35456988247247,0.17676984296358,0.83333333333333,0.50000313523473,0.49999940568853,0.49997771782677,0.5,1727073063944
108,0.61697416098434,0.34406229082084,0.17676984296358,0.83333333333333,0.50000313523473,0.49999930176122,0.49997771782677,0.5,1727073063952
108,0.61697416098434,0.33741683268005,0.17676984296358,0.83333333333333,0.50000313523473,0.49999864089765,0.49997771782677,0.5,1727073063963
108,0.61697416098434,0.33076654620998,0.17676984296358,0.83333333333333,0.50000313523473,0.50000254848741,0.49997771782677,0.5,1727073063979
108,0.61697416098434,0.32696709689972,0.17676984296358,0.83333333333333,0.50000313523473,0.50000203904972,0.49997771782677,0.5,1727073063996
108,0.61697416098434,0.31368957340855,0.17676984296358,0.83333333333333,0.50000313523473,0.50000267432798,0.49997771782677,0.5,1727073064046
108,0.61697416098434,0.30988725954481,0.17676984296358,0.83333333333333,0.50000313523473,0.50000497098954,0.49997771782677,0.5,1727073064063
108,0.61697416098434,0.29002360641157,0.17676984296358,0.83333333333333,0.50000313523473,0.50000731278754,0.49997771782677,0.5,1727073064079
108,0.61697416098434,0.27952657794575,0.17676984296358,0.83333333333333,0.50000313523473,0.49999635483289,0.49997771782677,0.5,1727073064096
108,0.61697416098434,0.26235338356265,0.17676984296358,0.83333333333333,0.50000313523473,0.50000049778122,0.49997771782677,0.5,1727073064113
108,0.61697416098434,0.25570029518686,0.17676984296358,0.83333333333333,0.50000313523473,0.50000806457193,0.49997771782677,0.5,1727073064129
108,0.61697416098434,0.24905551878244,0.17676984296358,0.83333333333333,0.50000313523473,0.50000665022133,0.49997771782677,0.5,1727073064152
108,0.61697416098434,0.24525822439526,0.17676984296358,0.83333333333333,0.50000313523473,0.50000368927242,0.49997771782677,0.5,1727073064168
108,0.61697416098434,0.23861240982645,0.17676984296358,0.83333333333333,0.50000313523473,0.5000033566252,0.49997771782677,0.5,1727073064179
108,0.61697416098434,0.23197022430708,0.17676984296358,0.83333333333333,0.50000313523473,0.49999886348589,0.49997771782677,0.5,1727073064196
108,0.61697416098434,0.22816663989008,0.17676984296358,0.83333333333333,0.50000313523473,0.50000298730134,0.49997771782677,0.5,1727073064213
108,0.61697416098434,0.22151935424481,0.17676984296358,0.83333333333333,0.50000313523473,0.50000435278584,0.49997771782677,0.5,1727073064232
108,0.61697416098434,0.21486992068529,0.17676984296358,0.83333333333333,0.50000313523473,0.50000830475435,0.49997771782677,0.5,1727073064248
108,0.61697416098434,0.21107585349849,0.17676984296358,0.83333333333333,0.50000313523473,0.50000127894287,0.49997771782677,0.5,1727073064263
108,0.61697416098434,0.19781488026331,0.17676984296358,0.83333333333333,0.50000313523473,0.50000062093499,0.49997771782677,0.5,1727073064280
108,0.61697416098434,0.19117067779841,0.17676984296358,0.83333333333333,0.50000313523473,0.4999981916555,0.49997771782677,0.5,1727073064304
108,0.61697416098434,0.18738017084868,0.17676984296358,0.83333333333333,0.50000313523473,0.50000560246069,0.49997771782677,0.5,1727073064319
108,0.61697416098434,0.18073694784993,0.17676984296358,0.83333333333333,0.50000313523473,0.50000193747187,0.49997771782677,0.5,1727073064329
108,0.61697416098434,0.17409015188879,0.17676984296358,0.83333333333333,0.50000313523473,0.50000280260628,0.49997771782677,0.5,1727073064346
108,0.61697416098434,0.16744399280878,0.17676984296358,0.83333333333333,0.50000313523473,0.50000285413945,0.49997771782677,0.5,1727073064363
108,0.61697416098434,0.16079885733271,0.17676984296358,0.83333333333333,0.50000313523473,0.50000153356251,0.49997771782677,0.5,1727073064384
108,0.61697416098434,0.15700958145983,0.17676984296358,0.83333333333333,0.50000313523473,0.50000786088356,0.49997771782677,0.5,1727073064396
108,0.61697416098434,0.15036728238204,0.17676984296358,0.83333333333333,0.50000313523473,0.50000268304393,0.49997771782677,0.5,1727073064413
108,0.61697416098434,0.15036728238204,0.17676984296358,0.83333333333333,0.50000313523473,0.50000268304393,0.49997771782677,0.5,1727073065144
109,0.83333333333333,0.16666666666667,0.5,1.0,0.5,0.5,0.5,0.5,1727073086209
109,0.83333333333333,0.16666666666667,0.50723908051632,1.0,0.5,0.5,0.49997975535956,0.5,1727073086264
109,0.83333333333333,0.16666666666667,0.51446615450393,1.0,0.5,0.5,0.4999878324897,0.5,1727073086280
109,0.83333333333333,0.16666666666667,0.51713594330814,1.0,0.5,0.5,0.49997995150012,0.5,1727073086295
109,0.83333333333333,0.16666666666667,0.54868320726236,1.0,0.5,0.5,0.49999069011558,0.5,1727073086312
109,0.83333333333333,0.16666666666667,0.60925308673836,1.0,0.5,0.5,0.49998040163088,0.5,1727073086328
109,0.83333333333333,0.16666666666667,0.64804235539402,1.0,0.5,0.5,0.50000522856048,0.5,1727073086345
109,0.83333333333333,0.16666666666667,0.67959371346734,1.0,0.5,0.5,0.49999048714316,0.5,1727073086362
109,0.83333333333333,0.16666666666667,0.72309180139349,1.0,0.5,0.5,0.50000291050451,0.5,1727073086378
109,0.83333333333333,0.16666666666667,0.76449859933737,1.0,0.5,0.5,0.49999194743978,0.5,1727073086395
109,0.83333333333333,0.16666666666667,0.80329058178254,1.0,0.5,0.5,0.49999917044257,0.5,1727073086412
109,0.83333333333333,0.16666666666667,0.83225436780337,1.0,0.5,0.5,0.49999056897736,0.5,1727073086428
109,0.83333333333333,0.16666666666667,0.85396315683127,1.0,0.5,0.5,0.49999283405274,0.5,1727073086445
109,0.83333333333333,0.16666666666667,0.87828287988578,1.0,0.5,0.5,0.49999685803516,0.5,1727073086462
109,0.83333333333333,0.16666666666667,0.90724567902266,1.0,0.5,0.5,0.49999334662103,0.5,1727073086478
109,0.83333333333333,0.16666666666667,0.92170939712202,1.0,0.5,0.5,0.49999752022668,0.5,1727073086495
109,0.83333333333333,0.16666666666667,0.93880225032472,1.0,0.5,0.5,0.4999952563208,0.5,1727073086512
109,0.83333333333333,0.16666666666667,0.94145546005995,1.0,0.5,0.5,0.49999107735769,0.5,1727073087032
109,0.83333333333333,0.16666666666667,0.93422782547337,1.0,0.5,0.5,0.49998841626486,0.5,1727073087048
109,0.83333333333333,0.16666666666667,0.91978681772015,1.0,0.5,0.5,0.49999246274262,0.5,1727073087062
109,0.83333333333333,0.16666666666667,0.91522560527038,1.0,0.5,0.5,0.49999972842528,0.5,1727073087078
109,0.83333333333333,0.16666666666667,0.89627657776225,1.0,0.5,0.5,0.49999275295865,0.5,1727073087095
109,0.83333333333333,0.16666666666667,0.88904903045318,1.0,0.5,0.5,0.49998959488493,0.5,1727073087112
109,0.83333333333333,0.16666666666667,0.87729153257468,1.0,0.5,0.5,0.50000078103523,0.5,1727073087128
109,0.83333333333333,0.16666666666667,0.87994410291986,1.0,0.5,0.5,0.49999933079819,0.5,1727073087145
109,0.83333333333333,0.16666666666667,0.87272417489415,1.0,0.5,0.5,0.49999881770803,0.5,1727073087162
109,0.83333333333333,0.16666666666667,0.86549668009307,1.0,0.5,0.5,0.49999538522643,0.5,1727073087280
109,0.83333333333333,0.16666666666667,0.85826940394462,1.0,0.5,0.5,0.4999908727584,0.5,1727073087665
109,0.83333333333333,0.16666666666667,0.86092182685865,1.0,0.5,0.5,0.49999011772847,0.5,1727073087680
109,0.83333333333333,0.16666666666667,0.85369968799861,1.0,0.5,0.5,0.50000004635664,0.5,1727073087696
109,0.83333333333333,0.16666666666667,0.85635330536321,1.0,0.5,0.5,0.49999360110479,0.5,1727073087712
109,0.83333333333333,0.16666666666667,0.84912429716468,1.0,0.5,0.5,0.49999730820718,0.5,1727073088016
109,0.83333333333333,0.16666666666667,0.84912429716468,1.0,0.5,0.5,0.49999730820718,0.5,1727073088984
109,0.83333333333333,0.16666666666667,0.84912429716468,1.0,0.5,0.5,0.49999730820718,0.5,1727073091001
109,0.83333333333333,0.16666666666667,0.84912429716468,0.9961670629994,0.5,0.5,0.49999730820718,0.49999904093557,1727073091089
109,0.83333333333333,0.16666666666667,0.84912429716468,0.98565893238764,0.5,0.5,0.49999730820718,0.49999883721607,1727073091096
109,0.83333333333333,0.16666666666667,0.84912429716468,0.97135200801654,0.5,0.5,0.49999730820718,0.49999917024863,1727073091111
109,0.83333333333333,0.16666666666667,0.84912429716468,0.89501395338923,0.5,0.5,0.49999730820718,0.49999931085859,1727073091128
109,0.83333333333333,0.16666666666667,0.84912429716468,0.84256292710711,0.5,0.5,0.49999730820718,0.49999681904413,1727073091145
109,0.83333333333333,0.16666666666667,0.84912429716468,0.79772065447161,0.5,0.5,0.49999730820718,0.49999872526327,1727073091161
109,0.83333333333333,0.16666666666667,0.84912429716468,0.74236286107302,0.5,0.5,0.49999730820718,0.49999646117212,1727073091178
109,0.83333333333333,0.16666666666667,0.84912429716468,0.72136550320482,0.5,0.5,0.49999730820718,0.4999978843028,1727073091195
109,0.83333333333333,0.16666666666667,0.84912429716468,0.7108674335563,0.5,0.5,0.49999730820718,0.50000338249863,1727073091212
109,0.83333333333333,0.16666666666667,0.84912429716468,0.69369813487918,0.5,0.5,0.49999730820718,0.50000340436527,1727073091228
109,0.83333333333333,0.16666666666667,0.84912429716468,0.66220780949981,0.5,0.5,0.49999730820718,0.49999542167274,1727073091245
109,0.83333333333333,0.16666666666667,0.84912429716468,0.63453534993585,0.5,0.5,0.49999730820718,0.49999806054393,1727073091262
109,0.83333333333333,0.16666666666667,0.84912429716468,0.60305264722699,0.5,0.5,0.49999730820718,0.49999425357507,1727073091278
109,0.83333333333333,0.16666666666667,0.84912429716468,0.58205933795498,0.5,0.5,0.49999730820718,0.49999854192682,1727073091295
109,0.83333333333333,0.16666666666667,0.84912429716468,0.56775106519433,0.5,0.5,0.49999730820718,0.49999812507215,1727073091311
109,0.83333333333333,0.16666666666667,0.84912429716468,0.54676594212247,0.5,0.5,0.49999730820718,0.4999977243916,1727073091328
109,0.83333333333333,0.16666666666667,0.84912429716468,0.54294718849544,0.5,0.5,0.49999730820718,0.49999537098475,1727073091345
109,0.83333333333333,0.16666666666667,0.84912429716468,0.54961469093523,0.5,0.5,0.49999730820718,0.49999952171213,1727073092313
109,0.83333333333333,0.16666666666667,0.84912429716468,0.55629175094405,0.5,0.5,0.49999730820718,0.49999961930478,1727073092368
109,0.83333333333333,0.16666666666667,0.84912429716468,0.56295585179609,0.5,0.5,0.49999730820718,0.5000013601822,1727073092417
109,0.83333333333333,0.16666666666667,0.84912429716468,0.56963098571468,0.5,0.5,0.49999730820718,0.50000014561898,1727073092592
109,0.83333333333333,0.16666666666667,0.84912429716468,0.57350243009226,0.5,0.5,0.49999730820718,0.49999647698123,1727073092680
109,0.83333333333333,0.16666666666667,0.84912429716468,0.5801686895717,0.5,0.5,0.49999730820718,0.49999964058168,1727073092752
109,0.83333333333333,0.16666666666667,0.84912429716468,0.5801686895717,0.5,0.5,0.49999730820718,0.49999964058168,1727073093257
109,0.83333333333333,0.16666666666667,0.84912429716468,0.5801686895717,0.5,0.5,0.49999730820718,0.49999964058168,1727073096746
109,0.82668461093705,0.16666666666667,0.84912429716468,0.5801686895717,0.50000393665367,0.5,0.49999730820718,0.49999964058168,1727073096785
109,0.82003029162252,0.16666666666667,0.84912429716468,0.5801686895717,0.49999975391424,0.5,0.49999730820718,0.49999964058168,1727073096808
109,0.80952324197112,0.16666666666667,0.84912429716468,0.5801686895717,0.50000008588366,0.5,0.49999730820718,0.49999964058168,1727073096845
109,0.79901976794061,0.16666666666667,0.84912429716468,0.5801686895717,0.50000230372418,0.5,0.49999730820718,0.49999964058168,1727073096861
109,0.77801769436367,0.16666666666667,0.84912429716468,0.5801686895717,0.50000123872426,0.5,0.49999730820718,0.49999964058168,1727073096878
109,0.77419637980845,0.16666666666667,0.84912429716468,0.5801686895717,0.50000633282296,0.5,0.49999730820718,0.49999964058168,1727073096945
109,0.7675426753963,0.16666666666667,0.84912429716468,0.5801686895717,0.50000228316716,0.5,0.49999730820718,0.49999964058168,1727073097049
109,0.7637161146694,0.16666666666667,0.84912429716468,0.5801686895717,0.50000458065617,0.5,0.49999730820718,0.49999964058168,1727073097064
109,0.75320924102905,0.16666666666667,0.84912429716468,0.5801686895717,0.49999662369522,0.5,0.49999730820718,0.49999964058168,1727073097080
109,0.74655616312568,0.16666666666667,0.84912429716468,0.5801686895717,0.50000128182745,0.5,0.49999730820718,0.49999964058168,1727073097094
109,0.74273476683167,0.16666666666667,0.84912429716468,0.5801686895717,0.50000649213863,0.5,0.49999730820718,0.49999964058168,1727073097111
109,0.73608256480093,0.16666666666667,0.84912429716468,0.5801686895717,0.50000315434284,0.5,0.49999730820718,0.49999964058168,1727073097128
109,0.73225541289258,0.16666666666667,0.84912429716468,0.5801686895717,0.50000519699025,0.5,0.49999730820718,0.49999964058168,1727073097321
109,0.7256011241004,0.16666666666667,0.84912429716468,0.5801686895717,0.50000063524824,0.5,0.49999730820718,0.49999964058168,1727073098385
109,0.71894850444002,0.16666666666667,0.84912429716468,0.5801686895717,0.50000571437206,0.5,0.49999730820718,0.49999964058168,1727073098585
109,0.7151181738398,0.16666666666667,0.84912429716468,0.5801686895717,0.49999719908518,0.5,0.49999730820718,0.49999964058168,1727073098681
109,0.70846960514303,0.16666666666667,0.84912429716468,0.5801686895717,0.50000464009329,0.5,0.49999730820718,0.49999964058168,1727073098769
109,0.70181449145759,0.16666666666667,0.84912429716468,0.5801686895717,0.49999948264736,0.5,0.49999730820718,0.49999964058168,1727073098856
109,0.697990272868,0.16666666666667,0.84912429716468,0.5801686895717,0.50000329025629,0.5,0.49999730820718,0.49999964058168,1727073098865
109,0.69134446218005,0.16666666666667,0.84912429716468,0.5801686895717,0.5000035144665,0.5,0.49999730820718,0.49999964058168,1727073098911
109,0.69801127205736,0.16666666666667,0.84912429716468,0.5801686895717,0.50000655540586,0.5,0.49999730820718,0.49999964058168,1727073099553
109,0.70467390523785,0.16666666666667,0.84912429716468,0.5801686895717,0.49999825718215,0.5,0.49999730820718,0.49999964058168,1727073099849
109,0.70467390523785,0.16666666666667,0.84912429716468,0.5801686895717,0.49999825718215,0.5,0.49999730820718,0.49999964058168,1727073099864
109,0.70467390523785,0.16666666666667,0.84912429716468,0.5801686895717,0.49999825718215,0.5,0.49999730820718,0.49999964058168,1727073100665
109,0.70467390523785,0.17334866476101,0.84912429716468,0.5801686895717,0.49999825718215,0.50000674776513,0.49999730820718,0.49999964058168,1727073100697
109,0.70467390523785,0.19051984325906,0.84912429716468,0.5801686895717,0.49999825718215,0.50000404706971,0.49999730820718,0.49999964058168,1727073100744
109,0.70467390523785,0.21437443751759,0.84912429716468,0.5801686895717,0.49999825718215,0.49999381829561,0.49999730820718,0.49999964058168,1727073100761
109,0.70467390523785,0.24872290456891,0.84912429716468,0.5801686895717,0.49999825718215,0.50000019053431,0.49999730820718,0.49999964058168,1727073100777
109,0.70467390523785,0.28306576877208,0.84912429716468,0.5801686895717,0.49999825718215,0.49999562476245,0.49999730820718,0.49999964058168,1727073100794
109,0.70467390523785,0.30692174881727,0.84912429716468,0.5801686895717,0.49999825718215,0.49998608471062,0.49999730820718,0.49999964058168,1727073100811
109,0.70467390523785,0.31359029738177,0.84912429716468,0.5801686895717,0.49999825718215,0.49999444162896,0.49999730820718,0.49999964058168,1727073100827
109,0.70467390523785,0.31747680651073,0.84912429716468,0.5801686895717,0.49999825718215,0.50000011324923,0.49999730820718,0.49999964058168,1727073100977
109,0.70467390523785,0.31747680651073,0.84912429716468,0.5801686895717,0.49999825718215,0.50000011324923,0.49999730820718,0.49999964058168,1727073102240
110,0.83333333333333,0.83333333333333,0.66666666666667,0.66666666666667,0.5,0.5,0.5,0.5,1727073108114
110,0.83333333333333,0.83333333333333,0.65943955600494,0.66666666666667,0.5,0.5,0.49999182058989,0.5,1727073108169
110,0.83333333333333,0.83333333333333,0.6522204667309,0.66666666666667,0.5,0.5,0.49998624393275,0.5,1727073108184
110,0.83333333333333,0.83333333333333,0.64237092179293,0.66666666666667,0.5,0.5,0.49999672068347,0.5,1727073108201
110,0.83333333333333,0.83333333333333,0.62528649083443,0.66666666666667,0.5,0.5,0.4999983635433,0.5,1727073108216
110,0.83333333333333,0.83333333333333,0.61544007446012,0.66666666666667,0.5,0.5,0.49999033548931,0.5,1727073108227
110,0.83333333333333,0.83333333333333,0.58126942606423,0.66666666666667,0.5,0.5,0.50000480962108,0.5,1727073108244
110,0.83333333333333,0.83333333333333,0.55181055749515,0.66666666666667,0.5,0.5,0.49998873189391,0.5,1727073108260
110,0.83333333333333,0.83333333333333,0.49556498749764,0.66666666666667,0.5,0.5,0.49998564189293,0.5,1727073108277
110,0.83333333333333,0.83333333333333,0.4588491049665,0.66666666666667,0.5,0.5,0.49999784792997,0.5,1727073108294
110,0.83333333333333,0.83333333333333,0.41744350473248,0.66666666666667,0.5,0.5,0.50000478140733,0.5,1727073108311
110,0.83333333333333,0.83333333333333,0.38801606071888,0.66666666666667,0.5,0.5,0.49999542556403,0.5,1727073108327
110,0.83333333333333,0.83333333333333,0.34661142271101,0.66666666666667,0.5,0.5,0.4999945511576,0.5,1727073108344
110,0.83333333333333,0.83333333333333,0.27585314052473,0.66666666666667,0.5,0.5,0.49998031014081,0.5,1727073108361
110,0.83333333333333,0.83333333333333,0.22462382077278,0.66666666666667,0.5,0.5,0.49999409353706,0.5,1727073108377
110,0.83333333333333,0.83333333333333,0.18067389206678,0.66666666666667,0.5,0.5,0.49998601853745,0.5,1727073108394
110,0.83333333333333,0.83333333333333,0.13673113908559,0.66666666666667,0.5,0.5,0.49998981589036,0.5,1727073108411
110,0.83333333333333,0.83333333333333,0.10257883763636,0.66666666666667,0.5,0.5,0.49999449867197,0.5,1727073108427
110,0.83333333333333,0.83333333333333,0.05394725730673,0.66666666666667,0.5,0.5,0.4999704186701,0.5,1727073108444
110,0.83333333333333,0.83333333333333,0.0270807482064,0.66666666666667,0.5,0.5,0.49996969669961,0.5,1727073108461
110,0.83333333333333,0.83333333333333,0.00275927210516,0.66666666666667,0.5,0.5,0.49998590040677,0.5,1727073108477
110,0.83333333333333,0.83333333333333,-0.0,0.66666666666667,0.5,0.5,0.5,0.5,1727073108494
110,0.83333333333333,0.83333333333333,-0.0,0.66666666666667,0.5,0.5,0.5,0.5,1727073108511
110,0.83333333333333,0.83333333333333,-0.0,0.66666666666667,0.5,0.5,0.5,0.5,1727073108527
110,0.83333333333333,0.83333333333333,-0.0,0.66666666666667,0.5,0.5,0.5,0.5,1727073108544
110,0.83333333333333,0.83333333333333,-0.0,0.66666666666667,0.5,0.5,0.5,0.5,1727073108561
110,0.83333333333333,0.83333333333333,-0.0,0.66666666666667,0.5,0.5,0.5,0.5,1727073108577
110,0.83333333333333,0.83333333333333,-0.0,0.66666666666667,0.5,0.5,0.5,0.5,1727073108594
110,0.83333333333333,0.83333333333333,-0.0,0.66666666666667,0.5,0.5,0.5,0.5,1727073108611
110,0.83333333333333,0.83333333333333,-0.0,0.66666666666667,0.5,0.5,0.5,0.5,1727073108627
110,0.83333333333333,0.83333333333333,-0.0,0.66666666666667,0.5,0.5,0.5,0.5,1727073108644
110,0.83333333333333,0.83333333333333,-0.0,0.66666666666667,0.5,0.5,0.5,0.5,1727073108661
110,0.83333333333333,0.83333333333333,-0.0,0.66666666666667,0.5,0.5,0.5,0.5,1727073108677
110,0.83333333333333,0.83333333333333,-0.0,0.66666666666667,0.5,0.5,0.5,0.5,1727073108694
110,0.83333333333333,0.83333333333333,-0.0,0.66666666666667,0.5,0.5,0.5,0.5,1727073108696
110,0.83333333333333,0.83333333333333,-0.0,0.66666666666667,0.5,0.5,0.5,0.5,1727073108696
110,0.83333333333333,0.83333333333333,-0.0,0.66666666666667,0.5,0.5,0.5,0.5,1727073110002
110,0.83333333333333,0.83333333333333,-0.0,0.66283840991262,0.5,0.5,0.5,0.49999532287387,1727073110153
110,0.83333333333333,0.83333333333333,-0.0,0.65902409473044,0.5,0.5,0.5,0.49999595186818,1727073110160
110,0.83333333333333,0.83333333333333,-0.0,0.64851651464937,0.5,0.5,0.5,0.49999597339012,1727073110177
110,0.83333333333333,0.83333333333333,-0.0,0.6275151054273,0.5,0.5,0.5,0.49999499162741,1727073110194
110,0.83333333333333,0.83333333333333,-0.0,0.61321129549286,0.5,0.5,0.5,0.49999738829509,1727073110211
110,0.83333333333333,0.83333333333333,-0.0,0.59221789773419,0.5,0.5,0.5,0.50000164512576,1727073110227
110,0.83333333333333,0.83333333333333,-0.0,0.56744989380011,0.5,0.5,0.5,0.50000252240913,1727073110244
110,0.83333333333333,0.83333333333333,-0.0,0.54268005523811,0.5,0.5,0.5,0.49999147808835,1727073110260
110,0.83333333333333,0.83333333333333,-0.0,0.51792024433281,0.5,0.5,0.5,0.49999796633848,1727073110277
110,0.83333333333333,0.83333333333333,-0.0,0.49692834994707,0.5,0.5,0.5,0.50000389216323,1727073110294
110,0.83333333333333,0.83333333333333,-0.0,0.47216513047356,0.5,0.5,0.5,0.49999686967219,1727073110310
110,0.83333333333333,0.83333333333333,-0.0,0.44741343847434,0.5,0.5,0.5,0.49999846150906,1727073110327
110,0.83333333333333,0.83333333333333,-0.0,0.42266163279669,0.5,0.5,0.5,0.50000007731924,1727073110344
110,0.83333333333333,0.83333333333333,-0.0,0.40167145675546,0.5,0.5,0.5,0.4999953753611,1727073110360
110,0.83333333333333,0.83333333333333,-0.0,0.38068480200948,0.5,0.5,0.5,0.49999343870665,1727073110377
110,0.83333333333333,0.83333333333333,-0.0,0.37687442984617,0.5,0.5,0.5,0.49999780723063,1727073110394
110,0.83333333333333,0.83333333333333,-0.0,0.37306289808975,0.5,0.5,0.5,0.50000120309206,1727073110410
110,0.83333333333333,0.83333333333333,-0.0,0.36256181010834,0.5,0.5,0.5,0.49999332110989,1727073110427
110,0.83333333333333,0.83333333333333,-0.0,0.35875325490065,0.5,0.5,0.5,0.49999946452025,1727073110444
110,0.83333333333333,0.83333333333333,-0.0,0.35494280367191,0.5,0.5,0.5,0.500003957301,1727073110460
110,0.83333333333333,0.83333333333333,-0.0,0.34443985056606,0.5,0.5,0.5,0.49999415384652,1727073110477
110,0.83333333333333,0.83333333333333,-0.0,0.34063550434768,0.5,0.5,0.5,0.50000441999039,1727073110494
110,0.83333333333333,0.83333333333333,-0.0,0.33397948064792,0.5,0.5,0.5,0.49999515234193,1727073110544
110,0.83333333333333,0.83333333333333,-0.0,0.33017428991984,0.5,0.5,0.5,0.49999018787271,1727073110641
110,0.83333333333333,0.83333333333333,-0.0,0.3196756488626,0.5,0.5,0.5,0.49999876682203,1727073110677
110,0.83333333333333,0.83333333333333,-0.0,0.3158656355562,0.5,0.5,0.5,0.49998900241211,1727073110696
110,0.83333333333333,0.83333333333333,-0.0,0.3092156629271,0.5,0.5,0.5,0.50000027438662,1727073110712
110,0.83333333333333,0.83333333333333,-0.0,0.30540609153357,0.5,0.5,0.5,0.49999077511235,1727073110727
110,0.83333333333333,0.83333333333333,-0.0,0.29490634572696,0.5,0.5,0.5,0.49999863754715,1727073111169
110,0.83333333333333,0.83333333333333,-0.0,0.29110698474186,0.5,0.5,0.5,0.49999927906751,1727073111177
110,0.83333333333333,0.83333333333333,-0.0,0.27393549324721,0.5,0.5,0.5,0.49999687651191,1727073111194
110,0.83333333333333,0.83333333333333,-0.0,0.27013728674165,0.5,0.5,0.5,0.49999875475243,1727073111224
110,0.83333333333333,0.83333333333333,-0.0,0.2634812985479,0.5,0.5,0.5,0.49998817935317,1727073111232
110,0.83333333333333,0.83333333333333,-0.0,0.25298654823065,0.5,0.5,0.5,0.50000211861177,1727073111281
110,0.83333333333333,0.83333333333333,-0.0,0.24918195820632,0.5,0.5,0.5,0.49999706523749,1727073111294
110,0.83333333333333,0.83333333333333,-0.0,0.23201376228063,0.5,0.5,0.5,0.49999814436731,1727073111310
110,0.83333333333333,0.83333333333333,-0.0,0.22151596983244,0.5,0.5,0.5,0.49999168988007,1727073111327
110,0.83333333333333,0.83333333333333,-0.0,0.21101333380498,0.5,0.5,0.5,0.49999754742037,1727073111345
110,0.83333333333333,0.83333333333333,-0.0,0.20722285570752,0.5,0.5,0.5,0.49999045768035,1727073111473
110,0.83333333333333,0.83333333333333,-0.0,0.19672320121977,0.5,0.5,0.5,0.50000015340225,1727073111510
110,0.83333333333333,0.83333333333333,-0.0,0.18622227737965,0.5,0.5,0.5,0.49998926735678,1727073111527
110,0.83333333333333,0.83333333333333,-0.0,0.17572586619369,0.5,0.5,0.5,0.50000361219246,1727073111544
110,0.83333333333333,0.83333333333333,-0.0,0.1719330775079,0.5,0.5,0.5,0.49999296481344,1727073111560
110,0.83333333333333,0.83333333333333,-0.0,0.16143449344363,0.5,0.5,0.5,0.50000499049801,1727073111577
110,0.83333333333333,0.83333333333333,-0.0,0.15764356680511,0.5,0.5,0.5,0.49999650108064,1727073111594
110,0.83333333333333,0.83333333333333,-0.0,0.15099689948292,0.5,0.5,0.5,0.49999573710703,1727073111610
110,0.83333333333333,0.83333333333333,-0.0,0.14720573180549,0.5,0.5,0.5,0.49998660166733,1727073111627
110,0.83333333333333,0.83333333333333,-0.0,0.13670710084979,0.5,0.5,0.5,0.49999915675744,1727073111644
110,0.83333333333333,0.83333333333333,-0.0,0.13292165714925,0.5,0.5,0.5,0.49999795581463,1727073111660
110,0.83333333333333,0.83333333333333,-0.0,0.12627781268658,0.5,0.5,0.5,0.50000130347135,1727073111688
110,0.83333333333333,0.83333333333333,-0.0,0.12249059811026,0.5,0.5,0.5,0.49999746962004,1727073111727
110,0.83333333333333,0.83333333333333,-0.0,0.12249059811026,0.5,0.5,0.5,0.49999746962004,1727073113121
110,0.83333333333333,0.83333333333333,-0.0,0.12249059811026,0.5,0.5,0.5,0.49999746962004,1727073114922
110,0.83333333333333,0.83333333333333,-0.0,0.12917427319895,0.5,0.5,0.5,0.500007331803,1727073115049
110,0.83333333333333,0.83333333333333,-0.0,0.13585205728037,0.5,0.5,0.5,0.49998645265604,1727073115097
110,0.83333333333333,0.83333333333333,-0.0,0.13585205728037,0.5,0.5,0.5,0.49998645265604,1727073115513
110,0.83333333333333,0.83333333333333,-0.0,0.13585205728037,0.5,0.5,0.5,0.49998645265604,1727073116986
110,0.83333333333333,0.83333333333333,-0.0,0.13585205728037,0.5,0.5,0.5,0.49998645265604,1727073118042
110,0.84668654093785,0.83333333333333,-0.0,0.13585205728037,0.5000048351071,0.5,0.5,0.49998645265604,1727073118121
110,0.88015944677854,0.83333333333333,-0.0,0.13585205728037,0.50000273216638,0.5,0.5,0.49998645265604,1727073118129
110,0.93081134054909,0.83333333333333,-0.0,0.13585205728037,0.4999981117967,0.5,0.5,0.49998645265604,1727073118144
110,1.0,0.83333333333333,-0.0,0.13585205728037,0.5,0.5,0.5,0.49998645265604,1727073118160
110,1.0,0.83333333333333,-0.0,0.13585205728037,0.5,0.5,0.5,0.49998645265604,1727073118177
110,1.0,0.83333333333333,-0.0,0.13585205728037,0.5,0.5,0.5,0.49998645265604,1727073118193
110,1.0,0.83333333333333,-0.0,0.13585205728037,0.5,0.5,0.5,0.49998645265604,1727073118210
110,1.0,0.83333333333333,-0.0,0.13585205728037,0.5,0.5,0.5,0.49998645265604,1727073118227
110,1.0,0.83333333333333,-0.0,0.13585205728037,0.5,0.5,0.5,0.49998645265604,1727073118243
110,1.0,0.83333333333333,-0.0,0.13585205728037,0.5,0.5,0.5,0.49998645265604,1727073118260
110,1.0,0.83333333333333,-0.0,0.13585205728037,0.5,0.5,0.5,0.49998645265604,1727073118277
110,1.0,0.83333333333333,-0.0,0.13585205728037,0.5,0.5,0.5,0.49998645265604,1727073118294
110,1.0,0.83333333333333,-0.0,0.13585205728037,0.5,0.5,0.5,0.49998645265604,1727073118310
110,1.0,0.83333333333333,-0.0,0.13585205728037,0.5,0.5,0.5,0.49998645265604,1727073118329
110,1.0,0.83333333333333,-0.0,0.13585205728037,0.5,0.5,0.5,0.49998645265604,1727073118377
110,1.0,0.83333333333333,-0.0,0.13585205728037,0.5,0.5,0.5,0.49998645265604,1727073118394
110,1.0,0.83333333333333,-0.0,0.13585205728037,0.5,0.5,0.5,0.49998645265604,1727073118441
110,1.0,0.83333333333333,-0.0,0.13585205728037,0.5,0.5,0.5,0.49998645265604,1727073119418
110,1.0,0.82668188420937,-0.0,0.13585205728037,0.5,0.49999745958988,0.5,0.49998645265604,1727073119457
110,1.0,0.82003162003693,-0.0,0.13585205728037,0.5,0.49999956162607,0.5,0.49998645265604,1727073119493
110,1.0,0.78689942413927,-0.0,0.13585205728037,0.5,0.49999621612451,0.5,0.49998645265604,1727073119510
110,1.0,0.72212660741983,-0.0,0.13585205728037,0.5,0.49999799772611,0.5,0.49998645265604,1727073119527
110,1.0,0.65632464601139,-0.0,0.13585205728037,0.5,0.49999904550379,0.5,0.49998645265604,1727073119544
110,1.0,0.54161926441066,-0.0,0.13585205728037,0.5,0.49999729789107,0.5,0.49998645265604,1727073119560
110,1.0,0.38234297014717,-0.0,0.13585205728037,0.5,0.49999606902674,0.5,0.49998645265604,1727073119577
110,1.0,0.31922548200194,-0.0,0.13585205728037,0.5,0.50000512100507,0.5,0.49998645265604,1727073119593
110,1.0,0.28880314885293,-0.0,0.13585205728037,0.5,0.49999677794775,0.5,0.49998645265604,1727073119610
110,1.0,0.26499847204072,-0.0,0.13585205728037,0.5,0.50000163574955,0.5,0.49998645265604,1727073119627
110,1.0,0.25449719944529,-0.0,0.13585205728037,0.5,0.49999465416171,0.5,0.49998645265604,1727073119643
110,1.0,0.2478447839345,-0.0,0.13585205728037,0.5,0.50000151708374,0.5,0.49998645265604,1727073119660
110,1.0,0.24120549785914,-0.0,0.13585205728037,0.5,0.49999382921621,0.5,0.49998645265604,1727073119680
110,1.0,0.23070434385924,-0.0,0.13585205728037,0.5,0.49998619555036,0.5,0.49998645265604,1727073119729
110,1.0,0.22405561908004,-0.0,0.13585205728037,0.5,0.49998899192542,0.5,0.49998645265604,1727073119743
110,1.0,0.2135621214753,-0.0,0.13585205728037,0.5,0.49999015793129,0.5,0.49998645265604,1727073119760
110,1.0,0.17006527911975,-0.0,0.13585205728037,0.5,0.49999509045372,0.5,0.49998645265604,1727073119777
110,1.0,0.15289727025264,-0.0,0.13585205728037,0.5,0.49999320919373,0.5,0.49998645265604,1727073119793
110,1.0,0.15957543701925,-0.0,0.13585205728037,0.5,0.49999164579711,0.5,0.49998645265604,1727073120289
110,1.0,0.16625604398007,-0.0,0.13585205728037,0.5,0.49998690062267,0.5,0.49998645265604,1727073120297
110,1.0,0.17292923814112,-0.0,0.13585205728037,0.5,0.49999196827981,0.5,0.49998645265604,1727073120343
110,1.0,0.17961293776425,-0.0,0.13585205728037,0.5,0.49998339685136,0.5,0.49998645265604,1727073120360
110,1.0,0.19678180990745,-0.0,0.13585205728037,0.5,0.50000346196333,0.5,0.49998645265604,1727073120377
110,1.0,0.21690945590484,-0.0,0.13585205728037,0.5,0.49999791753753,0.5,0.49998645265604,1727073120393
110,1.0,0.24458671772033,-0.0,0.13585205728037,0.5,0.49999765647246,0.5,0.49998645265604,1727073120410
110,1.0,0.25797058150478,-0.0,0.13585205728037,0.5,0.49999853397178,0.5,0.49998645265604,1727073120427
110,1.0,0.28565166434854,-0.0,0.13585205728037,0.5,0.49999432822823,0.5,0.49998645265604,1727073120443
110,1.0,0.29232682625246,-0.0,0.13585205728037,0.5,0.49999618843998,0.5,0.49998645265604,1727073120460
110,1.0,0.29900132606802,-0.0,0.13585205728037,0.5,0.49999866831045,0.5,0.49998645265604,1727073120609
110,1.0,0.30289022464137,-0.0,0.13585205728037,0.5,0.5000020771698,0.5,0.49998645265604,1727073120627
110,1.0,0.30956232464437,-0.0,0.13585205728037,0.5,0.49999164628349,0.5,0.49998645265604,1727073120643
110,1.0,0.32673671645727,-0.0,0.13585205728037,0.5,0.50000166820337,0.5,0.49998645265604,1727073120660
110,1.0,0.34390927144515,-0.0,0.13585205728037,0.5,0.49999853407954,0.5,0.49998645265604,1727073120677
110,1.0,0.35057486297414,-0.0,0.13585205728037,0.5,0.49999482963297,0.5,0.49998645265604,1727073120694
110,1.0,0.36109735813689,-0.0,0.13585205728037,0.5,0.49999544352112,0.5,0.49998645265604,1727073120713
110,1.0,0.35444524068241,-0.0,0.13585205728037,0.5,0.50000083291864,0.5,0.49998645265604,1727073121313
110,1.0,0.34779059670044,-0.0,0.13585205728037,0.5,0.49999448357541,0.5,0.49998645265604,1727073121329
110,1.0,0.34114241843762,-0.0,0.13585205728037,0.5,0.49999630960268,0.5,0.49998645265604,1727073121377
110,1.0,0.33449575078768,-0.0,0.13585205728037,0.5,0.49999675228415,0.5,0.49998645265604,1727073121393
110,1.0,0.32785233647238,-0.0,0.13585205728037,0.5,0.49999410116705,0.5,0.49998645265604,1727073121443
110,1.0,0.32120171679836,-0.0,0.13585205728037,0.5,0.49999834293198,0.5,0.49998645265604,1727073121465
110,1.0,0.31739158489661,-0.0,0.13585205728037,0.5,0.49999322780669,0.5,0.49998645265604,1727073121481
110,1.0,0.31074504888762,-0.0,0.13585205728037,0.5,0.49999352327973,0.5,0.49998645265604,1727073121505
110,1.0,0.31074504888762,-0.0,0.13585205728037,0.5,0.49999352327973,0.5,0.49998645265604,1727073122649
111,0.5,0.83333333333333,0.5,0.33333333333333,0.5,0.5,0.5,0.5,1727073125313
111,0.5,0.83333333333333,0.49015225503562,0.33333333333333,0.5,0.5,0.49999828212925,0.5,1727073125385
111,0.5,0.83333333333333,0.48293193805675,0.33333333333333,0.5,0.5,0.50000027047141,0.5,1727073125401
111,0.5,0.83333333333333,0.47570621472897,0.33333333333333,0.5,0.5,0.49998220018877,0.5,1727073125410
111,0.5,0.83333333333333,0.44878901946739,0.33333333333333,0.5,0.5,0.49999415670377,0.5,1727073125427
111,0.5,0.83333333333333,0.41725711834513,0.33333333333333,0.5,0.5,0.49998991029827,0.5,1727073125443
111,0.5,0.83333333333333,0.39562195500356,0.33333333333333,0.5,0.5,0.49998640762839,0.5,1727073125460
111,0.5,0.83333333333333,0.38118179188404,0.33333333333333,0.5,0.5,0.49998683941785,0.5,1727073125476
111,0.5,0.83333333333333,0.36674930664826,0.33333333333333,0.5,0.5,0.4999916144215,0.5,1727073125493
111,0.5,0.83333333333333,0.35952777227957,0.33333333333333,0.5,0.5,0.50000440653536,0.5,1727073125510
111,0.5,0.83333333333333,0.35230118423482,0.33333333333333,0.5,0.5,0.49999021673484,0.5,1727073125526
111,0.5,0.83333333333333,0.33786906549625,0.33333333333333,0.5,0.5,0.49999203795772,0.5,1727073125543
111,0.5,0.83333333333333,0.33064828495147,0.33333333333333,0.5,0.5,0.49999865930346,0.5,1727073125560
111,0.5,0.83333333333333,0.32081095474834,0.33333333333333,0.5,0.5,0.49997821769942,0.5,1727073125577
111,0.5,0.83333333333333,0.29199576483808,0.33333333333333,0.5,0.5,0.49998219284816,0.5,1727073125593
111,0.5,0.83333333333333,0.28477316316386,0.33333333333333,0.5,0.5,0.50000711832667,0.5,1727073125610
111,0.5,0.83333333333333,0.27755417588621,0.33333333333333,0.5,0.5,0.49999677580771,0.5,1727073125626
111,0.5,0.83333333333333,0.26312315750968,0.33333333333333,0.5,0.5,0.49998779442855,0.5,1727073125643
111,0.5,0.83333333333333,0.25590448083391,0.33333333333333,0.5,0.5,0.49997351240723,0.5,1727073125660
111,0.5,0.83333333333333,0.24868344614664,0.33333333333333,0.5,0.5,0.49998362769274,0.5,1727073125676
111,0.5,0.83333333333333,0.24145489039522,0.33333333333333,0.5,0.5,0.49998694100407,0.5,1727073125726
111,0.5,0.83333333333333,0.23423462747796,0.33333333333333,0.5,0.5,0.49998919556809,0.5,1727073125743
111,0.5,0.83333333333333,0.22701461197231,0.33333333333333,0.5,0.5,0.49998879683694,0.5,1727073125760
111,0.5,0.83333333333333,0.21979374463287,0.33333333333333,0.5,0.5,0.49999790017361,0.5,1727073125776
111,0.5,0.83333333333333,0.21257501529601,0.33333333333333,0.5,0.5,0.49998303519828,0.5,1727073126009
111,0.5,0.83333333333333,0.20535455227891,0.33333333333333,0.5,0.5,0.49998767661488,0.5,1727073126129
111,0.5,0.83333333333333,0.19813389584144,0.33333333333333,0.5,0.5,0.49999473240838,0.5,1727073126177
111,0.5,0.83333333333333,0.19091480836718,0.33333333333333,0.5,0.5,0.49998334744716,0.5,1727073126209
111,0.5,0.83333333333333,0.18369536507489,0.33333333333333,0.5,0.5,0.49997588853439,0.5,1727073126249
111,0.5,0.83333333333333,0.17647403157586,0.33333333333333,0.5,0.5,0.49999143327923,0.5,1727073126273
111,0.5,0.83333333333333,0.16925541690928,0.33333333333333,0.5,0.5,0.4999734860776,0.5,1727073127601
111,0.5,0.83333333333333,0.16203406054451,0.33333333333333,0.5,0.5,0.49998982463268,0.5,1727073127625
111,0.5,0.83333333333333,0.15481343811681,0.33333333333333,0.5,0.5,0.49999723299233,0.5,1727073127801
111,0.5,0.83333333333333,0.15481343811681,0.33333333333333,0.5,0.5,0.49999723299233,0.5,1727073128121
111,0.5,0.83333333333333,0.15481343811681,0.33333333333333,0.5,0.5,0.49999723299233,0.5,1727073133450
111,0.5,0.83333333333333,0.15481343811681,0.32952662274107,0.5,0.5,0.49999723299233,0.50000337328748,1727073133601
111,0.5,0.83333333333333,0.15481343811681,0.31626179417148,0.5,0.5,0.49999723299233,0.50000024896653,1727073133609
111,0.5,0.83333333333333,0.15481343811681,0.30872705139926,0.5,0.5,0.49999723299233,0.5000039218452,1727073133626
111,0.5,0.83333333333333,0.15481343811681,0.29822149770335,0.5,0.5,0.49999723299233,0.50000614772642,1727073133643
111,0.5,0.83333333333333,0.15481343811681,0.28395313216153,0.5,0.5,0.49999723299233,0.49999926277295,1727073133659
111,0.5,0.83333333333333,0.15481343811681,0.26296897201897,0.5,0.5,0.49999723299233,0.4999997219004,1727073133676
111,0.5,0.83333333333333,0.15481343811681,0.23915853616381,0.5,0.5,0.49999723299233,0.50000528608565,1727073133693
111,0.5,0.83333333333333,0.15481343811681,0.22490017468905,0.5,0.5,0.49999723299233,0.50000913305754,1727073133709
111,0.5,0.83333333333333,0.15481343811681,0.21440871705834,0.5,0.5,0.49999723299233,0.50001034853775,1727073133726
111,0.5,0.83333333333333,0.15481343811681,0.20390794769124,0.5,0.5,0.49999723299233,0.50000031019568,1727073133743
111,0.5,0.83333333333333,0.15481343811681,0.20010810352772,0.5,0.5,0.49999723299233,0.50000050369554,1727073133759
111,0.5,0.83333333333333,0.15481343811681,0.19631250561718,0.5,0.5,0.49999723299233,0.50000594586043,1727073133776
111,0.5,0.83333333333333,0.15481343811681,0.17533390048322,0.5,0.5,0.49999723299233,0.50001402972154,1727073133793
111,0.5,0.83333333333333,0.15481343811681,0.15435581051143,0.5,0.5,0.49999723299233,0.50000267834955,1727073133809
111,0.5,0.83333333333333,0.15481343811681,0.13718439893174,0.5,0.5,0.49999723299233,0.49999969178312,1727073133826
111,0.5,0.83333333333333,0.15481343811681,0.130543970402,0.5,0.5,0.49999723299233,0.50000798117574,1727073134770
111,0.5,0.83333333333333,0.15481343811681,0.12675793233718,0.5,0.5,0.49999723299233,0.50000597950749,1727073134777
111,0.5,0.83333333333333,0.15481343811681,0.11626002943592,0.5,0.5,0.49999723299233,0.49999772847171,1727073134793
111,0.5,0.83333333333333,0.15481343811681,0.1057612393251,0.5,0.5,0.49999723299233,0.50001145727628,1727073134809
111,0.5,0.83333333333333,0.15481343811681,0.09526871417802,0.5,0.5,0.49999723299233,0.50001145822361,1727073134826
111,0.5,0.83333333333333,0.15481343811681,0.08862558370836,0.5,0.5,0.49999723299233,0.49999155723667,1727073134913
111,0.5,0.83333333333333,0.15481343811681,0.08484883556616,0.5,0.5,0.49999723299233,0.50000441544828,1727073135001
111,0.5,0.83333333333333,0.15481343811681,0.07820266982246,0.5,0.5,0.49999723299233,0.5000044848761,1727073135009
111,0.5,0.83333333333333,0.15481343811681,0.07442773532361,0.5,0.5,0.49999723299233,0.49999484420386,1727073135026
111,0.5,0.83333333333333,0.15481343811681,0.06779544265868,0.5,0.5,0.49999723299233,0.50001878363977,1727073135121
111,0.5,0.83333333333333,0.15481343811681,0.06115082264653,0.5,0.5,0.49999723299233,0.4999946426315,1727073135306
111,0.5,0.83333333333333,0.15481343811681,0.05738175713494,0.5,0.5,0.49999723299233,0.5000224675027,1727073136561
111,0.5,0.83333333333333,0.15481343811681,0.05074417817097,0.5,0.5,0.49999723299233,0.5000104797861,1727073136577
111,0.5,0.83333333333333,0.15481343811681,0.05074417817097,0.5,0.5,0.49999723299233,0.5000104797861,1727073137017
111,0.5,0.83333333333333,0.15481343811681,0.05074417817097,0.5,0.5,0.49999723299233,0.5000104797861,1727073138794
111,0.49334985194056,0.83333333333333,0.15481343811681,0.05074417817097,0.49999703756291,0.5,0.49999723299233,0.5000104797861,1727073138865
111,0.48284060686105,0.83333333333333,0.15481343811681,0.05074417817097,0.49999582690012,0.5,0.49999723299233,0.5000104797861,1727073138881
111,0.46567482222408,0.83333333333333,0.15481343811681,0.05074417817097,0.49999838158143,0.5,0.49999723299233,0.5000104797861,1727073138897
111,0.4551725610488,0.83333333333333,0.15481343811681,0.05074417817097,0.50000260372851,0.5,0.49999723299233,0.5000104797861,1727073138909
111,0.43417820118084,0.83333333333333,0.15481343811681,0.05074417817097,0.49999483125679,0.5,0.49999723299233,0.5000104797861,1727073138926
111,0.3960080475218,0.83333333333333,0.15481343811681,0.05074417817097,0.49999373822146,0.5,0.49999723299233,0.5000104797861,1727073138942
111,0.36833992414743,0.83333333333333,0.15481343811681,0.05074417817097,0.50000130410185,0.5,0.49999723299233,0.5000104797861,1727073138959
111,0.32349232693133,0.83333333333333,0.15481343811681,0.05074417817097,0.50000001849556,0.5,0.49999723299233,0.5000104797861,1727073138976
111,0.28157820810624,0.83333333333333,0.15481343811681,0.05074417817097,0.49999335464703,0.5,0.49999723299233,0.5000104797861,1727073138992
111,0.24341005049465,0.83333333333333,0.15481343811681,0.05074417817097,0.4999940397238,0.5,0.49999723299233,0.5000104797861,1727073139009
111,0.22242656700497,0.83333333333333,0.15481343811681,0.05074417817097,0.49999509593217,0.5,0.49999723299233,0.5000104797861,1727073139026
111,0.20144504823395,0.83333333333333,0.15481343811681,0.05074417817097,0.49999864976663,0.5,0.49999723299233,0.5000104797861,1727073139043
111,0.19094982652262,0.83333333333333,0.15481343811681,0.05074417817097,0.49999497416247,0.5,0.49999723299233,0.5000104797861,1727073139092
111,0.18715313484517,0.83333333333333,0.15481343811681,0.05074417817097,0.49999910291135,0.5,0.49999723299233,0.5000104797861,1727073139109
111,0.1833612256095,0.83333333333333,0.15481343811681,0.05074417817097,0.49998981567981,0.5,0.49999723299233,0.5000104797861,1727073139137
111,0.1767134953457,0.83333333333333,0.15481343811681,0.05074417817097,0.49998762021759,0.5,0.49999723299233,0.5000104797861,1727073139145
111,0.17291800263593,0.83333333333333,0.15481343811681,0.05074417817097,0.49999338499018,0.5,0.49999723299233,0.5000104797861,1727073139161
111,0.16912911263176,0.83333333333333,0.15481343811681,0.05074417817097,0.49998770225826,0.5,0.49999723299233,0.5000104797861,1727073139185
111,0.17581010982283,0.83333333333333,0.15481343811681,0.05074417817097,0.49999317030886,0.5,0.49999723299233,0.5000104797861,1727073139906
111,0.18248728420096,0.83333333333333,0.15481343811681,0.05074417817097,0.49999359610936,0.5,0.49999723299233,0.5000104797861,1727073139961
111,0.18916370716884,0.83333333333333,0.15481343811681,0.05074417817097,0.49999306562265,0.5,0.49999723299233,0.5000104797861,1727073140033
111,0.19584289142547,0.83333333333333,0.15481343811681,0.05074417817097,0.49999596568871,0.5,0.49999723299233,0.5000104797861,1727073140057
111,0.20252186766335,0.83333333333333,0.15481343811681,0.05074417817097,0.4999985267008,0.5,0.49999723299233,0.5000104797861,1727073140153
111,0.20920436755055,0.83333333333333,0.15481343811681,0.05074417817097,0.50000524375019,0.5,0.49999723299233,0.5000104797861,1727073140169
111,0.21309402561884,0.83333333333333,0.15481343811681,0.05074417817097,0.5000020452476,0.5,0.49999723299233,0.5000104797861,1727073140185
111,0.21977181802697,0.83333333333333,0.15481343811681,0.05074417817097,0.50000303642873,0.5,0.49999723299233,0.5000104797861,1727073140201
111,0.21312410364953,0.83333333333333,0.15481343811681,0.05074417817097,0.50000122227232,0.5,0.49999723299233,0.5000104797861,1727073140545
111,0.20647776756492,0.83333333333333,0.15481343811681,0.05074417817097,0.50000101996309,0.5,0.49999723299233,0.5000104797861,1727073140592
111,0.19983452475901,0.83333333333333,0.15481343811681,0.05074417817097,0.50000460286675,0.5,0.49999723299233,0.5000104797861,1727073140609
111,0.18933530050596,0.83333333333333,0.15481343811681,0.05074417817097,0.49999603316508,0.5,0.49999723299233,0.5000104797861,1727073140633
111,0.17883354596616,0.83333333333333,0.15481343811681,0.05074417817097,0.4999837906276,0.5,0.49999723299233,0.5000104797861,1727073140681
111,0.17219224490746,0.83333333333333,0.15481343811681,0.05074417817097,0.4999898728133,0.5,0.49999723299233,0.5000104797861,1727073140726
111,0.16839712461495,0.83333333333333,0.15481343811681,0.05074417817097,0.49999621105255,0.5,0.49999723299233,0.5000104797861,1727073140742
111,0.15514543701123,0.83333333333333,0.15481343811681,0.05074417817097,0.49998855665415,0.5,0.49999723299233,0.5000104797861,1727073140759
111,0.15135592861628,0.83333333333333,0.15481343811681,0.05074417817097,0.50000286060478,0.5,0.49999723299233,0.5000104797861,1727073140776
111,0.14471734634357,0.83333333333333,0.15481343811681,0.05074417817097,0.49999199568574,0.5,0.49999723299233,0.5000104797861,1727073140826
111,0.14092255268493,0.83333333333333,0.15481343811681,0.05074417817097,0.49999926065222,0.5,0.49999723299233,0.5000104797861,1727073140842
111,0.1304233884998,0.83333333333333,0.15481343811681,0.05074417817097,0.4999893034352,0.5,0.49999723299233,0.5000104797861,1727073140859
111,0.1304233884998,0.83333333333333,0.15481343811681,0.05074417817097,0.4999893034352,0.5,0.49999723299233,0.5000104797861,1727073142625
111,0.1304233884998,0.83333333333333,0.15481343811681,0.05074417817097,0.4999893034352,0.5,0.49999723299233,0.5000104797861,1727073143682
111,0.1304233884998,0.82668315663421,0.15481343811681,0.05074417817097,0.4999893034352,0.49999680803317,0.49999723299233,0.5000104797861,1727073143729
111,0.1304233884998,0.82002311346472,0.15481343811681,0.05074417817097,0.4999893034352,0.49999601771888,0.49999723299233,0.5000104797861,1727073143745
111,0.1304233884998,0.80673081697827,0.15481343811681,0.05074417817097,0.4999893034352,0.49999596178064,0.49999723299233,0.5000104797861,1727073143759
111,0.1304233884998,0.79343637085029,0.15481343811681,0.05074417817097,0.4999893034352,0.49999704022979,0.49999723299233,0.5000104797861,1727073143776
111,0.1304233884998,0.7762647145042,0.15481343811681,0.05074417817097,0.4999893034352,0.49999829377049,0.49999723299233,0.5000104797861,1727073143792
111,0.1304233884998,0.76576258405571,0.15481343811681,0.05074417817097,0.4999893034352,0.49999525730623,0.49999723299233,0.5000104797861,1727073143809
111,0.1304233884998,0.74584621015804,0.15481343811681,0.05074417817097,0.4999893034352,0.49999996882413,0.49999723299233,0.5000104797861,1727073143826
111,0.1304233884998,0.72867832529968,0.15481343811681,0.05074417817097,0.4999893034352,0.49999921007172,0.49999723299233,0.5000104797861,1727073143842
111,0.1304233884998,0.7115037470705,0.15481343811681,0.05074417817097,0.4999893034352,0.50000226221143,0.49999723299233,0.5000104797861,1727073143859
111,0.1304233884998,0.70100762955225,0.15481343811681,0.05074417817097,0.4999893034352,0.49999557691562,0.49999723299233,0.5000104797861,1727073143876
111,0.1304233884998,0.69435024697822,0.15481343811681,0.05074417817097,0.4999893034352,0.49999311945967,0.49999723299233,0.5000104797861,1727073143892
111,0.1304233884998,0.68384404255095,0.15481343811681,0.05074417817097,0.4999893034352,0.50000124648059,0.49999723299233,0.5000104797861,1727073143909
111,0.1304233884998,0.67055644766302,0.15481343811681,0.05074417817097,0.4999893034352,0.49999844193528,0.49999723299233,0.5000104797861,1727073143925
111,0.1304233884998,0.66004795380549,0.15481343811681,0.05074417817097,0.4999893034352,0.49999890954176,0.49999723299233,0.5000104797861,1727073143942
111,0.1304233884998,0.64954576577371,0.15481343811681,0.05074417817097,0.4999893034352,0.49999552326229,0.49999723299233,0.5000104797861,1727073143959
111,0.1304233884998,0.64289431400767,0.15481343811681,0.05074417817097,0.4999893034352,0.49999876117566,0.49999723299233,0.5000104797861,1727073143975
111,0.1304233884998,0.63624079684944,0.15481343811681,0.05074417817097,0.4999893034352,0.49999376184727,0.49999723299233,0.5000104797861,1727073143992
111,0.1304233884998,0.62958763327092,0.15481343811681,0.05074417817097,0.4999893034352,0.49999810837843,0.49999723299233,0.5000104797861,1727073144009
111,0.1304233884998,0.61241927491811,0.15481343811681,0.05074417817097,0.4999893034352,0.49999751300239,0.49999723299233,0.5000104797861,1727073144025
111,0.1304233884998,0.60576945668449,0.15481343811681,0.05074417817097,0.4999893034352,0.49998994295673,0.49999723299233,0.5000104797861,1727073144042
111,0.1304233884998,0.59526159925233,0.15481343811681,0.05074417817097,0.4999893034352,0.49999996034875,0.49999723299233,0.5000104797861,1727073144059
111,0.1304233884998,0.58860576736314,0.15481343811681,0.05074417817097,0.4999893034352,0.49999620833723,0.49999723299233,0.5000104797861,1727073144178
111,0.1304233884998,0.58195457834547,0.15481343811681,0.05074417817097,0.4999893034352,0.4999995147832,0.49999723299233,0.5000104797861,1727073144842
111,0.1304233884998,0.57529982269729,0.15481343811681,0.05074417817097,0.4999893034352,0.49999497972379,0.49999723299233,0.5000104797861,1727073144876
111,0.1304233884998,0.56864978995651,0.15481343811681,0.05074417817097,0.4999893034352,0.4999975512225,0.49999723299233,0.5000104797861,1727073144977
111,0.1304233884998,0.56200130029778,0.15481343811681,0.05074417817097,0.4999893034352,0.49999911713006,0.49999723299233,0.5000104797861,1727073145026
111,0.1304233884998,0.56200130029778,0.15481343811681,0.05074417817097,0.4999893034352,0.49999911713006,0.49999723299233,0.5000104797861,1727073145617
111,0.1304233884998,0.56200130029778,0.15481343811681,0.05074417817097,0.4999893034352,0.49999911713006,0.49999723299233,0.5000104797861,1727073147138
111,0.1304233884998,0.55534594139092,0.15481343811681,0.05074417817097,0.4999893034352,0.49999487940251,0.49999723299233,0.5000104797861,1727073147281
111,0.1304233884998,0.5486906491126,0.15481343811681,0.05074417817097,0.4999893034352,0.50000114490288,0.49999723299233,0.5000104797861,1727073147337
111,0.1304233884998,0.54203977347348,0.15481343811681,0.05074417817097,0.4999893034352,0.49999373227214,0.49999723299233,0.5000104797861,1727073147409
111,0.1304233884998,0.53538361828314,0.15481343811681,0.05074417817097,0.4999893034352,0.50000069995215,0.49999723299233,0.5000104797861,1727073147618
111,0.1304233884998,0.52874001189455,0.15481343811681,0.05074417817097,0.4999893034352,0.49999890238614,0.49999723299233,0.5000104797861,1727073147625
111,0.1304233884998,0.52492073700917,0.15481343811681,0.05074417817097,0.4999893034352,0.49999071917894,0.49999723299233,0.5000104797861,1727073147753
111,0.1304233884998,0.52492073700917,0.15481343811681,0.05074417817097,0.4999893034352,0.49999071917894,0.49999723299233,0.5000104797861,1727073148905
112,1.0,0.0,0.0,1.0,0.5,0.5,0.5,0.5,1727073151658
112,1.0,0.0,0.00724658389968,1.0,0.5,0.5,0.49995772943448,0.5,1727073151746
112,1.0,0.0,0.02433987743866,1.0,0.5,0.5,0.49994197731517,0.5,1727073151758
112,1.0,0.0,0.04865766045535,1.0,0.5,0.5,0.4999954037835,0.5,1727073151775
112,1.0,0.0,0.09006401299807,1.0,0.5,0.5,0.49997048533247,0.5,1727073151792
112,1.0,0.0,0.11437628729597,1.0,0.5,0.5,0.49997381990875,0.5,1727073151809
112,1.0,0.0,0.16046872247199,1.0,0.5,0.5,0.50001299264437,0.5,1727073151825
112,1.0,0.0,0.1946640240858,1.0,0.5,0.5,0.49998306815934,0.5,1727073151842
112,1.0,0.0,0.22622217004588,1.0,0.5,0.5,0.49997116646694,0.5,1727073151858
112,1.0,0.0,0.25053211958504,1.0,0.5,0.5,0.49999793170129,0.5,1727073151875
112,1.0,0.0,0.25776976015813,1.0,0.5,0.5,0.49998523273208,0.5,1727073151892
112,1.0,0.0,0.26765105502283,1.0,0.5,0.5,0.49997726812787,0.5,1727073151908
112,1.0,0.0,0.28474351444079,1.0,0.5,0.5,0.49997674662073,0.5,1727073151925
112,1.0,0.0,0.29197996989147,1.0,0.5,0.5,0.49997660596027,0.5,1727073151942
112,1.0,0.0,0.29465714934638,1.0,0.5,0.5,0.49997322332786,0.5,1727073153026
112,1.0,0.0,0.30189124655532,1.0,0.5,0.5,0.49999555256462,0.5,1727073153042
112,1.0,0.0,0.3117654686107,1.0,0.5,0.5,0.49997763412658,0.5,1727073153058
112,1.0,0.0,0.31900080505962,1.0,0.5,0.5,0.49998780793202,0.5,1727073153075
112,1.0,0.0,0.32623734921195,1.0,0.5,0.5,0.49998672900925,0.5,1727073153105
112,1.0,0.0,0.32891525729874,1.0,0.5,0.5,0.49997689556378,0.5,1727073153113
112,1.0,0.0,0.33878730086606,1.0,0.5,0.5,0.49997952664106,0.5,1727073153273
112,1.0,0.0,0.34602257835131,1.0,0.5,0.5,0.49998973534508,0.5,1727073153308
112,1.0,0.0,0.35325772956762,1.0,0.5,0.5,0.50000079763486,0.5,1727073153402
112,1.0,0.0,0.35592853273299,1.0,0.5,0.5,0.49998197848939,0.5,1727073153409
112,1.0,0.0,0.36316532847512,1.0,0.5,0.5,0.49997888038707,0.5,1727073153626
112,1.0,0.0,0.36584056895971,1.0,0.5,0.5,0.49999239948055,0.5,1727073153706
112,1.0,0.0,0.37306978996375,1.0,0.5,0.5,0.49998408183991,0.5,1727073153742
112,1.0,0.0,0.36584966801042,1.0,0.5,0.5,0.49998462000371,0.5,1727073155018
112,1.0,0.0,0.35862868352562,1.0,0.5,0.5,0.49999260711529,0.5,1727073155042
112,1.0,0.0,0.35140092607375,1.0,0.5,0.5,0.49998845749317,0.5,1727073155058
112,1.0,0.0,0.34418022445365,1.0,0.5,0.5,0.49999418750927,0.5,1727073155154
112,1.0,0.0,0.33696279558977,1.0,0.5,0.5,0.49997080157394,0.5,1727073155226
112,1.0,0.0,0.32974196141086,1.0,0.5,0.5,0.49997765399643,0.5,1727073155257
112,1.0,0.0,0.32251263787018,1.0,0.5,0.5,0.49998745963903,0.5,1727073156218
112,1.0,0.0,0.32251263787018,1.0,0.5,0.5,0.49998745963903,0.5,1727073157833
112,1.0,0.0,0.32251263787018,1.0,0.5,0.5,0.49998745963903,0.5,1727073159146
112,1.0,0.0,0.32251263787018,1.0,0.5,0.5,0.49998745963903,0.5,1727073160147
112,1.0,0.0,0.32251263787018,0.97899872387586,0.5,0.5,0.49998745963903,0.49999942753052,1727073160258
112,1.0,0.0,0.32251263787018,0.91606992725777,0.5,0.5,0.49998745963903,0.49999669230719,1727073160275
112,1.0,0.0,0.32251263787018,0.85315549545637,0.5,0.5,0.49998745963903,0.500000824279,1727073160291
112,1.0,0.0,0.32251263787018,0.78352137002511,0.5,0.5,0.49998745963903,0.49999908946011,1727073160308
112,1.0,0.0,0.32251263787018,0.73485741828259,0.5,0.5,0.49998745963903,0.49999769349834,1727073160325
112,1.0,0.0,0.32251263787018,0.68619299558181,0.5,0.5,0.49998745963903,0.49999587505678,1727073160341
112,1.0,0.0,0.32251263787018,0.65471251706679,0.5,0.5,0.49998745963903,0.50000294019001,1727073160358
112,1.0,0.0,0.32251263787018,0.62703301199067,0.5,0.5,0.49998745963903,0.50000140986459,1727073160375
112,1.0,0.0,0.32251263787018,0.61653102336504,0.5,0.5,0.49998745963903,0.49999526746795,1727073160391
112,1.0,0.0,0.32251263787018,0.6022278800792,0.5,0.5,0.49998745963903,0.49999813092992,1727073160408
112,1.0,0.0,0.32251263787018,0.58505517855655,0.5,0.5,0.49998745963903,0.49999580099141,1727073160425
112,1.0,0.0,0.32251263787018,0.57076088739719,0.5,0.5,0.49998745963903,0.49999439550554,1727073160441
112,1.0,0.0,0.32251263787018,0.54308848526013,0.5,0.5,0.49998745963903,0.49999734276939,1727073160458
112,1.0,0.0,0.32251263787018,0.51161311639927,0.5,0.5,0.49998745963903,0.49999835804602,1727073160475
112,1.0,0.0,0.32251263787018,0.48013270424008,0.5,0.5,0.49998745963903,0.49999565261342,1727073160491
112,1.0,0.0,0.32251263787018,0.45914366214107,0.5,0.5,0.49998745963903,0.50000404324132,1727073160508
112,1.0,0.0,0.32251263787018,0.42097542976294,0.5,0.5,0.49998745963903,0.500005093598,1727073160525
112,1.0,0.0,0.32251263787018,0.41047212959185,0.5,0.5,0.49998745963903,0.49999599863503,1727073160542
112,1.0,0.0,0.32251263787018,0.39329757553344,0.5,0.5,0.49998745963903,0.49999132954204,1727073160558
112,1.0,0.0,0.32251263787018,0.38280160272671,0.5,0.5,0.49998745963903,0.50000139637628,1727073160575
112,1.0,0.0,0.32251263787018,0.37229815401075,0.5,0.5,0.49998745963903,0.49999154946532,1727073160591
112,1.0,0.0,0.32251263787018,0.36848843542506,0.5,0.5,0.49998745963903,0.49999654820534,1727073160681
112,1.0,0.0,0.32251263787018,0.35798471064037,0.5,0.5,0.49998745963903,0.50000008637922,1727073160725
112,1.0,0.0,0.32251263787018,0.35418177127719,0.5,0.5,0.49998745963903,0.49999740468865,1727073160753
112,1.0,0.0,0.32251263787018,0.34752877420922,0.5,0.5,0.49998745963903,0.49999106165391,1727073160769
112,1.0,0.0,0.32251263787018,0.35419715714511,0.5,0.5,0.49998745963903,0.49999740589766,1727073161250
112,1.0,0.0,0.32251263787018,0.36471568939059,0.5,0.5,0.49998745963903,0.49999337422433,1727073161265
112,1.0,0.0,0.32251263787018,0.37138806189389,0.5,0.5,0.49998745963903,0.49998940783652,1727073161281
112,1.0,0.0,0.32251263787018,0.38190105310178,0.5,0.5,0.49998745963903,0.49999420733281,1727073161292
112,1.0,0.0,0.32251263787018,0.39906908323642,0.5,0.5,0.49998745963903,0.49999334070996,1727073161308
112,1.0,0.0,0.32251263787018,0.40958770315663,0.5,0.5,0.49998745963903,0.50000258097085,1727073161325
112,1.0,0.0,0.32251263787018,0.42295278156245,0.5,0.5,0.49998745963903,0.49999912781372,1727073161341
112,1.0,0.0,0.32251263787018,0.42962852504623,0.5,0.5,0.49998745963903,0.49999817946949,1727073161369
112,1.0,0.0,0.32251263787018,0.43350831973333,0.5,0.5,0.49998745963903,0.50000050609156,1727073161408
112,1.0,0.0,0.32251263787018,0.43350831973333,0.5,0.5,0.49998745963903,0.50000050609156,1727073161993
112,1.0,0.0,0.32251263787018,0.43350831973333,0.5,0.5,0.49998745963903,0.50000050609156,1727073163667
112,0.99617414600939,0.0,0.32251263787018,0.43350831973333,0.5000021745854,0.5,0.49998745963903,0.50000050609156,1727073163802
112,0.9923471289891,0.0,0.32251263787018,0.43350831973333,0.5000038464374,0.5,0.49998745963903,0.50000050609156,1727073163810
112,0.98851304495382,0.0,0.32251263787018,0.43350831973333,0.50000238274951,0.5,0.49998745963903,0.50000050609156,1727073163825
112,0.97420260222027,0.0,0.32251263787018,0.43350831973333,0.50000117192912,0.5,0.49998745963903,0.50000050609156,1727073163842
112,0.94270888011432,0.0,0.32251263787018,0.43350831973333,0.50000054906275,0.5,0.49998745963903,0.50000050609156,1727073163858
112,0.91791225685241,0.0,0.32251263787018,0.43350831973333,0.50000215475414,0.5,0.49998745963903,0.50000050609156,1727073163874
112,0.89690953726146,0.0,0.32251263787018,0.43350831973333,0.50000088688426,0.5,0.49998745963903,0.50000050609156,1727073163891
112,0.88929502741289,0.0,0.32251263787018,0.43350831973333,0.50000131612963,0.5,0.49998745963903,0.50000050609156,1727073163908
112,0.87878743473154,0.0,0.32251263787018,0.43350831973333,0.50000137704119,0.5,0.49998745963903,0.50000050609156,1727073163924
112,0.86828619173062,0.0,0.32251263787018,0.43350831973333,0.50000456955437,0.5,0.49998745963903,0.50000050609156,1727073163941
112,0.85778222269664,0.0,0.32251263787018,0.43350831973333,0.49999880918968,0.5,0.49998745963903,0.50000050609156,1727073163958
112,0.83677562967589,0.0,0.32251263787018,0.43350831973333,0.50000324620704,0.5,0.49998745963903,0.50000050609156,1727073163974
112,0.81198756551417,0.0,0.32251263787018,0.43350831973333,0.50000153155367,0.5,0.49998745963903,0.50000050609156,1727073163991
112,0.78719846161192,0.0,0.32251263787018,0.43350831973333,0.49999918226061,0.5,0.49998745963903,0.50000050609156,1727073164008
112,0.76620004721566,0.0,0.32251263787018,0.43350831973333,0.50000002561636,0.5,0.49998745963903,0.50000050609156,1727073164024
112,0.74519454015162,0.0,0.32251263787018,0.43350831973333,0.49999697528993,0.5,0.49998745963903,0.50000050609156,1727073164041
112,0.72712741070956,0.0,0.32251263787018,0.43350831973333,0.50000244526963,0.5,0.49998745963903,0.50000050609156,1727073164058
112,0.72047548468001,0.0,0.32251263787018,0.43350831973333,0.49999918284393,0.5,0.49998745963903,0.50000050609156,1727073164075
112,0.71288115721521,0.0,0.32251263787018,0.43350831973333,0.50000242439171,0.5,0.49998745963903,0.50000050609156,1727073164091
112,0.70237547158276,0.0,0.32251263787018,0.43350831973333,0.5000036127947,0.5,0.49998745963903,0.50000050609156,1727073164108
112,0.69855222993957,0.0,0.32251263787018,0.43350831973333,0.49999906060426,0.5,0.49998745963903,0.50000050609156,1727073164125
112,0.69190014506337,0.0,0.32251263787018,0.43350831973333,0.50000458749595,0.5,0.49998745963903,0.50000050609156,1727073164175
112,0.68807654089994,0.0,0.32251263787018,0.43350831973333,0.49999977538587,0.5,0.49998745963903,0.50000050609156,1727073164194
112,0.68142245814692,0.0,0.32251263787018,0.43350831973333,0.50000418696946,0.5,0.49998745963903,0.50000050609156,1727073164208
112,0.67760373670799,0.0,0.32251263787018,0.43350831973333,0.50000222094161,0.5,0.49998745963903,0.50000050609156,1727073164225
112,0.67094791346626,0.0,0.32251263787018,0.43350831973333,0.50000565842205,0.5,0.49998745963903,0.50000050609156,1727073164241
112,0.66712162353199,0.0,0.32251263787018,0.43350831973333,0.49999912629173,0.5,0.49998745963903,0.50000050609156,1727073164258
112,0.66046862540233,0.0,0.32251263787018,0.43350831973333,0.50000429144954,0.5,0.49998745963903,0.50000050609156,1727073164289
112,0.65664703885777,0.0,0.32251263787018,0.43350831973333,0.50000053817237,0.5,0.49998745963903,0.50000050609156,1727073164297
112,0.64614548142835,0.0,0.32251263787018,0.43350831973333,0.50000431878878,0.5,0.49998745963903,0.50000050609156,1727073164313
112,0.6423198394865,0.0,0.32251263787018,0.43350831973333,0.49999799971562,0.5,0.49998745963903,0.50000050609156,1727073164329
112,0.63566922641526,0.0,0.32251263787018,0.43350831973333,0.50000478574258,0.5,0.49998745963903,0.50000050609156,1727073164341
112,0.64234073634936,0.0,0.32251263787018,0.43350831973333,0.50000140548151,0.5,0.49998745963903,0.50000050609156,1727073164906
112,0.64900619251369,0.0,0.32251263787018,0.43350831973333,0.50000379764659,0.5,0.49998745963903,0.50000050609156,1727073165026
112,0.6556810790105,0.0,0.32251263787018,0.43350831973333,0.50000252990215,0.5,0.49998745963903,0.50000050609156,1727073165218
112,0.66235320878395,0.0,0.32251263787018,0.43350831973333,0.49999961484164,0.5,0.49998745963903,0.50000050609156,1727073165233
112,0.66621924193758,0.0,0.32251263787018,0.43350831973333,0.50000232111664,0.5,0.49998745963903,0.50000050609156,1727073165241
112,0.6728915234601,0.0,0.32251263787018,0.43350831973333,0.49999953150513,0.5,0.49998745963903,0.50000050609156,1727073165746
112,0.67956483883893,0.0,0.32251263787018,0.43350831973333,0.50000651979582,0.5,0.49998745963903,0.50000050609156,1727073165930
112,0.68343100824733,0.0,0.32251263787018,0.43350831973333,0.50000014117463,0.5,0.49998745963903,0.50000050609156,1727073165978
112,0.69009617172654,0.0,0.32251263787018,0.43350831973333,0.50000226610031,0.5,0.49998745963903,0.50000050609156,1727073166050
112,0.69677119368791,0.0,0.32251263787018,0.43350831973333,0.50000114305696,0.5,0.49998745963903,0.50000050609156,1727073166250
112,0.7034351411463,0.0,0.32251263787018,0.43350831973333,0.50000252808124,0.5,0.49998745963903,0.50000050609156,1727073166730
112,0.7034351411463,0.0,0.32251263787018,0.43350831973333,0.50000252808124,0.5,0.49998745963903,0.50000050609156,1727073166761
112,0.7034351411463,0.0,0.32251263787018,0.43350831973333,0.50000252808124,0.5,0.49998745963903,0.50000050609156,1727073167258
112,0.7034351411463,0.01343564657091,0.32251263787018,0.43350831973333,0.50000252808124,0.49998979253481,0.49998745963903,0.50000050609156,1727073167345
112,0.7034351411463,0.01736439584122,0.32251263787018,0.43350831973333,0.50000252808124,0.49997824575998,0.49998745963903,0.50000050609156,1727073167358
112,0.7034351411463,0.0412388726603,0.32251263787018,0.43350831973333,0.50000252808124,0.49998465989761,0.49998745963903,0.50000050609156,1727073167374
112,0.7034351411463,0.0689165276309,0.32251263787018,0.43350831973333,0.50000252808124,0.49998472595149,0.49998745963903,0.50000050609156,1727073167391
112,0.7034351411463,0.09952381222936,0.32251263787018,0.43350831973333,0.50000252808124,0.49999884014935,0.49998745963903,0.50000050609156,1727073167408
112,0.7034351411463,0.14730284332743,0.32251263787018,0.43350831973333,0.50000252808124,0.49998537998286,0.49998745963903,0.50000050609156,1727073167424
112,0.7034351411463,0.16447711356864,0.32251263787018,0.43350831973333,0.50000252808124,0.49999974661195,0.49998745963903,0.50000050609156,1727073167441
112,0.7034351411463,0.18833176518889,0.32251263787018,0.43350831973333,0.50000252808124,0.49998907203058,0.49998745963903,0.50000050609156,1727073167458
112,0.7034351411463,0.2055038217385,0.32251263787018,0.43350831973333,0.50000252808124,0.49998606378402,0.49998745963903,0.50000050609156,1727073167474
112,0.7034351411463,0.20940303508256,0.32251263787018,0.43350831973333,0.50000252808124,0.49999635760602,0.49998745963903,0.50000050609156,1727073167491
112,0.7034351411463,0.21607891863642,0.32251263787018,0.43350831973333,0.50000252808124,0.49999763943663,0.49998745963903,0.50000050609156,1727073167508
112,0.7034351411463,0.22275498062752,0.32251263787018,0.43350831973333,0.50000252808124,0.49999867697241,0.49998745963903,0.50000050609156,1727073167537
112,0.7034351411463,0.2294351817501,0.32251263787018,0.43350831973333,0.50000252808124,0.49999492580911,0.49998745963903,0.50000050609156,1727073167602
112,0.7034351411463,0.23332795251759,0.32251263787018,0.43350831973333,0.50000252808124,0.49999443845209,0.49998745963903,0.50000050609156,1727073167617
112,0.7034351411463,0.24000418179809,0.32251263787018,0.43350831973333,0.50000252808124,0.49999529485076,0.49998745963903,0.50000050609156,1727073167633
112,0.7034351411463,0.24667850560285,0.32251263787018,0.43350831973333,0.50000252808124,0.49999824334695,0.49998745963903,0.50000050609156,1727073167657
112,0.7034351411463,0.25056960567448,0.32251263787018,0.43350831973333,0.50000252808124,0.49999958707835,0.49998745963903,0.50000050609156,1727073167674
112,0.7034351411463,0.25724809335825,0.32251263787018,0.43350831973333,0.50000252808124,0.49999789194202,0.49998745963903,0.50000050609156,1727073167746
112,0.7034351411463,0.2639189690834,0.32251263787018,0.43350831973333,0.50000252808124,0.49998790239336,0.49998745963903,0.50000050609156,1727073167791
112,0.7034351411463,0.27443083886595,0.32251263787018,0.43350831973333,0.50000252808124,0.4999999267933,0.49998745963903,0.50000050609156,1727073167994
112,0.7034351411463,0.27832130060645,0.32251263787018,0.43350831973333,0.50000252808124,0.50000185367364,0.49998745963903,0.50000050609156,1727073168008
112,0.7034351411463,0.28883848804915,0.32251263787018,0.43350831973333,0.50000252808124,0.49999210227643,0.49998745963903,0.50000050609156,1727073168024
112,0.7034351411463,0.30988262844361,0.32251263787018,0.43350831973333,0.50000252808124,0.49999438180786,0.49998745963903,0.50000050609156,1727073168041
112,0.7034351411463,0.34949720901944,0.32251263787018,0.43350831973333,0.50000252808124,0.49999549249012,0.49998745963903,0.50000050609156,1727073168050
112,0.7034351411463,0.34949720901944,0.32251263787018,0.43350831973333,0.50000252808124,0.49999549249012,0.49998745963903,0.50000050609156,1727073168050
112,0.7034351411463,0.34949720901944,0.32251263787018,0.43350831973333,0.50000252808124,0.49999549249012,0.49998745963903,0.50000050609156,1727073168739
112,0.7034351411463,0.34284850881372,0.32251263787018,0.43350831973333,0.50000252808124,0.49999780996199,0.49998745963903,0.50000050609156,1727073168818
112,0.7034351411463,0.33620023274851,0.32251263787018,0.43350831973333,0.50000252808124,0.49998531173259,0.49998745963903,0.50000050609156,1727073168874
112,0.7034351411463,0.32954810695774,0.32251263787018,0.43350831973333,0.50000252808124,0.4999908242586,0.49998745963903,0.50000050609156,1727073168897
112,0.7034351411463,0.3229019202585,0.32251263787018,0.43350831973333,0.50000252808124,0.49999074942759,0.49998745963903,0.50000050609156,1727073168954
112,0.7034351411463,0.31624748960085,0.32251263787018,0.43350831973333,0.50000252808124,0.49999869943827,0.49998745963903,0.50000050609156,1727073168991
112,0.7034351411463,0.31624748960085,0.32251263787018,0.43350831973333,0.50000252808124,0.49999869943827,0.49998745963903,0.50000050609156,1727073169306
112,0.7034351411463,0.31624748960085,0.32251263787018,0.43350831973333,0.50000252808124,0.49999869943827,0.49998745963903,0.50000050609156,1727073174891
112,0.7034351411463,0.31624748960085,0.32518797178337,0.43350831973333,0.50000252808124,0.49999869943827,0.50000104218196,0.50000050609156,1727073175258
112,0.7034351411463,0.31624748960085,0.32518797178337,0.43350831973333,0.50000252808124,0.49999869943827,0.50000104218196,0.50000050609156,1727073175762
113,0.66666666666667,0.0,0.0,0.33333333333333,0.5,0.5,0.5,0.5,1727073180154
113,0.66666666666667,0.0,0.0,0.33333333333333,0.5,0.5,0.5,0.5,1727073180930
113,0.66666666666667,0.0,0.00724742041118,0.33333333333333,0.5,0.5,0.49994066777973,0.5,1727073180994
113,0.66666666666667,0.0,0.01448453497805,0.33333333333333,0.5,0.5,0.49992829136957,0.5,1727073181009
113,0.66666666666667,0.0,0.02172850921255,0.33333333333333,0.5,0.5,0.49994218615197,0.5,1727073181024
113,0.66666666666667,0.0,0.04874879067878,0.33333333333333,0.5,0.5,0.49997635870189,0.5,1727073181040
113,0.66666666666667,0.0,0.0757555006101,0.33333333333333,0.5,0.5,0.49995975557517,0.5,1727073181057
113,0.66666666666667,0.0,0.10007421879472,0.33333333333333,0.5,0.5,0.49999008381898,0.5,1727073181073
113,0.66666666666667,0.0,0.1171670546368,0.33333333333333,0.5,0.5,0.49998334820264,0.5,1727073181090
113,0.66666666666667,0.0,0.12440369955783,0.33333333333333,0.5,0.5,0.49998036162439,0.5,1727073181107
113,0.66666666666667,0.0,0.13429242107911,0.33333333333333,0.5,0.5,0.49998012663337,0.5,1727073181123
113,0.66666666666667,0.0,0.14152851892203,0.33333333333333,0.5,0.5,0.49998466199639,0.5,1727073181177
113,0.66666666666667,0.0,0.14422766205218,0.33333333333333,0.5,0.5,0.50001446517715,0.5,1727073181190
113,0.66666666666667,0.0,0.15146727866588,0.33333333333333,0.5,0.5,0.49997227835558,0.5,1727073181207
113,0.66666666666667,0.0,0.15415880881257,0.33333333333333,0.5,0.5,0.4999939914819,0.5,1727073181223
113,0.66666666666667,0.0,0.16139779089338,0.33333333333333,0.5,0.5,0.49996127726069,0.5,1727073181240
113,0.66666666666667,0.0,0.16863059364167,0.33333333333333,0.5,0.5,0.50000714572197,0.5,1727073181474
113,0.66666666666667,0.0,0.17132563751385,0.33333333333333,0.5,0.5,0.49998399117978,0.5,1727073181490
113,0.66666666666667,0.0,0.17856168919163,0.33333333333333,0.5,0.5,0.49998863463177,0.5,1727073181578
113,0.66666666666667,0.0,0.18579832673312,0.33333333333333,0.5,0.5,0.49998606984793,0.5,1727073181590
113,0.66666666666667,0.0,0.1884911319248,0.33333333333333,0.5,0.5,0.49999074061174,0.5,1727073181609
113,0.66666666666667,0.0,0.19572678188892,0.33333333333333,0.5,0.5,0.49999982483966,0.5,1727073181657
113,0.66666666666667,0.0,0.20296584586162,0.33333333333333,0.5,0.5,0.49996907060422,0.5,1727073181802
113,0.66666666666667,0.0,0.2056489990947,0.33333333333333,0.5,0.5,0.49999054705833,0.5,1727073181809
113,0.66666666666667,0.0,0.20833521480211,0.33333333333333,0.5,0.5,0.49997671188717,0.5,1727073181825
113,0.66666666666667,0.0,0.215573108371,0.33333333333333,0.5,0.5,0.49996034101263,0.5,1727073181840
113,0.66666666666667,0.0,0.2228071024259,0.33333333333333,0.5,0.5,0.49998774663969,0.5,1727073181857
113,0.66666666666667,0.0,0.22549408892273,0.33333333333333,0.5,0.5,0.49996592096872,0.5,1727073181986
113,0.66666666666667,0.0,0.23272757790925,0.33333333333333,0.5,0.5,0.49999817003872,0.5,1727073182034
113,0.66666666666667,0.0,0.22550820659838,0.33333333333333,0.5,0.5,0.49999079759256,0.5,1727073184010
113,0.66666666666667,0.0,0.21828908796327,0.33333333333333,0.5,0.5,0.49998036670328,0.5,1727073184034
113,0.66666666666667,0.0,0.21106905696456,0.33333333333333,0.5,0.5,0.4999799922507,0.5,1727073184073
113,0.66666666666667,0.0,0.20384754372508,0.33333333333333,0.5,0.5,0.49999674290168,0.5,1727073184090
113,0.66666666666667,0.0,0.19662775073441,0.33333333333333,0.5,0.5,0.49999382480393,0.5,1727073184107
113,0.66666666666667,0.0,0.18940686400148,0.33333333333333,0.5,0.5,0.50000387197074,0.5,1727073184123
113,0.66666666666667,0.0,0.19209579706694,0.33333333333333,0.5,0.5,0.49995719588247,0.5,1727073185850
113,0.66666666666667,0.0,0.19209579706694,0.33333333333333,0.5,0.5,0.49995719588247,0.5,1727073186338
113,0.66666666666667,0.0,0.19209579706694,0.33333333333333,0.5,0.5,0.49995719588247,0.5,1727073188019
113,0.66284512059088,0.0,0.19209579706694,0.33333333333333,0.49999937594716,0.5,0.49995719588247,0.5,1727073188106
113,0.64854787443344,0.0,0.19209579706694,0.33333333333333,0.50000577553196,0.5,0.49995719588247,0.5,1727073188124
113,0.63803846782518,0.0,0.19209579706694,0.33333333333333,0.50000477958062,0.5,0.49995719588247,0.5,1727073188140
113,0.62374025244344,0.0,0.19209579706694,0.33333333333333,0.50000113005823,0.5,0.49995719588247,0.5,1727073188156
113,0.60657005493659,0.0,0.19209579706694,0.33333333333333,0.50000053047286,0.5,0.49995719588247,0.5,1727073188173
113,0.59226705467376,0.0,0.19209579706694,0.33333333333333,0.50000361078339,0.5,0.49995719588247,0.5,1727073188190
113,0.58467991921793,0.0,0.19209579706694,0.33333333333333,0.50000197903184,0.5,0.49995719588247,0.5,1727073188206
113,0.56368363232008,0.0,0.19209579706694,0.33333333333333,0.50000454598617,0.5,0.49995719588247,0.5,1727073188223
113,0.54269050683834,0.0,0.19209579706694,0.33333333333333,0.49999874747685,0.5,0.49995719588247,0.5,1727073188240
113,0.52839449704069,0.0,0.19209579706694,0.33333333333333,0.50000699906156,0.5,0.49995719588247,0.5,1727073188256
113,0.51788954248935,0.0,0.19209579706694,0.33333333333333,0.49999801464001,0.5,0.49995719588247,0.5,1727073188273
113,0.50359898668039,0.0,0.19209579706694,0.33333333333333,0.49999925866076,0.5,0.49995719588247,0.5,1727073188290
113,0.49977829837801,0.0,0.19209579706694,0.33333333333333,0.50000666760378,0.5,0.49995719588247,0.5,1727073188306
113,0.48927791302764,0.0,0.19209579706694,0.33333333333333,0.50000073827217,0.5,0.49995719588247,0.5,1727073188323
113,0.47211199385186,0.0,0.19209579706694,0.33333333333333,0.50000328420418,0.5,0.49995719588247,0.5,1727073188340
113,0.4616078344183,0.0,0.19209579706694,0.33333333333333,0.50000606982251,0.5,0.49995719588247,0.5,1727073188356
113,0.45779292683626,0.0,0.19209579706694,0.33333333333333,0.50000647411741,0.5,0.49995719588247,0.5,1727073188373
113,0.44729422932374,0.0,0.19209579706694,0.33333333333333,0.50000151937364,0.5,0.49995719588247,0.5,1727073188390
113,0.44347422900767,0.0,0.19209579706694,0.33333333333333,0.49999785814801,0.5,0.49995719588247,0.5,1727073188406
113,0.43966570962266,0.0,0.19209579706694,0.33333333333333,0.50000333448414,0.5,0.49995719588247,0.5,1727073188423
113,0.43585175729202,0.0,0.19209579706694,0.33333333333333,0.50000450438073,0.5,0.49995719588247,0.5,1727073188440
113,0.41868344347289,0.0,0.19209579706694,0.33333333333333,0.5000053760518,0.5,0.49995719588247,0.5,1727073188456
113,0.41112530764177,0.0,0.19209579706694,0.33333333333333,0.50000186025093,0.5,0.49995719588247,0.5,1727073188473
113,0.39683940552849,0.0,0.19209579706694,0.33333333333333,0.5000073610696,0.5,0.49995719588247,0.5,1727073188490
113,0.39301703258493,0.0,0.19209579706694,0.33333333333333,0.50000141298404,0.5,0.49995719588247,0.5,1727073188506
113,0.38921002768209,0.0,0.19209579706694,0.33333333333333,0.49999537955276,0.5,0.49995719588247,0.5,1727073188523
113,0.38539979988515,0.0,0.19209579706694,0.33333333333333,0.49999982636264,0.5,0.49995719588247,0.5,1727073188540
113,0.37489785208714,0.0,0.19209579706694,0.33333333333333,0.50000489164843,0.5,0.49995719588247,0.5,1727073188556
113,0.37109275723688,0.0,0.19209579706694,0.33333333333333,0.50000039904975,0.5,0.49995719588247,0.5,1727073188573
113,0.36727847596053,0.0,0.19209579706694,0.33333333333333,0.50000138697411,0.5,0.49995719588247,0.5,1727073188626
113,0.36062771732999,0.0,0.19209579706694,0.33333333333333,0.49999724447079,0.5,0.49995719588247,0.5,1727073188714
113,0.3568164839552,0.0,0.19209579706694,0.33333333333333,0.50000099881543,0.5,0.49995719588247,0.5,1727073188730
113,0.35017026622895,0.0,0.19209579706694,0.33333333333333,0.50000095119459,0.5,0.49995719588247,0.5,1727073188745
113,0.34635801568161,0.0,0.19209579706694,0.33333333333333,0.50000385469537,0.5,0.49995719588247,0.5,1727073188756
113,0.3530356796321,0.0,0.19209579706694,0.33333333333333,0.50000448935708,0.5,0.49995719588247,0.5,1727073188994
113,0.3530356796321,0.0,0.19209579706694,0.33333333333333,0.50000448935708,0.5,0.49995719588247,0.5,1727073188994
113,0.3530356796321,0.0,0.19209579706694,0.33333333333333,0.50000448935708,0.5,0.49995719588247,0.5,1727073190163
113,0.3530356796321,0.0066904725038,0.19209579706694,0.33333333333333,0.50000448935708,0.50000394168736,0.49995719588247,0.5,1727073190282
113,0.3530356796321,0.01338434008463,0.19209579706694,0.33333333333333,0.50000448935708,0.5000005762712,0.49995719588247,0.5,1727073190297
113,0.3530356796321,0.02681615562425,0.19209579706694,0.33333333333333,0.50000448935708,0.49999846439865,0.49995719588247,0.5,1727073190314
113,0.3530356796321,0.03732979910879,0.19209579706694,0.33333333333333,0.50000448935708,0.49998710150916,0.49995719588247,0.5,1727073190323
113,0.3530356796321,0.05450116066977,0.19209579706694,0.33333333333333,0.50000448935708,0.50001182620638,0.49995719588247,0.5,1727073190340
113,0.3530356796321,0.07168011361898,0.19209579706694,0.33333333333333,0.50000448935708,0.49999453172551,0.49995719588247,0.5,1727073190356
113,0.3530356796321,0.08884855615519,0.19209579706694,0.33333333333333,0.50000448935708,0.49999609128967,0.49995719588247,0.5,1727073190373
113,0.3530356796321,0.09936737170617,0.19209579706694,0.33333333333333,0.50000448935708,0.50000293374873,0.49995719588247,0.5,1727073190390
113,0.3530356796321,0.11277069372988,0.19209579706694,0.33333333333333,0.50000448935708,0.4999977766341,0.49995719588247,0.5,1727073190406
113,0.3530356796321,0.11667606849068,0.19209579706694,0.33333333333333,0.50000448935708,0.50000128494407,0.49995719588247,0.5,1727073190423
113,0.3530356796321,0.12335602452924,0.19209579706694,0.33333333333333,0.50000448935708,0.49999678323073,0.49995719588247,0.5,1727073190440
113,0.3530356796321,0.13782624630372,0.19209579706694,0.33333333333333,0.50000448935708,0.50000642974831,0.49995719588247,0.5,1727073190456
113,0.3530356796321,0.15500433343672,0.19209579706694,0.33333333333333,0.50000448935708,0.49999410094062,0.49995719588247,0.5,1727073190473
113,0.3530356796321,0.18267962616235,0.19209579706694,0.33333333333333,0.50000448935708,0.49999655567897,0.49995719588247,0.5,1727073190489
113,0.3530356796321,0.20653821157118,0.19209579706694,0.33333333333333,0.50000448935708,0.50000030186776,0.49995719588247,0.5,1727073190506
113,0.3530356796321,0.21705203950318,0.19209579706694,0.33333333333333,0.50000448935708,0.49999305232459,0.49995719588247,0.5,1727073190523
113,0.3530356796321,0.22757252482896,0.19209579706694,0.33333333333333,0.50000448935708,0.4999961972096,0.49995719588247,0.5,1727073190539
113,0.3530356796321,0.23424741066909,0.19209579706694,0.33333333333333,0.50000448935708,0.49999856907326,0.49995719588247,0.5,1727073190561
113,0.3530356796321,0.24092091817167,0.19209579706694,0.33333333333333,0.50000448935708,0.5000024243882,0.49995719588247,0.5,1727073190577
113,0.3530356796321,0.24481495193248,0.19209579706694,0.33333333333333,0.50000448935708,0.50000048210057,0.49995719588247,0.5,1727073190802
113,0.3530356796321,0.2553262202909,0.19209579706694,0.33333333333333,0.50000448935708,0.49999657047738,0.49995719588247,0.5,1727073190840
113,0.3530356796321,0.26200919698851,0.19209579706694,0.33333333333333,0.50000448935708,0.49999009675926,0.49995719588247,0.5,1727073190856
113,0.3530356796321,0.26589856347655,0.19209579706694,0.33333333333333,0.50000448935708,0.49999331460121,0.49995719588247,0.5,1727073190873
113,0.3530356796321,0.27256978461449,0.19209579706694,0.33333333333333,0.50000448935708,0.49999941567453,0.49995719588247,0.5,1727073190889
113,0.3530356796321,0.27646167162001,0.19209579706694,0.33333333333333,0.50000448935708,0.49999986055171,0.49995719588247,0.5,1727073190940
113,0.3530356796321,0.28314101605514,0.19209579706694,0.33333333333333,0.50000448935708,0.49999735833912,0.49995719588247,0.5,1727073190956
113,0.3530356796321,0.28980832043955,0.19209579706694,0.33333333333333,0.50000448935708,0.50000721495505,0.49995719588247,0.5,1727073193130
113,0.3530356796321,0.29648825452504,0.19209579706694,0.33333333333333,0.50000448935708,0.50000408907409,0.49995719588247,0.5,1727073193153
113,0.3530356796321,0.30700255128639,0.19209579706694,0.33333333333333,0.50000448935708,0.49999747470305,0.49995719588247,0.5,1727073193210
113,0.3530356796321,0.31367775049914,0.19209579706694,0.33333333333333,0.50000448935708,0.49999919070474,0.49995719588247,0.5,1727073193223
113,0.3530356796321,0.32418885509606,0.19209579706694,0.33333333333333,0.50000448935708,0.49999592908755,0.49995719588247,0.5,1727073193330
113,0.3530356796321,0.32418885509606,0.19209579706694,0.33333333333333,0.50000448935708,0.49999592908755,0.49995719588247,0.5,1727073193746
113,0.3530356796321,0.32418885509606,0.19209579706694,0.33333333333333,0.50000448935708,0.49999592908755,0.49995719588247,0.5,1727073196563
113,0.3530356796321,0.32418885509606,0.19209579706694,0.34000345651296,0.50000448935708,0.49999592908755,0.49995719588247,0.50000322993639,1727073196586
113,0.3530356796321,0.32418885509606,0.19209579706694,0.34667680946407,0.50000448935708,0.49999592908755,0.49995719588247,0.49999989502187,1727073196602
113,0.3530356796321,0.32418885509606,0.19209579706694,0.35335502197156,0.50000448935708,0.49999592908755,0.49995719588247,0.50000107442895,1727073196609
113,0.3530356796321,0.32418885509606,0.19209579706694,0.37344799866425,0.50000448935708,0.49999592908755,0.49995719588247,0.50000163141281,1727073196622
113,0.3530356796321,0.32418885509606,0.19209579706694,0.427444303417,0.50000448935708,0.49999592908755,0.49995719588247,0.49999849405253,1727073196639
113,0.3530356796321,0.32418885509606,0.19209579706694,0.51567990342836,0.50000448935708,0.49999592908755,0.49995719588247,0.50000214600483,1727073196656
113,0.3530356796321,0.32418885509606,0.19209579706694,0.61062612163082,0.50000448935708,0.49999592908755,0.49995719588247,0.49999702268107,1727073196673
113,0.3530356796321,0.32418885509606,0.19209579706694,0.7329774709257,0.50000448935708,0.49999592908755,0.49995719588247,0.49999599283652,1727073196689
113,0.3530356796321,0.32418885509606,0.19209579706694,0.88963698316684,0.50000448935708,0.49999592908755,0.49995719588247,0.49999556344052,1727073196706
113,0.3530356796321,0.32418885509606,0.19209579706694,0.97045301458403,0.50000448935708,0.49999592908755,0.49995719588247,0.50000309927498,1727073196722
113,0.3530356796321,0.32418885509606,0.19209579706694,1.0,0.50000448935708,0.49999592908755,0.49995719588247,0.5,1727073196739
113,0.3530356796321,0.32418885509606,0.19209579706694,1.0,0.50000448935708,0.49999592908755,0.49995719588247,0.5,1727073196756
113,0.3530356796321,0.32418885509606,0.19209579706694,1.0,0.50000448935708,0.49999592908755,0.49995719588247,0.5,1727073196772
113,0.3530356796321,0.32418885509606,0.19209579706694,1.0,0.50000448935708,0.49999592908755,0.49995719588247,0.5,1727073196789
113,0.3530356796321,0.32418885509606,0.19209579706694,0.99333826590699,0.50000448935708,0.49999592908755,0.49995719588247,0.49999991325187,1727073197594
113,0.3530356796321,0.32418885509606,0.19209579706694,0.98668289978142,0.50000448935708,0.49999592908755,0.49995719588247,0.49999580582889,1727073197606
113,0.3530356796321,0.32418885509606,0.19209579706694,0.96568759772919,0.50000448935708,0.49999592908755,0.49995719588247,0.49999786397393,1727073197623
113,0.3530356796321,0.32418885509606,0.19209579706694,0.92750514673812,0.50000448935708,0.49999592908755,0.49995719588247,0.4999988081185,1727073197639
113,0.3530356796321,0.32418885509606,0.19209579706694,0.90650049568711,0.50000448935708,0.49999592908755,0.49995719588247,0.49999656921117,1727073197656
113,0.3530356796321,0.32418885509606,0.19209579706694,0.87883147924292,0.50000448935708,0.49999592908755,0.49995719588247,0.50000034677466,1727073197672
113,0.3530356796321,0.32418885509606,0.19209579706694,0.85115158304966,0.50000448935708,0.49999592908755,0.49995719588247,0.49999886689973,1727073197689
113,0.3530356796321,0.32418885509606,0.19209579706694,0.84064560890534,0.50000448935708,0.49999592908755,0.49995719588247,0.49999972452859,1727073197706
113,0.3530356796321,0.32418885509606,0.19209579706694,0.83013909653932,0.50000448935708,0.49999592908755,0.49995719588247,0.49999247142592,1727073197722
113,0.3530356796321,0.32418885509606,0.19209579706694,0.81963832190862,0.50000448935708,0.49999592908755,0.49995719588247,0.49999596314136,1727073197810
113,0.3530356796321,0.32418885509606,0.19209579706694,0.81298643026726,0.50000448935708,0.49999592908755,0.49995719588247,0.5000009413074,1727073197823
113,0.3530356796321,0.32418885509606,0.19209579706694,0.80915841557856,0.50000448935708,0.49999592908755,0.49995719588247,0.49999437030647,1727073197873
113,0.3530356796321,0.32418885509606,0.19209579706694,0.80250366159784,0.50000448935708,0.49999592908755,0.49995719588247,0.49999788860759,1727073197890
113,0.3530356796321,0.32418885509606,0.19209579706694,0.79867547759628,0.50000448935708,0.49999592908755,0.49995719588247,0.49999924005528,1727073197906
113,0.3530356796321,0.32418885509606,0.19209579706694,0.79202343488641,0.50000448935708,0.49999592908755,0.49995719588247,0.49999611943402,1727073198010
113,0.3530356796321,0.32418885509606,0.19209579706694,0.78819532868959,0.50000448935708,0.49999592908755,0.49995719588247,0.49999751932002,1727073198023
113,0.3530356796321,0.32418885509606,0.19209579706694,0.77769250162294,0.50000448935708,0.49999592908755,0.49995719588247,0.50000010403844,1727073198039
113,0.3530356796321,0.32418885509606,0.19209579706694,0.76719111208743,0.50000448935708,0.49999592908755,0.49995719588247,0.49999518264554,1727073198056
113,0.3530356796321,0.32418885509606,0.19209579706694,0.77386083969205,0.50000448935708,0.49999592908755,0.49995719588247,0.49999962372632,1727073198578
113,0.3530356796321,0.32418885509606,0.19209579706694,0.78052952666931,0.50000448935708,0.49999592908755,0.49995719588247,0.49999521987624,1727073198602
113,0.3530356796321,0.32418885509606,0.19209579706694,0.78720098056688,0.50000448935708,0.49999592908755,0.49995719588247,0.50000052122466,1727073198639
113,0.3530356796321,0.32418885509606,0.19209579706694,0.79386449302911,0.50000448935708,0.49999592908755,0.49995719588247,0.49999343491597,1727073198818
113,0.3530356796321,0.32418885509606,0.19209579706694,0.79386449302911,0.50000448935708,0.49999592908755,0.49995719588247,0.49999343491597,1727073199970
114,0.0,0.33333333333333,1.0,0.5,0.5,0.5,0.5,0.5,1727073202587
114,0.0,0.33333333333333,1.0,0.5,0.5,0.5,0.5,0.5,1727073202650
114,0.0,0.33333333333333,0.99277369187407,0.5,0.5,0.5,0.49999015705295,0.5,1727073202706
114,0.0,0.33333333333333,0.99016847155863,0.5,0.5,0.5,0.49999892756623,0.5,1727073202722
114,0.0,0.33333333333333,0.9829431616191,0.5,0.5,0.5,0.49998652424131,0.5,1727073202739
114,0.0,0.33333333333333,0.97571289311948,0.5,0.5,0.5,0.49999520200642,0.5,1727073202756
114,0.0,0.33333333333333,0.9684934087176,0.5,0.5,0.5,0.49999279438809,0.5,1727073202772
114,0.0,0.33333333333333,0.96126505813526,0.5,0.5,0.5,0.49999330464249,0.5,1727073202789
114,0.0,0.33333333333333,0.94681744328591,0.5,0.5,0.5,0.4999903963355,0.5,1727073202806
114,0.0,0.33333333333333,0.9395963454703,0.5,0.5,0.5,0.49999501773332,0.5,1727073202822
114,0.0,0.33333333333333,0.93236782031637,0.5,0.5,0.5,0.49999632878785,0.5,1727073202841
114,0.0,0.33333333333333,0.9297567070583,0.5,0.5,0.5,0.49999536316915,0.5,1727073202889
114,0.0,0.33333333333333,0.92253805092116,0.5,0.5,0.5,0.49998915561449,0.5,1727073202905
114,0.0,0.33333333333333,0.91531087712537,0.5,0.5,0.5,0.4999843645579,0.5,1727073202922
114,0.0,0.33333333333333,0.90808007317732,0.5,0.5,0.5,0.49999596170996,0.5,1727073202939
114,0.0,0.33333333333333,0.9008606528101,0.5,0.5,0.5,0.49999312540634,0.5,1727073203090
114,0.0,0.33333333333333,0.89363323287757,0.5,0.5,0.5,0.49998939791568,0.5,1727073203186
114,0.0,0.33333333333333,0.88640481495425,0.5,0.5,0.5,0.49999023111497,0.5,1727073203202
114,0.0,0.33333333333333,0.87918202106014,0.5,0.5,0.5,0.50000298034437,0.5,1727073203218
114,0.0,0.33333333333333,0.87195514167551,0.5,0.5,0.5,0.49999671616841,0.5,1727073203256
114,0.0,0.33333333333333,0.86472757151423,0.5,0.5,0.5,0.49999362243907,0.5,1727073203354
114,0.0,0.33333333333333,0.86472757151423,0.5,0.5,0.5,0.49999362243907,0.5,1727073206258
114,0.0,0.33333333333333,0.86472757151423,0.5,0.5,0.5,0.49999362243907,0.5,1727073208539
114,0.0,0.33333333333333,0.86472757151423,0.50667601915715,0.5,0.5,0.49999362243907,0.49999934138631,1727073208674
114,0.0,0.33333333333333,0.86472757151423,0.51334526298677,0.5,0.5,0.49999362243907,0.50000491236353,1727073208689
114,0.0,0.33333333333333,0.86472757151423,0.53051498416425,0.5,0.5,0.49999362243907,0.5000051507082,1727073208705
114,0.0,0.33333333333333,0.86472757151423,0.56105498099117,0.5,0.5,0.49999362243907,0.50000600039631,1727073208722
114,0.0,0.33333333333333,0.86472757151423,0.56772340446826,0.5,0.5,0.49999362243907,0.50000022083883,1727073208739
114,0.0,0.33333333333333,0.86472757151423,0.57823952383413,0.5,0.5,0.49999362243907,0.50000582761045,1727073208755
114,0.0,0.33333333333333,0.86472757151423,0.58491428770665,0.5,0.5,0.49999362243907,0.50000435521265,1727073208772
114,0.0,0.33333333333333,0.86472757151423,0.59158695191581,0.5,0.5,0.49999362243907,0.50000153067554,1727073208789
114,0.0,0.33333333333333,0.86472757151423,0.59825488054208,0.5,0.5,0.49999362243907,0.50000567196428,1727073208805
114,0.0,0.33333333333333,0.86472757151423,0.60492885622758,0.5,0.5,0.49999362243907,0.50000372696977,1727073208822
114,0.0,0.33333333333333,0.86472757151423,0.6182760417355,0.5,0.5,0.49999362243907,0.49999944037485,1727073208839
114,0.0,0.33333333333333,0.86472757151423,0.62879194724851,0.5,0.5,0.49999362243907,0.50000459979504,1727073208855
114,0.0,0.33333333333333,0.86472757151423,0.64595816815421,0.5,0.5,0.49999362243907,0.50000265954579,1727073208872
114,0.0,0.33333333333333,0.86472757151423,0.65932118484463,0.5,0.5,0.49999362243907,0.50000818061559,1727073208889
114,0.0,0.33333333333333,0.86472757151423,0.67267498483038,0.5,0.5,0.49999362243907,0.499998841833,1727073208905
114,0.0,0.33333333333333,0.86472757151423,0.70991276173899,0.5,0.5,0.49999362243907,0.50000291164112,1727073208922
114,0.0,0.33333333333333,0.86472757151423,0.7299605941183,0.5,0.5,0.49999362243907,0.50000379642158,1727073208939
114,0.0,0.33333333333333,0.86472757151423,0.74713255582434,0.5,0.5,0.49999362243907,0.50000524101219,1727073208955
114,0.0,0.33333333333333,0.86472757151423,0.7538004332634,0.5,0.5,0.49999362243907,0.50000023796623,1727073209122
114,0.0,0.33333333333333,0.86472757151423,0.76715351909136,0.5,0.5,0.49999362243907,0.49999982272193,1727073209139
114,0.0,0.33333333333333,0.86472757151423,0.77766688364009,0.5,0.5,0.49999362243907,0.500002867611,1727073209155
114,0.0,0.33333333333333,0.86472757151423,0.79101660208589,0.5,0.5,0.49999362243907,0.50000064477984,1727073209172
114,0.0,0.33333333333333,0.86472757151423,0.79769401327815,0.5,0.5,0.49999362243907,0.50000089753161,1727073209189
114,0.0,0.33333333333333,0.86472757151423,0.80436086154697,0.5,0.5,0.49999362243907,0.50000366836896,1727073209205
114,0.0,0.33333333333333,0.86472757151423,0.81101809941465,0.5,0.5,0.49999362243907,0.5000014106702,1727073209482
114,0.0,0.33333333333333,0.86472757151423,0.81769368025006,0.5,0.5,0.49999362243907,0.50000070875256,1727073209490
114,0.0,0.33333333333333,0.86472757151423,0.82435946985052,0.5,0.5,0.49999362243907,0.50000288590914,1727073209514
114,0.0,0.33333333333333,0.86472757151423,0.82823149948324,0.5,0.5,0.49999362243907,0.5000003733978,1727073209522
114,0.0,0.33333333333333,0.86472757151423,0.83489521225601,0.5,0.5,0.49999362243907,0.50000147605888,1727073209546
114,0.0,0.33333333333333,0.86472757151423,0.84157121120689,0.5,0.5,0.49999362243907,0.50000100027569,1727073209610
114,0.0,0.33333333333333,0.86472757151423,0.84823778820745,0.5,0.5,0.49999362243907,0.50000352360895,1727073209655
114,0.0,0.33333333333333,0.86472757151423,0.84157326204065,0.5,0.5,0.49999362243907,0.50000203610252,1727073210002
114,0.0,0.33333333333333,0.86472757151423,0.8349224215539,0.5,0.5,0.49999362243907,0.49999966695864,1727073210039
114,0.0,0.33333333333333,0.86472757151423,0.82826834533922,0.5,0.5,0.49999362243907,0.50000348041784,1727073210058
114,0.0,0.33333333333333,0.86472757151423,0.82444704988309,0.5,0.5,0.49999362243907,0.50000045978162,1727073210072
114,0.0,0.33333333333333,0.86472757151423,0.8177872135069,0.5,0.5,0.49999362243907,0.50000134148384,1727073210089
114,0.0,0.33333333333333,0.86472757151423,0.8111376577324,0.5,0.5,0.49999362243907,0.49999958237129,1727073210154
114,0.0,0.33333333333333,0.86472757151423,0.80448318956988,0.5,0.5,0.49999362243907,0.50000327638718,1727073210170
114,0.0,0.33333333333333,0.86472757151423,0.80065600892667,0.5,0.5,0.49999362243907,0.5000051714187,1727073210178
114,0.0,0.33333333333333,0.86472757151423,0.79682747357426,0.5,0.5,0.49999362243907,0.49999826428741,1727073210194
114,0.0,0.33333333333333,0.86472757151423,0.79017696692072,0.5,0.5,0.49999362243907,0.50000410041625,1727073210205
114,0.0,0.33333333333333,0.86472757151423,0.78352261427437,0.5,0.5,0.49999362243907,0.49999975320171,1727073212834
114,0.0,0.33333333333333,0.86472757151423,0.77687035607185,0.5,0.5,0.49999362243907,0.50000473418708,1727073212872
114,0.0,0.33333333333333,0.86472757151423,0.77021541995159,0.5,0.5,0.49999362243907,0.50000001909586,1727073213034
114,0.0,0.33333333333333,0.86472757151423,0.76638753953203,0.5,0.5,0.49999362243907,0.50000158617274,1727073213114
114,0.0,0.33333333333333,0.86472757151423,0.75973120680109,0.5,0.5,0.49999362243907,0.50000443903347,1727073213234
114,0.0,0.33333333333333,0.86472757151423,0.75308062833079,0.5,0.5,0.49999362243907,0.50000203653847,1727073213338
114,0.0,0.33333333333333,0.86472757151423,0.74641893767382,0.5,0.5,0.49999362243907,0.50000196594277,1727073213866
114,0.0,0.33333333333333,0.86472757151423,0.74260352258766,0.5,0.5,0.49999362243907,0.50000195657495,1727073213905
114,0.0,0.33333333333333,0.86472757151423,0.74260352258766,0.5,0.5,0.49999362243907,0.50000195657495,1727073215322
114,0.0,0.33333333333333,0.86472757151423,0.74260352258766,0.5,0.5,0.49999362243907,0.50000195657495,1727073216603
114,0.00668918896368,0.33333333333333,0.86472757151423,0.74260352258766,0.49999330143693,0.5,0.49999362243907,0.50000195657495,1727073216626
114,0.01337929842276,0.33333333333333,0.86472757151423,0.74260352258766,0.49998887002674,0.5,0.49999362243907,0.50000195657495,1727073216674
114,0.02006871861721,0.33333333333333,0.86472757151423,0.74260352258766,0.49998325100879,0.5,0.49999362243907,0.50000195657495,1727073216688
114,0.02675000060586,0.33333333333333,0.86472757151423,0.74260352258766,0.49999233905463,0.5,0.49999362243907,0.50000195657495,1727073216705
114,0.03343802853891,0.33333333333333,0.86472757151423,0.74260352258766,0.49998419500004,0.5,0.49999362243907,0.50000195657495,1727073216722
114,0.05364696409903,0.33333333333333,0.86472757151423,0.74260352258766,0.50000147116776,0.5,0.49999362243907,0.50000195657495,1727073216738
114,0.06705761399053,0.33333333333333,0.86472757151423,0.74260352258766,0.49999317575533,0.5,0.49999362243907,0.50000195657495,1727073216755
114,0.09767049769933,0.33333333333333,0.86472757151423,0.74260352258766,0.49998981073388,0.5,0.49999362243907,0.50000195657495,1727073216772
114,0.12152889620237,0.33333333333333,0.86472757151423,0.74260352258766,0.499985805495,0.5,0.49999362243907,0.50000195657495,1727073216788
114,0.1349337792163,0.33333333333333,0.86472757151423,0.74260352258766,0.49999329363937,0.5,0.49999362243907,0.50000195657495,1727073216805
114,0.14832611077345,0.33333333333333,0.86472757151423,0.74260352258766,0.49998290504031,0.5,0.49999362243907,0.50000195657495,1727073216822
114,0.15884694426325,0.33333333333333,0.86472757151423,0.74260352258766,0.50000106587481,0.5,0.49999362243907,0.50000195657495,1727073216838
114,0.16552792346823,0.33333333333333,0.86472757151423,0.74260352258766,0.50000643045881,0.5,0.49999362243907,0.50000195657495,1727073216855
114,0.17220453984971,0.33333333333333,0.86472757151423,0.74260352258766,0.50000592827791,0.5,0.49999362243907,0.50000195657495,1727073216871
114,0.17888063759554,0.33333333333333,0.86472757151423,0.74260352258766,0.49998499794543,0.5,0.49999362243907,0.50000195657495,1727073216888
114,0.1990172750333,0.33333333333333,0.86472757151423,0.74260352258766,0.50000232116074,0.5,0.49999362243907,0.50000195657495,1727073216905
114,0.22287464961067,0.33333333333333,0.86472757151423,0.74260352258766,0.49999734934278,0.5,0.49999362243907,0.50000195657495,1727073216922
114,0.25344860503802,0.33333333333333,0.86472757151423,0.74260352258766,0.5000026843093,0.5,0.49999362243907,0.50000195657495,1727073216938
114,0.26011921328956,0.33333333333333,0.86472757151423,0.74260352258766,0.49999582423991,0.5,0.49999362243907,0.50000195657495,1727073216955
114,0.26679962649021,0.33333333333333,0.86472757151423,0.74260352258766,0.49999960153463,0.5,0.49999362243907,0.50000195657495,1727073216972
114,0.28017385249529,0.33333333333333,0.86472757151423,0.74260352258766,0.50000480613555,0.5,0.49999362243907,0.50000195657495,1727073216988
114,0.28685165978494,0.33333333333333,0.86472757151423,0.74260352258766,0.50000565440738,0.5,0.49999362243907,0.50000195657495,1727073217005
114,0.30401846341217,0.33333333333333,0.86472757151423,0.74260352258766,0.50000306384741,0.5,0.49999362243907,0.50000195657495,1727073217022
114,0.32787423683994,0.33333333333333,0.86472757151423,0.74260352258766,0.49999743715652,0.5,0.49999362243907,0.50000195657495,1727073217038
114,0.34124600266404,0.33333333333333,0.86472757151423,0.74260352258766,0.49999985902476,0.5,0.49999362243907,0.50000195657495,1727073217055
114,0.35461258013002,0.33333333333333,0.86472757151423,0.74260352258766,0.49999744266815,0.5,0.49999362243907,0.50000195657495,1727073217072
114,0.36798880728278,0.33333333333333,0.86472757151423,0.74260352258766,0.50000373973115,0.5,0.49999362243907,0.50000195657495,1727073217088
114,0.40233156408666,0.33333333333333,0.86472757151423,0.74260352258766,0.4999941704933,0.5,0.49999362243907,0.50000195657495,1727073217105
114,0.41569923936644,0.33333333333333,0.86472757151423,0.74260352258766,0.49999299930001,0.5,0.49999362243907,0.50000195657495,1727073217122
114,0.44251302917402,0.33333333333333,0.86472757151423,0.74260352258766,0.49999200068794,0.5,0.49999362243907,0.50000195657495,1727073217138
114,0.44639899635213,0.33333333333333,0.86472757151423,0.74260352258766,0.49999920542651,0.5,0.49999362243907,0.50000195657495,1727073217354
114,0.45975511543449,0.33333333333333,0.86472757151423,0.74260352258766,0.49998903534818,0.5,0.49999362243907,0.50000195657495,1727073217372
114,0.47312395676394,0.33333333333333,0.86472757151423,0.74260352258766,0.50000067081389,0.5,0.49999362243907,0.50000195657495,1727073217388
114,0.47979649556793,0.33333333333333,0.86472757151423,0.74260352258766,0.49999735255477,0.5,0.49999362243907,0.50000195657495,1727073217405
114,0.47314481572753,0.33333333333333,0.86472757151423,0.74260352258766,0.49999311514756,0.5,0.49999362243907,0.50000195657495,1727073218250
114,0.46649672496416,0.33333333333333,0.86472757151423,0.74260352258766,0.50000339899261,0.5,0.49999362243907,0.50000195657495,1727073218288
114,0.46649672496416,0.33333333333333,0.86472757151423,0.74260352258766,0.50000339899261,0.5,0.49999362243907,0.50000195657495,1727073219266
114,0.46649672496416,0.33333333333333,0.86472757151423,0.74260352258766,0.50000339899261,0.5,0.49999362243907,0.50000195657495,1727073221043
114,0.47316795692454,0.33333333333333,0.86472757151423,0.74260352258766,0.49999902884583,0.5,0.49999362243907,0.50000195657495,1727073221275
114,0.47983734366147,0.33333333333333,0.86472757151423,0.74260352258766,0.4999933446552,0.5,0.49999362243907,0.50000195657495,1727073221371
114,0.47983734366147,0.33333333333333,0.86472757151423,0.74260352258766,0.4999933446552,0.5,0.49999362243907,0.50000195657495,1727073221682
114,0.47983734366147,0.33333333333333,0.86472757151423,0.74260352258766,0.4999933446552,0.5,0.49999362243907,0.50000195657495,1727073222523
114,0.47983734366147,0.34001473972656,0.86472757151423,0.74260352258766,0.4999933446552,0.50000060260517,0.49999362243907,0.50000195657495,1727073222666
114,0.47983734366147,0.34668551614892,0.86472757151423,0.74260352258766,0.4999933446552,0.50000627530098,0.49999362243907,0.50000195657495,1727073222674
114,0.47983734366147,0.35719953137844,0.86472757151423,0.74260352258766,0.4999933446552,0.50000042550206,0.49999362243907,0.50000195657495,1727073222688
114,0.47983734366147,0.36771847729626,0.86472757151423,0.74260352258766,0.4999933446552,0.50000410528489,0.49999362243907,0.50000195657495,1727073222705
114,0.47983734366147,0.39156610485187,0.86472757151423,0.74260352258766,0.4999933446552,0.5000026862547,0.49999362243907,0.50000195657495,1727073222721
114,0.47983734366147,0.41654309122769,0.86472757151423,0.74260352258766,0.4999933446552,0.49999617057248,0.49999362243907,0.50000195657495,1727073222738
114,0.47983734366147,0.47099010863761,0.86472757151423,0.74260352258766,0.4999933446552,0.50000756377414,0.49999362243907,0.50000195657495,1727073222755
114,0.47983734366147,0.50153856451225,0.86472757151423,0.74260352258766,0.4999933446552,0.49999992445843,0.49999362243907,0.50000195657495,1727073222771
114,0.47983734366147,0.52921653357367,0.86472757151423,0.74260352258766,0.4999933446552,0.49999918706325,0.49999362243907,0.50000195657495,1727073222788
114,0.47983734366147,0.55601465022712,0.86472757151423,0.74260352258766,0.4999933446552,0.50000050233524,0.49999362243907,0.50000195657495,1727073222805
114,0.47983734366147,0.56651758089972,0.86472757151423,0.74260352258766,0.4999933446552,0.50000371102832,0.49999362243907,0.50000195657495,1727073222821
114,0.47983734366147,0.5798786466893,0.86472757151423,0.74260352258766,0.4999933446552,0.49999885492056,0.49999362243907,0.50000195657495,1727073222838
114,0.47983734366147,0.5865519404347,0.86472757151423,0.74260352258766,0.4999933446552,0.50000125596316,0.49999362243907,0.50000195657495,1727073222938
114,0.47983734366147,0.59042317214101,0.86472757151423,0.74260352258766,0.4999933446552,0.50000498380047,0.49999362243907,0.50000195657495,1727073222955
114,0.47983734366147,0.6114587393291,0.86472757151423,0.74260352258766,0.4999933446552,0.50000179143043,0.49999362243907,0.50000195657495,1727073222971
114,0.47983734366147,0.64965939427805,0.86472757151423,0.74260352258766,0.4999933446552,0.50000131399818,0.49999362243907,0.50000195657495,1727073222988
114,0.47983734366147,0.68785184421558,0.86472757151423,0.74260352258766,0.4999933446552,0.50000569890348,0.49999362243907,0.50000195657495,1727073223004
114,0.47983734366147,0.73555770796758,0.86472757151423,0.74260352258766,0.4999933446552,0.50000644596035,0.49999362243907,0.50000195657495,1727073223021
114,0.47983734366147,0.76990853516207,0.86472757151423,0.74260352258766,0.4999933446552,0.49999954438079,0.49999362243907,0.50000195657495,1727073223038
114,0.47983734366147,0.81092681347037,0.86472757151423,0.74260352258766,0.4999933446552,0.49999805823997,0.49999362243907,0.50000195657495,1727073223055
114,0.47983734366147,0.83859813717595,0.86472757151423,0.74260352258766,0.4999933446552,0.50000094344184,0.49999362243907,0.50000195657495,1727073223071
114,0.47983734366147,0.87582928432994,0.86472757151423,0.74260352258766,0.4999933446552,0.50000072716964,0.49999362243907,0.50000195657495,1727073223088
114,0.47983734366147,0.91402242563608,0.86472757151423,0.74260352258766,0.4999933446552,0.4999966650864,0.49999362243907,0.50000195657495,1727073223104
114,0.47983734366147,0.94454110496181,0.86472757151423,0.74260352258766,0.4999933446552,0.50000588058443,0.49999362243907,0.50000195657495,1727073223121
114,0.47983734366147,0.97888775072919,0.86472757151423,0.74260352258766,0.4999933446552,0.50000204443979,0.49999362243907,0.50000195657495,1727073223138
114,0.47983734366147,0.99605621334946,0.86472757151423,0.74260352258766,0.4999933446552,0.50000235614589,0.49999362243907,0.50000195657495,1727073223154
114,0.47983734366147,1.00000554388467,0.86472757151423,0.74260352258766,0.4999933446552,0.49999755480961,0.49999362243907,0.50000195657495,1727073223171
114,0.47983734366147,1.00000554388467,0.86472757151423,0.74260352258766,0.4999933446552,0.49999755480961,0.49999362243907,0.50000195657495,1727073223188
114,0.47983734366147,1.00000554388467,0.86472757151423,0.74260352258766,0.4999933446552,0.49999755480961,0.49999362243907,0.50000195657495,1727073223204
114,0.47983734366147,1.00000554388467,0.86472757151423,0.74260352258766,0.4999933446552,0.49999755480961,0.49999362243907,0.50000195657495,1727073223221
114,0.47983734366147,1.00000554388467,0.86472757151423,0.74260352258766,0.4999933446552,0.49999755480961,0.49999362243907,0.50000195657495,1727073223238
114,0.47983734366147,1.00000554388467,0.86472757151423,0.74260352258766,0.4999933446552,0.49999755480961,0.49999362243907,0.50000195657495,1727073223255
114,0.47983734366147,1.00000554388467,0.86472757151423,0.74260352258766,0.4999933446552,0.49999755480961,0.49999362243907,0.50000195657495,1727073223271
114,0.47983734366147,1.00000554388467,0.86472757151423,0.74260352258766,0.4999933446552,0.49999755480961,0.49999362243907,0.50000195657495,1727073223288
114,0.47983734366147,1.00000554388467,0.86472757151423,0.74260352258766,0.4999933446552,0.49999755480961,0.49999362243907,0.50000195657495,1727073223305
114,0.47983734366147,1.00000554388467,0.86472757151423,0.74260352258766,0.4999933446552,0.49999755480961,0.49999362243907,0.50000195657495,1727073223321
114,0.47983734366147,1.00000554388467,0.86472757151423,0.74260352258766,0.4999933446552,0.49999755480961,0.49999362243907,0.50000195657495,1727073223338
114,0.47983734366147,1.00000554388467,0.86472757151423,0.74260352258766,0.4999933446552,0.49999755480961,0.49999362243907,0.50000195657495,1727073223355
114,0.47983734366147,1.00000554388467,0.86472757151423,0.74260352258766,0.4999933446552,0.49999755480961,0.49999362243907,0.50000195657495,1727073223434
114,0.47983734366147,1.00000554388467,0.86472757151423,0.74260352258766,0.4999933446552,0.49999755480961,0.49999362243907,0.50000195657495,1727073223442
114,0.47983734366147,1.00000554388467,0.86472757151423,0.74260352258766,0.4999933446552,0.49999755480961,0.49999362243907,0.50000195657495,1727073223458
114,0.47983734366147,1.00000554388467,0.86472757151423,0.74260352258766,0.4999933446552,0.49999755480961,0.49999362243907,0.50000195657495,1727073223471
114,0.47983734366147,1.00000554388467,0.86472757151423,0.74260352258766,0.4999933446552,0.49999755480961,0.49999362243907,0.50000195657495,1727073223610
114,0.47983734366147,1.00000554388467,0.86472757151423,0.74260352258766,0.4999933446552,0.49999755480961,0.49999362243907,0.50000195657495,1727073225315
114,0.47983734366147,0.99335111692536,0.86472757151423,0.74260352258766,0.4999933446552,0.50000121019966,0.49999362243907,0.50000195657495,1727073225427
114,0.47983734366147,0.98669167316899,0.86472757151423,0.74260352258766,0.4999933446552,0.50000028287657,0.49999362243907,0.50000195657495,1727073225482
114,0.47983734366147,0.99055185458818,0.86472757151423,0.74260352258766,0.4999933446552,0.50000088509645,0.49999362243907,0.50000195657495,1727073225490
114,0.47983734366147,0.98389919860535,0.86472757151423,0.74260352258766,0.4999933446552,0.50000379514706,0.49999362243907,0.50000195657495,1727073225504
114,0.47983734366147,0.97724355342083,0.86472757151423,0.74260352258766,0.4999933446552,0.50000116821974,0.49999362243907,0.50000195657495,1727073225521
114,0.47983734366147,0.97058337645046,0.86472757151423,0.74260352258766,0.4999933446552,0.50000055961788,0.49999362243907,0.50000195657495,1727073225538
114,0.47983734366147,0.96392996108471,0.86472757151423,0.74260352258766,0.4999933446552,0.50000386064383,0.49999362243907,0.50000195657495,1727073225588
114,0.47983734366147,0.95728057378995,0.86472757151423,0.74260352258766,0.4999933446552,0.49999833282947,0.49999362243907,0.50000195657495,1727073225604
114,0.47983734366147,0.95061711835587,0.86472757151423,0.74260352258766,0.4999933446552,0.50000626855632,0.49999362243907,0.50000195657495,1727073225621
114,0.47983734366147,0.94396437984087,0.86472757151423,0.74260352258766,0.4999933446552,0.50000223998206,0.49999362243907,0.50000195657495,1727073225638
114,0.47983734366147,0.93731125493684,0.86472757151423,0.74260352258766,0.4999933446552,0.49999834569125,0.49999362243907,0.50000195657495,1727073225706
114,0.47983734366147,0.93065973906378,0.86472757151423,0.74260352258766,0.4999933446552,0.5000008402592,0.49999362243907,0.50000195657495,1727073225721
114,0.47983734366147,0.92399995622924,0.86472757151423,0.74260352258766,0.4999933446552,0.50000002055541,0.49999362243907,0.50000195657495,1727073225866
114,0.47983734366147,0.91734274471046,0.86472757151423,0.74260352258766,0.4999933446552,0.50000524315269,0.49999362243907,0.50000195657495,1727073225946
114,0.47983734366147,0.91068926448004,0.86472757151423,0.74260352258766,0.4999933446552,0.50000144553039,0.49999362243907,0.50000195657495,1727073227562
114,0.47983734366147,0.90403171836744,0.86472757151423,0.74260352258766,0.4999933446552,0.49999954655806,0.49999362243907,0.50000195657495,1727073227578
114,0.47983734366147,0.89737896772178,0.86472757151423,0.74260352258766,0.4999933446552,0.50000271376972,0.49999362243907,0.50000195657495,1727073227731
114,0.47983734366147,0.89737896772178,0.86472757151423,0.74260352258766,0.4999933446552,0.50000271376972,0.49999362243907,0.50000195657495,1727073229514
115,0.33333333333333,0.5,0.0,1.0,0.5,0.5,0.5,0.5,1727073234211
115,0.33333333333333,0.5,0.0,0.99334947189685,0.5,0.5,0.5,0.50000488223136,1727073234242
115,0.33333333333333,0.5,0.0,0.97617961282278,0.5,0.5,0.5,0.50000466809099,1727073234253
115,0.33333333333333,0.5,0.0,0.95517568861665,0.5,0.5,0.5,0.50000295425368,1727073234270
115,0.33333333333333,0.5,0.0,0.91990527887621,0.5,0.5,0.5,0.49999886264727,1727073234287
115,0.33333333333333,0.5,0.0,0.88463245653969,0.5,0.5,0.5,0.50000081987951,1727073234303
115,0.33333333333333,0.5,0.0,0.84266372157218,0.5,0.5,0.5,0.5000011015389,1727073234320
115,0.33333333333333,0.5,0.0,0.79115177715379,0.5,0.5,0.5,0.49999890438657,1727073234337
115,0.33333333333333,0.5,0.0,0.7596649605227,0.5,0.5,0.5,0.50000186862,1727073234353
115,0.33333333333333,0.5,0.0,0.72441809606179,0.5,0.5,0.5,0.5000015341444,1727073234370
115,0.33333333333333,0.5,0.0,0.69674106068837,0.5,0.5,0.5,0.50000151359842,1727073234387
115,0.33333333333333,0.5,0.0,0.6624012368784,0.5,0.5,0.5,0.50000074739776,1727073234403
115,0.33333333333333,0.5,0.0,0.63091742911967,0.5,0.5,0.5,0.4999964652754,1727073234420
115,0.33333333333333,0.5,0.0,0.5965892677158,0.5,0.5,0.5,0.50000302975997,1727073234437
115,0.33333333333333,0.5,0.0,0.55840702938133,0.5,0.5,0.5,0.50000479399021,1727073234453
115,0.33333333333333,0.5,0.0,0.53741560848102,0.5,0.5,0.5,0.50000015674521,1727073234470
115,0.33333333333333,0.5,0.0,0.50593819804682,0.5,0.5,0.5,0.49999980782745,1727073234487
115,0.33333333333333,0.5,0.0,0.46109289529468,0.5,0.5,0.5,0.50000045558345,1727073234503
115,0.33333333333333,0.5,0.0,0.4229179012865,0.5,0.5,0.5,0.49999575953969,1727073234520
115,0.33333333333333,0.5,0.0,0.3542626801622,0.5,0.5,0.5,0.50000104168662,1727073234537
115,0.33333333333333,0.5,0.0,0.30276053655324,0.5,0.5,0.5,0.50000667305796,1727073234554
115,0.33333333333333,0.5,0.0,0.26178870019856,0.5,0.5,0.5,0.50000440039604,1727073234570
115,0.33333333333333,0.5,0.0,0.25513995161314,0.5,0.5,0.5,0.50000162632321,1727073234587
115,0.33333333333333,0.5,0.0,0.25134266114501,0.5,0.5,0.5,0.50000461832076,1727073234617
115,0.33333333333333,0.5,0.0,0.24753666494663,0.5,0.5,0.5,0.49999800916465,1727073234633
115,0.33333333333333,0.5,0.0,0.2408939135873,0.5,0.5,0.5,0.50000180359914,1727073234642
115,0.33333333333333,0.5,0.0,0.23424866571293,0.5,0.5,0.5,0.50000285981904,1727073234657
115,0.33333333333333,0.5,0.0,0.23044914482304,0.5,0.5,0.5,0.50000343222638,1727073234670
115,0.33333333333333,0.5,0.0,0.22380604919407,0.5,0.5,0.5,0.50000703893167,1727073234689
115,0.33333333333333,0.5,0.0,0.22000154938842,0.5,0.5,0.5,0.50000181748798,1727073234713
115,0.33333333333333,0.5,0.0,0.20673934225212,0.5,0.5,0.5,0.50000106310696,1727073234721
115,0.33333333333333,0.5,0.0,0.19249514732262,0.5,0.5,0.5,0.50000353804678,1727073234737
115,0.33333333333333,0.5,0.0,0.15815811303374,0.5,0.5,0.5,0.50000576357537,1727073234753
115,0.33333333333333,0.5,0.0,0.0961359728642,0.5,0.5,0.5,0.49999603600963,1727073234770
115,0.33333333333333,0.5,0.0,0.07517658561321,0.5,0.5,0.5,0.5000124699099,1727073234787
115,0.33333333333333,0.5,0.0,0.0685360066919,0.5,0.5,0.5,0.499995751094,1727073234803
115,0.33333333333333,0.5,0.0,0.07521725511423,0.5,0.5,0.5,0.50000317098523,1727073235266
115,0.33333333333333,0.5,0.0,0.08190126731043,0.5,0.5,0.5,0.50001488296245,1727073235303
115,0.33333333333333,0.5,0.0,0.08858806721457,0.5,0.5,0.5,0.5000056206659,1727073235320
115,0.33333333333333,0.5,0.0,0.09526673221163,0.5,0.5,0.5,0.50000829346421,1727073235337
115,0.33333333333333,0.5,0.0,0.10195749237515,0.5,0.5,0.5,0.50000571166621,1727073235354
115,0.33333333333333,0.5,0.0,0.11535721337243,0.5,0.5,0.5,0.5000050811698,1727073235370
115,0.33333333333333,0.5,0.0,0.12875437111504,0.5,0.5,0.5,0.5000007641528,1727073235387
115,0.33333333333333,0.5,0.0,0.14215840566293,0.5,0.5,0.5,0.50000641012462,1727073235403
115,0.33333333333333,0.5,0.0,0.15555376407001,0.5,0.5,0.5,0.49999988841132,1727073235420
115,0.33333333333333,0.5,0.0,0.14890933667884,0.5,0.5,0.5,0.50000227266856,1727073236178
115,0.33333333333333,0.5,0.0,0.14226223548529,0.5,0.5,0.5,0.50000097967421,1727073236282
115,0.33333333333333,0.5,0.0,0.13848178253605,0.5,0.5,0.5,0.50000689647442,1727073236297
115,0.33333333333333,0.5,0.0,0.13183660184465,0.5,0.5,0.5,0.50000842161376,1727073236305
115,0.33333333333333,0.5,0.0,0.1280505805478,0.5,0.5,0.5,0.50000645565408,1727073236330
115,0.33333333333333,0.5,0.0,0.13472876674624,0.5,0.5,0.5,0.50000815368245,1727073236714
115,0.33333333333333,0.5,0.0,0.1414121531349,0.5,0.5,0.5,0.50001711837439,1727073236786
115,0.33333333333333,0.5,0.0,0.1480945413978,0.5,0.5,0.5,0.50000309349952,1727073236858
115,0.33333333333333,0.5,0.0,0.15477157196283,0.5,0.5,0.5,0.5000031888762,1727073237002
115,0.33333333333333,0.5,0.0,0.15477157196283,0.5,0.5,0.5,0.5000031888762,1727073237810
115,0.33333333333333,0.5,0.0,0.15477157196283,0.5,0.5,0.5,0.5000031888762,1727073239588
115,0.34000507586197,0.5,0.0,0.15477157196283,0.50000474312075,0.5,0.5,0.5000031888762,1727073239714
115,0.34667279199059,0.5,0.0,0.15477157196283,0.49999618284946,0.5,0.5,0.5000031888762,1727073239730
115,0.35335491021431,0.5,0.0,0.15477157196283,0.50000097230843,0.5,0.5,0.5000031888762,1727073239746
115,0.36002513064595,0.5,0.0,0.15477157196283,0.49999490394845,0.5,0.5,0.5000031888762,1727073239754
115,0.38685904588058,0.5,0.0,0.15477157196283,0.49999784217112,0.5,0.5,0.5000031888762,1727073239770
115,0.44767592519291,0.5,0.0,0.15477157196283,0.49999921143558,0.5,0.5,0.5000031888762,1727073239786
115,0.50885747305578,0.5,0.0,0.15477157196283,0.49999704637864,0.5,0.5,0.5000031888762,1727073239803
115,0.57678097827053,0.5,0.0,0.15477157196283,0.49999757463265,0.5,0.5,0.5000031888762,1727073239820
115,0.63121209615922,0.5,0.0,0.15477157196283,0.49999794258154,0.5,0.5,0.5000031888762,1727073239836
115,0.6850103800095,0.5,0.0,0.15477157196283,0.49999704903136,0.5,0.5,0.5000031888762,1727073239853
115,0.71555044731142,0.5,0.0,0.15477157196283,0.49999805926125,0.5,0.5,0.5000031888762,1727073239870
115,0.73271570471827,0.5,0.0,0.15477157196283,0.4999958639975,0.5,0.5,0.5000031888762,1727073239886
115,0.74606986744378,0.5,0.0,0.15477157196283,0.49999609467254,0.5,0.5,0.5000031888762,1727073239903
115,0.76323863089059,0.5,0.0,0.15477157196283,0.49999590656358,0.5,0.5,0.5000031888762,1727073239920
115,0.78707633361805,0.5,0.0,0.15477157196283,0.4999996866328,0.5,0.5,0.5000031888762,1727073239936
115,0.80712902352793,0.5,0.0,0.15477157196283,0.49999507774776,0.5,0.5,0.5000031888762,1727073239953
115,0.83765620927577,0.5,0.0,0.15477157196283,0.49999729865332,0.5,0.5,0.5000031888762,1727073239970
115,0.8548308978471,0.5,0.0,0.15477157196283,0.50000006418169,0.5,0.5,0.5000031888762,1727073239986
115,0.87486975804012,0.5,0.0,0.15477157196283,0.49999648821922,0.5,0.5,0.5000031888762,1727073240003
115,0.88822027156238,0.5,0.0,0.15477157196283,0.49999491515221,0.5,0.5,0.5000031888762,1727073240020
115,0.90156709835581,0.5,0.0,0.15477157196283,0.49999897907688,0.5,0.5,0.5000031888762,1727073240037
115,0.90824110698543,0.5,0.0,0.15477157196283,0.49999759766582,0.5,0.5,0.5000031888762,1727073240053
115,0.91490220854486,0.5,0.0,0.15477157196283,0.49999740462393,0.5,0.5,0.5000031888762,1727073241882
115,0.92541938198527,0.5,0.0,0.15477157196283,0.50000187495994,0.5,0.5,0.5000031888762,1727073241920
115,0.93208879823166,0.5,0.0,0.15477157196283,0.49999836317879,0.5,0.5,0.5000031888762,1727073241994
115,0.9425963034481,0.5,0.0,0.15477157196283,0.49999829110916,0.5,0.5,0.5000031888762,1727073242522
115,0.94646240988483,0.5,0.0,0.15477157196283,0.50000040155111,0.5,0.5,0.5000031888762,1727073242536
115,0.95313098437891,0.5,0.0,0.15477157196283,0.49999657362459,0.5,0.5,0.5000031888762,1727073242553
115,0.97415632754603,0.5,0.0,0.15477157196283,0.49999418870602,0.5,0.5,0.5000031888762,1727073242570
115,0.98467206578249,0.5,0.0,0.15477157196283,0.49999783102847,0.5,0.5,0.5000031888762,1727073242586
115,0.99518169868514,0.5,0.0,0.15477157196283,0.49999870857296,0.5,0.5,0.5000031888762,1727073242603
115,0.99904465377867,0.5,0.0,0.15477157196283,0.49999933786936,0.5,0.5,0.5000031888762,1727073242620
115,1.0,0.5,0.0,0.15477157196283,0.5,0.5,0.5,0.5000031888762,1727073242698
115,1.0,0.5,0.0,0.15477157196283,0.5,0.5,0.5,0.5000031888762,1727073242706
115,1.0,0.5,0.0,0.15477157196283,0.5,0.5,0.5,0.5000031888762,1727073242720
115,1.0,0.5,0.0,0.15477157196283,0.5,0.5,0.5,0.5000031888762,1727073242746
115,1.0,0.5,0.0,0.15477157196283,0.5,0.5,0.5,0.5000031888762,1727073242842
115,1.0,0.5,0.0,0.15477157196283,0.5,0.5,0.5,0.5000031888762,1727073242886
115,1.0,0.5,0.0,0.15477157196283,0.5,0.5,0.5,0.5000031888762,1727073242903
115,1.0,0.5,0.0,0.15477157196283,0.5,0.5,0.5,0.5000031888762,1727073242920
115,1.0,0.5,0.0,0.15477157196283,0.5,0.5,0.5,0.5000031888762,1727073242937
115,1.0,0.5,0.0,0.15477157196283,0.5,0.5,0.5,0.5000031888762,1727073242986
115,1.0,0.5,0.0,0.15477157196283,0.5,0.5,0.5,0.5000031888762,1727073243050
115,1.0,0.5,0.0,0.15477157196283,0.5,0.5,0.5,0.5000031888762,1727073243066
115,1.0,0.5,0.0,0.15477157196283,0.5,0.5,0.5,0.5000031888762,1727073243162
115,1.0,0.5,0.0,0.15477157196283,0.5,0.5,0.5,0.5000031888762,1727073243170
115,1.0,0.5,0.0,0.15477157196283,0.5,0.5,0.5,0.5000031888762,1727073243186
115,1.0,0.5,0.0,0.15477157196283,0.5,0.5,0.5,0.5000031888762,1727073243186
116,0.83333333333333,0.5,0.5,0.5,0.5,0.5,0.5,0.5,1727073246651
116,0.83333333333333,0.5,0.49278208179748,0.5,0.5,0.5,0.49998326768582,0.5,1727073246722
116,0.83333333333333,0.5,0.48555368726212,0.5,0.5,0.5,0.4999843278554,0.5,1727073246746
116,0.83333333333333,0.5,0.47833150494468,0.5,0.5,0.5,0.49999962911537,0.5,1727073246762
116,0.83333333333333,0.5,0.47110319914152,0.5,0.5,0.5,0.50000022888257,0.5,1727073246770
116,0.83333333333333,0.5,0.46388308657113,0.5,0.5,0.5,0.5000007874969,0.5,1727073246786
116,0.83333333333333,0.5,0.45935719701148,0.5,0.5,0.5,0.49999369884325,0.5,1727073246803
116,0.83333333333333,0.5,0.45212960349688,0.5,0.5,0.5,0.49998893061545,0.5,1727073246819
116,0.83333333333333,0.5,0.44041739505478,0.5,0.5,0.5,0.49997405179549,0.5,1727073246836
116,0.83333333333333,0.5,0.43319756448462,0.5,0.5,0.5,0.49997219303345,0.5,1727073246853
116,0.83333333333333,0.5,0.43586437615044,0.5,0.5,0.5,0.49998621530824,0.5,1727073246874
116,0.83333333333333,0.5,0.42864284514357,0.5,0.5,0.5,0.49999762108713,0.5,1727073246886
116,0.83333333333333,0.5,0.42141497446184,0.5,0.5,0.5,0.49999484304316,0.5,1727073246903
116,0.83333333333333,0.5,0.40698229325461,0.5,0.5,0.5,0.50000106672162,0.5,1727073246919
116,0.83333333333333,0.5,0.40245610335625,0.5,0.5,0.5,0.4999957772169,0.5,1727073246936
116,0.83333333333333,0.5,0.39523619772648,0.5,0.5,0.5,0.49999466254121,0.5,1727073246986
116,0.83333333333333,0.5,0.3880097622518,0.5,0.5,0.5,0.49997990196813,0.5,1727073247090
116,0.83333333333333,0.5,0.3807874526666,0.5,0.5,0.5,0.49999857732308,0.5,1727073247106
116,0.83333333333333,0.5,0.37356654573041,0.5,0.5,0.5,0.50000588231064,0.5,1727073247119
116,0.83333333333333,0.5,0.37623782295789,0.5,0.5,0.5,0.49998367953057,0.5,1727073247136
116,0.83333333333333,0.5,0.369017421057,0.5,0.5,0.5,0.49998658325343,0.5,1727073247153
116,0.83333333333333,0.5,0.36179678353955,0.5,0.5,0.5,0.49999157634693,0.5,1727073247170
116,0.83333333333333,0.5,0.35456961257568,0.5,0.5,0.5,0.49998234591752,0.5,1727073247186
116,0.83333333333333,0.5,0.35724602828505,0.5,0.5,0.5,0.49998588604335,0.5,1727073247203
116,0.83333333333333,0.5,0.35002490804145,0.5,0.5,0.5,0.49999519014994,0.5,1727073247220
116,0.83333333333333,0.5,0.34279603601763,0.5,0.5,0.5,0.50000087764202,0.5,1727073247236
116,0.83333333333333,0.5,0.34547429524356,0.5,0.5,0.5,0.49998815964365,0.5,1727073248130
116,0.83333333333333,0.5,0.35271101060377,0.5,0.5,0.5,0.49998563335873,0.5,1727073248138
116,0.83333333333333,0.5,0.3625835155754,0.5,0.5,0.5,0.49998406921919,0.5,1727073248162
116,0.83333333333333,0.5,0.36525983398565,0.5,0.5,0.5,0.49998838555317,0.5,1727073248186
116,0.83333333333333,0.5,0.37249727213409,0.5,0.5,0.5,0.49997984441204,0.5,1727073248203
116,0.83333333333333,0.5,0.38236841106303,0.5,0.5,0.5,0.49998975450663,0.5,1727073248219
116,0.83333333333333,0.5,0.37514966784444,0.5,0.5,0.5,0.49997877783042,0.5,1727073248610
116,0.83333333333333,0.5,0.36792061926611,0.5,0.5,0.5,0.49998554117491,0.5,1727073248653
116,0.83333333333333,0.5,0.36069874545113,0.5,0.5,0.5,0.50000115343995,0.5,1727073248703
116,0.83333333333333,0.5,0.35347930422588,0.5,0.5,0.5,0.49999598792744,0.5,1727073248730
116,0.83333333333333,0.5,0.34625202672962,0.5,0.5,0.5,0.49998761966611,0.5,1727073248786
116,0.83333333333333,0.5,0.33903362374679,0.5,0.5,0.5,0.4999729130368,0.5,1727073250066
116,0.83333333333333,0.5,0.33181227274189,0.5,0.5,0.5,0.4999844283496,0.5,1727073250122
116,0.83333333333333,0.5,0.33181227274189,0.5,0.5,0.5,0.4999844283496,0.5,1727073252170
116,0.83333333333333,0.5,0.33181227274189,0.5,0.5,0.5,0.4999844283496,0.5,1727073254339
116,0.83333333333333,0.49335374951093,0.33181227274189,0.5,0.5,0.49999626820669,0.4999844283496,0.5,1727073254402
116,0.83333333333333,0.48670287949076,0.33181227274189,0.5,0.5,0.4999997639719,0.4999844283496,0.5,1727073254420
116,0.83333333333333,0.4734193543798,0.33181227274189,0.5,0.5,0.49999306631352,0.4999844283496,0.5,1727073254436
116,0.83333333333333,0.44694006204129,0.33181227274189,0.5,0.5,0.49999467712457,0.4999844283496,0.5,1727073254452
116,0.83333333333333,0.42705605169791,0.33181227274189,0.5,0.5,0.50000029197532,0.4999844283496,0.5,1727073254469
116,0.83333333333333,0.4005827494854,0.33181227274189,0.5,0.5,0.49999723539857,0.4999844283496,0.5,1727073254486
116,0.83333333333333,0.37677473623311,0.33181227274189,0.5,0.5,0.50000417907288,0.4999844283496,0.5,1727073254503
116,0.83333333333333,0.34635170338412,0.33181227274189,0.5,0.5,0.4999972399586,0.4999844283496,0.5,1727073254519
116,0.83333333333333,0.32253928732627,0.33181227274189,0.5,0.5,0.49999426658961,0.4999844283496,0.5,1727073254536
116,0.83333333333333,0.29486163941149,0.33181227274189,0.5,0.5,0.49999470878579,0.4999844283496,0.5,1727073254552
116,0.83333333333333,0.271057151272,0.33181227274189,0.5,0.5,0.49999921593397,0.4999844283496,0.5,1727073254569
116,0.83333333333333,0.2406334578997,0.33181227274189,0.5,0.5,0.50000850395574,0.4999844283496,0.5,1727073254586
116,0.83333333333333,0.19967729365463,0.33181227274189,0.5,0.5,0.49999325820607,0.4999844283496,0.5,1727073254602
116,0.83333333333333,0.17587298532585,0.33181227274189,0.5,0.5,0.4999984588564,0.4999844283496,0.5,1727073254619
116,0.83333333333333,0.15604932225934,0.33181227274189,0.5,0.5,0.49998873498965,0.4999844283496,0.5,1727073254636
116,0.83333333333333,0.14280126907677,0.33181227274189,0.5,0.5,0.49999102091299,0.4999844283496,0.5,1727073254652
116,0.83333333333333,0.13616129510476,0.33181227274189,0.5,0.5,0.50000400826108,0.4999844283496,0.5,1727073254669
116,0.83333333333333,0.12565724569012,0.33181227274189,0.5,0.5,0.49999877388607,0.4999844283496,0.5,1727073254686
116,0.83333333333333,0.11901822892303,0.33181227274189,0.5,0.5,0.49998808877047,0.4999844283496,0.5,1727073254702
116,0.83333333333333,0.11238029285705,0.33181227274189,0.5,0.5,0.49999877423473,0.4999844283496,0.5,1727073254719
116,0.83333333333333,0.09521538773577,0.33181227274189,0.5,0.5,0.49999180499728,0.4999844283496,0.5,1727073254736
116,0.83333333333333,0.08857031065092,0.33181227274189,0.5,0.5,0.499989890764,0.4999844283496,0.5,1727073254752
116,0.83333333333333,0.0819357733685,0.33181227274189,0.5,0.5,0.49999594722716,0.4999844283496,0.5,1727073254769
116,0.83333333333333,0.09534046069028,0.33181227274189,0.5,0.5,0.49998862136123,0.4999844283496,0.5,1727073255819
116,0.83333333333333,0.10202412950888,0.33181227274189,0.5,0.5,0.50000236729071,0.4999844283496,0.5,1727073255874
116,0.83333333333333,0.10870420790186,0.33181227274189,0.5,0.5,0.4999974734801,0.4999844283496,0.5,1727073255938
116,0.83333333333333,0.11538180286957,0.33181227274189,0.5,0.5,0.49999650583179,0.4999844283496,0.5,1727073256018
116,0.83333333333333,0.12207542688225,0.33181227274189,0.5,0.5,0.49999461821742,0.4999844283496,0.5,1727073256069
116,0.83333333333333,0.12874894499493,0.33181227274189,0.5,0.5,0.4999996694983,0.4999844283496,0.5,1727073256146
116,0.83333333333333,0.13542934996147,0.33181227274189,0.5,0.5,0.49999469464317,0.4999844283496,0.5,1727073256298
116,0.83333333333333,0.13542934996147,0.33181227274189,0.5,0.5,0.49999469464317,0.4999844283496,0.5,1727073256626
116,0.83333333333333,0.13542934996147,0.33181227274189,0.5,0.5,0.49999469464317,0.4999844283496,0.5,1727073258419
116,0.83333333333333,0.13542934996147,0.33181227274189,0.5,0.5,0.49999469464317,0.4999844283496,0.5,1727073258938
116,0.83333333333333,0.13542934996147,0.33181227274189,0.5,0.5,0.49999469464317,0.4999844283496,0.5,1727073260091
116,0.829511138417,0.13542934996147,0.33181227274189,0.5,0.50000175999906,0.49999469464317,0.4999844283496,0.5,1727073260210
116,0.82568347512258,0.13542934996147,0.33181227274189,0.5,0.50000335817045,0.49999469464317,0.4999844283496,0.5,1727073260219
116,0.8218602904846,0.13542934996147,0.33181227274189,0.5,0.49999935808249,0.49999469464317,0.4999844283496,0.5,1727073260235
116,0.80469332039185,0.13542934996147,0.33181227274189,0.5,0.50000052937705,0.49999469464317,0.4999844283496,0.5,1727073260252
116,0.7980373474836,0.13542934996147,0.33181227274189,0.5,0.50000346054179,0.49999469464317,0.4999844283496,0.5,1727073260269
116,0.79420865063505,0.13542934996147,0.33181227274189,0.5,0.49999644454012,0.49999469464317,0.4999844283496,0.5,1727073260285
116,0.79038669478991,0.13542934996147,0.33181227274189,0.5,0.5000011019324,0.49999469464317,0.4999844283496,0.5,1727073260302
116,0.78655775534201,0.13542934996147,0.33181227274189,0.5,0.5000020792349,0.49999469464317,0.4999844283496,0.5,1727073260319
116,0.77990636295018,0.13542934996147,0.33181227274189,0.5,0.49999928836894,0.49999469464317,0.4999844283496,0.5,1727073260335
116,0.77608038848959,0.13542934996147,0.33181227274189,0.5,0.50000186201889,0.49999469464317,0.4999844283496,0.5,1727073260352
116,0.7694290095326,0.13542934996147,0.33181227274189,0.5,0.49999904831751,0.49999469464317,0.4999844283496,0.5,1727073260370
116,0.75892719005462,0.13542934996147,0.33181227274189,0.5,0.50000224762181,0.49999469464317,0.4999844283496,0.5,1727073260385
116,0.75509859145502,0.13542934996147,0.33181227274189,0.5,0.50000344684227,0.49999469464317,0.4999844283496,0.5,1727073260402
116,0.74844552536926,0.13542934996147,0.33181227274189,0.5,0.49999965296302,0.49999469464317,0.4999844283496,0.5,1727073260419
116,0.74461953739777,0.13542934996147,0.33181227274189,0.5,0.50000230193282,0.49999469464317,0.4999844283496,0.5,1727073261442
116,0.73796837591268,0.13542934996147,0.33181227274189,0.5,0.49999952295315,0.49999469464317,0.4999844283496,0.5,1727073261466
116,0.73414559416177,0.13542934996147,0.33181227274189,0.5,0.50000399576705,0.49999469464317,0.4999844283496,0.5,1727073261474
116,0.7303230001456,0.13542934996147,0.33181227274189,0.5,0.49999995682075,0.49999469464317,0.4999844283496,0.5,1727073261522
116,0.72649967504285,0.13542934996147,0.33181227274189,0.5,0.5000041595796,0.49999469464317,0.4999844283496,0.5,1727073261535
116,0.71984682033106,0.13542934996147,0.33181227274189,0.5,0.50000037887664,0.49999469464317,0.4999844283496,0.5,1727073261552
116,0.71602031423255,0.13542934996147,0.33181227274189,0.5,0.50000281343784,0.49999469464317,0.4999844283496,0.5,1727073261618
116,0.7093631156024,0.13542934996147,0.33181227274189,0.5,0.49999648571883,0.49999469464317,0.4999844283496,0.5,1727073261636
116,0.69886481599535,0.13542934996147,0.33181227274189,0.5,0.50000190437881,0.49999469464317,0.4999844283496,0.5,1727073261652
116,0.692212549651,0.13542934996147,0.33181227274189,0.5,0.50000734332168,0.49999469464317,0.4999844283496,0.5,1727073261685
116,0.68838570776097,0.13542934996147,0.33181227274189,0.5,0.5000006418028,0.49999469464317,0.4999844283496,0.5,1727073261802
116,0.68173233348316,0.13542934996147,0.33181227274189,0.5,0.50000547732481,0.49999469464317,0.4999844283496,0.5,1727073261954
116,0.68839923855248,0.13542934996147,0.33181227274189,0.5,0.49999955263385,0.49999469464317,0.4999844283496,0.5,1727073262554
116,0.69506993130185,0.13542934996147,0.33181227274189,0.5,0.50000489615463,0.49999469464317,0.4999844283496,0.5,1727073262602
116,0.70174340239939,0.13542934996147,0.33181227274189,0.5,0.50000286215493,0.49999469464317,0.4999844283496,0.5,1727073262619
116,0.70841267063999,0.13542934996147,0.33181227274189,0.5,0.5000072887961,0.49999469464317,0.4999844283496,0.5,1727073262635
116,0.71507907341382,0.13542934996147,0.33181227274189,0.5,0.50000122844076,0.49999469464317,0.4999844283496,0.5,1727073262690
116,0.72174516063782,0.13542934996147,0.33181227274189,0.5,0.50000380079364,0.49999469464317,0.4999844283496,0.5,1727073262794
116,0.71509480923575,0.13542934996147,0.33181227274189,0.5,0.50000142905403,0.49999469464317,0.4999844283496,0.5,1727073264507
116,0.71126963179639,0.13542934996147,0.33181227274189,0.5,0.50000464186423,0.49999469464317,0.4999844283496,0.5,1727073264552
116,0.70461863706424,0.13542934996147,0.33181227274189,0.5,0.50000187841295,0.49999469464317,0.4999844283496,0.5,1727073264666
116,0.69796699415591,0.13542934996147,0.33181227274189,0.5,0.50000764673956,0.49999469464317,0.4999844283496,0.5,1727073264842
116,0.69130876035432,0.13542934996147,0.33181227274189,0.5,0.50000062555973,0.49999469464317,0.4999844283496,0.5,1727073264946
116,0.68748579838523,0.13542934996147,0.33181227274189,0.5,0.50000521949899,0.49999469464317,0.4999844283496,0.5,1727073264962
116,0.69415977455825,0.13542934996147,0.33181227274189,0.5,0.50000346180522,0.49999469464317,0.4999844283496,0.5,1727073266579
116,0.70083296702098,0.13542934996147,0.33181227274189,0.5,0.50000127436131,0.49999469464317,0.4999844283496,0.5,1727073266698
116,0.70749949585683,0.13542934996147,0.33181227274189,0.5,0.50000413894509,0.49999469464317,0.4999844283496,0.5,1727073266794
116,0.70749949585683,0.13542934996147,0.33181227274189,0.5,0.50000413894509,0.49999469464317,0.4999844283496,0.5,1727073267114
116,0.70749949585683,0.13542934996147,0.33181227274189,0.5,0.50000413894509,0.49999469464317,0.4999844283496,0.5,1727073268787
116,0.70749949585683,0.13542934996147,0.33181227274189,0.50667231729628,0.50000413894509,0.49999469464317,0.4999844283496,0.49999664411859,1727073268866
116,0.70749949585683,0.13542934996147,0.33181227274189,0.51334029422267,0.50000413894509,0.49999469464317,0.4999844283496,0.5000013236709,1727073268882
116,0.70749949585683,0.13542934996147,0.33181227274189,0.52001464273575,0.50000413894509,0.49999469464317,0.4999844283496,0.49999946881567,1727073268890
116,0.70749949585683,0.13542934996147,0.33181227274189,0.5266878705198,0.50000413894509,0.49999469464317,0.4999844283496,0.49999685028721,1727073268902
116,0.70749949585683,0.13542934996147,0.33181227274189,0.54003990702311,0.50000413894509,0.49999469464317,0.4999844283496,0.49999564065236,1727073268918
116,0.70749949585683,0.13542934996147,0.33181227274189,0.56010503028759,0.50000413894509,0.49999469464317,0.4999844283496,0.49999818832203,1727073268935
116,0.70749949585683,0.13542934996147,0.33181227274189,0.57347183466684,0.50000413894509,0.49999469464317,0.4999844283496,0.49999659321635,1727073268951
116,0.70749949585683,0.13542934996147,0.33181227274189,0.58682930181285,0.50000413894509,0.49999469464317,0.4999844283496,0.49999903321962,1727073268968
116,0.70749949585683,0.13542934996147,0.33181227274189,0.59349618004114,0.50000413894509,0.49999469464317,0.4999844283496,0.49999247529529,1727073268985
116,0.70749949585683,0.13542934996147,0.33181227274189,0.60685423337936,0.50000413894509,0.49999469464317,0.4999844283496,0.49999529965723,1727073269001
116,0.70749949585683,0.13542934996147,0.33181227274189,0.64037265825223,0.50000413894509,0.49999469464317,0.4999844283496,0.50000212233516,1727073269018
116,0.70749949585683,0.13542934996147,0.33181227274189,0.64704608310814,0.50000413894509,0.49999469464317,0.4999844283496,0.49999995652405,1727073269035
116,0.70749949585683,0.13542934996147,0.33181227274189,0.65371161836623,0.50000413894509,0.49999469464317,0.4999844283496,0.49999300944385,1727073269052
116,0.70749949585683,0.13542934996147,0.33181227274189,0.66037981720319,0.50000413894509,0.49999469464317,0.4999844283496,0.49999709420357,1727073269068
116,0.70749949585683,0.13542934996147,0.33181227274189,0.66705394743231,0.50000413894509,0.49999469464317,0.4999844283496,0.49999543629954,1727073269085
116,0.70749949585683,0.13542934996147,0.33181227274189,0.67371947420421,0.50000413894509,0.49999469464317,0.4999844283496,0.49999784968886,1727073269101
116,0.70749949585683,0.13542934996147,0.33181227274189,0.68707824018288,0.50000413894509,0.49999469464317,0.4999844283496,0.50000077491758,1727073269118
116,0.70749949585683,0.13542934996147,0.33181227274189,0.70043140479259,0.50000413894509,0.49999469464317,0.4999844283496,0.50000036867843,1727073269135
116,0.70749949585683,0.13542934996147,0.33181227274189,0.70710262262082,0.50000413894509,0.49999469464317,0.4999844283496,0.4999970796576,1727073269151
116,0.70749949585683,0.13542934996147,0.33181227274189,0.71377033704996,0.50000413894509,0.49999469464317,0.4999844283496,0.50000063285247,1727073269218
116,0.70749949585683,0.13542934996147,0.33181227274189,0.72044069469407,0.50000413894509,0.49999469464317,0.4999844283496,0.4999968985316,1727073269426
116,0.70749949585683,0.13542934996147,0.33181227274189,0.72710868692198,0.50000413894509,0.49999469464317,0.4999844283496,0.50000056120627,1727073269468
116,0.70749949585683,0.13542934996147,0.33181227274189,0.73377897904642,0.50000413894509,0.49999469464317,0.4999844283496,0.49999684128332,1727073269739
116,0.70749949585683,0.13542934996147,0.33181227274189,0.74044664597885,0.50000413894509,0.49999469464317,0.4999844283496,0.50000027394404,1727073269752
116,0.70749949585683,0.13542934996147,0.33181227274189,0.75380437819098,0.50000413894509,0.49999469464317,0.4999844283496,0.50000240467316,1727073269768
116,0.70749949585683,0.13542934996147,0.33181227274189,0.77385135375017,0.50000413894509,0.49999469464317,0.4999844283496,0.49999451567362,1727073269785
116,0.70749949585683,0.13542934996147,0.33181227274189,0.80061682371082,0.50000413894509,0.49999469464317,0.4999844283496,0.50000075518945,1727073269801
116,0.70749949585683,0.13542934996147,0.33181227274189,0.84757901062774,0.50000413894509,0.49999469464317,0.4999844283496,0.49999718465181,1727073269818
116,0.70749949585683,0.13542934996147,0.33181227274189,0.88778003081505,0.50000413894509,0.49999469464317,0.4999844283496,0.49999777847446,1727073269835
116,0.70749949585683,0.13542934996147,0.33181227274189,0.92124147685064,0.50000413894509,0.49999469464317,0.4999844283496,0.49999779843479,1727073269851
116,0.70749949585683,0.13542934996147,0.33181227274189,0.94798807531469,0.50000413894509,0.49999469464317,0.4999844283496,0.49999451210359,1727073269868
116,0.70749949585683,0.13542934996147,0.33181227274189,0.96515794501281,0.50000413894509,0.49999469464317,0.4999844283496,0.49999487953538,1727073269885
116,0.70749949585683,0.13542934996147,0.33181227274189,0.97183006387297,0.50000413894509,0.49999469464317,0.4999844283496,0.49999968171994,1727073270075
116,0.70749949585683,0.13542934996147,0.33181227274189,0.9784955636066,0.50000413894509,0.49999469464317,0.4999844283496,0.50000146120092,1727073270098
116,0.70749949585683,0.13542934996147,0.33181227274189,0.98516089234857,0.50000413894509,0.49999469464317,0.4999844283496,0.49999627804159,1727073270135
116,0.70749949585683,0.13542934996147,0.33181227274189,0.9918303886573,0.50000413894509,0.49999469464317,0.4999844283496,0.4999998310388,1727073270151
116,0.70749949585683,0.13542934996147,0.33181227274189,1.0,0.50000413894509,0.49999469464317,0.4999844283496,0.5,1727073270168
116,0.70749949585683,0.13542934996147,0.33181227274189,1.0,0.50000413894509,0.49999469464317,0.4999844283496,0.5,1727073270185
116,0.70749949585683,0.13542934996147,0.33181227274189,1.0,0.50000413894509,0.49999469464317,0.4999844283496,0.5,1727073270201
116,0.70749949585683,0.13542934996147,0.33181227274189,1.0,0.50000413894509,0.49999469464317,0.4999844283496,0.5,1727073270218
116,0.70749949585683,0.13542934996147,0.33181227274189,1.0,0.50000413894509,0.49999469464317,0.4999844283496,0.5,1727073270235
116,0.70749949585683,0.13542934996147,0.33181227274189,1.0,0.50000413894509,0.49999469464317,0.4999844283496,0.5,1727073270570
116,0.70749949585683,0.13542934996147,0.33181227274189,1.0,0.50000413894509,0.49999469464317,0.4999844283496,0.5,1727073270585
116,0.70749949585683,0.13542934996147,0.33181227274189,1.0,0.50000413894509,0.49999469464317,0.4999844283496,0.5,1727073270602
116,0.70749949585683,0.13542934996147,0.33181227274189,1.0,0.50000413894509,0.49999469464317,0.4999844283496,0.5,1727073270618
116,0.70749949585683,0.13542934996147,0.33181227274189,1.0,0.50000413894509,0.49999469464317,0.4999844283496,0.5,1727073270635
116,0.70749949585683,0.13542934996147,0.33181227274189,1.0,0.50000413894509,0.49999469464317,0.4999844283496,0.5,1727073270651
116,0.70749949585683,0.13542934996147,0.33181227274189,1.0,0.50000413894509,0.49999469464317,0.4999844283496,0.5,1727073270668
116,0.70749949585683,0.13542934996147,0.33181227274189,1.0,0.50000413894509,0.49999469464317,0.4999844283496,0.5,1727073270698
117,0.33333333333333,0.83333333333333,1.0,1.0,0.5,0.5,0.5,0.5,1727073273275
117,0.33333333333333,0.83333333333333,1.0,1.0,0.5,0.5,0.5,0.5,1727073274051
117,0.33333333333333,0.83333333333333,1.0,1.0,0.5,0.5,0.5,0.5,1727073274675
117,0.33333333333333,0.83333333333333,1.0,1.0,0.5,0.5,0.5,0.5,1727073275371
117,0.33333333333333,0.83333333333333,1.0,1.0,0.5,0.5,0.5,0.5,1727073276315
117,0.33333333333333,0.83333333333333,0.99739032037417,1.0,0.5,0.5,0.49999131173675,0.5,1727073276323
117,0.33333333333333,0.83333333333333,0.99477766252501,1.0,0.5,0.5,0.49999689711237,0.5,1727073276346
117,0.33333333333333,0.83333333333333,0.98755849089583,1.0,0.5,0.5,0.49999321031168,0.5,1727073276362
117,0.33333333333333,0.83333333333333,0.98494796765808,1.0,0.5,0.5,0.49998977429638,0.5,1727073276370
117,0.33333333333333,0.83333333333333,0.97049876653755,1.0,0.5,0.5,0.49999370039658,0.5,1727073276386
117,0.33333333333333,0.83333333333333,0.95605797099102,1.0,0.5,0.5,0.49999676522063,0.5,1727073276401
117,0.33333333333333,0.83333333333333,0.92718809352703,1.0,0.5,0.5,0.4999873961498,0.5,1727073276418
117,0.33333333333333,0.83333333333333,0.88393156707949,1.0,0.5,0.5,0.49999521233751,0.5,1727073276435
117,0.33333333333333,0.83333333333333,0.84342937646851,1.0,0.5,0.5,0.49998518481607,0.5,1727073276451
117,0.33333333333333,0.83333333333333,0.81729896860629,1.0,0.5,0.5,0.49998851208757,0.5,1727073276468
117,0.33333333333333,0.83333333333333,0.79116751041958,1.0,0.5,0.5,0.49999729978247,0.5,1727073276485
117,0.33333333333333,0.83333333333333,0.77941191686498,1.0,0.5,0.5,0.49999993058623,0.5,1727073276501
117,0.33333333333333,0.83333333333333,0.76766649222523,1.0,0.5,0.5,0.49999239779019,0.5,1727073276518
117,0.33333333333333,0.83333333333333,0.76043791166014,1.0,0.5,0.5,0.49999420093011,0.5,1727073276535
117,0.33333333333333,0.83333333333333,0.75321948190746,1.0,0.5,0.5,0.49998575327988,0.5,1727073276551
117,0.33333333333333,0.83333333333333,0.74866625758652,1.0,0.5,0.5,0.49999523971834,0.5,1727073276568
117,0.33333333333333,0.83333333333333,0.73692065727075,1.0,0.5,0.5,0.49998835050262,0.5,1727073276584
117,0.33333333333333,0.83333333333333,0.72969309763897,1.0,0.5,0.5,0.49998471228584,0.5,1727073276601
117,0.33333333333333,0.83333333333333,0.71525298635274,1.0,0.5,0.5,0.49998468750324,0.5,1727073276618
117,0.33333333333333,0.83333333333333,0.70350504196689,1.0,0.5,0.5,0.49999032644764,0.5,1727073276635
117,0.33333333333333,0.83333333333333,0.70616544775678,1.0,0.5,0.5,0.49999056541779,0.5,1727073278746
117,0.33333333333333,0.83333333333333,0.70882606577517,1.0,0.5,0.5,0.49998964163305,0.5,1727073279131
117,0.33333333333333,0.83333333333333,0.71148473060263,1.0,0.5,0.5,0.49999938237257,0.5,1727073279168
117,0.33333333333333,0.83333333333333,0.7141379530788,1.0,0.5,0.5,0.49999413740062,0.5,1727073280531
117,0.33333333333333,0.83333333333333,0.7141379530788,1.0,0.5,0.5,0.49999413740062,0.5,1727073280538
117,0.33333333333333,0.83333333333333,0.7141379530788,1.0,0.5,0.5,0.49999413740062,0.5,1727073282435
117,0.33333333333333,0.83333333333333,0.7141379530788,0.9933414488911,0.5,0.5,0.49999413740062,0.5000013246668,1727073282466
117,0.33333333333333,0.83333333333333,0.7141379530788,0.98668601116977,0.5,0.5,0.49999413740062,0.49999719293521,1727073282482
117,0.33333333333333,0.83333333333333,0.7141379530788,0.98285237753712,0.5,0.5,0.49999413740062,0.4999959032495,1727073282490
117,0.33333333333333,0.83333333333333,0.7141379530788,0.96569442236052,0.5,0.5,0.49999413740062,0.50000095902168,1727073282501
117,0.33333333333333,0.83333333333333,0.7141379530788,0.93419546231135,0.5,0.5,0.49999413740062,0.49999788737538,1727073282517
117,0.33333333333333,0.83333333333333,0.7141379530788,0.90269750526753,0.5,0.5,0.49999413740062,0.49999512758737,1727073282534
117,0.33333333333333,0.83333333333333,0.7141379530788,0.8607290812458,0.5,0.5,0.49999413740062,0.50000298034296,1727073282551
117,0.33333333333333,0.83333333333333,0.7141379530788,0.8254677151202,0.5,0.5,0.49999413740062,0.50000316640576,1727073282567
117,0.33333333333333,0.83333333333333,0.7141379530788,0.79020231544013,0.5,0.5,0.49999413740062,0.50000122723105,1727073282584
117,0.33333333333333,0.83333333333333,0.7141379530788,0.74823392313139,0.5,0.5,0.49999413740062,0.49999324490974,1727073282601
117,0.33333333333333,0.83333333333333,0.7141379530788,0.71971634549003,0.5,0.5,0.49999413740062,0.49999617286243,1727073282617
117,0.33333333333333,0.83333333333333,0.7141379530788,0.67031801354566,0.5,0.5,0.49999413740062,0.49999696671284,1727073282634
117,0.33333333333333,0.83333333333333,0.7141379530788,0.63883172480212,0.5,0.5,0.49999413740062,0.50000059272635,1727073282651
117,0.33333333333333,0.83333333333333,0.7141379530788,0.60734995045872,0.5,0.5,0.49999413740062,0.49999749482584,1727073282668
117,0.33333333333333,0.83333333333333,0.7141379530788,0.58258100836759,0.5,0.5,0.49999413740062,0.49999761145871,1727073282684
117,0.33333333333333,0.83333333333333,0.7141379530788,0.55409029429328,0.5,0.5,0.49999413740062,0.49999861950145,1727073282701
117,0.33333333333333,0.83333333333333,0.7141379530788,0.53979584113849,0.5,0.5,0.49999413740062,0.49999709684143,1727073282718
117,0.33333333333333,0.83333333333333,0.7141379530788,0.51132589181832,0.5,0.5,0.49999413740062,0.50000203845966,1727073282734
117,0.33333333333333,0.83333333333333,0.7141379530788,0.48286285167765,0.5,0.5,0.49999413740062,0.50000098792537,1727073282751
117,0.33333333333333,0.83333333333333,0.7141379530788,0.46797353365637,0.5,0.5,0.49999413740062,0.50000330416587,1727073282768
117,0.33333333333333,0.83333333333333,0.7141379530788,0.4469847478277,0.5,0.5,0.49999413740062,0.50000010476516,1727073282784
117,0.33333333333333,0.83333333333333,0.7141379530788,0.43941575131248,0.5,0.5,0.49999413740062,0.50000029324924,1727073282801
117,0.33333333333333,0.83333333333333,0.7141379530788,0.42891382060697,0.5,0.5,0.49999413740062,0.49999248316069,1727073282817
117,0.33333333333333,0.83333333333333,0.7141379530788,0.42510710804698,0.5,0.5,0.49999413740062,0.4999995228611,1727073282834
117,0.33333333333333,0.83333333333333,0.7141379530788,0.43177964660528,0.5,0.5,0.49999413740062,0.49999598193492,1727073283931
117,0.33333333333333,0.83333333333333,0.7141379530788,0.43844879875657,0.5,0.5,0.49999413740062,0.50000211811631,1727073283979
117,0.33333333333333,0.83333333333333,0.7141379530788,0.44232349723859,0.5,0.5,0.49999413740062,0.5000003347164,1727073283995
117,0.33333333333333,0.83333333333333,0.7141379530788,0.44899699089835,0.5,0.5,0.49999413740062,0.49999762659084,1727073284034
117,0.33333333333333,0.83333333333333,0.7141379530788,0.45950395427935,0.5,0.5,0.49999413740062,0.49999709531595,1727073284051
117,0.33333333333333,0.83333333333333,0.7141379530788,0.46338748137232,0.5,0.5,0.49999413740062,0.50000221492645,1727073284074
117,0.33333333333333,0.83333333333333,0.7141379530788,0.47005763286138,0.5,0.5,0.49999413740062,0.49999700958357,1727073284084
117,0.33333333333333,0.83333333333333,0.7141379530788,0.47393740858168,0.5,0.5,0.49999413740062,0.49999919809969,1727073284243
117,0.33333333333333,0.83333333333333,0.7141379530788,0.48061389935565,0.5,0.5,0.49999413740062,0.49999887920704,1727073284251
117,0.33333333333333,0.83333333333333,0.7141379530788,0.48061389935565,0.5,0.5,0.49999413740062,0.49999887920704,1727073285034
117,0.33333333333333,0.83333333333333,0.7141379530788,0.48061389935565,0.5,0.5,0.49999413740062,0.49999887920704,1727073286948
117,0.34000612662528,0.83333333333333,0.7141379530788,0.48061389935565,0.50000572499092,0.5,0.49999413740062,0.49999887920704,1727073287035
117,0.36685193523839,0.83333333333333,0.7141379530788,0.48061389935565,0.50000516727504,0.5,0.49999413740062,0.49999887920704,1727073287051
117,0.4108684786451,0.83333333333333,0.7141379530788,0.48061389935565,0.50000578983138,0.5,0.49999413740062,0.49999887920704,1727073287067
117,0.49240499898415,0.83333333333333,0.7141379530788,0.48061389935565,0.50000371236903,0.5,0.49999413740062,0.49999887920704,1727073287084
117,0.59434205020584,0.83333333333333,0.7141379530788,0.48061389935565,0.50000234328568,0.5,0.49999413740062,0.49999887920704,1727073287101
117,0.70654829514265,0.83333333333333,0.7141379530788,0.48061389935565,0.50000566781715,0.5,0.49999413740062,0.49999887920704,1727073287117
117,0.83228199229327,0.83333333333333,0.7141379530788,0.48061389935565,0.5000025823245,0.5,0.49999413740062,0.49999887920704,1727073287134
117,0.95435421999082,0.83333333333333,0.7141379530788,0.48061389935565,0.50000017113496,0.5,0.49999413740062,0.49999887920704,1727073287151
117,1.0,0.83333333333333,0.7141379530788,0.48061389935565,0.5,0.5,0.49999413740062,0.49999887920704,1727073287167
117,1.0,0.83333333333333,0.7141379530788,0.48061389935565,0.5,0.5,0.49999413740062,0.49999887920704,1727073287184
117,1.0,0.83333333333333,0.7141379530788,0.48061389935565,0.5,0.5,0.49999413740062,0.49999887920704,1727073287201
117,1.0,0.83333333333333,0.7141379530788,0.48061389935565,0.5,0.5,0.49999413740062,0.49999887920704,1727073287217
117,1.0,0.83333333333333,0.7141379530788,0.48061389935565,0.5,0.5,0.49999413740062,0.49999887920704,1727073287234
117,1.0,0.83333333333333,0.7141379530788,0.48061389935565,0.5,0.5,0.49999413740062,0.49999887920704,1727073287251
117,1.0,0.83333333333333,0.7141379530788,0.48061389935565,0.5,0.5,0.49999413740062,0.49999887920704,1727073287267
117,1.0,0.83333333333333,0.7141379530788,0.48061389935565,0.5,0.5,0.49999413740062,0.49999887920704,1727073288035
117,1.0,0.83333333333333,0.7141379530788,0.48061389935565,0.5,0.5,0.49999413740062,0.49999887920704,1727073288051
117,1.0,0.83333333333333,0.7141379530788,0.48061389935565,0.5,0.5,0.49999413740062,0.49999887920704,1727073288068
117,1.0,0.83333333333333,0.7141379530788,0.48061389935565,0.5,0.5,0.49999413740062,0.49999887920704,1727073288084
117,1.0,0.83333333333333,0.7141379530788,0.48061389935565,0.5,0.5,0.49999413740062,0.49999887920704,1727073288101
117,1.0,0.83333333333333,0.7141379530788,0.48061389935565,0.5,0.5,0.49999413740062,0.49999887920704,1727073288107
117,1.0,0.83333333333333,0.7141379530788,0.48061389935565,0.5,0.5,0.49999413740062,0.49999887920704,1727073288107
117,1.0,0.83333333333333,0.7141379530788,0.48061389935565,0.5,0.5,0.49999413740062,0.49999887920704,1727073289164
117,1.0,0.83333333333333,0.7141379530788,0.48061389935565,0.5,0.5,0.49999413740062,0.49999887920704,1727073290139
117,1.0,0.82668367514931,0.7141379530788,0.48061389935565,0.5,0.49999654252329,0.49999413740062,0.49999887920704,1727073290219
117,1.0,0.81338619814878,0.7141379530788,0.48061389935565,0.5,0.49999917939179,0.49999413740062,0.49999887920704,1727073290235
117,1.0,0.80288144253066,0.7141379530788,0.48061389935565,0.5,0.49999763344329,0.49999413740062,0.49999887920704,1727073290251
117,1.0,0.75137233141812,0.7141379530788,0.48061389935565,0.5,0.4999982928663,0.49999413740062,0.49999887920704,1727073290267
117,1.0,0.72756163349344,0.7141379530788,0.48061389935565,0.5,0.49999560807265,0.49999413740062,0.49999887920704,1727073290284
117,1.0,0.69988394332957,0.7141379530788,0.48061389935565,0.5,0.49999592533027,0.49999413740062,0.49999887920704,1727073290301
117,1.0,0.65890121244264,0.7141379530788,0.48061389935565,0.5,0.49999459849097,0.49999413740062,0.49999887920704,1727073290317
117,1.0,0.63507705684565,0.7141379530788,0.48061389935565,0.5,0.49999991667332,0.49999413740062,0.49999887920704,1727073290334
117,1.0,0.60741073883834,0.7141379530788,0.48061389935565,0.5,0.49999309476862,0.49999413740062,0.49999887920704,1727073290350
117,1.0,0.58358754207107,0.7141379530788,0.48061389935565,0.5,0.49999806431147,0.49999413740062,0.49999887920704,1727073290367
117,1.0,0.5625911385254,0.7141379530788,0.48061389935565,0.5,0.49999557416888,0.49999413740062,0.49999887920704,1727073290384
117,1.0,0.54542225011651,0.7141379530788,0.48061389935565,0.5,0.49999524134042,0.49999413740062,0.49999887920704,1727073290400
117,1.0,0.52825359338418,0.7141379530788,0.48061389935565,0.5,0.49999472970539,0.49999413740062,0.49999887920704,1727073290417
117,1.0,0.50443914000838,0.7141379530788,0.48061389935565,0.5,0.49999388281596,0.49999413740062,0.49999887920704,1727073290434
117,1.0,0.45959138299393,0.7141379530788,0.48061389935565,0.5,0.4999947418011,0.49999413740062,0.49999887920704,1727073290451
117,1.0,0.44631469826973,0.7141379530788,0.48061389935565,0.5,0.49999445282022,0.49999413740062,0.49999887920704,1727073290467
117,1.0,0.43965973452455,0.7141379530788,0.48061389935565,0.5,0.50000144210685,0.49999413740062,0.49999887920704,1727073290484
117,1.0,0.43584822382205,0.7141379530788,0.48061389935565,0.5,0.49999833602115,0.49999413740062,0.49999887920704,1727073290587
117,1.0,0.42920141032764,0.7141379530788,0.48061389935565,0.5,0.49999885519358,0.49999413740062,0.49999887920704,1727073290610
117,1.0,0.42254041968826,0.7141379530788,0.48061389935565,0.5,0.49999839476701,0.49999413740062,0.49999887920704,1727073290618
117,1.0,0.4159002301285,0.7141379530788,0.48061389935565,0.5,0.49999344067,0.49999413740062,0.49999887920704,1727073290634
117,1.0,0.40539233699027,0.7141379530788,0.48061389935565,0.5,0.49999350444653,0.49999413740062,0.49999887920704,1727073290651
117,1.0,0.3855139101797,0.7141379530788,0.48061389935565,0.5,0.49999460580353,0.49999413740062,0.49999887920704,1727073290667
117,1.0,0.37501532219038,0.7141379530788,0.48061389935565,0.5,0.50000005506538,0.49999413740062,0.49999887920704,1727073290684
117,1.0,0.36835771274027,0.7141379530788,0.48061389935565,0.5,0.49999655254787,0.49999413740062,0.49999887920704,1727073290700
117,1.0,0.36170966681522,0.7141379530788,0.48061389935565,0.5,0.49999822039352,0.49999413740062,0.49999887920704,1727073290891
117,1.0,0.35506512484765,0.7141379530788,0.48061389935565,0.5,0.49999673212639,0.49999413740062,0.49999887920704,1727073290906
117,1.0,0.35125065976231,0.7141379530788,0.48061389935565,0.5,0.49999586821464,0.49999413740062,0.49999887920704,1727073290917
117,1.0,0.3446013310377,0.7141379530788,0.48061389935565,0.5,0.49999876582983,0.49999413740062,0.49999887920704,1727073290934
117,1.0,0.3379565373554,0.7141379530788,0.48061389935565,0.5,0.49999747645286,0.49999413740062,0.49999887920704,1727073290951
117,1.0,0.34463113386888,0.7141379530788,0.48061389935565,0.5,0.49999966191559,0.49999413740062,0.49999887920704,1727073292659
117,1.0,0.34463113386888,0.7141379530788,0.48061389935565,0.5,0.49999966191559,0.49999413740062,0.49999887920704,1727073293051
117,1.0,0.34463113386888,0.7141379530788,0.48061389935565,0.5,0.49999966191559,0.49999413740062,0.49999887920704,1727073294413
117,0.9933453273864,0.34463113386888,0.7141379530788,0.48061389935565,0.5000030444775,0.49999966191559,0.49999413740062,0.49999887920704,1727073294508
117,0.98669257438661,0.34463113386888,0.7141379530788,0.48061389935565,0.50000011889479,0.49999966191559,0.49999413740062,0.49999887920704,1727073294580
117,0.98285808449146,0.34463113386888,0.7141379530788,0.48061389935565,0.49999845539856,0.49999966191559,0.49999413740062,0.49999887920704,1727073294595
117,0.97620468369595,0.34463113386888,0.7141379530788,0.48061389935565,0.50000210589252,0.49999966191559,0.49999413740062,0.49999887920704,1727073294667
117,0.96955297659066,0.34463113386888,0.7141379530788,0.48061389935565,0.49999960689254,0.49999966191559,0.49999413740062,0.49999887920704,1727073294756
117,0.96572403931985,0.34463113386888,0.7141379530788,0.48061389935565,0.50000043644532,0.49999966191559,0.49999413740062,0.49999887920704,1727073294779
117,0.96572403931985,0.34463113386888,0.7141379530788,0.48061389935565,0.50000043644532,0.49999966191559,0.49999413740062,0.49999887920704,1727073295308
117,0.96572403931985,0.34463113386888,0.7141379530788,0.48061389935565,0.50000043644532,0.49999966191559,0.49999413740062,0.49999887920704,1727073296397
117,0.95906773624176,0.34463113386888,0.7141379530788,0.48061389935565,0.50000282615465,0.49999966191559,0.49999413740062,0.49999887920704,1727073296588
117,0.95241131689131,0.34463113386888,0.7141379530788,0.48061389935565,0.49999813486858,0.49999966191559,0.49999413740062,0.49999887920704,1727073296684
117,0.94575769670445,0.34463113386888,0.7141379530788,0.48061389935565,0.50000177537526,0.49999966191559,0.49999413740062,0.49999887920704,1727073296892
117,0.93910599430591,0.34463113386888,0.7141379530788,0.48061389935565,0.50000634578505,0.49999966191559,0.49999413740062,0.49999887920704,1727073296972
117,0.93244647288656,0.34463113386888,0.7141379530788,0.48061389935565,0.50000014875613,0.49999966191559,0.49999413740062,0.49999887920704,1727073297018
117,0.92578886424772,0.34463113386888,0.7141379530788,0.48061389935565,0.5000019922961,0.49999966191559,0.49999413740062,0.49999887920704,1727073297044
117,0.92578886424772,0.34463113386888,0.7141379530788,0.48061389935565,0.5000019922961,0.49999966191559,0.49999413740062,0.49999887920704,1727073297636
117,0.92578886424772,0.34463113386888,0.7141379530788,0.48061389935565,0.5000019922961,0.49999966191559,0.49999413740062,0.49999887920704,1727073304285
117,0.92578886424772,0.34463113386888,0.7069181274484,0.48061389935565,0.5000019922961,0.49999966191559,0.49999293474499,0.49999887920704,1727073304460
117,0.92578886424772,0.34463113386888,0.7069181274484,0.48061389935565,0.5000019922961,0.49999966191559,0.49999293474499,0.49999887920704,1727073304908
118,0.5,0.5,0.66666666666667,0.66666666666667,0.5,0.5,0.5,0.5,1727073306845
118,0.5,0.5,0.65682053951075,0.66666666666667,0.5,0.5,0.4999889152108,0.5,1727073306867
118,0.5,0.5,0.64697263650519,0.66666666666667,0.5,0.5,0.49998976236679,0.5,1727073306884
118,0.5,0.5,0.6397505038333,0.66666666666667,0.5,0.5,0.50000203906621,0.5,1727073306900
118,0.5,0.5,0.60370964579611,0.66666666666667,0.5,0.5,0.49998968159405,0.5,1727073306917
118,0.5,0.5,0.55331805629915,0.66666666666667,0.5,0.5,0.4999804055759,0.5,1727073306934
118,0.5,0.5,0.52293058064381,0.66666666666667,0.5,0.5,0.49998715205969,0.5,1727073306951
118,0.5,0.5,0.48970230295305,0.66666666666667,0.5,0.5,0.49999631628839,0.5,1727073306967
118,0.5,0.5,0.45368470422996,0.66666666666667,0.5,0.5,0.49999071496069,0.5,1727073306984
118,0.5,0.5,0.40621385987908,0.66666666666667,0.5,0.5,0.4999926797597,0.5,1727073307001
118,0.5,0.5,0.36590811218597,0.66666666666667,0.5,0.5,0.4999748898373,0.5,1727073307017
118,0.5,0.5,0.32991253316117,0.66666666666667,0.5,0.5,0.49998972988949,0.5,1727073307034
118,0.5,0.5,0.29973018510453,0.66666666666667,0.5,0.5,0.49999517212038,0.5,1727073307050
118,0.5,0.5,0.27092295618536,0.66666666666667,0.5,0.5,0.50000251247595,0.5,1727073307067
118,0.5,0.5,0.25209558514944,0.66666666666667,0.5,0.5,0.49999853553683,0.5,1727073307084
118,0.5,0.5,0.23766493614898,0.66666666666667,0.5,0.5,0.4999851629158,0.5,1727073307100
118,0.5,0.5,0.23044465065685,0.66666666666667,0.5,0.5,0.49998765508909,0.5,1727073307123
118,0.5,0.5,0.2232256427587,0.66666666666667,0.5,0.5,0.4999760572721,0.5,1727073307167
118,0.5,0.5,0.21600590018298,0.66666666666667,0.5,0.5,0.49997237247267,0.5,1727073307195
118,0.5,0.5,0.20878644759271,0.66666666666667,0.5,0.5,0.49996525523737,0.5,1727073307211
118,0.5,0.5,0.20156639188419,0.66666666666667,0.5,0.5,0.49996491841754,0.5,1727073308340
118,0.5,0.5,0.19434494259502,0.66666666666667,0.5,0.5,0.49998102677281,0.5,1727073308356
118,0.5,0.5,0.18711624411936,0.66666666666667,0.5,0.5,0.49998642221396,0.5,1727073308400
118,0.5,0.5,0.17989594852419,0.66666666666667,0.5,0.5,0.49998935189697,0.5,1727073308417
118,0.5,0.5,0.172676093683,0.66666666666667,0.5,0.5,0.49998691005272,0.5,1727073308508
118,0.5,0.5,0.16545563107953,0.66666666666667,0.5,0.5,0.4999920593647,0.5,1727073308532
118,0.5,0.5,0.16545563107953,0.66666666666667,0.5,0.5,0.4999920593647,0.5,1727073311188
118,0.5,0.5,0.16545563107953,0.66666666666667,0.5,0.5,0.4999920593647,0.5,1727073312861
118,0.5,0.5,0.16545563107953,0.6628421538437,0.5,0.5,0.4999920593647,0.49999758411844,1727073312948
118,0.5,0.5,0.16545563107953,0.65234176197349,0.5,0.5,0.4999920593647,0.50000201655756,1727073312964
118,0.5,0.5,0.16545563107953,0.64851468031349,0.5,0.5,0.4999920593647,0.49999484782968,1727073312972
118,0.5,0.5,0.16545563107953,0.63134475124563,0.5,0.5,0.4999920593647,0.49999431063233,1727073312984
118,0.5,0.5,0.16545563107953,0.61035058143703,0.5,0.5,0.4999920593647,0.49999790790655,1727073313000
118,0.5,0.5,0.16545563107953,0.58558478551622,0.5,0.5,0.4999920593647,0.50000011225486,1727073313017
118,0.5,0.5,0.16545563107953,0.55709785822485,0.5,0.5,0.4999920593647,0.50000379156688,1727073313034
118,0.5,0.5,0.16545563107953,0.53232424714672,0.5,0.5,0.4999920593647,0.49998998263355,1727073313050
118,0.5,0.5,0.16545563107953,0.51133298336355,0.5,0.5,0.4999920593647,0.49999603290573,1727073313067
118,0.5,0.5,0.16545563107953,0.49033671346937,0.5,0.5,0.4999920593647,0.49999869821204,1727073313084
118,0.5,0.5,0.16545563107953,0.47604497514841,0.5,0.5,0.4999920593647,0.49999910494488,1727073313100
118,0.5,0.5,0.16545563107953,0.46175601396412,0.5,0.5,0.4999920593647,0.50000167919319,1727073313117
118,0.5,0.5,0.16545563107953,0.45794103850981,0.5,0.5,0.4999920593647,0.50000200688734,1727073313133
118,0.5,0.5,0.16545563107953,0.44743548500355,0.5,0.5,0.4999920593647,0.49999156616437,1727073313150
118,0.5,0.5,0.16545563107953,0.43693361589388,0.5,0.5,0.4999920593647,0.49999611090951,1727073313167
118,0.5,0.5,0.16545563107953,0.43312278641766,0.5,0.5,0.4999920593647,0.49999976554133,1727073313183
118,0.5,0.5,0.16545563107953,0.42261823895449,0.5,0.5,0.4999920593647,0.49998972920385,1727073313200
118,0.5,0.5,0.16545563107953,0.41880973797898,0.5,0.5,0.4999920593647,0.49999534522604,1727073313228
118,0.5,0.5,0.16545563107953,0.41499513166359,0.5,0.5,0.4999920593647,0.4999959637933,1727073313243
118,0.5,0.5,0.16545563107953,0.4044915020738,0.5,0.5,0.4999920593647,0.49999932136497,1727073313259
118,0.5,0.5,0.16545563107953,0.40067890173171,0.5,0.5,0.4999920593647,0.50000167653972,1727073313275
118,0.5,0.5,0.16545563107953,0.39687147869382,0.5,0.5,0.4999920593647,0.49999535974293,1727073313291
118,0.5,0.5,0.16545563107953,0.38636819846314,0.5,0.5,0.4999920593647,0.49999910564302,1727073313300
118,0.5,0.5,0.16545563107953,0.39303806248227,0.5,0.5,0.4999920593647,0.49999306260028,1727073313996
118,0.5,0.5,0.16545563107953,0.39971041227427,0.5,0.5,0.4999920593647,0.49998925304355,1727073314076
118,0.5,0.5,0.16545563107953,0.40638814159495,0.5,0.5,0.4999920593647,0.50000296181452,1727073314092
118,0.5,0.5,0.16545563107953,0.41690199829981,0.5,0.5,0.4999920593647,0.49999529274831,1727073314108
118,0.5,0.5,0.16545563107953,0.42357066589574,0.5,0.5,0.4999920593647,0.50000117467472,1727073314156
118,0.5,0.5,0.16545563107953,0.43024452015275,0.5,0.5,0.4999920593647,0.49999867591324,1727073314204
118,0.5,0.5,0.16545563107953,0.43412318419794,0.5,0.5,0.4999920593647,0.50000008645189,1727073314268
118,0.5,0.5,0.16545563107953,0.44079900414614,0.5,0.5,0.4999920593647,0.49999920520569,1727073314283
118,0.5,0.5,0.16545563107953,0.44746871711002,0.5,0.5,0.4999920593647,0.49999351340718,1727073314300
118,0.5,0.5,0.16545563107953,0.45414044344606,0.5,0.5,0.4999920593647,0.50000155179612,1727073314372
118,0.5,0.5,0.16545563107953,0.45801823819622,0.5,0.5,0.4999920593647,0.5000022220621,1727073314417
118,0.5,0.5,0.16545563107953,0.46469347991931,0.5,0.5,0.4999920593647,0.50000090427917,1727073314476
118,0.5,0.5,0.16545563107953,0.46469347991931,0.5,0.5,0.4999920593647,0.50000090427917,1727073314876
118,0.5,0.5,0.16545563107953,0.46469347991931,0.5,0.5,0.4999920593647,0.50000090427917,1727073316549
118,0.50668107625712,0.5,0.16545563107953,0.46469347991931,0.500003026065,0.5,0.4999920593647,0.50000090427917,1727073316788
118,0.52003707488022,0.5,0.16545563107953,0.46469347991931,0.50000451469428,0.5,0.4999920593647,0.50000090427917,1727073316804
118,0.52671168168849,0.5,0.16545563107953,0.46469347991931,0.50000283175734,0.5,0.4999920593647,0.50000090427917,1727073316817
118,0.55724381522036,0.5,0.16545563107953,0.46469347991931,0.4999984027718,0.5,0.4999920593647,0.50000090427917,1727073316833
118,0.57730979749783,0.5,0.16545563107953,0.46469347991931,0.5000014029227,0.5,0.4999920593647,0.50000090427917,1727073316850
118,0.59737442085227,0.5,0.16545563107953,0.46469347991931,0.5000033768306,0.5,0.4999920593647,0.50000090427917,1727073316867
118,0.62122117442471,0.5,0.16545563107953,0.46469347991931,0.50000366392108,0.5,0.4999920593647,0.50000090427917,1727073316883
118,0.63458370666264,0.5,0.16545563107953,0.46469347991931,0.50000902227398,0.5,0.4999920593647,0.50000090427917,1727073316900
118,0.65175569438237,0.5,0.16545563107953,0.46469347991931,0.50000112999719,0.5,0.4999920593647,0.50000090427917,1727073316916
118,0.66510583466128,0.5,0.16545563107953,0.46469347991931,0.49999888081303,0.5,0.4999920593647,0.50000090427917,1727073316933
118,0.68227164166343,0.5,0.16545563107953,0.46469347991931,0.49999687666291,0.5,0.4999920593647,0.50000090427917,1727073316950
118,0.69944634815548,0.5,0.16545563107953,0.46469347991931,0.50000011283239,0.5,0.4999920593647,0.50000090427917,1727073316967
118,0.70611076627826,0.5,0.16545563107953,0.46469347991931,0.50000177256438,0.5,0.4999920593647,0.50000090427917,1727073316983
118,0.72996417730959,0.5,0.16545563107953,0.46469347991931,0.50000581230909,0.5,0.4999920593647,0.50000090427917,1727073317000
118,0.74713108805226,0.5,0.16545563107953,0.46469347991931,0.50000442946885,0.5,0.4999920593647,0.50000090427917,1727073317016
118,0.75764011126923,0.5,0.16545563107953,0.46469347991931,0.50000511147555,0.5,0.4999920593647,0.50000090427917,1727073317033
118,0.78440078117986,0.5,0.16545563107953,0.46469347991931,0.50000041636373,0.5,0.4999920593647,0.50000090427917,1727073317050
118,0.79775194054797,0.5,0.16545563107953,0.46469347991931,0.4999989972666,0.5,0.4999920593647,0.50000090427917,1727073317066
118,0.81492100376632,0.5,0.16545563107953,0.46469347991931,0.49999892668881,0.5,0.4999920593647,0.50000090427917,1727073317083
118,0.83876828760077,0.5,0.16545563107953,0.46469347991931,0.49999952239968,0.5,0.4999920593647,0.50000090427917,1727073317100
118,0.84543282519468,0.5,0.16545563107953,0.46469347991931,0.50000103476174,0.5,0.4999920593647,0.50000090427917,1727073317124
118,0.8493015156901,0.5,0.16545563107953,0.46469347991931,0.50000461804888,0.5,0.4999920593647,0.50000090427917,1727073317139
118,0.85597076745865,0.5,0.16545563107953,0.46469347991931,0.50000076604294,0.5,0.4999920593647,0.50000090427917,1727073317268
118,0.8626391863342,0.5,0.16545563107953,0.46469347991931,0.50000417079185,0.5,0.4999920593647,0.50000090427917,1727073317283
118,0.86930697010385,0.5,0.16545563107953,0.46469347991931,0.4999996442693,0.5,0.4999920593647,0.50000090427917,1727073317436
118,0.87317258443017,0.5,0.16545563107953,0.46469347991931,0.50000164620224,0.5,0.4999920593647,0.50000090427917,1727073317452
118,0.87984047760985,0.5,0.16545563107953,0.46469347991931,0.50000473739645,0.5,0.4999920593647,0.50000090427917,1727073317468
118,0.88651219831042,0.5,0.16545563107953,0.46469347991931,0.50000218588753,0.5,0.4999920593647,0.50000090427917,1727073317524
118,0.89317124517486,0.5,0.16545563107953,0.46469347991931,0.50000097150774,0.5,0.4999920593647,0.50000090427917,1727073317540
118,0.89984757305473,0.5,0.16545563107953,0.46469347991931,0.500000680482,0.5,0.4999920593647,0.50000090427917,1727073317584
118,0.90370886570939,0.5,0.16545563107953,0.46469347991931,0.50000056073949,0.5,0.4999920593647,0.50000090427917,1727073317600
118,0.90757221000869,0.5,0.16545563107953,0.46469347991931,0.50000141895256,0.5,0.4999920593647,0.50000090427917,1727073317748
118,0.9142456250216,0.5,0.16545563107953,0.46469347991931,0.49999974957492,0.5,0.4999920593647,0.50000090427917,1727073317764
118,0.92091662664269,0.5,0.16545563107953,0.46469347991931,0.50000420674765,0.5,0.4999920593647,0.50000090427917,1727073317852
118,0.92757705531245,0.5,0.16545563107953,0.46469347991931,0.50000366336279,0.5,0.4999920593647,0.50000090427917,1727073318124
118,0.93145117799311,0.5,0.16545563107953,0.46469347991931,0.5000023445365,0.5,0.4999920593647,0.50000090427917,1727073318148
118,0.93811356502015,0.5,0.16545563107953,0.46469347991931,0.5000027251548,0.5,0.4999920593647,0.50000090427917,1727073318164
118,0.94478037323121,0.5,0.16545563107953,0.46469347991931,0.49999804246607,0.5,0.4999920593647,0.50000090427917,1727073318212
118,0.95145044285544,0.5,0.16545563107953,0.46469347991931,0.50000196816555,0.5,0.4999920593647,0.50000090427917,1727073318276
118,0.95531706896821,0.5,0.16545563107953,0.46469347991931,0.50000428901018,0.5,0.4999920593647,0.50000090427917,1727073318284
118,0.9619776527292,0.5,0.16545563107953,0.46469347991931,0.49999683268355,0.5,0.4999920593647,0.50000090427917,1727073318300
118,0.96864957988848,0.5,0.16545563107953,0.46469347991931,0.50000154997406,0.5,0.4999920593647,0.50000090427917,1727073318331
118,0.96864957988848,0.5,0.16545563107953,0.46469347991931,0.50000154997406,0.5,0.4999920593647,0.50000090427917,1727073319404
118,0.96864957988848,0.5,0.16545563107953,0.46469347991931,0.50000154997406,0.5,0.4999920593647,0.50000090427917,1727073319989
118,0.96864957988848,0.49335167362132,0.16545563107953,0.46469347991931,0.50000154997406,0.50000161132424,0.4999920593647,0.50000090427917,1727073320012
118,0.96864957988848,0.49060483032151,0.16545563107953,0.46469347991931,0.50000154997406,0.50000785695795,0.4999920593647,0.50000090427917,1727073320050
118,0.96864957988848,0.48395176383236,0.16545563107953,0.46469347991931,0.50000154997406,0.50000156419623,0.4999920593647,0.50000090427917,1727073320066
118,0.96864957988848,0.46406214164626,0.16545563107953,0.46469347991931,0.50000154997406,0.4999995342799,0.4999920593647,0.50000090427917,1727073320083
118,0.96864957988848,0.43102643135136,0.16545563107953,0.46469347991931,0.50000154997406,0.5000035117591,0.4999920593647,0.50000090427917,1727073320100
118,0.96864957988848,0.41113935387114,0.16545563107953,0.46469347991931,0.50000154997406,0.49999925587754,0.4999920593647,0.50000090427917,1727073320116
118,0.96864957988848,0.39786132726756,0.16545563107953,0.46469347991931,0.50000154997406,0.5000001797258,0.4999920593647,0.50000090427917,1727073320133
118,0.96864957988848,0.3740471820049,0.16545563107953,0.46469347991931,0.50000154997406,0.49999909164966,0.4999920593647,0.50000090427917,1727073320150
118,0.96864957988848,0.35417670513323,0.16545563107953,0.46469347991931,0.50000154997406,0.50000721835126,0.4999920593647,0.50000090427917,1727073320166
118,0.96864957988848,0.33036748315522,0.16545563107953,0.46469347991931,0.50000154997406,0.50000166017326,0.4999920593647,0.50000090427917,1727073320183
118,0.96864957988848,0.31709633269919,0.16545563107953,0.46469347991931,0.50000154997406,0.4999960869083,0.4999920593647,0.50000090427917,1727073320200
118,0.96864957988848,0.3038257705992,0.16545563107953,0.46469347991931,0.50000154997406,0.50000497610317,0.4999920593647,0.50000090427917,1727073320217
118,0.96864957988848,0.29717544974541,0.16545563107953,0.46469347991931,0.50000154997406,0.50000923523862,0.4999920593647,0.50000090427917,1727073320233
118,0.96864957988848,0.29336966871504,0.16545563107953,0.46469347991931,0.50000154997406,0.49999955563921,0.4999920593647,0.50000090427917,1727073320260
118,0.96864957988848,0.28672312857499,0.16545563107953,0.46469347991931,0.50000154997406,0.49999994694254,0.4999920593647,0.50000090427917,1727073320268
118,0.96864957988848,0.28007609368797,0.16545563107953,0.46469347991931,0.50000154997406,0.50000086264253,0.4999920593647,0.50000090427917,1727073320284
118,0.96864957988848,0.27342374889683,0.16545563107953,0.46469347991931,0.50000154997406,0.50000739462354,0.4999920593647,0.50000090427917,1727073320308
118,0.96864957988848,0.26678051186708,0.16545563107953,0.46469347991931,0.50000154997406,0.50000437785621,0.4999920593647,0.50000090427917,1727073320324
118,0.96864957988848,0.25628133190764,0.16545563107953,0.46469347991931,0.50000154997406,0.49999519889021,0.4999920593647,0.50000090427917,1727073320333
118,0.96864957988848,0.24963271868103,0.16545563107953,0.46469347991931,0.50000154997406,0.49999784884472,0.4999920593647,0.50000090427917,1727073320350
118,0.96864957988848,0.25631076514059,0.16545563107953,0.46469347991931,0.50000154997406,0.49999665395251,0.4999920593647,0.50000090427917,1727073321156
118,0.96864957988848,0.2629897323266,0.16545563107953,0.46469347991931,0.50000154997406,0.49999450064384,0.4999920593647,0.50000090427917,1727073321180
118,0.96864957988848,0.26965844112858,0.16545563107953,0.46469347991931,0.50000154997406,0.50000328610244,0.4999920593647,0.50000090427917,1727073321228
118,0.96864957988848,0.27633896176783,0.16545563107953,0.46469347991931,0.50000154997406,0.49999947602052,0.4999920593647,0.50000090427917,1727073321276
118,0.96864957988848,0.28301830881071,0.16545563107953,0.46469347991931,0.50000154997406,0.49999697535368,0.4999920593647,0.50000090427917,1727073321420
118,0.96864957988848,0.28689996005581,0.16545563107953,0.46469347991931,0.50000154997406,0.50000794007159,0.4999920593647,0.50000090427917,1727073321466
118,0.96864957988848,0.29357817817866,0.16545563107953,0.46469347991931,0.50000154997406,0.49999092503708,0.4999920593647,0.50000090427917,1727073321483
118,0.96864957988848,0.30024585617545,0.16545563107953,0.46469347991931,0.50000154997406,0.5000002982567,0.4999920593647,0.50000090427917,1727073321556
118,0.96864957988848,0.30413801605574,0.16545563107953,0.46469347991931,0.50000154997406,0.50000044322449,0.4999920593647,0.50000090427917,1727073321580
118,0.96864957988848,0.3108121043639,0.16545563107953,0.46469347991931,0.50000154997406,0.50000322478629,0.4999920593647,0.50000090427917,1727073321588
118,0.96864957988848,0.31749013897364,0.16545563107953,0.46469347991931,0.50000154997406,0.50000210695829,0.4999920593647,0.50000090427917,1727073322028
118,0.96864957988848,0.32415893309893,0.16545563107953,0.46469347991931,0.50000154997406,0.50000988823802,0.4999920593647,0.50000090427917,1727073322108
118,0.96864957988848,0.33083877700601,0.16545563107953,0.46469347991931,0.50000154997406,0.49999239908225,0.4999920593647,0.50000090427917,1727073322836
118,0.96864957988848,0.33472125038045,0.16545563107953,0.46469347991931,0.50000154997406,0.50000172223302,0.4999920593647,0.50000090427917,1727073323700
118,0.96864957988848,0.34139615933217,0.16545563107953,0.46469347991931,0.50000154997406,0.50000358046539,0.4999920593647,0.50000090427917,1727073323716
118,0.96864957988848,0.34139615933217,0.16545563107953,0.46469347991931,0.50000154997406,0.50000358046539,0.4999920593647,0.50000090427917,1727073323748
118,0.96864957988848,0.34139615933217,0.16545563107953,0.46469347991931,0.50000154997406,0.50000358046539,0.4999920593647,0.50000090427917,1727073325629
118,0.96864957988848,0.3375895642742,0.16545563107953,0.46469347991931,0.50000154997406,0.49999535651728,0.4999920593647,0.50000090427917,1727073325788
118,0.96864957988848,0.33093808217496,0.16545563107953,0.46469347991931,0.50000154997406,0.5000003600282,0.4999920593647,0.50000090427917,1727073326028
118,0.96864957988848,0.33093808217496,0.16545563107953,0.46469347991931,0.50000154997406,0.5000003600282,0.4999920593647,0.50000090427917,1727073326420
118,0.96864957988848,0.33093808217496,0.16545563107953,0.46469347991931,0.50000154997406,0.5000003600282,0.4999920593647,0.50000090427917,1727073328141
118,0.96199051849619,0.33093808217496,0.16545563107953,0.46469347991931,0.50000268529606,0.5000003600282,0.4999920593647,0.50000090427917,1727073328452
118,0.95534358874661,0.33093808217496,0.16545563107953,0.46469347991931,0.5000023452035,0.5000003600282,0.4999920593647,0.50000090427917,1727073328508
118,0.95151595399245,0.33093808217496,0.16545563107953,0.46469347991931,0.50000379096118,0.5000003600282,0.4999920593647,0.50000090427917,1727073328549
118,0.94100451163966,0.33093808217496,0.16545563107953,0.46469347991931,0.50000208848557,0.5000003600282,0.4999920593647,0.50000090427917,1727073328566
118,0.93435136473868,0.33093808217496,0.16545563107953,0.46469347991931,0.4999988448729,0.5000003600282,0.4999920593647,0.50000090427917,1727073328660
118,0.93435136473868,0.33093808217496,0.16545563107953,0.46469347991931,0.4999988448729,0.5000003600282,0.4999920593647,0.50000090427917,1727073328948
118,0.93435136473868,0.33093808217496,0.16545563107953,0.46469347991931,0.4999988448729,0.5000003600282,0.4999920593647,0.50000090427917,1727073329165
118,0.94101430671072,0.33093808217496,0.16545563107953,0.46469347991931,0.49999950103025,0.5000003600282,0.4999920593647,0.50000090427917,1727073329292
118,0.94768348496703,0.33093808217496,0.16545563107953,0.46469347991931,0.50000302062807,0.5000003600282,0.4999920593647,0.50000090427917,1727073329356
118,0.95435583529175,0.33093808217496,0.16545563107953,0.46469347991931,0.50000091058546,0.5000003600282,0.4999920593647,0.50000090427917,1727073329366
118,0.96101663005932,0.33093808217496,0.16545563107953,0.46469347991931,0.5000005670022,0.5000003600282,0.4999920593647,0.50000090427917,1727073329452
118,0.96768813974151,0.33093808217496,0.16545563107953,0.46469347991931,0.49999811288875,0.5000003600282,0.4999920593647,0.50000090427917,1727073329476
118,0.97155150425576,0.33093808217496,0.16545563107953,0.46469347991931,0.49999894301917,0.5000003600282,0.4999920593647,0.50000090427917,1727073329732
118,0.97821842135137,0.33093808217496,0.16545563107953,0.46469347991931,0.50000136314485,0.5000003600282,0.4999920593647,0.50000090427917,1727073329750
118,0.98489666532958,0.33093808217496,0.16545563107953,0.46469347991931,0.50000194549877,0.5000003600282,0.4999920593647,0.50000090427917,1727073329766
118,0.98489666532958,0.33093808217496,0.16545563107953,0.46469347991931,0.50000194549877,0.5000003600282,0.4999920593647,0.50000090427917,1727073329908
118,0.98489666532958,0.33093808217496,0.16545563107953,0.46469347991931,0.50000194549877,0.5000003600282,0.4999920593647,0.50000090427917,1727073330197
118,0.97823054939796,0.33093808217496,0.16545563107953,0.46469347991931,0.4999999013213,0.5000003600282,0.4999920593647,0.50000090427917,1727073330204
118,0.97157630567788,0.33093808217496,0.16545563107953,0.46469347991931,0.50000319308568,0.5000003600282,0.4999920593647,0.50000090427917,1727073330249
118,0.96492392412221,0.33093808217496,0.16545563107953,0.46469347991931,0.50000038445642,0.5000003600282,0.4999920593647,0.50000090427917,1727073330348
118,0.96492392412221,0.33093808217496,0.16545563107953,0.46469347991931,0.50000038445642,0.5000003600282,0.4999920593647,0.50000090427917,1727073330852
119,0.83333333333333,0.0,1.0,0.33333333333333,0.5,0.5,0.5,0.5,1727073334205
119,0.83333333333333,0.0,0.99738939200946,0.33333333333333,0.5,0.5,0.49999521697192,0.5,1727073334300
119,0.83333333333333,0.0,0.99016805122864,0.33333333333333,0.5,0.5,0.50000070603078,0.5,1727073334317
119,0.83333333333333,0.0,0.98294110946683,0.33333333333333,0.5,0.5,0.49999525789447,0.5,1727073334332
119,0.83333333333333,0.0,0.97571102882713,0.33333333333333,0.5,0.5,0.50000318306562,0.5,1727073334349
119,0.83333333333333,0.0,0.96849275954307,0.33333333333333,0.5,0.5,0.4999955899547,0.5,1727073334366
119,0.83333333333333,0.0,0.96126466600108,0.33333333333333,0.5,0.5,0.49999500338264,0.5,1727073334382
119,0.83333333333333,0.0,0.94681742167726,0.33333333333333,0.5,0.5,0.4999904910741,0.5,1727073334399
119,0.83333333333333,0.0,0.93959418487707,0.33333333333333,0.5,0.5,0.50000454808973,0.5,1727073334416
119,0.83333333333333,0.0,0.93236764427461,0.33333333333333,0.5,0.5,0.4999971100492,0.5,1727073334432
119,0.83333333333333,0.0,0.91791972899817,0.33333333333333,0.5,0.5,0.49999552660519,0.5,1727073334449
119,0.83333333333333,0.0,0.9107007340929,0.33333333333333,0.5,0.5,0.49999078823825,0.5,1727073334466
119,0.83333333333333,0.0,0.89624969593931,0.33333333333333,0.5,0.5,0.50000339097765,0.5,1727073334482
119,0.83333333333333,0.0,0.88902407751028,0.33333333333333,0.5,0.5,0.49999141430542,0.5,1727073334500
119,0.83333333333333,0.0,0.88180320766834,0.33333333333333,0.5,0.5,0.49999522125887,0.5,1727073334516
119,0.83333333333333,0.0,0.87457589812925,0.33333333333333,0.5,0.5,0.49999092896865,0.5,1727073334532
119,0.83333333333333,0.0,0.87002476253866,0.33333333333333,0.5,0.5,0.49998962304787,0.5,1727073334549
119,0.83333333333333,0.0,0.86279760449187,0.33333333333333,0.5,0.5,0.49998453467155,0.5,1727073334566
119,0.83333333333333,0.0,0.85556879197582,0.33333333333333,0.5,0.5,0.49998723209708,0.5,1727073334588
119,0.83333333333333,0.0,0.85822751710501,0.33333333333333,0.5,0.5,0.49999540327026,0.5,1727073334599
119,0.83333333333333,0.0,0.85099932282286,0.33333333333333,0.5,0.5,0.4999952368451,0.5,1727073334616
119,0.83333333333333,0.0,0.83924535636339,0.33333333333333,0.5,0.5,0.49998986262581,0.5,1727073334632
119,0.83333333333333,0.0,0.83202196347213,0.33333333333333,0.5,0.5,0.50000606993714,0.5,1727073334649
119,0.83333333333333,0.0,0.8247957003886,0.33333333333333,0.5,0.5,0.49999654279187,0.5,1727073334666
119,0.83333333333333,0.0,0.82744917915503,0.33333333333333,0.5,0.5,0.49999060827834,0.5,1727073334682
119,0.83333333333333,0.0,0.82022904158539,0.33333333333333,0.5,0.5,0.49999103855567,0.5,1727073334700
119,0.83333333333333,0.0,0.81300038266729,0.33333333333333,0.5,0.5,0.49999313005849,0.5,1727073334716
119,0.83333333333333,0.0,0.80577138586967,0.33333333333333,0.5,0.5,0.49999692949401,0.5,1727073334772
119,0.83333333333333,0.0,0.80122184599169,0.33333333333333,0.5,0.5,0.49998759898367,0.5,1727073334816
119,0.83333333333333,0.0,0.7940020855907,0.33333333333333,0.5,0.5,0.49998612359576,0.5,1727073334832
119,0.83333333333333,0.0,0.78677360271638,0.33333333333333,0.5,0.5,0.49998734275206,0.5,1727073334849
119,0.83333333333333,0.0,0.77955198262437,0.33333333333333,0.5,0.5,0.49999532295599,0.5,1727073334866
119,0.83333333333333,0.0,0.78220686633826,0.33333333333333,0.5,0.5,0.49998198948304,0.5,1727073334882
119,0.83333333333333,0.0,0.77497500760681,0.33333333333333,0.5,0.5,0.50000047573748,0.5,1727073334899
119,0.83333333333333,0.0,0.77763688896734,0.33333333333333,0.5,0.5,0.49999313732396,0.5,1727073334916
119,0.83333333333333,0.0,0.76319686813829,0.33333333333333,0.5,0.5,0.49999276532059,0.5,1727073334932
119,0.83333333333333,0.0,0.75596758062231,0.33333333333333,0.5,0.5,0.49999826666546,0.5,1727073334949
119,0.83333333333333,0.0,0.7586278910986,0.33333333333333,0.5,0.5,0.4999989681239,0.5,1727073334966
119,0.83333333333333,0.0,0.75407677479044,0.33333333333333,0.5,0.5,0.4999974470518,0.5,1727073334982
119,0.83333333333333,0.0,0.74684946156048,0.33333333333333,0.5,0.5,0.49999264034167,0.5,1727073334999
119,0.83333333333333,0.0,0.7396290495555,0.33333333333333,0.5,0.5,0.49999457560893,0.5,1727073335016
119,0.83333333333333,0.0,0.73240015661676,0.33333333333333,0.5,0.5,0.49999811471437,0.5,1727073335100
119,0.83333333333333,0.0,0.73506140481465,0.33333333333333,0.5,0.5,0.49999383827063,0.5,1727073338388
119,0.83333333333333,0.0,0.7278323217969,0.33333333333333,0.5,0.5,0.49999840846202,0.5,1727073338399
119,0.83333333333333,0.0,0.7278323217969,0.33333333333333,0.5,0.5,0.49999840846202,0.5,1727073339308
119,0.83333333333333,0.0,0.7278323217969,0.33333333333333,0.5,0.5,0.49999840846202,0.5,1727073340733
119,0.83333333333333,0.0,0.7278323217969,0.34000803421808,0.5,0.5,0.49999840846202,0.50000750750198,1727073340797
119,0.83333333333333,0.0,0.7278323217969,0.34667935504168,0.5,0.5,0.49999840846202,0.50000224712232,1727073340832
119,0.83333333333333,0.0,0.7278323217969,0.3533571197908,0.5,0.5,0.49999840846202,0.50000299134451,1727073340884
119,0.83333333333333,0.0,0.7278323217969,0.36003037130947,0.5,0.5,0.49999840846202,0.49999964036955,1727073340988
119,0.83333333333333,0.0,0.7278323217969,0.3639150704941,0.5,0.5,0.49999840846202,0.50000662599664,1727073340999
119,0.83333333333333,0.0,0.7278323217969,0.37059270080263,0.5,0.5,0.49999840846202,0.500007182996,1727073341015
119,0.83333333333333,0.0,0.7278323217969,0.3810967617357,0.5,0.5,0.49999840846202,0.50000389106721,1727073341032
119,0.83333333333333,0.0,0.7278323217969,0.39161914120028,0.5,0.5,0.49999840846202,0.50000322794573,1727073341049
119,0.83333333333333,0.0,0.7278323217969,0.39829036682047,0.5,0.5,0.49999840846202,0.49999834941358,1727073341116
119,0.83333333333333,0.0,0.7278323217969,0.40216820473114,0.5,0.5,0.49999840846202,0.49999913260933,1727073341132
119,0.83333333333333,0.0,0.7278323217969,0.41553558512486,0.5,0.5,0.49999840846202,0.49999761718064,1727073341149
119,0.83333333333333,0.0,0.7278323217969,0.43270838724294,0.5,0.5,0.49999840846202,0.5000005612027,1727073341165
119,0.83333333333333,0.0,0.7278323217969,0.44607668648088,0.5,0.5,0.49999840846202,0.49999981260361,1727073341182
119,0.83333333333333,0.0,0.7278323217969,0.45274319787077,0.5,0.5,0.49999840846202,0.50000371582949,1727073341199
119,0.83333333333333,0.0,0.7278323217969,0.45941797636964,0.5,0.5,0.49999840846202,0.50000201419778,1727073341249
119,0.83333333333333,0.0,0.7278323217969,0.46609490909318,0.5,0.5,0.49999840846202,0.50000200284435,1727073341265
119,0.83333333333333,0.0,0.7278323217969,0.4766061513735,0.5,0.5,0.49999840846202,0.50000466748756,1727073341282
119,0.83333333333333,0.0,0.7278323217969,0.48996937533594,0.5,0.5,0.49999840846202,0.50000010771227,1727073341299
119,0.83333333333333,0.0,0.7278323217969,0.49664191484429,0.5,0.5,0.49999840846202,0.50000823002755,1727073341324
119,0.83333333333333,0.0,0.7278323217969,0.50331197552057,0.5,0.5,0.49999840846202,0.50000313476604,1727073341365
119,0.83333333333333,0.0,0.7278323217969,0.50718857225448,0.5,0.5,0.49999840846202,0.50000288109846,1727073341382
119,0.83333333333333,0.0,0.7278323217969,0.51385594072755,0.5,0.5,0.49999840846202,0.49999595971421,1727073341412
119,0.83333333333333,0.0,0.7278323217969,0.52052484670336,0.5,0.5,0.49999840846202,0.50000126631951,1727073341449
119,0.83333333333333,0.0,0.7278323217969,0.52719565670673,0.5,0.5,0.49999840846202,0.4999969189415,1727073341499
119,0.83333333333333,0.0,0.7278323217969,0.53387209309573,0.5,0.5,0.49999840846202,0.50000742348371,1727073341716
119,0.83333333333333,0.0,0.7278323217969,0.54054437022507,0.5,0.5,0.49999840846202,0.50000412073721,1727073341804
119,0.83333333333333,0.0,0.7278323217969,0.54441918464948,0.5,0.5,0.49999840846202,0.50000263723108,1727073341849
119,0.83333333333333,0.0,0.7278323217969,0.55109416927819,0.5,0.5,0.49999840846202,0.50000128117987,1727073341866
119,0.83333333333333,0.0,0.7278323217969,0.55775979146845,0.5,0.5,0.49999840846202,0.50000405791397,1727073341882
119,0.83333333333333,0.0,0.7278323217969,0.56443426534063,0.5,0.5,0.49999840846202,0.50000236667962,1727073341972
119,0.83333333333333,0.0,0.7278323217969,0.55777787896505,0.5,0.5,0.49999840846202,0.50000590260251,1727073342532
119,0.83333333333333,0.0,0.7278323217969,0.55112411314968,0.5,0.5,0.49999840846202,0.50000071312485,1727073342564
119,0.83333333333333,0.0,0.7278323217969,0.54447411137434,0.5,0.5,0.49999840846202,0.50000872500662,1727073342615
119,0.83333333333333,0.0,0.7278323217969,0.53781976205979,0.5,0.5,0.49999840846202,0.50000306340295,1727073342668
119,0.83333333333333,0.0,0.7278323217969,0.53117118048846,0.5,0.5,0.49999840846202,0.50000137605703,1727073342732
119,0.83333333333333,0.0,0.7278323217969,0.52451181045858,0.5,0.5,0.49999840846202,0.5000029314641,1727073342804
119,0.83333333333333,0.0,0.7278323217969,0.52069339628466,0.5,0.5,0.49999840846202,0.50000077874329,1727073342828
119,0.83333333333333,0.0,0.7278323217969,0.51404703010506,0.5,0.5,0.49999840846202,0.50000063229973,1727073343341
119,0.83333333333333,0.0,0.7278323217969,0.51023448309819,0.5,0.5,0.49999840846202,0.50000269332786,1727073343364
119,0.83333333333333,0.0,0.7278323217969,0.50357791264874,0.5,0.5,0.49999840846202,0.500006351781,1727073343372
119,0.83333333333333,0.0,0.7278323217969,0.50357791264874,0.5,0.5,0.49999840846202,0.500006351781,1727073343764
119,0.83333333333333,0.0,0.7278323217969,0.50357791264874,0.5,0.5,0.49999840846202,0.500006351781,1727073345517
119,0.82667177932902,0.0,0.7278323217969,0.50357791264874,0.4999973660505,0.5,0.49999840846202,0.500006351781,1727073345580
119,0.81616510201858,0.0,0.7278323217969,0.50357791264874,0.49999786496389,0.5,0.49999840846202,0.500006351781,1727073345588
119,0.80186073378634,0.0,0.7278323217969,0.50357791264874,0.49999957823246,0.5,0.49999840846202,0.500006351781,1727073345598
119,0.75319034329909,0.0,0.7278323217969,0.50357791264874,0.4999946929047,0.5,0.49999840846202,0.500006351781,1727073345615
119,0.6768692401627,0.0,0.7278323217969,0.50357791264874,0.49999542997189,0.5,0.49999840846202,0.500006351781,1727073345632
119,0.61772847707423,0.0,0.7278323217969,0.50357791264874,0.49999365615585,0.5,0.49999840846202,0.500006351781,1727073345648
119,0.57954824740903,0.0,0.7278323217969,0.50357791264874,0.49999627899489,0.5,0.49999840846202,0.500006351781,1727073345665
119,0.5547878430248,0.0,0.7278323217969,0.50357791264874,0.50000221112946,0.5,0.49999840846202,0.500006351781,1727073345682
119,0.52330724447989,0.0,0.7278323217969,0.50357791264874,0.49999968072142,0.5,0.49999840846202,0.500006351781,1727073345698
119,0.50231225737297,0.0,0.7278323217969,0.50357791264874,0.49999207091887,0.5,0.49999840846202,0.500006351781,1727073345715
119,0.48802292912226,0.0,0.7278323217969,0.50357791264874,0.49999414315485,0.5,0.49999840846202,0.500006351781,1727073345732
119,0.46702913480622,0.0,0.7278323217969,0.50357791264874,0.49999874327869,0.5,0.49999840846202,0.500006351781,1727073345748
119,0.4460320829719,0.0,0.7278323217969,0.50357791264874,0.50000104061753,0.5,0.49999840846202,0.500006351781,1727073345765
119,0.43175048166391,0.0,0.7278323217969,0.50357791264874,0.49999727914811,0.5,0.49999840846202,0.500006351781,1727073345782
119,0.40699972944745,0.0,0.7278323217969,0.50357791264874,0.4999997729627,0.5,0.49999840846202,0.500006351781,1727073345798
119,0.37932362607027,0.0,0.7278323217969,0.50357791264874,0.50000048108906,0.5,0.49999840846202,0.500006351781,1727073345815
119,0.35091635375553,0.0,0.7278323217969,0.50357791264874,0.49999383161499,0.5,0.49999840846202,0.500006351781,1727073345832
119,0.31574905885873,0.0,0.7278323217969,0.50357791264874,0.49999533471993,0.5,0.49999840846202,0.500006351781,1727073345848
119,0.29102957824928,0.0,0.7278323217969,0.50357791264874,0.49999878634595,0.5,0.49999840846202,0.500006351781,1727073345865
119,0.26630756243157,0.0,0.7278323217969,0.50357791264874,0.49999986131429,0.5,0.49999840846202,0.500006351781,1727073345882
119,0.25581155934417,0.0,0.7278323217969,0.50357791264874,0.49999583049232,0.5,0.49999840846202,0.500006351781,1727073345898
119,0.2453060565897,0.0,0.7278323217969,0.50357791264874,0.49999817926905,0.5,0.49999840846202,0.500006351781,1727073345915
119,0.24150653178397,0.0,0.7278323217969,0.50357791264874,0.49999869822576,0.5,0.49999840846202,0.500006351781,1727073346012
119,0.23100859704151,0.0,0.7278323217969,0.50357791264874,0.49999222010918,0.5,0.49999840846202,0.500006351781,1727073346048
119,0.22050930802708,0.0,0.7278323217969,0.50357791264874,0.50000189325112,0.5,0.49999840846202,0.500006351781,1727073346098
119,0.21000873887063,0.0,0.7278323217969,0.50357791264874,0.499992034934,0.5,0.49999840846202,0.500006351781,1727073346115
119,0.20620998736339,0.0,0.7278323217969,0.50357791264874,0.49999347741853,0.5,0.49999840846202,0.500006351781,1727073346132
119,0.18522789963589,0.0,0.7278323217969,0.50357791264874,0.49999636491059,0.5,0.49999840846202,0.500006351781,1727073346148
119,0.17858765744823,0.0,0.7278323217969,0.50357791264874,0.49998412264561,0.5,0.49999840846202,0.500006351781,1727073348061
119,0.17479506933634,0.0,0.7278323217969,0.50357791264874,0.49999360062586,0.5,0.49999840846202,0.500006351781,1727073348068
119,0.16815097358194,0.0,0.7278323217969,0.50357791264874,0.49999621253132,0.5,0.49999840846202,0.500006351781,1727073348082
119,0.16150480164078,0.0,0.7278323217969,0.50357791264874,0.49999612711682,0.5,0.49999840846202,0.500006351781,1727073348132
119,0.15486134470966,0.0,0.7278323217969,0.50357791264874,0.49999973615402,0.5,0.49999840846202,0.500006351781,1727073348213
119,0.15107356054742,0.0,0.7278323217969,0.50357791264874,0.49999537774997,0.5,0.49999840846202,0.500006351781,1727073348248
119,0.1444344449019,0.0,0.7278323217969,0.50357791264874,0.50000513773721,0.5,0.49999840846202,0.500006351781,1727073348613
119,0.14063873544798,0.0,0.7278323217969,0.50357791264874,0.4999895299933,0.5,0.49999840846202,0.500006351781,1727073348693
119,0.13399371919817,0.0,0.7278323217969,0.50357791264874,0.49999098215209,0.5,0.49999840846202,0.500006351781,1727073348700
119,0.13399371919817,0.0,0.7278323217969,0.50357791264874,0.49999098215209,0.5,0.49999840846202,0.500006351781,1727073350725
119,0.13399371919817,0.0,0.7278323217969,0.50357791264874,0.49999098215209,0.5,0.49999840846202,0.500006351781,1727073351221
119,0.13399371919817,0.00669062452861,0.7278323217969,0.50357791264874,0.49999098215209,0.50000361516034,0.49999840846202,0.500006351781,1727073351285
119,0.13399371919817,0.01338279255617,0.7278323217969,0.50357791264874,0.49999098215209,0.50000381565965,0.49999840846202,0.500006351781,1727073351331
119,0.13399371919817,0.02007229609503,0.7278323217969,0.50357791264874,0.49999098215209,0.49997803938083,0.49999840846202,0.500006351781,1727073351348
119,0.13399371919817,0.03059047521991,0.7278323217969,0.50357791264874,0.49999098215209,0.49998848611927,0.49999840846202,0.500006351781,1727073351365
119,0.13399371919817,0.04111823545048,0.7278323217969,0.50357791264874,0.49999098215209,0.4999800331841,0.49999840846202,0.500006351781,1727073351388
119,0.13399371919817,0.04780022661717,0.7278323217969,0.50357791264874,0.49999098215209,0.49999958045506,0.49999840846202,0.500006351781,1727073351412
119,0.13399371919817,0.05832875398429,0.7278323217969,0.50357791264874,0.49999098215209,0.49998984876276,0.49999840846202,0.500006351781,1727073351420
119,0.13399371919817,0.06884454620506,0.7278323217969,0.50357791264874,0.49999098215209,0.50000277984898,0.49999840846202,0.500006351781,1727073351436
119,0.13399371919817,0.07936630970062,0.7278323217969,0.50357791264874,0.49999098215209,0.49997913730113,0.49999840846202,0.500006351781,1727073351452
119,0.13399371919817,0.08988610602344,0.7278323217969,0.50357791264874,0.49999098215209,0.49998510441924,0.49999840846202,0.500006351781,1727073351468
119,0.13399371919817,0.09656101540762,0.7278323217969,0.50357791264874,0.49999098215209,0.49998859478413,0.49999840846202,0.500006351781,1727073351481
119,0.13399371919817,0.10708978652789,0.7278323217969,0.50357791264874,0.49999098215209,0.49998013958982,0.49999840846202,0.500006351781,1727073351498
119,0.13399371919817,0.1176040136668,0.7278323217969,0.50357791264874,0.49999098215209,0.49999398035276,0.49999840846202,0.500006351781,1727073351515
119,0.13399371919817,0.13477329041873,0.7278323217969,0.50357791264874,0.49999098215209,0.49999418307289,0.49999840846202,0.500006351781,1727073351531
119,0.13399371919817,0.16246173302473,0.7278323217969,0.50357791264874,0.49999098215209,0.49997917577177,0.49999840846202,0.500006351781,1727073351548
119,0.13399371919817,0.17962922070507,0.7278323217969,0.50357791264874,0.49999098215209,0.49998224470136,0.49999840846202,0.500006351781,1727073351565
119,0.13399371919817,0.20068420971602,0.7278323217969,0.50357791264874,0.49999098215209,0.49999108616671,0.49999840846202,0.500006351781,1727073351581
119,0.13399371919817,0.21784953276165,0.7278323217969,0.50357791264874,0.49999098215209,0.49999601818233,0.49999840846202,0.500006351781,1727073351598
119,0.13399371919817,0.23501815995619,0.7278323217969,0.50357791264874,0.49999098215209,0.49999684522295,0.49999840846202,0.500006351781,1727073351615
119,0.13399371919817,0.26269519893224,0.7278323217969,0.50357791264874,0.49999098215209,0.49999689089615,0.49999840846202,0.500006351781,1727073351631
119,0.13399371919817,0.27986794745382,0.7278323217969,0.50357791264874,0.49999098215209,0.49999333144126,0.49999840846202,0.500006351781,1727073351648
119,0.13399371919817,0.30091555207555,0.7278323217969,0.50357791264874,0.49999098215209,0.49999213435372,0.49999840846202,0.500006351781,1727073351665
119,0.13399371919817,0.31808606536806,0.7278323217969,0.50357791264874,0.49999098215209,0.49999112740817,0.49999840846202,0.500006351781,1727073351681
119,0.13399371919817,0.33525520268142,0.7278323217969,0.50357791264874,0.49999098215209,0.49999147573312,0.49999840846202,0.500006351781,1727073351698
119,0.13399371919817,0.35629710589855,0.7278323217969,0.50357791264874,0.49999098215209,0.49999563681521,0.49999840846202,0.500006351781,1727073351715
119,0.13399371919817,0.36681571836243,0.7278323217969,0.50357791264874,0.49999098215209,0.49999970168661,0.49999840846202,0.500006351781,1727073351731
119,0.13399371919817,0.390668955583,0.7278323217969,0.50357791264874,0.49999098215209,0.49999361719421,0.49999840846202,0.500006351781,1727073351748
119,0.13399371919817,0.39454827413896,0.7278323217969,0.50357791264874,0.49999098215209,0.4999916065922,0.49999840846202,0.500006351781,1727073351765
119,0.13399371919817,0.40121910782463,0.7278323217969,0.50357791264874,0.49999098215209,0.49999684789515,0.49999840846202,0.500006351781,1727073351853
119,0.13399371919817,0.40510090101957,0.7278323217969,0.50357791264874,0.49999098215209,0.49999276792431,0.49999840846202,0.500006351781,1727073351868
119,0.13399371919817,0.41560497330467,0.7278323217969,0.50357791264874,0.49999098215209,0.49999588055491,0.49999840846202,0.500006351781,1727073351915
119,0.13399371919817,0.4261227834877,0.7278323217969,0.50357791264874,0.49999098215209,0.50000023927515,0.49999840846202,0.500006351781,1727073351931
119,0.13399371919817,0.45379952536439,0.7278323217969,0.50357791264874,0.49999098215209,0.50000037181088,0.49999840846202,0.500006351781,1727073351948
119,0.13399371919817,0.47096910548949,0.7278323217969,0.50357791264874,0.49999098215209,0.50000009580211,0.49999840846202,0.500006351781,1727073351965
119,0.13399371919817,0.48148306717383,0.7278323217969,0.50357791264874,0.49999098215209,0.49999536911569,0.49999840846202,0.500006351781,1727073351981
119,0.13399371919817,0.49865378681073,0.7278323217969,0.50357791264874,0.49999098215209,0.49999437888801,0.49999840846202,0.500006351781,1727073351998
119,0.13399371919817,0.50253266911634,0.7278323217969,0.50357791264874,0.49999098215209,0.49999297247509,0.49999840846202,0.500006351781,1727073352020
119,0.13399371919817,0.50920794591046,0.7278323217969,0.50357791264874,0.49999098215209,0.49999422977267,0.49999840846202,0.500006351781,1727073352036
119,0.13399371919817,0.51308477274431,0.7278323217969,0.50357791264874,0.49999098215209,0.49999432862355,0.49999840846202,0.500006351781,1727073352060
119,0.13399371919817,0.51975588993389,0.7278323217969,0.50357791264874,0.49999098215209,0.49999853616642,0.49999840846202,0.500006351781,1727073352068
119,0.13399371919817,0.52362559066779,0.7278323217969,0.50357791264874,0.49999098215209,0.49999272661179,0.49999840846202,0.500006351781,1727073352084
119,0.13399371919817,0.53029736452775,0.7278323217969,0.50357791264874,0.49999098215209,0.4999964270333,0.49999840846202,0.500006351781,1727073352100
119,0.13399371919817,0.53417626942649,0.7278323217969,0.50357791264874,0.49999098215209,0.49999505135576,0.49999840846202,0.500006351781,1727073352115
119,0.13399371919817,0.54084576207437,0.7278323217969,0.50357791264874,0.49999098215209,0.49998954794707,0.49999840846202,0.500006351781,1727073352131
119,0.13399371919817,0.5618838719317,0.7278323217969,0.50357791264874,0.49999098215209,0.499995281223,0.49999840846202,0.500006351781,1727073352148
119,0.13399371919817,0.57239156950032,0.7278323217969,0.50357791264874,0.49999098215209,0.49999533798773,0.49999840846202,0.500006351781,1727073352165
119,0.13399371919817,0.57626129034606,0.7278323217969,0.50357791264874,0.49999098215209,0.50000016555684,0.49999840846202,0.500006351781,1727073352181
119,0.13399371919817,0.58677929330917,0.7278323217969,0.50357791264874,0.49999098215209,0.4999933701061,0.49999840846202,0.500006351781,1727073352231
119,0.13399371919817,0.59065260865744,0.7278323217969,0.50357791264874,0.49999098215209,0.49999576671813,0.49999840846202,0.500006351781,1727073352252
119,0.13399371919817,0.59732250098531,0.7278323217969,0.50357791264874,0.49999098215209,0.49999036443842,0.49999840846202,0.500006351781,1727073352340
119,0.13399371919817,0.60119599165442,0.7278323217969,0.50357791264874,0.49999098215209,0.49999263148278,0.49999840846202,0.500006351781,1727073352348
119,0.13399371919817,0.60506833630765,0.7278323217969,0.50357791264874,0.49999098215209,0.49999561690705,0.49999840846202,0.500006351781,1727073352380
119,0.13399371919817,0.61173538274907,0.7278323217969,0.50357791264874,0.49999098215209,0.49999212688557,0.49999840846202,0.500006351781,1727073352396
119,0.13399371919817,0.61561095939235,0.7278323217969,0.50357791264874,0.49999098215209,0.49999301970834,0.49999840846202,0.500006351781,1727073352525
119,0.13399371919817,0.62611831562513,0.7278323217969,0.50357791264874,0.49999098215209,0.49999331490966,0.49999840846202,0.500006351781,1727073352565
119,0.13399371919817,0.64328489766075,0.7278323217969,0.50357791264874,0.49999098215209,0.49999507815259,0.49999840846202,0.500006351781,1727073352581
119,0.13399371919817,0.64996005498615,0.7278323217969,0.50357791264874,0.49999098215209,0.49999619638143,0.49999840846202,0.500006351781,1727073352604
119,0.13399371919817,0.6538323583638,0.7278323217969,0.50357791264874,0.49999098215209,0.49999903064469,0.49999840846202,0.500006351781,1727073353429
119,0.13399371919817,0.66050156080525,0.7278323217969,0.50357791264874,0.49999098215209,0.49999439704431,0.49999840846202,0.500006351781,1727073353444
119,0.13399371919817,0.66717527771395,0.7278323217969,0.50357791264874,0.49999098215209,0.49999636508771,0.49999840846202,0.500006351781,1727073353460
119,0.13399371919817,0.67384113294967,0.7278323217969,0.50357791264874,0.49999098215209,0.4999938151628,0.49999840846202,0.500006351781,1727073353468
119,0.13399371919817,0.68051616475985,0.7278323217969,0.50357791264874,0.49999098215209,0.4999949800973,0.49999840846202,0.500006351781,1727073353481
119,0.13399371919817,0.70055940748241,0.7278323217969,0.50357791264874,0.49999098215209,0.49999677440658,0.49999840846202,0.500006351781,1727073353498
119,0.13399371919817,0.71391920055629,0.7278323217969,0.50357791264874,0.49999098215209,0.4999934176875,0.49999840846202,0.500006351781,1727073353515
119,0.13399371919817,0.71779004353729,0.7278323217969,0.50357791264874,0.49999098215209,0.49999690770261,0.49999840846202,0.500006351781,1727073353531
119,0.13399371919817,0.72445361687736,0.7278323217969,0.50357791264874,0.49999098215209,0.49999577755226,0.49999840846202,0.500006351781,1727073353860
119,0.13399371919817,0.73112353336862,0.7278323217969,0.50357791264874,0.49999098215209,0.49999974350673,0.49999840846202,0.500006351781,1727073353868
119,0.13399371919817,0.73499364231376,0.7278323217969,0.50357791264874,0.49999098215209,0.49999494737926,0.49999840846202,0.500006351781,1727073353881
119,0.13399371919817,0.74166478140253,0.7278323217969,0.50357791264874,0.49999098215209,0.49999819704584,0.49999840846202,0.500006351781,1727073353898
119,0.13399371919817,0.74553369337897,0.7278323217969,0.50357791264874,0.49999098215209,0.49999412059221,0.49999840846202,0.500006351781,1727073353914
119,0.13399371919817,0.75220430480428,0.7278323217969,0.50357791264874,0.49999098215209,0.49999763185878,0.49999840846202,0.500006351781,1727073354685
119,0.13399371919817,0.7588696864325,0.7278323217969,0.50357791264874,0.49999098215209,0.49999554728839,0.49999840846202,0.500006351781,1727073354708
119,0.13399371919817,0.7627381237422,0.7278323217969,0.50357791264874,0.49999098215209,0.50000018389436,0.49999840846202,0.500006351781,1727073354716
119,0.13399371919817,0.7760928381865,0.7278323217969,0.50357791264874,0.49999098215209,0.49999971496076,0.49999840846202,0.500006351781,1727073354731
119,0.13399371919817,0.80662113726752,0.7278323217969,0.50357791264874,0.49999098215209,0.49999699835597,0.49999840846202,0.500006351781,1727073354748
119,0.13399371919817,0.85432131328709,0.7278323217969,0.50357791264874,0.49999098215209,0.50000088048986,0.49999840846202,0.500006351781,1727073354764
119,0.13399371919817,0.88108029545585,0.7278323217969,0.50357791264874,0.49999098215209,0.49999835618295,0.49999840846202,0.500006351781,1727073354781
119,0.13399371919817,0.91454161088871,0.7278323217969,0.50357791264874,0.49999098215209,0.49999850900389,0.49999840846202,0.500006351781,1727073354798
119,0.13399371919817,0.92504978461102,0.7278323217969,0.50357791264874,0.49999098215209,0.49999829645978,0.49999840846202,0.500006351781,1727073354814
119,0.13399371919817,0.93172628688501,0.7278323217969,0.50357791264874,0.49999098215209,0.49999850240787,0.49999840846202,0.500006351781,1727073354956
119,0.13399371919817,0.93558702410479,0.7278323217969,0.50357791264874,0.49999098215209,0.49999887988267,0.49999840846202,0.500006351781,1727073354964
119,0.13399371919817,0.94225281735197,0.7278323217969,0.50357791264874,0.49999098215209,0.49999691862344,0.49999840846202,0.500006351781,1727073354981
119,0.13399371919817,0.9527683062862,0.7278323217969,0.50357791264874,0.49999098215209,0.50000042376759,0.49999840846202,0.500006351781,1727073354998
119,0.13399371919817,0.95943747777273,0.7278323217969,0.50357791264874,0.49999098215209,0.4999969418761,0.49999840846202,0.500006351781,1727073355014
119,0.13399371919817,0.9633010006103,0.7278323217969,0.50357791264874,0.49999098215209,0.49999604990754,0.49999840846202,0.500006351781,1727073355031
119,0.13399371919817,0.9699691404176,0.7278323217969,0.50357791264874,0.49999098215209,0.50000004083171,0.49999840846202,0.500006351781,1727073355048
119,0.13399371919817,0.97664062511323,0.7278323217969,0.50357791264874,0.49999098215209,0.49999557015689,0.49999840846202,0.500006351781,1727073355064
119,0.13399371919817,0.98050009742071,0.7278323217969,0.50357791264874,0.49999098215209,0.49999650979481,0.49999840846202,0.500006351781,1727073355081
119,0.13399371919817,0.99101309377149,0.7278323217969,0.50357791264874,0.49999098215209,0.49999418300911,0.49999840846202,0.500006351781,1727073355098
119,0.13399371919817,0.99768278958511,0.7278323217969,0.50357791264874,0.49999098215209,0.49999740769613,0.49999840846202,0.500006351781,1727073355116
119,0.13399371919817,1.00000635971978,0.7278323217969,0.50357791264874,0.49999098215209,0.49999719497881,0.49999840846202,0.500006351781,1727073355180
119,0.13399371919817,1.00000635971978,0.7278323217969,0.50357791264874,0.49999098215209,0.49999719497881,0.49999840846202,0.500006351781,1727073355199
119,0.13399371919817,1.00000635971978,0.7278323217969,0.50357791264874,0.49999098215209,0.49999719497881,0.49999840846202,0.500006351781,1727073355214
119,0.13399371919817,1.00000635971978,0.7278323217969,0.50357791264874,0.49999098215209,0.49999719497881,0.49999840846202,0.500006351781,1727073355231
119,0.13399371919817,1.00000635971978,0.7278323217969,0.50357791264874,0.49999098215209,0.49999719497881,0.49999840846202,0.500006351781,1727073355248
119,0.13399371919817,1.00000635971978,0.7278323217969,0.50357791264874,0.49999098215209,0.49999719497881,0.49999840846202,0.500006351781,1727073355264
119,0.13399371919817,0.99334406571081,0.7278323217969,0.50357791264874,0.49999098215209,0.49999751497597,0.49999840846202,0.500006351781,1727073355476
119,0.13399371919817,0.98951511488069,0.7278323217969,0.50357791264874,0.49999098215209,0.4999966984873,0.49999840846202,0.500006351781,1727073355484
119,0.13399371919817,0.98286552084634,0.7278323217969,0.50357791264874,0.49999098215209,0.49999821910611,0.49999840846202,0.500006351781,1727073355498
119,0.13399371919817,0.97236139673902,0.7278323217969,0.50357791264874,0.49999098215209,0.49999659441839,0.49999840846202,0.500006351781,1727073355514
119,0.13399371919817,0.95519191466936,0.7278323217969,0.50357791264874,0.49999098215209,0.49999666086163,0.49999840846202,0.500006351781,1727073355531
119,0.13399371919817,0.93137062248091,0.7278323217969,0.50357791264874,0.49999098215209,0.49999935050806,0.49999840846202,0.500006351781,1727073355548
119,0.13399371919817,0.88374765219654,0.7278323217969,0.50357791264874,0.49999098215209,0.49999553069104,0.49999840846202,0.500006351781,1727073355564
119,0.13399371919817,0.849407688674,0.7278323217969,0.50357791264874,0.49999098215209,0.49999614430273,0.49999840846202,0.500006351781,1727073355581
119,0.13399371919817,0.83223682442951,0.7278323217969,0.50357791264874,0.49999098215209,0.49999691527507,0.49999840846202,0.500006351781,1727073355598
119,0.13399371919817,0.80841584443302,0.7278323217969,0.50357791264874,0.49999098215209,0.49999976048092,0.49999840846202,0.500006351781,1727073355614
119,0.13399371919817,0.80176382073749,0.7278323217969,0.50357791264874,0.49999098215209,0.49999477138558,0.49999840846202,0.500006351781,1727073355631
119,0.13399371919817,0.80843319042769,0.7278323217969,0.50357791264874,0.49999098215209,0.49999873881951,0.49999840846202,0.500006351781,1727073356861
119,0.13399371919817,0.81510671325977,0.7278323217969,0.50357791264874,0.49999098215209,0.49999254329393,0.49999840846202,0.500006351781,1727073356909
119,0.13399371919817,0.821773678626,0.7278323217969,0.50357791264874,0.49999098215209,0.49999771198874,0.49999840846202,0.500006351781,1727073356956
119,0.13399371919817,0.82843533287235,0.7278323217969,0.50357791264874,0.49999098215209,0.49999766692946,0.49999840846202,0.500006351781,1727073357004
119,0.13399371919817,0.83511215545919,0.7278323217969,0.50357791264874,0.49999098215209,0.49999773234248,0.49999840846202,0.500006351781,1727073357048
119,0.13399371919817,0.83897630932825,0.7278323217969,0.50357791264874,0.49999098215209,0.4999964162582,0.49999840846202,0.500006351781,1727073357068
119,0.13399371919817,0.84564289776568,0.7278323217969,0.50357791264874,0.49999098215209,0.50000163846458,0.49999840846202,0.500006351781,1727073357084
119,0.13399371919817,0.85231406022711,0.7278323217969,0.50357791264874,0.49999098215209,0.4999968150505,0.49999840846202,0.500006351781,1727073357097
119,0.13399371919817,0.85898052836591,0.7278323217969,0.50357791264874,0.49999098215209,0.49999438341725,0.49999840846202,0.500006351781,1727073357212
119,0.13399371919817,0.85898052836591,0.7278323217969,0.50357791264874,0.49999098215209,0.49999438341725,0.49999840846202,0.500006351781,1727073357916
119,0.13399371919817,0.85898052836591,0.7278323217969,0.50357791264874,0.49999098215209,0.49999438341725,0.49999840846202,0.500006351781,1727073361141
119,0.13399371919817,0.85898052836591,0.72522620810572,0.50357791264874,0.49999098215209,0.49999438341725,0.50001439085121,0.500006351781,1727073361325
119,0.13399371919817,0.85898052836591,0.72262440724046,0.50357791264874,0.49999098215209,0.49999438341725,0.50000719085824,0.500006351781,1727073361476
119,0.13399371919817,0.85898052836591,0.71539696984961,0.50357791264874,0.49999098215209,0.49999438341725,0.50000297528723,0.500006351781,1727073361514
119,0.13399371919817,0.85898052836591,0.7127929137883,0.50357791264874,0.49999098215209,0.49999438341725,0.50000796207444,0.500006351781,1727073361589
119,0.13399371919817,0.85898052836591,0.70557184675561,0.50357791264874,0.49999098215209,0.49999438341725,0.50001367913033,0.500006351781,1727073361597
119,0.13399371919817,0.85898052836591,0.70822565994876,0.50357791264874,0.49999098215209,0.49999438341725,0.50000512726385,0.500006351781,1727073363357
119,0.13399371919817,0.85898052836591,0.70822565994876,0.50357791264874,0.49999098215209,0.49999438341725,0.50000512726385,0.500006351781,1727073363908
120,0.5,1.0,0.33333333333333,0.5,0.5,0.5,0.5,0.5,1727073366189
120,0.5,1.0,0.33333333333333,0.5,0.5,0.5,0.5,0.5,1727073366797
120,0.5,1.0,0.33074785161631,0.5,0.5,0.5,0.49998659855889,0.5,1727073366820
120,0.5,1.0,0.30384045703978,0.5,0.5,0.5,0.49998660023747,0.5,1727073366864
120,0.5,1.0,0.2795265744405,0.5,0.5,0.5,0.50000098262448,0.5,1727073366880
120,0.5,1.0,0.2453659411081,0.5,0.5,0.5,0.5000066310663,0.5,1727073366897
120,0.5,1.0,0.22104767063346,0.5,0.5,0.5,0.4999815238234,0.5,1727073366914
120,0.5,1.0,0.20662551363336,0.5,0.5,0.5,0.49996318888004,0.5,1727073366930
120,0.5,1.0,0.19219921724378,0.5,0.5,0.5,0.49999277522063,0.5,1727073366947
120,0.5,1.0,0.17777623145728,0.5,0.5,0.5,0.49998374873226,0.5,1727073366964
120,0.5,1.0,0.15616402300663,0.5,0.5,0.5,0.49999856359804,0.5,1727073366980
120,0.5,1.0,0.14174215555289,0.5,0.5,0.5,0.49997394044743,0.5,1727073366997
120,0.5,1.0,0.13452133743312,0.5,0.5,0.5,0.49998411170521,0.5,1727073367014
120,0.5,1.0,0.12730179538122,0.5,0.5,0.5,0.49997692600432,0.5,1727073367044
120,0.5,1.0,0.12008340662468,0.5,0.5,0.5,0.49995310882196,0.5,1727073367052
120,0.5,1.0,0.1128691054076,0.5,0.5,0.5,0.49998760799096,0.5,1727073367097
120,0.5,1.0,0.11557042160881,0.5,0.5,0.5,0.49998853413145,0.5,1727073367989
120,0.5,1.0,0.12545888365939,0.5,0.5,0.5,0.4999917045833,0.5,1727073368004
120,0.5,1.0,0.13269634939662,0.5,0.5,0.5,0.49997737044023,0.5,1727073368014
120,0.5,1.0,0.14536027524283,0.5,0.5,0.5,0.49997530352385,0.5,1727073368030
120,0.5,1.0,0.15802332153427,0.5,0.5,0.5,0.49998467583924,0.5,1727073368047
120,0.5,1.0,0.17067667087101,0.5,0.5,0.5,0.50001233102114,0.5,1727073368064
120,0.5,1.0,0.18055888789495,0.5,0.5,0.5,0.49999089460836,0.5,1727073368080
120,0.5,1.0,0.19765166224523,0.5,0.5,0.5,0.49998605981864,0.5,1727073368097
120,0.5,1.0,0.2003434656431,0.5,0.5,0.5,0.50000228028803,0.5,1727073368114
120,0.5,1.0,0.19050670178911,0.5,0.5,0.5,0.49996912672461,0.5,1727073368757
120,0.5,1.0,0.18328563009567,0.5,0.5,0.5,0.49998114375116,0.5,1727073368821
120,0.5,1.0,0.18071635993218,0.5,0.5,0.5,0.49996728412298,0.5,1727073368830
120,0.5,1.0,0.17349588178647,0.5,0.5,0.5,0.4999721934835,0.5,1727073369037
120,0.5,1.0,0.16366382526736,0.5,0.5,0.5,0.49998029880859,0.5,1727073369165
120,0.5,1.0,0.15644580888459,0.5,0.5,0.5,0.49995386507607,0.5,1727073369309
120,0.5,1.0,0.15644580888459,0.5,0.5,0.5,0.49995386507607,0.5,1727073369949
120,0.5,1.0,0.15644580888459,0.5,0.5,0.5,0.49995386507607,0.5,1727073371629
120,0.5,1.0,0.15644580888459,0.49334843918293,0.5,0.5,0.49995386507607,0.49999598973674,1727073371693
120,0.5,1.0,0.15644580888459,0.48669537333473,0.5,0.5,0.49995386507607,0.50000229426724,1727073371708
120,0.5,1.0,0.15644580888459,0.48287642056947,0.5,0.5,0.49995386507607,0.49999962197326,1727073371716
120,0.5,1.0,0.15644580888459,0.47238084525295,0.5,0.5,0.49995386507607,0.49999712259212,1727073371732
120,0.5,1.0,0.15644580888459,0.46187186063679,0.5,0.5,0.49995386507607,0.49999607924828,1727073371747
120,0.5,1.0,0.15644580888459,0.4513726031643,0.5,0.5,0.49995386507607,0.50000265094093,1727073371763
120,0.5,1.0,0.15644580888459,0.43708307098989,0.5,0.5,0.49995386507607,0.49999258827266,1727073371780
120,0.5,1.0,0.15644580888459,0.40560843128225,0.5,0.5,0.49995386507607,0.49999415263731,1727073371797
120,0.5,1.0,0.15644580888459,0.39132605559844,0.5,0.5,0.49995386507607,0.49998933494873,1727073371813
120,0.5,1.0,0.15644580888459,0.37415681498016,0.5,0.5,0.49995386507607,0.49998903287472,1727073371830
120,0.5,1.0,0.15644580888459,0.35988046535881,0.5,0.5,0.49995386507607,0.5000032022021,1727073371847
120,0.5,1.0,0.15644580888459,0.34937332713362,0.5,0.5,0.49995386507607,0.49998961655751,1727073371863
120,0.5,1.0,0.15644580888459,0.34273502019738,0.5,0.5,0.49995386507607,0.49999679905428,1727073371880
120,0.5,1.0,0.15644580888459,0.33892308397838,0.5,0.5,0.49995386507607,0.50000000660495,1727073371897
120,0.5,1.0,0.15644580888459,0.33511144836591,0.5,0.5,0.49995386507607,0.50000353919109,1727073371916
120,0.5,1.0,0.15644580888459,0.32846212644473,0.5,0.5,0.49995386507607,0.5000005604033,1727073371930
120,0.5,1.0,0.15644580888459,0.31795899879253,0.5,0.5,0.49995386507607,0.4999900675905,1727073371947
120,0.5,1.0,0.15644580888459,0.31415731420738,0.5,0.5,0.49995386507607,0.50000338918979,1727073371963
120,0.5,1.0,0.15644580888459,0.3036608470781,0.5,0.5,0.49995386507607,0.49999931152849,1727073371980
120,0.5,1.0,0.15644580888459,0.29314683371784,0.5,0.5,0.49995386507607,0.49999288191205,1727073371997
120,0.5,1.0,0.15644580888459,0.28935032094148,0.5,0.5,0.49995386507607,0.49999639649125,1727073372013
120,0.5,1.0,0.15644580888459,0.28554655738536,0.5,0.5,0.49995386507607,0.49999249641742,1727073372030
120,0.5,1.0,0.15644580888459,0.27504615592176,0.5,0.5,0.49995386507607,0.50000000217943,1727073372047
120,0.5,1.0,0.15644580888459,0.26454296168378,0.5,0.5,0.49995386507607,0.49998833733142,1727073372063
120,0.5,1.0,0.15644580888459,0.26073999610166,0.5,0.5,0.49995386507607,0.50000165651522,1727073372080
120,0.5,1.0,0.15644580888459,0.25024201629272,0.5,0.5,0.49995386507607,0.49999543989548,1727073372097
120,0.5,1.0,0.15644580888459,0.23974052524187,0.5,0.5,0.49995386507607,0.50000232322718,1727073372113
120,0.5,1.0,0.15644580888459,0.23594132200004,0.5,0.5,0.49995386507607,0.50000324535797,1727073372130
120,0.5,1.0,0.15644580888459,0.23213973348053,0.5,0.5,0.49995386507607,0.50000145447074,1727073372148
120,0.5,1.0,0.15644580888459,0.221637052519,0.5,0.5,0.49995386507607,0.49998936080038,1727073372164
120,0.5,1.0,0.15644580888459,0.21114115733298,0.5,0.5,0.49995386507607,0.50000322302166,1727073372180
120,0.5,1.0,0.15644580888459,0.20064280398571,0.5,0.5,0.49995386507607,0.49999590168286,1727073372197
120,0.5,1.0,0.15644580888459,0.19684872940294,0.5,0.5,0.49995386507607,0.50000317775883,1727073372228
120,0.5,1.0,0.15644580888459,0.1930436324444,0.5,0.5,0.49995386507607,0.49999686233393,1727073372269
120,0.5,1.0,0.15644580888459,0.18640552514599,0.5,0.5,0.49995386507607,0.49998754408337,1727073372349
120,0.5,1.0,0.15644580888459,0.18261131668637,0.5,0.5,0.49995386507607,0.49999481573817,1727073372364
120,0.5,1.0,0.15644580888459,0.17211299911371,0.5,0.5,0.49995386507607,0.49998683715119,1727073372396
120,0.5,1.0,0.15644580888459,0.17211299911371,0.5,0.5,0.49995386507607,0.49998683715119,1727073373933
120,0.5,1.0,0.15644580888459,0.17211299911371,0.5,0.5,0.49995386507607,0.49998683715119,1727073374846
120,0.49618530116633,1.0,0.15644580888459,0.17211299911371,0.5000005066988,0.5,0.49995386507607,0.49998683715119,1727073374925
120,0.48568357831618,1.0,0.15644580888459,0.17211299911371,0.50000498749776,0.5,0.49995386507607,0.49998683715119,1727073374932
120,0.47138845260092,1.0,0.15644580888459,0.17211299911371,0.50000293263127,0.5,0.49995386507607,0.49998683715119,1727073374947
120,0.42575341258831,1.0,0.15644580888459,0.17211299911371,0.49999964626554,0.5,0.49995386507607,0.49998683715119,1727073374963
120,0.370406060366,1.0,0.15644580888459,0.17211299911371,0.50000538558486,0.5,0.49995386507607,0.49998683715119,1727073374980
120,0.29411296578838,1.0,0.15644580888459,0.17211299911371,0.50000534340807,0.5,0.49995386507607,0.49998683715119,1727073374997
120,0.25594903791817,1.0,0.15644580888459,0.17211299911371,0.4999947604931,0.5,0.49995386507607,0.49998683715119,1727073375013
120,0.2282800251538,1.0,0.15644580888459,0.17211299911371,0.50000357586069,0.5,0.49995386507607,0.49998683715119,1727073375030
120,0.21777024286321,1.0,0.15644580888459,0.17211299911371,0.50000119288565,0.5,0.49995386507607,0.49998683715119,1727073375047
120,0.21113055060472,1.0,0.15644580888459,0.17211299911371,0.50000893552919,0.5,0.49995386507607,0.49998683715119,1727073375197
120,0.20733055988505,1.0,0.15644580888459,0.17211299911371,0.50000902096259,0.5,0.49995386507607,0.49998683715119,1727073375213
120,0.2006936177328,1.0,0.15644580888459,0.17211299911371,0.50000160255844,0.5,0.49995386507607,0.49998683715119,1727073375965
120,0.19689381727098,1.0,0.15644580888459,0.17211299911371,0.50000186235257,0.5,0.49995386507607,0.49998683715119,1727073375980
120,0.19025013921378,1.0,0.15644580888459,0.17211299911371,0.50000499090143,0.5,0.49995386507607,0.49998683715119,1727073376004
120,0.18360168720106,1.0,0.15644580888459,0.17211299911371,0.50000214529162,0.5,0.49995386507607,0.49998683715119,1727073376613
120,0.17980618887541,1.0,0.15644580888459,0.17211299911371,0.50000793868907,0.5,0.49995386507607,0.49998683715119,1727073376680
120,0.1731604085254,1.0,0.15644580888459,0.17211299911371,0.50000854998632,0.5,0.49995386507607,0.49998683715119,1727073376697
120,0.16652199519701,1.0,0.15644580888459,0.17211299911371,0.49999856817389,0.5,0.49995386507607,0.49998683715119,1727073376781
120,0.15988008067889,1.0,0.15644580888459,0.17211299911371,0.50000424727882,0.5,0.49995386507607,0.49998683715119,1727073376830
120,0.15323301771121,1.0,0.15644580888459,0.17211299911371,0.5000030742798,0.5,0.49995386507607,0.49998683715119,1727073378397
120,0.14943906402736,1.0,0.15644580888459,0.17211299911371,0.50001144891841,0.5,0.49995386507607,0.49998683715119,1727073378413
120,0.15612119049648,1.0,0.15644580888459,0.17211299911371,0.49999743908381,0.5,0.49995386507607,0.49998683715119,1727073379053
120,0.162800317118,1.0,0.15644580888459,0.17211299911371,0.50000042353729,0.5,0.49995386507607,0.49998683715119,1727073379076
120,0.162800317118,1.0,0.15644580888459,0.17211299911371,0.50000042353729,0.5,0.49995386507607,0.49998683715119,1727073379533
120,0.162800317118,1.0,0.15644580888459,0.17211299911371,0.50000042353729,0.5,0.49995386507607,0.49998683715119,1727073380253
120,0.162800317118,0.99999710300219,0.15644580888459,0.17211299911371,0.50000042353729,0.50000127776231,0.49995386507607,0.49998683715119,1727073380357
120,0.162800317118,0.99999710300219,0.15644580888459,0.17211299911371,0.50000042353729,0.50000127776231,0.49995386507607,0.49998683715119,1727073380364
120,0.162800317118,0.99999710300219,0.15644580888459,0.17211299911371,0.50000042353729,0.50000127776231,0.49995386507607,0.49998683715119,1727073380380
120,0.162800317118,0.99999710300219,0.15644580888459,0.17211299911371,0.50000042353729,0.50000127776231,0.49995386507607,0.49998683715119,1727073380396
120,0.162800317118,0.99999710300219,0.15644580888459,0.17211299911371,0.50000042353729,0.50000127776231,0.49995386507607,0.49998683715119,1727073380413
120,0.162800317118,0.99999710300219,0.15644580888459,0.17211299911371,0.50000042353729,0.50000127776231,0.49995386507607,0.49998683715119,1727073380430
120,0.162800317118,0.99999710300219,0.15644580888459,0.17211299911371,0.50000042353729,0.50000127776231,0.49995386507607,0.49998683715119,1727073380446
120,0.162800317118,0.99999710300219,0.15644580888459,0.17211299911371,0.50000042353729,0.50000127776231,0.49995386507607,0.49998683715119,1727073380463
120,0.162800317118,0.99999710300219,0.15644580888459,0.17211299911371,0.50000042353729,0.50000127776231,0.49995386507607,0.49998683715119,1727073380480
120,0.162800317118,0.99999710300219,0.15644580888459,0.17211299911371,0.50000042353729,0.50000127776231,0.49995386507607,0.49998683715119,1727073380661
120,0.162800317118,0.99999710300219,0.15644580888459,0.17211299911371,0.50000042353729,0.50000127776231,0.49995386507607,0.49998683715119,1727073380668
120,0.162800317118,0.99999710300219,0.15644580888459,0.17211299911371,0.50000042353729,0.50000127776231,0.49995386507607,0.49998683715119,1727073380725
120,0.162800317118,0.99999710300219,0.15644580888459,0.17211299911371,0.50000042353729,0.50000127776231,0.49995386507607,0.49998683715119,1727073380733
120,0.162800317118,0.99999710300219,0.15644580888459,0.17211299911371,0.50000042353729,0.50000127776231,0.49995386507607,0.49998683715119,1727073380746
120,0.162800317118,0.99999710300219,0.15644580888459,0.17211299911371,0.50000042353729,0.50000127776231,0.49995386507607,0.49998683715119,1727073380925
120,0.162800317118,0.99999710300219,0.15644580888459,0.17211299911371,0.50000042353729,0.50000127776231,0.49995386507607,0.49998683715119,1727073380932
120,0.162800317118,0.99999710300219,0.15644580888459,0.17211299911371,0.50000042353729,0.50000127776231,0.49995386507607,0.49998683715119,1727073380946
120,0.162800317118,0.99999710300219,0.15644580888459,0.17211299911371,0.50000042353729,0.50000127776231,0.49995386507607,0.49998683715119,1727073380963
120,0.162800317118,0.99999710300219,0.15644580888459,0.17211299911371,0.50000042353729,0.50000127776231,0.49995386507607,0.49998683715119,1727073380980
120,0.162800317118,0.99999710300219,0.15644580888459,0.17211299911371,0.50000042353729,0.50000127776231,0.49995386507607,0.49998683715119,1727073380981
120,0.162800317118,0.99999710300219,0.15644580888459,0.17211299911371,0.50000042353729,0.50000127776231,0.49995386507607,0.49998683715119,1727073380981
121,1.0,0.66666666666667,1.0,0.5,0.5,0.5,0.5,0.5,1727073384669
121,1.0,0.66666666666667,0.99738934665778,0.5,0.5,0.5,0.4999954077478,0.5,1727073384741
121,1.0,0.66666666666667,0.99016835116283,0.5,0.5,0.5,0.49999943697434,0.5,1727073384748
121,1.0,0.66666666666667,0.98755839358571,0.5,0.5,0.5,0.49999362290559,0.5,1727073384763
121,1.0,0.66666666666667,0.95868620591265,0.5,0.5,0.5,0.4999944521722,0.5,1727073384780
121,1.0,0.66666666666667,0.9172805230551,0.5,0.5,0.5,0.49999866762551,0.5,1727073384796
121,1.0,0.66666666666667,0.84972244142176,0.5,0.5,0.5,0.49999460183878,0.5,1727073384813
121,1.0,0.66666666666667,0.81096155414884,0.5,0.5,0.5,0.49999568263861,0.5,1727073384829
121,1.0,0.66666666666667,0.76499715030083,0.5,0.5,0.5,0.49999605610692,0.5,1727073384846
121,1.0,0.66666666666667,0.7262447276556,0.5,0.5,0.5,0.4999957907714,0.5,1727073384863
121,1.0,0.66666666666667,0.68300641638259,0.5,0.5,0.5,0.49999531325912,0.5,1727073384879
121,1.0,0.66666666666667,0.644255455147,0.5,0.5,0.5,0.49998641629611,0.5,1727073384896
121,1.0,0.66666666666667,0.6199414813548,0.5,0.5,0.5,0.49999571561381,0.5,1727073384913
121,1.0,0.66666666666667,0.58118906548654,0.5,0.5,0.5,0.49999534531601,0.5,1727073384929
121,1.0,0.66666666666667,0.57396062466903,0.5,0.5,0.5,0.49999669244663,0.5,1727073384946
121,1.0,0.66666666666667,0.54964766576545,0.5,0.5,0.5,0.50000046210708,0.5,1727073384963
121,1.0,0.66666666666667,0.53520737940817,0.5,0.5,0.5,0.50000189123394,0.5,1727073384979
121,1.0,0.66666666666667,0.52076720262863,0.5,0.5,0.5,0.50000262791648,0.5,1727073384996
121,1.0,0.66666666666667,0.49912590706286,0.5,0.5,0.5,0.49998559093554,0.5,1727073385013
121,1.0,0.66666666666667,0.49190425368314,0.5,0.5,0.5,0.49999688356504,0.5,1727073385029
121,1.0,0.66666666666667,0.47026323360265,0.5,0.5,0.5,0.49997698452124,0.5,1727073385046
121,1.0,0.66666666666667,0.45582306895851,0.5,0.5,0.5,0.4999771891951,0.5,1727073385063
121,1.0,0.66666666666667,0.44138920344065,0.5,0.5,0.5,0.49999172259685,0.5,1727073385079
121,1.0,0.66666666666667,0.42694937981068,0.5,0.5,0.5,0.49998960709688,0.5,1727073385096
121,1.0,0.66666666666667,0.40263669374773,0.5,0.5,0.5,0.49999176824911,0.5,1727073385113
121,1.0,0.66666666666667,0.37831722948042,0.5,0.5,0.5,0.49998233994732,0.5,1727073385129
121,1.0,0.66666666666667,0.36388383798001,0.5,0.5,0.5,0.49999477777614,0.5,1727073385146
121,1.0,0.66666666666667,0.34945105741152,0.5,0.5,0.5,0.50000246695247,0.5,1727073385163
121,1.0,0.66666666666667,0.33501170829346,0.5,0.5,0.5,0.49999602800512,0.5,1727073385179
121,1.0,0.66666666666667,0.32517339104679,0.5,0.5,0.5,0.49998470102889,0.5,1727073385196
121,1.0,0.66666666666667,0.31795474988291,0.5,0.5,0.5,0.49997161199754,0.5,1727073385213
121,1.0,0.66666666666667,0.31073327549606,0.5,0.5,0.5,0.49998469798354,0.5,1727073385229
121,1.0,0.66666666666667,0.30350384986503,0.5,0.5,0.5,0.4999959003085,0.5,1727073385253
121,1.0,0.66666666666667,0.29628540827552,0.5,0.5,0.5,0.49998052290944,0.5,1727073385268
121,1.0,0.66666666666667,0.28906377684794,0.5,0.5,0.5,0.4999957831187,0.5,1727073385292
121,1.0,0.66666666666667,0.27922516593417,0.5,0.5,0.5,0.4999863798356,0.5,1727073385300
121,1.0,0.66666666666667,0.26938541561886,0.5,0.5,0.5,0.49998813134721,0.5,1727073385316
121,1.0,0.66666666666667,0.26216592594327,0.5,0.5,0.5,0.49998235781899,0.5,1727073385329
121,1.0,0.66666666666667,0.247735440016,0.5,0.5,0.5,0.4999670679571,0.5,1727073385346
121,1.0,0.66666666666667,0.24051261564848,0.5,0.5,0.5,0.49999640152829,0.5,1727073385396
121,1.0,0.66666666666667,0.23329189424854,0.5,0.5,0.5,0.50000377979809,0.5,1727073385420
121,1.0,0.66666666666667,0.22607207420301,0.5,0.5,0.5,0.50000144707021,0.5,1727073385436
121,1.0,0.66666666666667,0.21885131343269,0.5,0.5,0.5,0.50000957098461,0.5,1727073385501
121,1.0,0.66666666666667,0.20901503919678,0.5,0.5,0.5,0.49997231315596,0.5,1727073385546
121,1.0,0.66666666666667,0.20179366743191,0.5,0.5,0.5,0.49998737392463,0.5,1727073385596
121,1.0,0.66666666666667,0.19457374524363,0.5,0.5,0.5,0.499985815116,0.5,1727073385613
121,1.0,0.66666666666667,0.18735529684037,0.5,0.5,0.5,0.49996652336702,0.5,1727073385861
121,1.0,0.66666666666667,0.18013494072633,0.5,0.5,0.5,0.49996985556203,0.5,1727073385896
121,1.0,0.66666666666667,0.17291555414345,0.5,0.5,0.5,0.49996127279035,0.5,1727073385924
121,1.0,0.66666666666667,0.16569409151773,0.5,0.5,0.5,0.49997859631107,0.5,1727073385964
121,1.0,0.66666666666667,0.16312383070543,0.5,0.5,0.5,0.49997671284388,0.5,1727073385979
121,1.0,0.66666666666667,0.17035916173117,0.5,0.5,0.5,0.49999056774235,0.5,1727073386765
121,1.0,0.66666666666667,0.18024915589254,0.5,0.5,0.5,0.4999746026442,0.5,1727073386949
121,1.0,0.66666666666667,0.17302942947094,0.5,0.5,0.5,0.49997031831396,0.5,1727073388549
121,1.0,0.66666666666667,0.17571283057208,0.5,0.5,0.5,0.49999024205249,0.5,1727073390061
121,1.0,0.66666666666667,0.17571283057208,0.5,0.5,0.5,0.49999024205249,0.5,1727073390437
121,1.0,0.66666666666667,0.17571283057208,0.5,0.5,0.5,0.49999024205249,0.5,1727073392326
121,1.0,0.66666666666667,0.17571283057208,0.48949346940272,0.5,0.5,0.49999024205249,0.50000086611227,1727073392421
121,1.0,0.66666666666667,0.17571283057208,0.48567074719716,0.5,0.5,0.49999024205249,0.49999537164447,1727073392429
121,1.0,0.66666666666667,0.17571283057208,0.47902686782891,0.5,0.5,0.49999024205249,0.4999970495498,1727073392446
121,1.0,0.66666666666667,0.17571283057208,0.4752134678465,0.5,0.5,0.49999024205249,0.49999854281447,1727073392463
121,1.0,0.66666666666667,0.17571283057208,0.45421918005332,0.5,0.5,0.49999024205249,0.50000297142249,1727073392479
121,1.0,0.66666666666667,0.17571283057208,0.44371575868218,0.5,0.5,0.49999024205249,0.49999418383584,1727073392496
121,1.0,0.66666666666667,0.17571283057208,0.42654365153581,0.5,0.5,0.49999024205249,0.49999169218192,1727073392512
121,1.0,0.66666666666667,0.17571283057208,0.4160429385975,0.5,0.5,0.49999024205249,0.4999973385186,1727073392529
121,1.0,0.66666666666667,0.17571283057208,0.39505503743815,0.5,0.5,0.49999024205249,0.49999444356246,1727073392546
121,1.0,0.66666666666667,0.17571283057208,0.38454991570676,0.5,0.5,0.49999024205249,0.49999658502628,1727073392562
121,1.0,0.66666666666667,0.17571283057208,0.37404613146149,0.5,0.5,0.49999024205249,0.49999998022368,1727073392579
121,1.0,0.66666666666667,0.17571283057208,0.37024297536267,0.5,0.5,0.49999024205249,0.49999717466973,1727073392596
121,1.0,0.66666666666667,0.17571283057208,0.35973652288696,0.5,0.5,0.49999024205249,0.499998247054,1727073392612
121,1.0,0.66666666666667,0.17571283057208,0.34545533180465,0.5,0.5,0.49999024205249,0.49999425327976,1727073392629
121,1.0,0.66666666666667,0.17571283057208,0.34164739776548,0.5,0.5,0.49999024205249,0.49998682288565,1727073392646
121,1.0,0.66666666666667,0.17571283057208,0.33114872767653,0.5,0.5,0.49999024205249,0.49999514415422,1727073392662
121,1.0,0.66666666666667,0.17571283057208,0.32734298968458,0.5,0.5,0.49999024205249,0.50000432410988,1727073392679
121,1.0,0.66666666666667,0.17571283057208,0.32353793986851,0.5,0.5,0.49999024205249,0.49999949853056,1727073392696
121,1.0,0.66666666666667,0.17571283057208,0.31303517083893,0.5,0.5,0.49999024205249,0.50000431008709,1727073392712
121,1.0,0.66666666666667,0.17571283057208,0.30923010161195,0.5,0.5,0.49999024205249,0.49999934181369,1727073392740
121,1.0,0.66666666666667,0.17571283057208,0.30542289502839,0.5,0.5,0.49999024205249,0.49999218381954,1727073392756
121,1.0,0.66666666666667,0.17571283057208,0.30161354540023,0.5,0.5,0.49999024205249,0.4999981617329,1727073392773
121,1.0,0.66666666666667,0.17571283057208,0.29781001168829,0.5,0.5,0.49999024205249,0.49999459255075,1727073392788
121,1.0,0.66666666666667,0.17571283057208,0.29400396730752,0.5,0.5,0.49999024205249,0.49998842891942,1727073392804
121,1.0,0.66666666666667,0.17571283057208,0.29020304043921,0.5,0.5,0.49999024205249,0.50000310305627,1727073392820
121,1.0,0.66666666666667,0.17571283057208,0.27970517256537,0.5,0.5,0.49999024205249,0.49999737739423,1727073392836
121,1.0,0.66666666666667,0.17571283057208,0.27589298023632,0.5,0.5,0.49999024205249,0.50000070507285,1727073392846
121,1.0,0.66666666666667,0.17571283057208,0.27208878017109,0.5,0.5,0.49999024205249,0.49999627491209,1727073392862
121,1.0,0.66666666666667,0.17571283057208,0.26159148200782,0.5,0.5,0.49999024205249,0.49999082035489,1727073392879
121,1.0,0.66666666666667,0.17571283057208,0.25779264565764,0.5,0.5,0.49999024205249,0.49999201510444,1727073392896
121,1.0,0.66666666666667,0.17571283057208,0.26446358706899,0.5,0.5,0.49999024205249,0.50000219540454,1727073393917
121,1.0,0.66666666666667,0.17571283057208,0.27113984458638,0.5,0.5,0.49999024205249,0.50000146316574,1727073394037
121,1.0,0.66666666666667,0.17571283057208,0.277817318408,0.5,0.5,0.49999024205249,0.50000201993196,1727073394445
121,1.0,0.66666666666667,0.17571283057208,0.277817318408,0.5,0.5,0.49999024205249,0.50000201993196,1727073395973
121,1.0,0.66666666666667,0.17571283057208,0.277817318408,0.5,0.5,0.49999024205249,0.50000201993196,1727073397582
121,0.99334610396929,0.66666666666667,0.17571283057208,0.277817318408,0.50000338883004,0.5,0.49999024205249,0.50000201993196,1727073397677
121,0.98952283498259,0.66666666666667,0.17571283057208,0.277817318408,0.49999989238699,0.5,0.49999024205249,0.50000201993196,1727073397685
121,0.98569648954082,0.66666666666667,0.17571283057208,0.277817318408,0.50000186580821,0.5,0.49999024205249,0.50000201993196,1727073397695
121,0.97518464018285,0.66666666666667,0.17571283057208,0.277817318408,0.50000001115911,0.5,0.49999024205249,0.50000201993196,1727073397712
121,0.95418616763262,0.66666666666667,0.17571283057208,0.277817318408,0.50000071068663,0.5,0.49999024205249,0.50000201993196,1727073397729
121,0.93609445789964,0.66666666666667,0.17571283057208,0.277817318408,0.50000099947443,0.5,0.49999024205249,0.50000201993196,1727073397745
121,0.9112951506467,0.66666666666667,0.17571283057208,0.277817318408,0.5000013497019,0.5,0.49999024205249,0.50000201993196,1727073397762
121,0.88361900128302,0.66666666666667,0.17571283057208,0.277817318408,0.50000175894398,0.5,0.49999024205249,0.50000201993196,1727073397779
121,0.87311717800827,0.66666666666667,0.17571283057208,0.277817318408,0.5000046564451,0.5,0.49999024205249,0.50000201993196,1727073397795
121,0.85594449944558,0.66666666666667,0.17571283057208,0.277817318408,0.50000300997894,0.5,0.49999024205249,0.50000201993196,1727073397812
121,0.84544421274777,0.66666666666667,0.17571283057208,0.277817318408,0.49999902305937,0.5,0.49999024205249,0.50000201993196,1727073397829
121,0.83494105640545,0.66666666666667,0.17571283057208,0.277817318408,0.50000131861964,0.5,0.49999024205249,0.50000201993196,1727073397845
121,0.81015073393054,0.66666666666667,0.17571283057208,0.277817318408,0.50000638221632,0.5,0.49999024205249,0.50000201993196,1727073397862
121,0.77581191455932,0.66666666666667,0.17571283057208,0.277817318408,0.50000640354044,0.5,0.49999024205249,0.50000201993196,1727073397879
121,0.73763877911262,0.66666666666667,0.17571283057208,0.277817318408,0.50000447134463,0.5,0.49999024205249,0.50000201993196,1727073397895
121,0.71663982054141,0.66666666666667,0.17571283057208,0.277817318408,0.500005162462,0.5,0.49999024205249,0.50000201993196,1727073397912
121,0.69281494715459,0.66666666666667,0.17571283057208,0.277817318408,0.4999997441865,0.5,0.49999024205249,0.50000201993196,1727073397929
121,0.6756478468435,0.66666666666667,0.17571283057208,0.277817318408,0.50000100837271,0.5,0.49999024205249,0.50000201993196,1727073397945
121,0.66514717455065,0.66666666666667,0.17571283057208,0.277817318408,0.50000524913136,0.5,0.49999024205249,0.50000201993196,1727073397962
121,0.65083856603302,0.66666666666667,0.17571283057208,0.277817318408,0.50000477177195,0.5,0.49999024205249,0.50000201993196,1727073397979
121,0.63367103363648,0.66666666666667,0.17571283057208,0.277817318408,0.50000592409931,0.5,0.49999024205249,0.50000201993196,1727073397995
121,0.61937043555009,0.66666666666667,0.17571283057208,0.277817318408,0.50000076403604,0.5,0.49999024205249,0.50000201993196,1727073398012
121,0.60887163122035,0.66666666666667,0.17571283057208,0.277817318408,0.50000647875477,0.5,0.49999024205249,0.50000201993196,1727073398029
121,0.60504728329331,0.66666666666667,0.17571283057208,0.277817318408,0.50000072825993,0.5,0.49999024205249,0.50000201993196,1727073398101
121,0.60122288365593,0.66666666666667,0.17571283057208,0.277817318408,0.5000048570495,0.5,0.49999024205249,0.50000201993196,1727073398112
121,0.58793321977145,0.66666666666667,0.17571283057208,0.277817318408,0.49999655110867,0.5,0.49999024205249,0.50000201993196,1727073398129
121,0.58411153625895,0.66666666666667,0.17571283057208,0.277817318408,0.50000254076307,0.5,0.49999024205249,0.50000201993196,1727073398145
121,0.58029401055844,0.66666666666667,0.17571283057208,0.277817318408,0.50000113073076,0.5,0.49999024205249,0.50000201993196,1727073398165
121,0.57364297359633,0.66666666666667,0.17571283057208,0.277817318408,0.49999787120778,0.5,0.49999024205249,0.50000201993196,1727073398179
121,0.55265251329864,0.66666666666667,0.17571283057208,0.277817318408,0.50000436819819,0.5,0.49999024205249,0.50000201993196,1727073398195
121,0.54214738847715,0.66666666666667,0.17571283057208,0.277817318408,0.5000062130736,0.5,0.49999024205249,0.50000201993196,1727073398212
121,0.51738395231029,0.66666666666667,0.17571283057208,0.277817318408,0.49999952361258,0.5,0.49999024205249,0.50000201993196,1727073398229
121,0.50309433088851,0.66666666666667,0.17571283057208,0.277817318408,0.50000148115044,0.5,0.49999024205249,0.50000201993196,1727073398253
121,0.49258879702461,0.66666666666667,0.17571283057208,0.277817318408,0.50000310462102,0.5,0.49999024205249,0.50000201993196,1727073398277
121,0.48593884031133,0.66666666666667,0.17571283057208,0.277817318408,0.50000028375787,0.5,0.49999024205249,0.50000201993196,1727073398292
121,0.47928376362201,0.66666666666667,0.17571283057208,0.277817318408,0.50000517135365,0.5,0.49999024205249,0.50000201993196,1727073398365
121,0.47546900423406,0.66666666666667,0.17571283057208,0.277817318408,0.50000567369389,0.5,0.49999024205249,0.50000201993196,1727073398379
121,0.46881514083659,0.66666666666667,0.17571283057208,0.277817318408,0.49999981302242,0.5,0.49999024205249,0.50000201993196,1727073398395
121,0.45452873810766,0.66666666666667,0.17571283057208,0.277817318408,0.50000443015353,0.5,0.49999024205249,0.50000201993196,1727073398412
121,0.43070593174563,0.66666666666667,0.17571283057208,0.277817318408,0.49999857405506,0.5,0.49999024205249,0.50000201993196,1727073398429
121,0.40971822712982,0.66666666666667,0.17571283057208,0.277817318408,0.49999594700536,0.5,0.49999024205249,0.50000201993196,1727073398445
121,0.40306334801836,0.66666666666667,0.17571283057208,0.277817318408,0.50000152766268,0.5,0.49999024205249,0.50000201993196,1727073398462
121,0.39256804556608,0.66666666666667,0.17571283057208,0.277817318408,0.49999898308522,0.5,0.49999024205249,0.50000201993196,1727073398479
121,0.38591170321972,0.66666666666667,0.17571283057208,0.277817318408,0.50000347741573,0.5,0.49999024205249,0.50000201993196,1727073398495
121,0.38210489683658,0.66666666666667,0.17571283057208,0.277817318408,0.49999756175735,0.5,0.49999024205249,0.50000201993196,1727073398512
121,0.3887846956142,0.66666666666667,0.17571283057208,0.277817318408,0.50000006924544,0.5,0.49999024205249,0.50000201993196,1727073398909
121,0.3954533805413,0.66666666666667,0.17571283057208,0.277817318408,0.50000617283689,0.5,0.49999024205249,0.50000201993196,1727073398949
121,0.40212808546737,0.66666666666667,0.17571283057208,0.277817318408,0.50000423437015,0.5,0.49999024205249,0.50000201993196,1727073398965
121,0.41549482210858,0.66666666666667,0.17571283057208,0.277817318408,0.50000208306573,0.5,0.49999024205249,0.50000201993196,1727073398981
121,0.42216288238267,0.66666666666667,0.17571283057208,0.277817318408,0.49999479284773,0.5,0.49999024205249,0.50000201993196,1727073398995
121,0.44984653826947,0.66666666666667,0.17571283057208,0.277817318408,0.50000030284308,0.5,0.49999024205249,0.50000201993196,1727073399012
121,0.45651881300598,0.66666666666667,0.17571283057208,0.277817318408,0.49999667266743,0.5,0.49999024205249,0.50000201993196,1727073399029
121,0.46318730518285,0.66666666666667,0.17571283057208,0.277817318408,0.50000207934518,0.5,0.49999024205249,0.50000201993196,1727073399205
121,0.46985967378479,0.66666666666667,0.17571283057208,0.277817318408,0.49999857187361,0.5,0.49999024205249,0.50000201993196,1727073399213
121,0.48037976914256,0.66666666666667,0.17571283057208,0.277817318408,0.50000795489687,0.5,0.49999024205249,0.50000201993196,1727073399229
121,0.48704688878392,0.66666666666667,0.17571283057208,0.277817318408,0.50000054975113,0.5,0.49999024205249,0.50000201993196,1727073399245
121,0.50040868261525,0.66666666666667,0.17571283057208,0.277817318408,0.49999507600069,0.5,0.49999024205249,0.50000201993196,1727073399262
121,0.50708821469643,0.66666666666667,0.17571283057208,0.277817318408,0.50000822279429,0.5,0.49999024205249,0.50000201993196,1727073399341
121,0.51096243149864,0.66666666666667,0.17571283057208,0.277817318408,0.50000622020165,0.5,0.49999024205249,0.50000201993196,1727073399379
121,0.5176335482694,0.66666666666667,0.17571283057208,0.277817318408,0.50000199595679,0.5,0.49999024205249,0.50000201993196,1727073399395
121,0.52814495094537,0.66666666666667,0.17571283057208,0.277817318408,0.50000459784847,0.5,0.49999024205249,0.50000201993196,1727073399412
121,0.55198557538182,0.66666666666667,0.17571283057208,0.277817318408,0.50000065995468,0.5,0.49999024205249,0.50000201993196,1727073399429
121,0.57205322912092,0.66666666666667,0.17571283057208,0.277817318408,0.50000474518881,0.5,0.49999024205249,0.50000201993196,1727073399445
121,0.57872174770093,0.66666666666667,0.17571283057208,0.277817318408,0.49999911569982,0.5,0.49999024205249,0.50000201993196,1727073399462
121,0.57207192376567,0.66666666666667,0.17571283057208,0.277817318408,0.49999664716983,0.5,0.49999024205249,0.50000201993196,1727073400701
121,0.5682521510528,0.66666666666667,0.17571283057208,0.277817318408,0.50000404084399,0.5,0.49999024205249,0.50000201993196,1727073400712
121,0.55108062013208,0.66666666666667,0.17571283057208,0.277817318408,0.50000254442778,0.5,0.49999024205249,0.50000201993196,1727073400729
121,0.54058168900081,0.66666666666667,0.17571283057208,0.277817318408,0.49999795922295,0.5,0.49999024205249,0.50000201993196,1727073400745
121,0.53008452582904,0.66666666666667,0.17571283057208,0.277817318408,0.50000537327689,0.5,0.49999024205249,0.50000201993196,1727073400762
121,0.53675707934521,0.66666666666667,0.17571283057208,0.277817318408,0.50000226569379,0.5,0.49999024205249,0.50000201993196,1727073401133
121,0.54062559589661,0.66666666666667,0.17571283057208,0.277817318408,0.50000712064255,0.5,0.49999024205249,0.50000201993196,1727073401179
121,0.54729662498732,0.66666666666667,0.17571283057208,0.277817318408,0.50000298539752,0.5,0.49999024205249,0.50000201993196,1727073401333
121,0.55396777716897,0.66666666666667,0.17571283057208,0.277817318408,0.49999900317888,0.5,0.49999024205249,0.50000201993196,1727073401345
121,0.56063753168533,0.66666666666667,0.17571283057208,0.277817318408,0.50000459925835,0.5,0.49999024205249,0.50000201993196,1727073401373
121,0.5645138338543,0.66666666666667,0.17571283057208,0.277817318408,0.50000415709061,0.5,0.49999024205249,0.50000201993196,1727073401381
121,0.5645138338543,0.66666666666667,0.17571283057208,0.277817318408,0.50000415709061,0.5,0.49999024205249,0.50000201993196,1727073401757
121,0.5645138338543,0.66666666666667,0.17571283057208,0.277817318408,0.50000415709061,0.5,0.49999024205249,0.50000201993196,1727073402630
121,0.5645138338543,0.66666666666667,0.17571283057208,0.277817318408,0.50000415709061,0.5,0.49999024205249,0.50000201993196,1727073403702
121,0.5645138338543,0.68001573978303,0.17571283057208,0.277817318408,0.50000415709061,0.49999978945077,0.49999024205249,0.50000201993196,1727073403781
121,0.5645138338543,0.70105569972475,0.17571283057208,0.277817318408,0.50000415709061,0.50000338473089,0.49999024205249,0.50000201993196,1727073403797
121,0.5645138338543,0.71822502370647,0.17571283057208,0.277817318408,0.50000415709061,0.50000327163283,0.49999024205249,0.50000201993196,1727073403812
121,0.5645138338543,0.77641559727282,0.17571283057208,0.277817318408,0.50000415709061,0.49999988577318,0.49999024205249,0.50000201993196,1727073403829
121,0.5645138338543,0.88614339223715,0.17571283057208,0.277817318408,0.50000415709061,0.49999760731378,0.49999024205249,0.50000201993196,1727073403845
121,0.5645138338543,0.95772256156859,0.17571283057208,0.277817318408,0.50000415709061,0.50000023526088,0.49999024205249,0.50000201993196,1727073403862
121,0.5645138338543,0.99999408559683,0.17571283057208,0.277817318408,0.50000415709061,0.50000260863952,0.49999024205249,0.50000201993196,1727073403878
121,0.5645138338543,0.99999408559683,0.17571283057208,0.277817318408,0.50000415709061,0.50000260863952,0.49999024205249,0.50000201993196,1727073403895
121,0.5645138338543,0.99999408559683,0.17571283057208,0.277817318408,0.50000415709061,0.50000260863952,0.49999024205249,0.50000201993196,1727073403945
121,0.5645138338543,0.99999408559683,0.17571283057208,0.277817318408,0.50000415709061,0.50000260863952,0.49999024205249,0.50000201993196,1727073404157
121,0.5645138338543,0.99999408559683,0.17571283057208,0.277817318408,0.50000415709061,0.50000260863952,0.49999024205249,0.50000201993196,1727073404165
121,0.5645138338543,0.99999408559683,0.17571283057208,0.277817318408,0.50000415709061,0.50000260863952,0.49999024205249,0.50000201993196,1727073404181
121,0.5645138338543,0.99999408559683,0.17571283057208,0.277817318408,0.50000415709061,0.50000260863952,0.49999024205249,0.50000201993196,1727073404197
121,0.5645138338543,0.99999408559683,0.17571283057208,0.277817318408,0.50000415709061,0.50000260863952,0.49999024205249,0.50000201993196,1727073404212
121,0.5645138338543,0.99999408559683,0.17571283057208,0.277817318408,0.50000415709061,0.50000260863952,0.49999024205249,0.50000201993196,1727073404228
121,0.5645138338543,0.99999408559683,0.17571283057208,0.277817318408,0.50000415709061,0.50000260863952,0.49999024205249,0.50000201993196,1727073404245
121,0.5645138338543,0.99334333746124,0.17571283057208,0.277817318408,0.50000415709061,0.49999783789786,0.49999024205249,0.50000201993196,1727073404461
121,0.5645138338543,0.98003704689934,0.17571283057208,0.277817318408,0.50000415709061,0.50000408193327,0.49999024205249,0.50000201993196,1727073404480
121,0.5645138338543,0.95349432721326,0.17571283057208,0.277817318408,0.50000415709061,0.49999907484409,0.49999024205249,0.50000201993196,1727073404495
121,0.5645138338543,0.92695203750267,0.17571283057208,0.277817318408,0.50000415709061,0.50000084724096,0.49999024205249,0.50000201993196,1727073404512
121,0.5645138338543,0.90040118333888,0.17571283057208,0.277817318408,0.50000415709061,0.49999943288583,0.49999024205249,0.50000201993196,1727073404528
121,0.5645138338543,0.88047671534554,0.17571283057208,0.277817318408,0.50000415709061,0.50000010130978,0.49999024205249,0.50000201993196,1727073404545
121,0.5645138338543,0.86330860666946,0.17571283057208,0.277817318408,0.50000415709061,0.49999954719297,0.49999024205249,0.50000201993196,1727073404562
121,0.5645138338543,0.85665232129115,0.17571283057208,0.277817318408,0.50000415709061,0.50000459195665,0.49999024205249,0.50000201993196,1727073406901
121,0.5645138338543,0.84999830689139,0.17571283057208,0.277817318408,0.50000415709061,0.50000084860126,0.49999024205249,0.50000201993196,1727073406912
121,0.5645138338543,0.84333725192759,0.17571283057208,0.277817318408,0.50000415709061,0.50000060996145,0.49999024205249,0.50000201993196,1727073406997
121,0.5645138338543,0.83668809144352,0.17571283057208,0.277817318408,0.50000415709061,0.50000213910626,0.49999024205249,0.50000201993196,1727073408541
121,0.5645138338543,0.83003334629156,0.17571283057208,0.277817318408,0.50000415709061,0.49999868447816,0.49999024205249,0.50000201993196,1727073408781
121,0.5645138338543,0.83003334629156,0.17571283057208,0.277817318408,0.50000415709061,0.49999868447816,0.49999024205249,0.50000201993196,1727073409413
122,0.5,0.16666666666667,0.33333333333333,0.33333333333333,0.5,0.5,0.5,0.5,1727073416278
122,0.5,0.16666666666667,0.33333333333333,0.34001157069483,0.5,0.5,0.5,0.50001081205506,1727073416357
122,0.5,0.16666666666667,0.33333333333333,0.34667932109681,0.5,0.5,0.5,0.50000221575771,1727073416394
122,0.5,0.16666666666667,0.33333333333333,0.37053936172364,0.5,0.5,0.5,0.50000079978484,1727073416411
122,0.5,0.16666666666667,0.33333333333333,0.38390801961746,0.5,0.5,0.5,0.50000028467119,1727073416428
122,0.5,0.16666666666667,0.33333333333333,0.39057828647354,0.5,0.5,0.5,0.50000779398838,1727073416444
122,0.5,0.16666666666667,0.33333333333333,0.42112949321599,0.5,0.5,0.5,0.50000527093812,1727073416461
122,0.5,0.16666666666667,0.33333333333333,0.42780079752801,0.5,0.5,0.5,0.50000064871586,1727073416477
122,0.5,0.16666666666667,0.33333333333333,0.43447695461275,0.5,0.5,0.5,0.50000002540135,1727073416494
122,0.5,0.16666666666667,0.33333333333333,0.44114143922521,0.5,0.5,0.5,0.50000237532212,1727073416544
122,0.5,0.16666666666667,0.33333333333333,0.45165993697446,0.5,0.5,0.5,0.49999874163201,1727073416561
122,0.5,0.16666666666667,0.33333333333333,0.45833242402246,0.5,0.5,0.5,0.50000727527711,1727073416578
122,0.5,0.16666666666667,0.33333333333333,0.46500112184997,0.5,0.5,0.5,0.50000086504503,1727073416653
122,0.5,0.16666666666667,0.33333333333333,0.47167752565573,0.5,0.5,0.5,0.50000046034279,1727073416661
122,0.5,0.16666666666667,0.33333333333333,0.47555550143924,0.5,0.5,0.5,0.50000125780355,1727073416678
122,0.5,0.16666666666667,0.33333333333333,0.48222479003293,0.5,0.5,0.5,0.50000708179711,1727073416728
122,0.5,0.16666666666667,0.33333333333333,0.48889371200569,0.5,0.5,0.5,0.5000010478345,1727073416757
122,0.5,0.16666666666667,0.33333333333333,0.49556666494408,0.5,0.5,0.5,0.49999810263193,1727073416794
122,0.5,0.16666666666667,0.33333333333333,0.50608425543523,0.5,0.5,0.5,0.50000534667195,1727073416811
122,0.5,0.16666666666667,0.33333333333333,0.51275179892315,0.5,0.5,0.5,0.49999852022908,1727073416829
122,0.5,0.16666666666667,0.33333333333333,0.51662605564698,0.5,0.5,0.5,0.49999661016269,1727073417013
122,0.5,0.16666666666667,0.33333333333333,0.52329810399496,0.5,0.5,0.5,0.5000041325139,1727073417029
122,0.5,0.16666666666667,0.33333333333333,0.52996678206157,0.5,0.5,0.5,0.4999982691007,1727073417125
122,0.5,0.16666666666667,0.33333333333333,0.5338422957844,0.5,0.5,0.5,0.49999728636405,1727073417189
122,0.5,0.16666666666667,0.33333333333333,0.54051868922357,0.5,0.5,0.5,0.50000766952568,1727073417197
122,0.5,0.16666666666667,0.33333333333333,0.54718998974361,0.5,0.5,0.5,0.50000371685054,1727073417213
122,0.5,0.16666666666667,0.33333333333333,0.55386027647948,0.5,0.5,0.5,0.49999913446733,1727073417237
122,0.5,0.16666666666667,0.33333333333333,0.55773185540423,0.5,0.5,0.5,0.5000059918666,1727073417293
122,0.5,0.16666666666667,0.33333333333333,0.56440504158869,0.5,0.5,0.5,0.50000341300766,1727073417301
122,0.5,0.16666666666667,0.33333333333333,0.55775159840711,0.5,0.5,0.5,0.49999846580519,1727073417669
122,0.5,0.16666666666667,0.33333333333333,0.55109829161953,0.5,0.5,0.5,0.50000411823113,1727073417733
122,0.5,0.16666666666667,0.33333333333333,0.544444094415,0.5,0.5,0.5,0.49999857079387,1727073417813
122,0.5,0.16666666666667,0.33333333333333,0.53394112500713,0.5,0.5,0.5,0.50000187315909,1727073417861
122,0.5,0.16666666666667,0.33333333333333,0.52728486335359,0.5,0.5,0.5,0.49999471971507,1727073417981
122,0.5,0.16666666666667,0.33333333333333,0.52064177699747,0.5,0.5,0.5,0.50000787510563,1727073418141
122,0.5,0.16666666666667,0.33333333333333,0.51681827794354,0.5,0.5,0.5,0.50000208025091,1727073418229
122,0.5,0.16666666666667,0.33333333333333,0.51017050905542,0.5,0.5,0.5,0.50000092710239,1727073419453
122,0.5,0.16666666666667,0.33333333333333,0.50351711552284,0.5,0.5,0.5,0.50000689470728,1727073419461
122,0.5,0.16666666666667,0.33333333333333,0.49969434577859,0.5,0.5,0.5,0.50000149881792,1727073419477
122,0.5,0.16666666666667,0.33333333333333,0.49304630579638,0.5,0.5,0.5,0.50000011274477,1727073419597
122,0.5,0.16666666666667,0.33333333333333,0.49972548335472,0.5,0.5,0.5,0.50000176962714,1727073420221
122,0.5,0.16666666666667,0.33333333333333,0.50638962708133,0.5,0.5,0.5,0.50000365299849,1727073420277
122,0.5,0.16666666666667,0.33333333333333,0.50638962708133,0.5,0.5,0.5,0.50000365299849,1727073420717
122,0.5,0.16666666666667,0.33333333333333,0.50638962708133,0.5,0.5,0.5,0.50000365299849,1727073423734
122,0.50667529018472,0.16666666666667,0.33333333333333,0.50638962708133,0.49999881024132,0.5,0.5,0.50000365299849,1727073423861
122,0.51333821945259,0.16666666666667,0.33333333333333,0.50638962708133,0.49999982515093,0.5,0.5,0.50000365299849,1727073423917
122,0.52001219178592,0.16666666666667,0.33333333333333,0.50638962708133,0.49999771393183,0.5,0.5,0.50000365299849,1727073423981
122,0.52001219178592,0.16666666666667,0.33333333333333,0.50638962708133,0.49999771393183,0.5,0.5,0.50000365299849,1727073424349
122,0.52001219178592,0.16666666666667,0.33333333333333,0.50638962708133,0.49999771393183,0.5,0.5,0.50000365299849,1727073426622
122,0.52668481227573,0.16666666666667,0.33333333333333,0.50638962708133,0.49999467937789,0.5,0.5,0.50000365299849,1727073426749
122,0.53335548714112,0.16666666666667,0.33333333333333,0.50638962708133,0.50000115493338,0.5,0.5,0.50000365299849,1727073426761
122,0.54671818989431,0.16666666666667,0.33333333333333,0.50638962708133,0.49999661817316,0.5,0.5,0.50000365299849,1727073426777
122,0.56007254338249,0.16666666666667,0.33333333333333,0.50638962708133,0.49999701921226,0.5,0.5,0.50000365299849,1727073426794
122,0.56674197760547,0.16666666666667,0.33333333333333,0.50638962708133,0.49999198830264,0.5,0.5,0.50000365299849,1727073426813
122,0.57341160222541,0.16666666666667,0.33333333333333,0.50638962708133,0.49999746743617,0.5,0.5,0.50000365299849,1727073426941
122,0.57341160222541,0.16666666666667,0.33333333333333,0.50638962708133,0.49999746743617,0.5,0.5,0.50000365299849,1727073427349
122,0.57341160222541,0.16666666666667,0.33333333333333,0.50638962708133,0.49999746743617,0.5,0.5,0.50000365299849,1727073429806
122,0.57341160222541,0.17057126820446,0.33333333333333,0.50638962708133,0.49999746743617,0.49999732911836,0.5,0.50000365299849,1727073429949
122,0.57341160222541,0.17724705788193,0.33333333333333,0.50638962708133,0.49999746743617,0.49999883341292,0.5,0.50000365299849,1727073429960
122,0.57341160222541,0.18776504314842,0.33333333333333,0.50638962708133,0.49999746743617,0.49998589837061,0.5,0.50000365299849,1727073429977
122,0.57341160222541,0.19565538549221,0.33333333333333,0.50638962708133,0.49999746743617,0.49998857939138,0.5,0.50000365299849,1727073429994
122,0.57341160222541,0.20617121003169,0.33333333333333,0.50638962708133,0.49999746743617,0.49999760786334,0.5,0.50000365299849,1727073430010
122,0.57341160222541,0.22722272836016,0.33333333333333,0.50638962708133,0.49999746743617,0.49999151589379,0.5,0.50000365299849,1727073430027
122,0.57341160222541,0.23111426308925,0.33333333333333,0.50638962708133,0.49999746743617,0.49999247028455,0.5,0.50000365299849,1727073430044
122,0.57341160222541,0.24555636279081,0.33333333333333,0.50638962708133,0.49999746743617,0.49999720012977,0.5,0.50000365299849,1727073430060
122,0.57341160222541,0.26272987287766,0.33333333333333,0.50638962708133,0.49999746743617,0.49999269245248,0.5,0.50000365299849,1727073430077
122,0.57341160222541,0.28658026538008,0.33333333333333,0.50638962708133,0.49999746743617,0.49998866212674,0.5,0.50000365299849,1727073430094
122,0.57341160222541,0.29709976696835,0.33333333333333,0.50638962708133,0.49999746743617,0.49999248308006,0.5,0.50000365299849,1727073430110
122,0.57341160222541,0.3142672699962,0.33333333333333,0.50638962708133,0.49999746743617,0.4999943998961,0.5,0.50000365299849,1727073430127
122,0.57341160222541,0.33531048470676,0.33333333333333,0.50638962708133,0.49999746743617,0.49999736972237,0.5,0.50000365299849,1727073430144
122,0.57341160222541,0.35248027411529,0.33333333333333,0.50638962708133,0.49999746743617,0.49999693347199,0.5,0.50000365299849,1727073430160
122,0.57341160222541,0.36299699791202,0.33333333333333,0.50638962708133,0.49999746743617,0.49998886320455,0.5,0.50000365299849,1727073430177
122,0.57341160222541,0.36966340686145,0.33333333333333,0.50638962708133,0.49999746743617,0.49999833764203,0.5,0.50000365299849,1727073430194
122,0.57341160222541,0.37634356979556,0.33333333333333,0.50638962708133,0.49999746743617,0.4999955035446,0.5,0.50000365299849,1727073430221
122,0.57341160222541,0.3868520416247,0.33333333333333,0.50638962708133,0.49999746743617,0.49999490290165,0.5,0.50000365299849,1727073430260
122,0.57341160222541,0.39736944270012,0.33333333333333,0.50638962708133,0.49999746743617,0.49999981951013,0.5,0.50000365299849,1727073430277
122,0.57341160222541,0.40403712796122,0.33333333333333,0.50638962708133,0.49999746743617,0.49999463983611,0.5,0.50000365299849,1727073430605
122,0.57341160222541,0.40792478196294,0.33333333333333,0.50638962708133,0.49999746743617,0.49999857120846,0.5,0.50000365299849,1727073430613
122,0.57341160222541,0.41459266370704,0.33333333333333,0.50638962708133,0.49999746743617,0.49999332333321,0.5,0.50000365299849,1727073430627
122,0.57341160222541,0.43176842135117,0.33333333333333,0.50638962708133,0.49999746743617,0.49998821344812,0.5,0.50000365299849,1727073430644
122,0.57341160222541,0.45561595303693,0.33333333333333,0.50638962708133,0.49999746743617,0.49999955586715,0.5,0.50000365299849,1727073430660
122,0.57341160222541,0.47569249336247,0.33333333333333,0.50638962708133,0.49999746743617,0.49999985894114,0.5,0.50000365299849,1727073430677
122,0.57341160222541,0.47956940218547,0.33333333333333,0.50638962708133,0.49999746743617,0.49999987046222,0.5,0.50000365299849,1727073430693
122,0.57341160222541,0.4862339810051,0.33333333333333,0.50638962708133,0.49999746743617,0.49999759486415,0.5,0.50000365299849,1727073430853
122,0.57341160222541,0.50727719463518,0.33333333333333,0.50638962708133,0.49999746743617,0.49999980229436,0.5,0.50000365299849,1727073430893
122,0.57341160222541,0.51115675936057,0.33333333333333,0.50638962708133,0.49999746743617,0.49999788987743,0.5,0.50000365299849,1727073430910
122,0.57341160222541,0.51782425794262,0.33333333333333,0.50638962708133,0.49999746743617,0.49999362860415,0.5,0.50000365299849,1727073432094
122,0.57341160222541,0.52834156547014,0.33333333333333,0.50638962708133,0.49999746743617,0.49999780136872,0.5,0.50000365299849,1727073432117
122,0.57341160222541,0.53500990915312,0.33333333333333,0.50638962708133,0.49999746743617,0.49999304060893,0.5,0.50000365299849,1727073432133
122,0.57341160222541,0.54168099932656,0.33333333333333,0.50638962708133,0.49999746743617,0.49999716129054,0.5,0.50000365299849,1727073432149
122,0.57341160222541,0.54555686267751,0.33333333333333,0.50638962708133,0.49999746743617,0.4999979095201,0.5,0.50000365299849,1727073432160
122,0.57341160222541,0.55222647531872,0.33333333333333,0.50638962708133,0.49999746743617,0.49999237794887,0.5,0.50000365299849,1727073432177
122,0.57341160222541,0.55889774347043,0.33333333333333,0.50638962708133,0.49999746743617,0.49999629508396,0.5,0.50000365299849,1727073432405
122,0.57341160222541,0.56277136451363,0.33333333333333,0.50638962708133,0.49999746743617,0.49999855261334,0.5,0.50000365299849,1727073432413
122,0.57341160222541,0.56943872177291,0.33333333333333,0.50638962708133,0.49999746743617,0.49999464943611,0.5,0.50000365299849,1727073432558
122,0.57341160222541,0.5761069566154,0.33333333333333,0.50638962708133,0.49999746743617,0.50000049098782,0.5,0.50000365299849,1727073432573
122,0.57341160222541,0.58277826518335,0.33333333333333,0.50638962708133,0.49999746743617,0.4999940189066,0.5,0.50000365299849,1727073432610
122,0.57341160222541,0.58665077237199,0.33333333333333,0.50638962708133,0.49999746743617,0.49999695652653,0.5,0.50000365299849,1727073432837
122,0.57341160222541,0.58665077237199,0.33333333333333,0.50638962708133,0.49999746743617,0.49999695652653,0.5,0.50000365299849,1727073433253
122,0.57341160222541,0.58665077237199,0.33333333333333,0.50638962708133,0.49999746743617,0.49999695652653,0.5,0.50000365299849,1727073437783
122,0.58008376966565,0.58665077237198,0.33333333333333,0.50638962708133,0.49999432916404,0.49999695652653,0.5,0.50000365299849,1727073437918
122,0.58675575516421,0.58665077237198,0.33333333333333,0.50638962708133,0.50000125782481,0.49999695652653,0.5,0.50000365299849,1727073437933
122,0.59342375799717,0.58665077237198,0.33333333333333,0.50638962708133,0.49999541689333,0.49999695652653,0.5,0.50000365299849,1727073437989
122,0.60010094111069,0.58665077237198,0.33333333333333,0.50638962708133,0.4999956215377,0.49999695652653,0.5,0.50000365299849,1727073438061
122,0.60676767637676,0.58665077237198,0.33333333333333,0.50638962708133,0.49999899975015,0.49999695652653,0.5,0.50000365299849,1727073438110
122,0.61343741137871,0.58665077237198,0.33333333333333,0.50638962708133,0.49999441768097,0.49999695652653,0.5,0.50000365299849,1727073438173
122,0.62010549483774,0.58665077237199,0.33333333333333,0.50638962708133,0.49999860760659,0.49999695652653,0.5,0.50000365299849,1727073438838
122,0.62010549483774,0.58665077237199,0.33333333333333,0.50638962708133,0.49999860760659,0.49999695652653,0.5,0.50000365299849,1727073439101
122,0.62010549483774,0.58665077237199,0.33333333333333,0.50638962708133,0.49999860760659,0.49999695652653,0.5,0.50000365299849,1727073440711
122,0.62010549483774,0.59332320929316,0.33333333333333,0.50638962708133,0.49999860760659,0.49999991346208,0.5,0.50000365299849,1727073440861
122,0.62010549483774,0.59999215379001,0.33333333333333,0.50638962708133,0.49999860760659,0.49999511038472,0.5,0.50000365299849,1727073440957
122,0.62010549483774,0.60666301898468,0.33333333333333,0.50638962708133,0.49999860760659,0.49999904716908,0.5,0.50000365299849,1727073441037
122,0.62010549483774,0.61053594410044,0.33333333333333,0.50638962708133,0.49999860760659,0.4999917562664,0.5,0.50000365299849,1727073441053
122,0.62010549483774,0.61720475916836,0.33333333333333,0.50638962708133,0.49999860760659,0.4999969743424,0.5,0.50000365299849,1727073441069
122,0.62010549483774,0.62387555392017,0.33333333333333,0.50638962708133,0.49999860760659,0.50000086380246,0.5,0.50000365299849,1727073441141
122,0.62010549483774,0.63054785374026,0.33333333333333,0.50638962708133,0.49999860760659,0.49999411936211,0.5,0.50000365299849,1727073441176
122,0.62010549483774,0.63442060814071,0.33333333333333,0.50638962708133,0.49999860760659,0.49999674376915,0.5,0.50000365299849,1727073441193
122,0.62010549483774,0.64777241007418,0.33333333333333,0.50638962708133,0.49999860760659,0.49999804756563,0.5,0.50000365299849,1727073441210
122,0.62010549483774,0.65443779518605,0.33333333333333,0.50638962708133,0.49999860760659,0.49999571711043,0.5,0.50000365299849,1727073441270
122,0.62010549483774,0.66111208183168,0.33333333333333,0.50638962708133,0.49999860760659,0.49999734382901,0.5,0.50000365299849,1727073441758
122,0.62010549483774,0.66498620714935,0.33333333333333,0.50638962708133,0.49999860760659,0.49999904087553,0.5,0.50000365299849,1727073441793
122,0.62010549483774,0.66498620714935,0.33333333333333,0.50638962708133,0.49999860760659,0.49999904087553,0.5,0.50000365299849,1727073442797
122,0.62010549483774,0.66498620714935,0.33333333333333,0.50638962708133,0.49999860760659,0.49999904087553,0.5,0.50000365299849,1727073445543
122,0.62010549483774,0.65833034364742,0.33333333333333,0.50638962708133,0.49999860760659,0.49999558932511,0.5,0.50000365299849,1727073445918
122,0.62010549483774,0.65450414252389,0.33333333333333,0.50638962708133,0.49999860760659,0.50000216372652,0.5,0.50000365299849,1727073446350
122,0.62010549483774,0.6478479967773,0.33333333333333,0.50638962708133,0.49999860760659,0.49999886833755,0.5,0.50000365299849,1727073446393
122,0.62010549483774,0.6478479967773,0.33333333333333,0.50638962708133,0.49999860760659,0.49999886833755,0.5,0.50000365299849,1727073446725
123,0.33333333333333,0.66666666666667,0.16666666666667,0.33333333333333,0.5,0.5,0.5,0.5,1727073453374
123,0.34000900995138,0.66666666666667,0.16666666666667,0.33333333333333,0.50000841925088,0.5,0.5,0.5,1727073453598
123,0.34668421960809,0.66666666666667,0.16666666666667,0.33333333333333,0.50000674189153,0.5,0.5,0.5,1727073453613
123,0.35336241916641,0.66666666666667,0.16666666666667,0.33333333333333,0.50000783366381,0.5,0.5,0.5,1727073453637
123,0.3600335361979,0.66666666666667,0.16666666666667,0.33333333333333,0.50000250069493,0.5,0.5,0.5,1727073453676
123,0.36670262503528,0.66666666666667,0.16666666666667,0.33333333333333,0.49999546987902,0.5,0.5,0.5,1727073453693
123,0.37338222495819,0.66666666666667,0.16666666666667,0.33333333333333,0.50001149222201,0.5,0.5,0.5,1727073453709
123,0.39055592855564,0.66666666666667,0.16666666666667,0.33333333333333,0.50000179233007,0.5,0.5,0.5,1727073453726
123,0.41063601582618,0.66666666666667,0.16666666666667,0.33333333333333,0.50000437850157,0.5,0.5,0.5,1727073453742
123,0.43072038887801,0.66666666666667,0.16666666666667,0.33333333333333,0.49999782289778,0.5,0.5,0.5,1727073453759
123,0.44408057652826,0.66666666666667,0.16666666666667,0.33333333333333,0.50000290204278,0.5,0.5,0.5,1727073453776
123,0.45075683068337,0.66666666666667,0.16666666666667,0.33333333333333,0.50000234811301,0.5,0.5,0.5,1727073453792
123,0.45742901266275,0.66666666666667,0.16666666666667,0.33333333333333,0.49999863103286,0.5,0.5,0.5,1727073453862
123,0.47078971367585,0.66666666666667,0.16666666666667,0.33333333333333,0.50000389965604,0.5,0.5,0.5,1727073453909
123,0.48796681543968,0.66666666666667,0.16666666666667,0.33333333333333,0.49999819552626,0.5,0.5,0.5,1727073453926
123,0.5080384080977,0.66666666666667,0.16666666666667,0.33333333333333,0.50000555581484,0.5,0.5,0.5,1727073453942
123,0.55201906324273,0.66666666666667,0.16666666666667,0.33333333333333,0.50000252878284,0.5,0.5,0.5,1727073453959
123,0.59600083728841,0.66666666666667,0.16666666666667,0.33333333333333,0.50000054565097,0.5,0.5,0.5,1727073453975
123,0.61984122508907,0.66666666666667,0.16666666666667,0.33333333333333,0.49999687601754,0.5,0.5,0.5,1727073453992
123,0.6399092165094,0.66666666666667,0.16666666666667,0.33333333333333,0.5000009442943,0.5,0.5,0.5,1727073454009
123,0.64657605382421,0.66666666666667,0.16666666666667,0.33333333333333,0.50000419567595,0.5,0.5,0.5,1727073454025
123,0.65324634144664,0.66666666666667,0.16666666666667,0.33333333333333,0.50000011450874,0.5,0.5,0.5,1727073454118
123,0.65711808598709,0.66666666666667,0.16666666666667,0.33333333333333,0.500006317066,0.5,0.5,0.5,1727073454126
123,0.66377940108535,0.66666666666667,0.16666666666667,0.33333333333333,0.49999685394902,0.5,0.5,0.5,1727073454142
123,0.6704496778734,0.66666666666667,0.16666666666667,0.33333333333333,0.50000211081262,0.5,0.5,0.5,1727073454159
123,0.67712380727872,0.66666666666667,0.16666666666667,0.33333333333333,0.50000043431753,0.5,0.5,0.5,1727073454175
123,0.67712380727872,0.66666666666667,0.16666666666667,0.33333333333333,0.50000043431753,0.5,0.5,0.5,1727073458830
123,0.67712380727872,0.66666666666667,0.16666666666667,0.33333333333333,0.50000043431753,0.5,0.5,0.5,1727073460455
124,0.83333333333333,0.33333333333333,0.33333333333333,0.0,0.5,0.5,0.5,0.5,1727073465822
124,0.83333333333333,0.32667842631915,0.33333333333333,0.0,0.5,0.50000836841901,0.5,0.5,1727073465870
124,0.83333333333333,0.32003872212569,0.33333333333333,0.0,0.5,0.50000222791072,0.5,0.5,1727073465908
124,0.83333333333333,0.31337778078611,0.33333333333333,0.0,0.5,0.50000166989978,0.5,0.5,1727073465925
124,0.83333333333333,0.30673642493572,0.33333333333333,0.0,0.5,0.49999693842895,0.5,0.5,1727073465942
124,0.83333333333333,0.30008210536365,0.33333333333333,0.0,0.5,0.50000508563212,0.5,0.5,1727073465958
124,0.83333333333333,0.28681752847352,0.33333333333333,0.0,0.5,0.50000833187336,0.5,0.5,1727073465975
124,0.83333333333333,0.28017060627629,0.33333333333333,0.0,0.5,0.50000923535206,0.5,0.5,1727073465992
124,0.83333333333333,0.27353000113417,0.33333333333333,0.0,0.5,0.50000350913917,0.5,0.5,1727073466008
124,0.83333333333333,0.25635798159795,0.33333333333333,0.0,0.5,0.50000666459775,0.5,0.5,1727073466025
124,0.83333333333333,0.2497087074933,0.33333333333333,0.0,0.5,0.50001019587975,0.5,0.5,1727073466045
124,0.83333333333333,0.24306320757841,0.33333333333333,0.0,0.5,0.50000960208889,0.5,0.5,1727073466182
124,0.83333333333333,0.23925469376701,0.33333333333333,0.0,0.5,0.50000193427024,0.5,0.5,1727073466198
124,0.83333333333333,0.23261103222312,0.33333333333333,0.0,0.5,0.49999911372119,0.5,0.5,1727073466208
124,0.83333333333333,0.22597108939511,0.33333333333333,0.0,0.5,0.49999190700337,0.5,0.5,1727073466225
124,0.83333333333333,0.21931850061766,0.33333333333333,0.0,0.5,0.49999935165953,0.5,0.5,1727073466278
124,0.83333333333333,0.21552960117721,0.33333333333333,0.0,0.5,0.50000442001598,0.5,0.5,1727073466292
124,0.83333333333333,0.20888321650621,0.33333333333333,0.0,0.5,0.50000476136198,0.5,0.5,1727073466308
124,0.83333333333333,0.20508153520827,0.33333333333333,0.0,0.5,0.50000683802855,0.5,0.5,1727073466325
124,0.83333333333333,0.19843401904032,0.33333333333333,0.0,0.5,0.50000861431415,0.5,0.5,1727073466375
124,0.83333333333333,0.19179398030094,0.33333333333333,0.0,0.5,0.50000111252429,0.5,0.5,1727073466398
124,0.83333333333333,0.18798817116764,0.33333333333333,0.0,0.5,0.50000843460862,0.5,0.5,1727073466441
124,0.83333333333333,0.1813493055836,0.33333333333333,0.0,0.5,0.49999924891486,0.5,0.5,1727073466492
124,0.83333333333333,0.17470205428457,0.33333333333333,0.0,0.5,0.5000006618226,0.5,0.5,1727073466510
124,0.83333333333333,0.17091356267509,0.33333333333333,0.0,0.5,0.50000574501886,0.5,0.5,1727073466526
124,0.83333333333333,0.16426625134016,0.33333333333333,0.0,0.5,0.50000737766109,0.5,0.5,1727073466542
124,0.83333333333333,0.16426625134016,0.33333333333333,0.0,0.5,0.50000737766109,0.5,0.5,1727073468590
124,0.83333333333333,0.16426625134016,0.33333333333333,0.0,0.5,0.50000737766109,0.5,0.5,1727073471367
124,0.83333333333333,0.16426625134016,0.33333333333333,0.0066946813192,0.5,0.50000737766109,0.5,0.50000509806862,1727073471470
124,0.83333333333333,0.16426625134016,0.33333333333333,0.01338463329871,0.5,0.50000737766109,0.5,0.50000003749853,1727073471477
124,0.83333333333333,0.16426625134016,0.33333333333333,0.04106937455213,0.5,0.50000737766109,0.5,0.50001484266021,1727073471491
124,0.83333333333333,0.16426625134016,0.33333333333333,0.11968528483136,0.5,0.50000737766109,0.5,0.50001247022704,1727073471508
124,0.83333333333333,0.16426625134016,0.33333333333333,0.27384800086566,0.5,0.50000737766109,0.5,0.50000194391246,1727073471525
124,0.83333333333333,0.16426625134016,0.33333333333333,0.42431455180346,0.5,0.50000737766109,0.5,0.50000560840896,1727073471541
124,0.83333333333333,0.16426625134016,0.33333333333333,0.68480010084928,0.5,0.50000737766109,0.5,0.50000005947913,1727073471558
124,0.83333333333333,0.16426625134016,0.33333333333333,0.84141506874923,0.5,0.50000737766109,0.5,0.49999984044,1727073471575
124,0.83333333333333,0.16426625134016,0.33333333333333,1.0,0.5,0.50000737766109,0.5,0.5,1727073471591
124,0.83333333333333,0.16426625134016,0.33333333333333,1.0,0.5,0.50000737766109,0.5,0.5,1727073471608
124,0.83333333333333,0.16426625134016,0.33333333333333,1.0,0.5,0.50000737766109,0.5,0.5,1727073471625
124,0.83333333333333,0.16426625134016,0.33333333333333,1.0,0.5,0.50000737766109,0.5,0.5,1727073471641
124,0.83333333333333,0.16426625134016,0.33333333333333,1.0,0.5,0.50000737766109,0.5,0.5,1727073471658
124,0.83333333333333,0.16426625134016,0.33333333333333,1.0,0.5,0.50000737766109,0.5,0.5,1727073471675
124,0.83333333333333,0.16426625134016,0.33333333333333,1.0,0.5,0.50000737766109,0.5,0.5,1727073471691
124,0.83333333333333,0.16426625134016,0.33333333333333,1.0,0.5,0.50000737766109,0.5,0.5,1727073471708
124,0.83333333333333,0.16426625134016,0.33333333333333,1.0,0.5,0.50000737766109,0.5,0.5,1727073471725
124,0.83333333333333,0.16426625134016,0.33333333333333,1.0,0.5,0.50000737766109,0.5,0.5,1727073471741
124,0.83333333333333,0.16426625134016,0.33333333333333,1.0,0.5,0.50000737766109,0.5,0.5,1727073471758
124,0.83333333333333,0.16426625134016,0.33333333333333,1.0,0.5,0.50000737766109,0.5,0.5,1727073471775
124,0.83333333333333,0.16426625134016,0.33333333333333,1.0,0.5,0.50000737766109,0.5,0.5,1727073471791
124,0.83333333333333,0.16426625134016,0.33333333333333,1.0,0.5,0.50000737766109,0.5,0.5,1727073471808
124,0.83333333333333,0.16426625134016,0.33333333333333,1.0,0.5,0.50000737766109,0.5,0.5,1727073471958
124,0.83333333333333,0.16426625134016,0.33333333333333,1.0,0.5,0.50000737766109,0.5,0.5,1727073473718
124,0.83333333333333,0.16426625134016,0.34057092539501,1.0,0.5,0.50000737766109,0.4999877602457,0.5,1727073473805
124,0.83333333333333,0.16426625134016,0.3432478530854,1.0,0.5,0.50000737766109,0.49998683109901,0.5,1727073473813
124,0.83333333333333,0.16426625134016,0.35047754476782,1.0,0.5,0.50000737766109,0.49997415473648,0.5,1727073473829
124,0.83333333333333,0.16426625134016,0.36035542877977,1.0,0.5,0.50000737766109,0.49999690188485,0.5,1727073473841
124,0.83333333333333,0.16426625134016,0.3702278886091,1.0,0.5,0.50000737766109,0.49999555954387,0.5,1727073473857
124,0.83333333333333,0.16426625134016,0.38470910422454,1.0,0.5,0.50000737766109,0.49999390881662,0.5,1727073473874
124,0.83333333333333,0.16426625134016,0.38737959279663,1.0,0.5,0.50000737766109,0.49997863715495,0.5,1727073473891
124,0.83333333333333,0.16426625134016,0.39725946220907,1.0,0.5,0.50000737766109,0.49998392378925,0.5,1727073473909
124,0.83333333333333,0.16426625134016,0.40448594186799,1.0,0.5,0.50000737766109,0.49999807718596,0.5,1727073473965
124,0.83333333333333,0.16426625134016,0.40716380475293,1.0,0.5,0.50000737766109,0.49998972913817,0.5,1727073473974
124,0.83333333333333,0.16426625134016,0.40983215622892,1.0,0.5,0.50000737766109,0.49999198889099,0.5,1727073474637
124,0.83333333333333,0.16426625134016,0.41706703112501,1.0,0.5,0.50000737766109,0.50000414218381,0.5,1727073474645
124,0.83333333333333,0.16426625134016,0.42429651656471,1.0,0.5,0.50000737766109,0.4999942726175,0.5,1727073474657
124,0.83333333333333,0.16426625134016,0.43689378924071,1.0,0.5,0.50000737766109,0.50000167268146,0.5,1727073474674
124,0.83333333333333,0.16426625134016,0.45136981157512,1.0,0.5,0.50000737766109,0.4999776630983,0.5,1727073474691
124,0.83333333333333,0.16426625134016,0.46124133473859,1.0,0.5,0.50000737766109,0.49998366977741,0.5,1727073474707
124,0.83333333333333,0.16426625134016,0.46390927101295,1.0,0.5,0.50000737766109,0.4999888326905,0.5,1727073474853
124,0.83333333333333,0.16426625134016,0.47114594227602,1.0,0.5,0.50000737766109,0.49998703540279,0.5,1727073474890
124,0.83333333333333,0.16426625134016,0.47380454751069,1.0,0.5,0.50000737766109,0.50000041634669,0.5,1727073474907
124,0.83333333333333,0.16426625134016,0.47647530756362,1.0,0.5,0.50000737766109,0.49998503270002,0.5,1727073475061
124,0.83333333333333,0.16426625134016,0.48371188230685,1.0,0.5,0.50000737766109,0.49998399394695,0.5,1727073475117
124,0.83333333333333,0.16426625134016,0.49358310620086,1.0,0.5,0.50000737766109,0.49999176721375,0.5,1727073475157
124,0.83333333333333,0.16426625134016,0.50345545437191,1.0,0.5,0.50000737766109,0.49999150712634,0.5,1727073475174
124,0.83333333333333,0.16426625134016,0.50612289639652,1.0,0.5,0.50000737766109,0.49999978414786,0.5,1727073475191
124,0.83333333333333,0.16426625134016,0.51335269956795,1.0,0.5,0.50000737766109,0.49998892326984,0.5,1727073475207
124,0.83333333333333,0.16426625134016,0.52322494053169,1.0,0.5,0.50000737766109,0.4999894336662,0.5,1727073475310
124,0.83333333333333,0.16426625134016,0.52589226713714,1.0,0.5,0.50000737766109,0.49999828746271,0.5,1727073476470
124,0.83333333333333,0.16426625134016,0.5186658766801,1.0,0.5,0.50000737766109,0.49998576254509,0.5,1727073476542
124,0.83333333333333,0.16426625134016,0.51144468290238,1.0,0.5,0.50000737766109,0.49999359981243,0.5,1727073476701
124,0.83333333333333,0.16426625134016,0.50422676289893,1.0,0.5,0.50000737766109,0.49997881130403,0.5,1727073476741
124,0.83333333333333,0.16426625134016,0.4969968650603,1.0,0.5,0.50000737766109,0.49999037182074,0.5,1727073476766
124,0.83333333333333,0.16426625134016,0.4969968650603,1.0,0.5,0.50000737766109,0.49999037182074,0.5,1727073478629
125,0.66666666666667,0.5,0.66666666666667,0.16666666666667,0.5,0.5,0.5,0.5,1727073481999
125,0.66666666666667,0.5,0.68375995728173,0.16666666666667,0.5,0.5,0.49999289799034,0.5,1727073482053
125,0.66666666666667,0.5,0.7153089618707,0.16666666666667,0.5,0.5,0.49999189820349,0.5,1727073482061
125,0.66666666666667,0.5,0.75671424610825,0.16666666666667,0.5,0.5,0.49998919318506,0.5,1727073482074
125,0.66666666666667,0.5,0.8390729580899,0.16666666666667,0.5,0.5,0.49999223456205,0.5,1727073482090
125,0.66666666666667,0.5,0.97984673958345,0.16666666666667,0.5,0.5,0.49999553762901,0.5,1727073482107
125,0.66666666666667,0.5,1.0,0.16666666666667,0.5,0.5,0.5,0.5,1727073482124
125,0.66666666666667,0.5,1.0,0.16666666666667,0.5,0.5,0.5,0.5,1727073482140
125,0.66666666666667,0.5,1.0,0.16666666666667,0.5,0.5,0.5,0.5,1727073482157
125,0.66666666666667,0.5,1.0,0.16666666666667,0.5,0.5,0.5,0.5,1727073482173
125,0.66666666666667,0.5,1.0,0.16666666666667,0.5,0.5,0.5,0.5,1727073482190
125,0.66666666666667,0.5,1.0,0.16666666666667,0.5,0.5,0.5,0.5,1727073482207
125,0.66666666666667,0.5,1.0,0.16666666666667,0.5,0.5,0.5,0.5,1727073482223
125,0.66666666666667,0.5,1.0,0.16666666666667,0.5,0.5,0.5,0.5,1727073482240
125,0.66666666666667,0.5,1.0,0.16666666666667,0.5,0.5,0.5,0.5,1727073482381
125,0.66666666666667,0.5,1.0,0.16666666666667,0.5,0.5,0.5,0.5,1727073484663
125,0.66666666666667,0.48011040841903,1.0,0.16666666666667,0.5,0.50000182144746,0.5,0.5,1727073484781
125,0.66666666666667,0.45912042447899,1.0,0.16666666666667,0.5,0.49999408805803,0.5,0.5,1727073484790
125,0.66666666666667,0.41152654900215,1.0,0.16666666666667,0.5,0.50000138024773,0.5,0.5,1727073484807
125,0.66666666666667,0.34679376838886,1.0,0.16666666666667,0.5,0.49999628182184,0.5,0.5,1727073484823
125,0.66666666666667,0.27308702001902,1.0,0.16666666666667,0.5,0.49999476300533,0.5,0.5,1727073484840
125,0.66666666666667,0.18668623425102,1.0,0.16666666666667,0.5,0.49999471889005,0.5,0.5,1727073484857
125,0.66666666666667,0.10900835448028,1.0,0.16666666666667,0.5,0.49999504541878,0.5,0.5,1727073484873
125,0.66666666666667,0.03788544817714,1.0,0.16666666666667,0.5,0.49999349462518,0.5,0.5,1727073484890
125,0.66666666666667,1.28206114e-06,1.0,0.16666666666667,0.5,0.50000848193951,0.5,0.5,1727073484907
125,0.66666666666667,1.28206114e-06,1.0,0.16666666666667,0.5,0.50000848193951,0.5,0.5,1727073484923
125,0.66666666666667,1.28206114e-06,1.0,0.16666666666667,0.5,0.50000848193951,0.5,0.5,1727073484940
125,0.66666666666667,1.28206114e-06,1.0,0.16666666666667,0.5,0.50000848193951,0.5,0.5,1727073484957
125,0.66666666666667,1.28206114e-06,1.0,0.16666666666667,0.5,0.50000848193951,0.5,0.5,1727073484973
125,0.66666666666667,1.28206114e-06,1.0,0.16666666666667,0.5,0.50000848193951,0.5,0.5,1727073484990
125,0.66666666666667,1.28206114e-06,1.0,0.16666666666667,0.5,0.50000848193951,0.5,0.5,1727073485007
125,0.66666666666667,1.28206114e-06,1.0,0.16666666666667,0.5,0.50000848193951,0.5,0.5,1727073485023
125,0.66666666666667,1.28206114e-06,1.0,0.16666666666667,0.5,0.50000848193951,0.5,0.5,1727073485040
125,0.66666666666667,1.28206114e-06,1.0,0.16666666666667,0.5,0.50000848193951,0.5,0.5,1727073485057
125,0.66666666666667,1.28206114e-06,1.0,0.16666666666667,0.5,0.50000848193951,0.5,0.5,1727073485073
125,0.66666666666667,1.28206114e-06,1.0,0.16666666666667,0.5,0.50000848193951,0.5,0.5,1727073485090
125,0.66666666666667,1.28206114e-06,1.0,0.16666666666667,0.5,0.50000848193951,0.5,0.5,1727073485106
125,0.66666666666667,1.28206114e-06,1.0,0.16666666666667,0.5,0.50000848193951,0.5,0.5,1727073485165
125,0.66666666666667,1.28206114e-06,1.0,0.16666666666667,0.5,0.50000848193951,0.5,0.5,1727073485991
125,0.66284707795386,1.28206114e-06,1.0,0.16666666666667,0.50000055812982,0.50000848193951,0.5,0.5,1727073486166
125,0.64184709960168,1.28206114e-06,1.0,0.16666666666667,0.50000058465431,0.50000848193951,0.5,0.5,1727073486207
125,0.63134889994079,1.28206114e-06,1.0,0.16666666666667,0.50000652974259,0.50000848193951,0.5,0.5,1727073486223
125,0.62084587406335,1.28206114e-06,1.0,0.16666666666667,0.49999982287066,0.50000848193951,0.5,0.5,1727073486240
125,0.61418835419986,1.28206114e-06,1.0,0.16666666666667,0.50000238526174,0.50000848193951,0.5,0.5,1727073486301
125,0.60660458841491,1.28206114e-06,1.0,0.16666666666667,0.50000295319859,0.50000848193951,0.5,0.5,1727073486309
125,0.59995096592267,1.28206114e-06,1.0,0.16666666666667,0.50000811106956,0.50000848193951,0.5,0.5,1727073486323
125,0.57227510137247,1.28206114e-06,1.0,0.16666666666667,0.49999877856127,0.50000848193951,0.5,0.5,1727073486340
125,0.5379362531238,1.28206114e-06,1.0,0.16666666666667,0.49999845474379,0.50000848193951,0.5,0.5,1727073486356
125,0.52743618016185,1.28206114e-06,1.0,0.16666666666667,0.50000383722707,0.50000848193951,0.5,0.5,1727073486373
125,0.52361611884772,1.28206114e-06,1.0,0.16666666666667,0.50000052326138,0.50000848193951,0.5,0.5,1727073486390
125,0.51696524740449,1.28206114e-06,1.0,0.16666666666667,0.50000819570818,0.50000848193951,0.5,0.5,1727073486421
125,0.51314266188277,1.28206114e-06,1.0,0.16666666666667,0.50000303451653,0.50000848193951,0.5,0.5,1727073486429
125,0.50649606779383,1.28206114e-06,1.0,0.16666666666667,0.50000274033265,0.50000848193951,0.5,0.5,1727073486440
125,0.47502006381896,1.28206114e-06,1.0,0.16666666666667,0.50000355821514,0.50000848193951,0.5,0.5,1727073486456
125,0.4473419086451,1.28206114e-06,1.0,0.16666666666667,0.5000027253316,0.50000848193951,0.5,0.5,1727073486473
125,0.44352957186145,1.28206114e-06,1.0,0.16666666666667,0.50000516321399,0.50000848193951,0.5,0.5,1727073486702
125,0.43687981165849,1.28206114e-06,1.0,0.16666666666667,0.50000231853858,0.50000848193951,0.5,0.5,1727073486709
125,0.42638241028301,1.28206114e-06,1.0,0.16666666666667,0.50001074277372,0.50000848193951,0.5,0.5,1727073486725
125,0.41972764453038,1.28206114e-06,1.0,0.16666666666667,0.50000376011205,0.50000848193951,0.5,0.5,1727073486740
125,0.40922356679756,1.28206114e-06,1.0,0.16666666666667,0.50000684299585,0.50000848193951,0.5,0.5,1727073486757
125,0.4054112147372,1.28206114e-06,1.0,0.16666666666667,0.49999649231401,0.50000848193951,0.5,0.5,1727073486773
125,0.39876317769347,1.28206114e-06,1.0,0.16666666666667,0.50000793006638,0.50000848193951,0.5,0.5,1727073486877
125,0.39211298465194,1.28206114e-06,1.0,0.16666666666667,0.50000454408863,0.50000848193951,0.5,0.5,1727073486933
125,0.38546562241255,1.28206114e-06,1.0,0.16666666666667,0.50000354322515,0.50000848193951,0.5,0.5,1727073486973
125,0.38165320679021,1.28206114e-06,1.0,0.16666666666667,0.50000615604355,0.50000848193951,0.5,0.5,1727073486990
125,0.3749963513203,1.28206114e-06,1.0,0.16666666666667,0.49999678138193,0.50000848193951,0.5,0.5,1727073487206
125,0.37119057826112,1.28206114e-06,1.0,0.16666666666667,0.50000529225802,0.50000848193951,0.5,0.5,1727073487293
125,0.36454144413006,1.28206114e-06,1.0,0.16666666666667,0.50000267579612,0.50000848193951,0.5,0.5,1727073487340
125,0.3578934002546,1.28206114e-06,1.0,0.16666666666667,0.50000099089906,0.50000848193951,0.5,0.5,1727073489222
125,0.35124432563183,1.28206114e-06,1.0,0.16666666666667,0.49999832356355,0.50000848193951,0.5,0.5,1727073489438
125,0.35124432563183,1.28206114e-06,1.0,0.16666666666667,0.49999832356355,0.50000848193951,0.5,0.5,1727073490933
125,0.35124432563183,1.28206114e-06,1.0,0.16666666666667,0.49999832356355,0.50000848193951,0.5,0.5,1727073491919
125,0.35124432563183,1.28206114e-06,1.0,0.17334204470541,0.49999832356355,0.50000848193951,0.5,0.50000466644097,1727073492021
125,0.35124432563183,1.28206114e-06,1.0,0.18002846006763,0.49999832356355,0.50000848193951,0.5,0.49999703947624,1727073492056
125,0.35124432563183,1.28206114e-06,1.0,0.18670136251555,0.49999832356355,0.50000848193951,0.5,0.49999200871332,1727073492073
125,0.35124432563183,1.28206114e-06,1.0,0.19337651431686,0.49999832356355,0.50000848193951,0.5,0.49998992647066,1727073492090
125,0.35124432563183,1.28206114e-06,1.0,0.20005716851512,0.49999832356355,0.50000848193951,0.5,0.49999464672091,1727073492106
125,0.35124432563183,1.28206114e-06,1.0,0.20299761325526,0.49999832356355,0.50000848193951,0.5,0.4999970951669,1727073492123
125,0.35124432563183,1.28206114e-06,1.0,0.20967424136629,0.49999832356355,0.50000848193951,0.5,0.49999678357867,1727073492141
125,0.35124432563183,1.28206114e-06,1.0,0.21635539693821,0.49999832356355,0.50000848193951,0.5,0.50000183334798,1727073492189
125,0.35124432563183,1.28206114e-06,1.0,0.22302181750821,0.49999832356355,0.50000848193951,0.5,0.49998956631877,1727073492240
125,0.35124432563183,1.28206114e-06,1.0,0.22970230815532,0.49999832356355,0.50000848193951,0.5,0.49999381190323,1727073492257
125,0.35124432563183,1.28206114e-06,1.0,0.23638341302769,0.49999832356355,0.50000848193951,0.5,0.49999863709504,1727073492318
125,0.35124432563183,1.28206114e-06,1.0,0.23930199486434,0.49999832356355,0.50000848193951,0.5,0.49999358030163,1727073492356
125,0.35124432563183,1.28206114e-06,1.0,0.24598470751368,0.49999832356355,0.50000848193951,0.5,0.50000010240929,1727073492373
125,0.35124432563183,1.28206114e-06,1.0,0.2526618815858,0.49999832356355,0.50000848193951,0.5,0.50000037634497,1727073492389
125,0.35124432563183,1.28206114e-06,1.0,0.26604299733793,0.49999832356355,0.50000848193951,0.5,0.49999662765313,1727073492406
125,0.35124432563183,1.28206114e-06,1.0,0.27272341434881,0.49999832356355,0.50000848193951,0.5,0.50000035589089,1727073492423
125,0.35124432563183,1.28206114e-06,1.0,0.27939539940866,0.49999832356355,0.50000848193951,0.5,0.49999520879368,1727073492574
125,0.35124432563183,1.28206114e-06,1.0,0.28607244708228,0.49999832356355,0.50000848193951,0.5,0.49999539661366,1727073492742
125,0.35124432563183,1.28206114e-06,1.0,0.29274055791478,0.49999832356355,0.50000848193951,0.5,0.49998650143254,1727073492757
125,0.35124432563183,1.28206114e-06,1.0,0.29942497860322,0.49999832356355,0.50000848193951,0.5,0.4999941892961,1727073492781
125,0.35124432563183,1.28206114e-06,1.0,0.30609838485161,0.49999832356355,0.50000848193951,0.5,0.50000602502639,1727073492861
125,0.35124432563183,1.28206114e-06,1.0,0.31277254084349,0.49999832356355,0.50000848193951,0.5,0.50000324276263,1727073492982
125,0.35124432563183,1.28206114e-06,1.0,0.3194396074266,0.49999832356355,0.50000848193951,0.5,0.49999366177351,1727073493086
125,0.35124432563183,1.28206114e-06,1.0,0.31279975114271,0.49999832356355,0.50000848193951,0.5,0.49999975621479,1727073494494
125,0.35124432563183,1.28206114e-06,1.0,0.30614626794453,0.49999832356355,0.50000848193951,0.5,0.49999248741653,1727073494566
125,0.35124432563183,1.28206114e-06,1.0,0.29950230471597,0.49999832356355,0.50000848193951,0.5,0.49999459449068,1727073494638
125,0.35124432563183,1.28206114e-06,1.0,0.29950230471597,0.49999832356355,0.50000848193951,0.5,0.49999459449068,1727073495581
126,0.66666666666667,0.0,0.66666666666667,0.0,0.5,0.5,0.5,0.5,1727073499127
126,0.66666666666667,0.0,0.66666666666667,0.0,0.5,0.5,0.5,0.5,1727073500054
126,0.66666666666667,0.0,0.65943970253803,0.0,0.5,0.5,0.49999097513375,0.5,1727073500182
126,0.66666666666667,0.0,0.65222065020206,0.0,0.5,0.5,0.4999851768933,0.5,1727073500246
126,0.66666666666667,0.0,0.64499202930063,0.0,0.5,0.5,0.49998739076522,0.5,1727073500289
126,0.66666666666667,0.0,0.64765177821332,0.0,0.5,0.5,0.49999149377331,0.5,1727073500306
126,0.66666666666667,0.0,0.63321142324821,0.0,0.5,0.5,0.49999302527873,0.5,1727073500322
126,0.66666666666667,0.0,0.62866875933101,0.0,0.5,0.5,0.49998966548023,0.5,1727073500423
126,0.66666666666667,0.0,0.63132827823268,0.0,0.5,0.5,0.4999952070686,0.5,1727073500439
126,0.66666666666667,0.0,0.62410784524645,0.0,0.5,0.5,0.49999754525983,0.5,1727073500456
126,0.66666666666667,0.0,0.61688258060689,0.0,0.5,0.5,0.49997961873808,0.5,1727073500510
126,0.66666666666667,0.0,0.61954002393364,0.0,0.5,0.5,0.49999779108996,0.5,1727073500525
126,0.66666666666667,0.0,0.61232039041425,0.0,0.5,0.5,0.49999531808046,0.5,1727073500539
126,0.66666666666667,0.0,0.61498076701057,0.0,0.5,0.5,0.49999574398916,0.5,1727073500556
126,0.66666666666667,0.0,0.60775408499733,0.0,0.5,0.5,0.49998628209062,0.5,1727073500572
126,0.66666666666667,0.0,0.60053222652412,0.0,0.5,0.5,0.49999740362011,0.5,1727073500605
126,0.66666666666667,0.0,0.60319268489407,0.0,0.5,0.5,0.49999732599055,0.5,1727073500622
126,0.66666666666667,0.0,0.59596488797105,0.0,0.5,0.5,0.4999946611241,0.5,1727073500672
126,0.66666666666667,0.0,0.59863210044405,0.0,0.5,0.5,0.50000344536101,0.5,1727073500693
126,0.66666666666667,0.0,0.5914044177509,0.0,0.5,0.5,0.50000010621432,0.5,1727073500706
126,0.66666666666667,0.0,0.5940648464652,0.0,0.5,0.5,0.50000020358667,0.5,1727073500726
126,0.66666666666667,0.0,0.58684640072847,0.0,0.5,0.5,0.49999022838823,0.5,1727073500798
126,0.66666666666667,0.0,0.57961744587246,0.0,0.5,0.5,0.49999477297326,0.5,1727073500839
126,0.66666666666667,0.0,0.58227679115696,0.0,0.5,0.5,0.50000171950051,0.5,1727073500974
126,0.66666666666667,0.0,0.57774436472448,0.0,0.5,0.5,0.49998519578005,0.5,1727073501022
126,0.66666666666667,0.0,0.57051483205964,0.0,0.5,0.5,0.49999344151474,0.5,1727073501045
126,0.66666666666667,0.0,0.56329401470001,0.0,0.5,0.5,0.4999984187903,0.5,1727073501102
126,0.66666666666667,0.0,0.56595654846487,0.0,0.5,0.5,0.49998498791562,0.5,1727073501117
126,0.66666666666667,0.0,0.56862398484526,0.0,0.5,0.5,0.499992690341,0.5,1727073501133
126,0.66666666666667,0.0,0.56139633778942,0.0,0.5,0.5,0.49998890149245,0.5,1727073501206
126,0.66666666666667,0.0,0.56405641179155,0.0,0.5,0.5,0.4999913254592,0.5,1727073501310
126,0.66666666666667,0.0,0.55683720990202,0.0,0.5,0.5,0.49998581749639,0.5,1727073501323
126,0.66666666666667,0.0,0.54960830544402,0.0,0.5,0.5,0.49999016200936,0.5,1727073503374
126,0.66666666666667,0.0,0.54238932383774,0.0,0.5,0.5,0.49998308432313,0.5,1727073503397
126,0.66666666666667,0.0,0.54504765005961,0.0,0.5,0.5,0.49999712081341,0.5,1727073503413
126,0.66666666666667,0.0,0.53782963375843,0.0,0.5,0.5,0.49998363662169,0.5,1727073503486
126,0.66666666666667,0.0,0.54048867443925,0.0,0.5,0.5,0.49999300965891,0.5,1727073503522
126,0.66666666666667,0.0,0.53326968487081,0.0,0.5,0.5,0.49998592912175,0.5,1727073503539
126,0.66666666666667,0.0,0.52873306125578,0.0,0.5,0.5,0.49999655481469,0.5,1727073503556
126,0.66666666666667,0.0,0.52150535211873,0.0,0.5,0.5,0.49999302847639,0.5,1727073503670
126,0.66666666666667,0.0,0.52417498772007,0.0,0.5,0.5,0.49998623954034,0.5,1727073503718
126,0.66666666666667,0.0,0.51694564580602,0.0,0.5,0.5,0.49999376600822,0.5,1727073504942
126,0.66666666666667,0.0,0.519615072082,0.0,0.5,0.5,0.49998836145163,0.5,1727073504955
126,0.66666666666667,0.0,0.51238690132949,0.0,0.5,0.5,0.49998789240444,0.5,1727073505110
126,0.66666666666667,0.0,0.50516691384781,0.0,0.5,0.5,0.49998743335862,0.5,1727073505122
126,0.66666666666667,0.0,0.50783438018462,0.0,0.5,0.5,0.49999553764041,0.5,1727073505172
126,0.66666666666667,0.0,0.50060807163014,0.0,0.5,0.5,0.49998211244055,0.5,1727073505189
126,0.66666666666667,0.0,0.50327454526151,0.0,0.5,0.5,0.49999719964067,0.5,1727073506462
126,0.66666666666667,0.0,0.49604690406067,0.0,0.5,0.5,0.49999308139013,0.5,1727073506486
126,0.66666666666667,0.0,0.4987170413277,0.0,0.5,0.5,0.49998254564672,0.5,1727073506493
126,0.66666666666667,0.0,0.49148959082934,0.0,0.5,0.5,0.49997690983963,0.5,1727073506702
126,0.66666666666667,0.0,0.49415501066893,0.0,0.5,0.5,0.49999963103753,0.5,1727073506709
126,0.66666666666667,0.0,0.48693694532678,0.0,0.5,0.5,0.49998558935885,0.5,1727073506725
126,0.66666666666667,0.0,0.48959955681101,0.0,0.5,0.5,0.49997026696281,0.5,1727073507390
126,0.66666666666667,0.0,0.49947843998178,0.0,0.5,0.5,0.49998184753417,0.5,1727073507413
126,0.66666666666667,0.0,0.50670585548928,0.0,0.5,0.5,0.49998761935522,0.5,1727073507455
126,0.66666666666667,0.0,0.50937448312918,0.0,0.5,0.5,0.4999876820323,0.5,1727073507472
126,0.66666666666667,0.0,0.51660241308855,0.0,0.5,0.5,0.49998980307477,0.5,1727073507489
126,0.66666666666667,0.0,0.52383848558591,0.0,0.5,0.5,0.49999217917666,0.5,1727073507542
126,0.66666666666667,0.0,0.52649832847611,0.0,0.5,0.5,0.49999627092919,0.5,1727073508054
126,0.66666666666667,0.0,0.51927770022258,0.0,0.5,0.5,0.50000026966772,0.5,1727073508061
126,0.66666666666667,0.0,0.51205082613364,0.0,0.5,0.5,0.49999098490769,0.5,1727073508158
126,0.66666666666667,0.0,0.50483260777628,0.0,0.5,0.5,0.49997825728682,0.5,1727073508342
126,0.66666666666667,0.0,0.50483260777628,0.0,0.5,0.5,0.49997825728682,0.5,1727073510654
126,0.66666666666667,0.0,0.50483260777628,0.0,0.5,0.5,0.49997825728682,0.5,1727073512183
126,0.66666666666667,0.0,0.50483260777628,0.00668928466296,0.5,0.5,0.49997825728682,0.49999350698776,1727073512254
126,0.66666666666667,0.0,0.50483260777628,0.01337761754106,0.5,0.5,0.49997825728682,0.49998535133513,1727073512305
126,0.66666666666667,0.0,0.50483260777628,0.02006538160507,0.5,0.5,0.49997825728682,0.49997643832673,1727073512322
126,0.66666666666667,0.0,0.50483260777628,0.040277959451,0.5,0.5,0.49997825728682,0.50000196839822,1727073512338
126,0.66666666666667,0.0,0.50483260777628,0.07089238742759,0.5,0.5,0.49997825728682,0.50000013699399,1727073512355
126,0.66666666666667,0.0,0.50483260777628,0.08806714870201,0.5,0.5,0.49997825728682,0.50000914930392,1727073512372
126,0.66666666666667,0.0,0.50483260777628,0.10823229515334,0.5,0.5,0.49997825728682,0.5000023484332,1727073512388
126,0.66666666666667,0.0,0.50483260777628,0.11492053195875,0.5,0.5,0.49997825728682,0.49999615501497,1727073512405
126,0.66666666666667,0.0,0.50483260777628,0.12159929355223,0.5,0.5,0.49997825728682,0.49999895186787,1727073512455
126,0.66666666666667,0.0,0.50483260777628,0.12827855291214,0.5,0.5,0.49997825728682,0.5000023754311,1727073512472
126,0.66666666666667,0.0,0.50483260777628,0.13496410740805,0.5,0.5,0.49997825728682,0.49999266252817,1727073512522
126,0.66666666666667,0.0,0.50483260777628,0.14164639598205,0.5,0.5,0.49997825728682,0.50000034085988,1727073512541
126,0.66666666666667,0.0,0.50483260777628,0.14164639598205,0.5,0.5,0.49997825728682,0.50000034085988,1727073514382
126,0.66666666666667,0.0,0.50483260777628,0.14164639598205,0.5,0.5,0.49997825728682,0.50000034085988,1727073516342
126,0.66666666666667,0.00669084638816,0.50483260777628,0.14164639598205,0.5,0.50001415322141,0.49997825728682,0.50000034085988,1727073516350
126,0.66666666666667,0.01338292876115,0.50483260777628,0.14164639598205,0.5,0.49998206130725,0.49997825728682,0.50000034085988,1727073516366
126,0.66666666666667,0.02390594987477,0.50483260777628,0.14164639598205,0.5,0.49998286281342,0.49997825728682,0.50000034085988,1727073516373
126,0.66666666666667,0.04107137456969,0.50483260777628,0.14164639598205,0.5,0.49999108261326,0.49997825728682,0.50000034085988,1727073516389
126,0.66666666666667,0.05159823259475,0.50483260777628,0.14164639598205,0.5,0.49998448196541,0.49997825728682,0.50000034085988,1727073516405
126,0.66666666666667,0.09939668741338,0.50483260777628,0.14164639598205,0.5,0.49998904306178,0.49997825728682,0.50000034085988,1727073516421
126,0.66666666666667,0.14424020871835,0.50483260777628,0.14164639598205,0.5,0.49999397085789,0.49997825728682,0.50000034085988,1727073516438
126,0.66666666666667,0.18157853651547,0.50483260777628,0.14164639598205,0.5,0.49999466332256,0.49997825728682,0.50000034085988,1727073516455
126,0.66666666666667,0.20926283333202,0.50483260777628,0.14164639598205,0.5,0.50000460179001,0.49997825728682,0.50000034085988,1727073516471
126,0.66666666666667,0.23983580195692,0.50483260777628,0.14164639598205,0.5,0.50000010746527,0.49997825728682,0.50000034085988,1727073516488
126,0.66666666666667,0.2437241983138,0.50483260777628,0.14164639598205,0.5,0.50000447431096,0.49997825728682,0.50000034085988,1727073516505
126,0.66666666666667,0.25040201376722,0.50483260777628,0.14164639598205,0.5,0.50000343140393,0.49997825728682,0.50000034085988,1727073516521
126,0.66666666666667,0.26091891080853,0.50483260777628,0.14164639598205,0.5,0.4999934280191,0.49997825728682,0.50000034085988,1727073516538
126,0.66666666666667,0.27809025434503,0.50483260777628,0.14164639598205,0.5,0.49999143598289,0.49997825728682,0.50000034085988,1727073516555
126,0.66666666666667,0.29526000377845,0.50483260777628,0.14164639598205,0.5,0.49999118122115,0.49997825728682,0.50000034085988,1727073516571
126,0.66666666666667,0.32293844540709,0.50483260777628,0.14164639598205,0.5,0.50000495031471,0.49997825728682,0.50000034085988,1727073516588
126,0.66666666666667,0.34011667886144,0.50483260777628,0.14164639598205,0.5,0.49999639526076,0.49997825728682,0.50000034085988,1727073516605
126,0.66666666666667,0.36114903591002,0.50483260777628,0.14164639598205,0.5,0.49999508691939,0.49997825728682,0.50000034085988,1727073516621
126,0.66666666666667,0.36782431394388,0.50483260777628,0.14164639598205,0.5,0.49999660798883,0.49997825728682,0.50000034085988,1727073516638
126,0.66666666666667,0.37834518404484,0.50483260777628,0.14164639598205,0.5,0.49999860111288,0.49997825728682,0.50000034085988,1727073516655
126,0.66666666666667,0.38501164677352,0.50483260777628,0.14164639598205,0.5,0.49999434046768,0.49997825728682,0.50000034085988,1727073516726
126,0.66666666666667,0.38889416058743,0.50483260777628,0.14164639598205,0.5,0.50000282640654,0.49997825728682,0.50000034085988,1727073516742
126,0.66666666666667,0.39556852144091,0.50483260777628,0.14164639598205,0.5,0.49999184661423,0.49997825728682,0.50000034085988,1727073516755
126,0.66666666666667,0.41660928407515,0.50483260777628,0.14164639598205,0.5,0.49999656283085,0.49997825728682,0.50000034085988,1727073516772
126,0.66666666666667,0.42711425887845,0.50483260777628,0.14164639598205,0.5,0.49999882883535,0.49997825728682,0.50000034085988,1727073516788
126,0.66666666666667,0.44428946647969,0.50483260777628,0.14164639598205,0.5,0.49999411167001,0.49997825728682,0.50000034085988,1727073516805
126,0.66666666666667,0.45480532923034,0.50483260777628,0.14164639598205,0.5,0.49999984274954,0.49997825728682,0.50000034085988,1727073516821
126,0.66666666666667,0.46147356188873,0.50483260777628,0.14164639598205,0.5,0.49999465682318,0.49997825728682,0.50000034085988,1727073516982
126,0.66666666666667,0.46535486111557,0.50483260777628,0.14164639598205,0.5,0.49999131309915,0.49997825728682,0.50000034085988,1727073516990
126,0.66666666666667,0.47202519145775,0.50483260777628,0.14164639598205,0.5,0.49999642745828,0.49997825728682,0.50000034085988,1727073517014
126,0.66666666666667,0.47869588234249,0.50483260777628,0.14164639598205,0.5,0.50000117541499,0.49997825728682,0.50000034085988,1727073517022
126,0.66666666666667,0.48257512477114,0.50483260777628,0.14164639598205,0.5,0.49999942366896,0.49997825728682,0.50000034085988,1727073517045
126,0.66666666666667,0.48924307756794,0.50483260777628,0.14164639598205,0.5,0.49999464505255,0.49997825728682,0.50000034085988,1727073517069
126,0.66666666666667,0.48259155546908,0.50483260777628,0.14164639598205,0.5,0.49999863642843,0.49997825728682,0.50000034085988,1727073518742
126,0.66666666666667,0.47594522511066,0.50483260777628,0.14164639598205,0.5,0.49999875799886,0.49997825728682,0.50000034085988,1727073518902
126,0.66666666666667,0.469288039367,0.50483260777628,0.14164639598205,0.5,0.49999541018414,0.49997825728682,0.50000034085988,1727073520438
126,0.66666666666667,0.46263858678494,0.50483260777628,0.14164639598205,0.5,0.49999791940136,0.49997825728682,0.50000034085988,1727073520488
126,0.66666666666667,0.46263858678494,0.50483260777628,0.14164639598205,0.5,0.49999791940136,0.49997825728682,0.50000034085988,1727073521966
127,1.0,0.83333333333333,0.33333333333333,0.66666666666667,0.5,0.5,0.5,0.5,1727073524863
127,1.0,0.83333333333333,0.32611382407597,0.66666666666667,0.5,0.5,0.49999342409181,0.5,1727073524959
127,1.0,0.83333333333333,0.31627593385715,0.66666666666667,0.5,0.5,0.49997791709122,0.5,1727073524971
127,1.0,0.83333333333333,0.30643464906882,0.66666666666667,0.5,0.5,0.49999387237323,0.5,1727073524988
127,1.0,0.83333333333333,0.2821156555549,0.66666666666667,0.5,0.5,0.49997819361091,0.5,1727073525004
127,1.0,0.83333333333333,0.23815700822649,0.66666666666667,0.5,0.5,0.49997536299921,0.5,1727073525021
127,1.0,0.83333333333333,0.18445487412669,0.66666666666667,0.5,0.5,0.49999751773378,0.5,1727073525038
127,1.0,0.83333333333333,0.15756489814216,0.66666666666667,0.5,0.5,0.49998476612651,0.5,1727073525054
127,1.0,0.83333333333333,0.12341224584149,0.66666666666667,0.5,0.5,0.49999365594825,0.5,1727073525071
127,1.0,0.83333333333333,0.09652086618143,0.66666666666667,0.5,0.5,0.49999961363685,0.5,1727073525088
127,1.0,0.83333333333333,0.06237830266856,0.66666666666667,0.5,0.5,0.49997990107296,0.5,1727073525104
127,1.0,0.83333333333333,0.02579373722778,0.66666666666667,0.5,0.5,0.50000402373381,0.5,1727073525121
127,1.0,0.83333333333333,0.00871202918412,0.66666666666667,0.5,0.5,0.49995483844428,0.5,1727073525138
127,1.0,0.83333333333333,0.0,0.66666666666667,0.5,0.5,0.5,0.5,1727073525154
127,1.0,0.83333333333333,0.0,0.66666666666667,0.5,0.5,0.5,0.5,1727073525171
127,1.0,0.83333333333333,0.0,0.66666666666667,0.5,0.5,0.5,0.5,1727073525188
127,1.0,0.83333333333333,0.0,0.66666666666667,0.5,0.5,0.5,0.5,1727073525205
127,1.0,0.83333333333333,0.0,0.66666666666667,0.5,0.5,0.5,0.5,1727073525221
127,1.0,0.83333333333333,0.0,0.66666666666667,0.5,0.5,0.5,0.5,1727073525238
127,1.0,0.83333333333333,0.0,0.66666666666667,0.5,0.5,0.5,0.5,1727073525254
127,1.0,0.83333333333333,0.0,0.66666666666667,0.5,0.5,0.5,0.5,1727073525271
127,1.0,0.83333333333333,0.0,0.66666666666667,0.5,0.5,0.5,0.5,1727073525288
127,1.0,0.83333333333333,0.0,0.66666666666667,0.5,0.5,0.5,0.5,1727073525304
127,1.0,0.83333333333333,0.0,0.66666666666667,0.5,0.5,0.5,0.5,1727073525321
127,1.0,0.83333333333333,0.0,0.66666666666667,0.5,0.5,0.5,0.5,1727073525338
127,1.0,0.83333333333333,0.0,0.66666666666667,0.5,0.5,0.5,0.5,1727073525354
127,1.0,0.83333333333333,0.0,0.66666666666667,0.5,0.5,0.5,0.5,1727073525371
127,1.0,0.83333333333333,0.0,0.66666666666667,0.5,0.5,0.5,0.5,1727073525388
127,1.0,0.83333333333333,0.0,0.66666666666667,0.5,0.5,0.5,0.5,1727073525404
127,1.0,0.83333333333333,0.0,0.66666666666667,0.5,0.5,0.5,0.5,1727073525421
127,1.0,0.83333333333333,0.0,0.66666666666667,0.5,0.5,0.5,0.5,1727073525438
127,1.0,0.83333333333333,0.0,0.66666666666667,0.5,0.5,0.5,0.5,1727073525454
127,1.0,0.83333333333333,0.0,0.66666666666667,0.5,0.5,0.5,0.5,1727073525471
127,1.0,0.83333333333333,0.0,0.66666666666667,0.5,0.5,0.5,0.5,1727073525488
127,1.0,0.83333333333333,0.0,0.66666666666667,0.5,0.5,0.5,0.5,1727073525502
127,1.0,0.83333333333333,0.0,0.66666666666667,0.5,0.5,0.5,0.5,1727073525502
127,1.0,0.83333333333333,0.0,0.66666666666667,0.5,0.5,0.5,0.5,1727073527103
127,1.0,0.83333333333333,0.0,0.66284446044872,0.5,0.5,0.5,0.49999897724174,1727073527174
127,1.0,0.83333333333333,0.0,0.64567096602677,0.5,0.5,0.5,0.49999633314278,1727073527188
127,1.0,0.83333333333333,0.0,0.61419575754829,0.5,0.5,0.5,0.49999729345104,1727073527204
127,1.0,0.83333333333333,0.0,0.57601818260484,0.5,0.5,0.5,0.50000186752733,1727073527221
127,1.0,0.83333333333333,0.0,0.54833809659844,0.5,0.5,0.5,0.49999974797396,1727073527238
127,1.0,0.83333333333333,0.0,0.50348862852313,0.5,0.5,0.5,0.49999730794355,1727073527254
127,1.0,0.83333333333333,0.0,0.49299530692127,0.5,0.5,0.5,0.49999651756529,1727073527271
127,1.0,0.83333333333333,0.0,0.48917732487031,0.5,0.5,0.5,0.49999456222795,1727073527288
127,1.0,0.83333333333333,0.0,0.48252319256951,0.5,0.5,0.5,0.50000008704055,1727073527338
127,1.0,0.83333333333333,0.0,0.47202406067812,0.5,0.5,0.5,0.49999487742188,1727073527355
127,1.0,0.83333333333333,0.0,0.47869041410669,0.5,0.5,0.5,0.49999856730796,1727073528158
127,1.0,0.83333333333333,0.0,0.48536441363265,0.5,0.5,0.5,0.49999638841717,1727073528238
127,1.0,0.83333333333333,0.0,0.49203372448081,0.5,0.5,0.5,0.49999076499199,1727073528302
127,1.0,0.83333333333333,0.0,0.49203372448081,0.5,0.5,0.5,0.49999076499199,1727073528806
127,1.0,0.83333333333333,0.0,0.49203372448081,0.5,0.5,0.5,0.49999076499199,1727073530431
127,1.0,0.82668089587311,0.0,0.49203372448081,0.5,0.4999979656777,0.5,0.49999076499199,1727073530574
127,1.0,0.82002769726913,0.0,0.49203372448081,0.5,0.50000158282077,0.5,0.49999076499199,1727073530621
127,1.0,0.80951823507123,0.0,0.49203372448081,0.5,0.50000251949872,0.5,0.49999076499199,1727073530637
127,1.0,0.78570619975216,0.0,0.49203372448081,0.5,0.49999260497151,0.5,0.49999076499199,1727073530654
127,1.0,0.76853681000848,0.0,0.49203372448081,0.5,0.49999256636606,0.5,0.49999076499199,1727073530671
127,1.0,0.75136715767764,0.0,0.49203372448081,0.5,0.49999267100843,0.5,0.49999076499199,1727073530687
127,1.0,0.73420130986536,0.0,0.49203372448081,0.5,0.49999926624107,0.5,0.49999076499199,1727073530704
127,1.0,0.72089828316781,0.0,0.49203372448081,0.5,0.49999660680324,0.5,0.49999076499199,1727073530721
127,1.0,0.69708797615502,0.0,0.49203372448081,0.5,0.49999356567749,0.5,0.49999076499199,1727073530737
127,1.0,0.67607978600736,0.0,0.49203372448081,0.5,0.49999829559456,0.5,0.49999076499199,1727073530754
127,1.0,0.65226839801744,0.0,0.49203372448081,0.5,0.49999580849047,0.5,0.49999076499199,1727073530771
127,1.0,0.61793028241368,0.0,0.49203372448081,0.5,0.49999542291612,0.5,0.49999076499199,1727073530788
127,1.0,0.59411569478854,0.0,0.49203372448081,0.5,0.49999477323787,0.5,0.49999076499199,1727073530804
127,1.0,0.55312751450818,0.0,0.49203372448081,0.5,0.49999695370083,0.5,0.49999076499199,1727073530821
127,1.0,0.5187942525785,0.0,0.49203372448081,0.5,0.50000412167945,0.5,0.49999076499199,1727073530837
127,1.0,0.4540466265177,0.0,0.49203372448081,0.5,0.49999962985772,0.5,0.49999076499199,1727073530854
127,1.0,0.43023528042777,0.0,0.49203372448081,0.5,0.49999634369081,0.5,0.49999076499199,1727073530871
127,1.0,0.39589735011634,0.0,0.49203372448081,0.5,0.49999569586339,0.5,0.49999076499199,1727073530887
127,1.0,0.38261852259891,0.0,0.49203372448081,0.5,0.49999726524046,0.5,0.49999076499199,1727073530904
127,1.0,0.3654484734003,0.0,0.49203372448081,0.5,0.49999792210638,0.5,0.49999076499199,1727073530921
127,1.0,0.35494976893642,0.0,0.49203372448081,0.5,0.50000371582962,0.5,0.49999076499199,1727073530937
127,1.0,0.34830502196214,0.0,0.49203372448081,0.5,0.49998828403694,0.5,0.49999076499199,1727073530954
127,1.0,0.33113085978093,0.0,0.49203372448081,0.5,0.4999926162846,0.5,0.49999076499199,1727073530971
127,1.0,0.30732539492255,0.0,0.49203372448081,0.5,0.49999770694248,0.5,0.49999076499199,1727073530987
127,1.0,0.28633854784984,0.0,0.49203372448081,0.5,0.49999991127634,0.5,0.49999076499199,1727073531004
127,1.0,0.26252603386687,0.0,0.49203372448081,0.5,0.49999681919184,0.5,0.49999076499199,1727073531021
127,1.0,0.25588386993907,0.0,0.49203372448081,0.5,0.49999242909819,0.5,0.49999076499199,1727073531037
127,1.0,0.22820742805401,0.0,0.49203372448081,0.5,0.49999143616353,0.5,0.49999076499199,1727073531054
127,1.0,0.2215634373814,0.0,0.49203372448081,0.5,0.49998878644403,0.5,0.49999076499199,1727073531071
127,1.0,0.21775927425556,0.0,0.49203372448081,0.5,0.49999360212899,0.5,0.49999076499199,1727073531087
127,1.0,0.21111485998333,0.0,0.49203372448081,0.5,0.49999143003881,0.5,0.49999076499199,1727073531167
127,1.0,0.20447046229623,0.0,0.49203372448081,0.5,0.49998917432002,0.5,0.49999076499199,1727073531182
127,1.0,0.19781804575957,0.0,0.49203372448081,0.5,0.49999672374925,0.5,0.49999076499199,1727073531190
127,1.0,0.18732508476716,0.0,0.49203372448081,0.5,0.49999746874422,0.5,0.49999076499199,1727073531214
127,1.0,0.18068177794811,0.0,0.49203372448081,0.5,0.49999378514285,0.5,0.49999076499199,1727073532926
127,1.0,0.17689152893193,0.0,0.49203372448081,0.5,0.50000100576648,0.5,0.49999076499199,1727073532971
127,1.0,0.17024722980958,0.0,0.49203372448081,0.5,0.49999858842749,0.5,0.49999076499199,1727073532987
127,1.0,0.17024722980958,0.0,0.49203372448081,0.5,0.49999858842749,0.5,0.49999076499199,1727073533462
127,1.0,0.17024722980958,0.0,0.49203372448081,0.5,0.49999858842749,0.5,0.49999076499199,1727073534168
127,0.99334452261575,0.17024722980958,0.0,0.49203372448081,0.50000268762544,0.49999858842749,0.5,0.49999076499199,1727073534262
127,0.98952050986363,0.17024722980958,0.0,0.49203372448081,0.4999988581919,0.49999858842749,0.5,0.49999076499199,1727073534278
127,0.9790149843868,0.17024722980958,0.0,0.49203372448081,0.49999982045981,0.49999858842749,0.5,0.49999076499199,1727073534287
127,0.96851525428002,0.17024722980958,0.0,0.49203372448081,0.50000342148325,0.49999858842749,0.5,0.49999076499199,1727073534304
127,0.94371715716225,0.17024722980958,0.0,0.49203372448081,0.50000437142159,0.49999858842749,0.5,0.49999076499199,1727073534321
127,0.92939740802075,0.17024722980958,0.0,0.49203372448081,0.5000059801193,0.49999858842749,0.5,0.49999076499199,1727073534337
127,0.92557224914323,0.17024722980958,0.0,0.49203372448081,0.50000141557961,0.49999858842749,0.5,0.49999076499199,1727073534354
127,0.90839998652562,0.17024722980958,0.0,0.49203372448081,0.49999999358702,0.49999858842749,0.5,0.49999076499199,1727073534370
127,0.90456781918836,0.17024722980958,0.0,0.49203372448081,0.49999932594214,0.49999858842749,0.5,0.49999076499199,1727073534387
127,0.89026455699039,0.17024722980958,0.0,0.49203372448081,0.50000145948715,0.49999858842749,0.5,0.49999076499199,1727073534404
127,0.8797552808413,0.17024722980958,0.0,0.49203372448081,0.50000070013788,0.49999858842749,0.5,0.49999076499199,1727073534421
127,0.86924478345525,0.17024722980958,0.0,0.49203372448081,0.4999993249589,0.49999858842749,0.5,0.49999076499199,1727073534437
127,0.84824762765912,0.17024722980958,0.0,0.49203372448081,0.50000073986543,0.49999858842749,0.5,0.49999076499199,1727073534454
127,0.82725259554233,0.17024722980958,0.0,0.49203372448081,0.50000329680307,0.49999858842749,0.5,0.49999076499199,1727073534470
127,0.81293566534735,0.17024722980958,0.0,0.49203372448081,0.49999854965667,0.49999858842749,0.5,0.49999076499199,1727073534487
127,0.78911955776399,0.17024722980958,0.0,0.49203372448081,0.50000629548009,0.49999858842749,0.5,0.49999076499199,1727073534504
127,0.76432644462643,0.17024722980958,0.0,0.49203372448081,0.50000183048681,0.49999858842749,0.5,0.49999076499199,1727073534520
127,0.72999117859629,0.17024722980958,0.0,0.49203372448081,0.50000369236405,0.49999858842749,0.5,0.49999076499199,1727073534537
127,0.70898812013607,0.17024722980958,0.0,0.49203372448081,0.50000201490457,0.49999858842749,0.5,0.49999076499199,1727073534554
127,0.69569213435368,0.17024722980958,0.0,0.49203372448081,0.49999989894529,0.49999858842749,0.5,0.49999076499199,1727073534570
127,0.69187818955587,0.17024722980958,0.0,0.49203372448081,0.50000074133396,0.49999858842749,0.5,0.49999076499199,1727073534587
127,0.68521943444682,0.17024722980958,0.0,0.49203372448081,0.50000238744769,0.49999858842749,0.5,0.49999076499199,1727073534614
127,0.68140220316818,0.17024722980958,0.0,0.49203372448081,0.50000130413028,0.49999858842749,0.5,0.49999076499199,1727073534622
127,0.67089504071592,0.17024722980958,0.0,0.49203372448081,0.50000163622791,0.49999858842749,0.5,0.49999076499199,1727073534637
127,0.64708180843222,0.17024722980958,0.0,0.49203372448081,0.50000300244092,0.49999858842749,0.5,0.49999076499199,1727073534654
127,0.62608347131414,0.17024722980958,0.0,0.49203372448081,0.50000412087208,0.49999858842749,0.5,0.49999076499199,1727073534670
127,0.59459864830073,0.17024722980958,0.0,0.49203372448081,0.49999911765066,0.49999858842749,0.5,0.49999076499199,1727073534687
127,0.58409610083225,0.17024722980958,0.0,0.49203372448081,0.50000250722433,0.49999858842749,0.5,0.49999076499199,1727073534704
127,0.57744711908767,0.17024722980958,0.0,0.49203372448081,0.50000064314134,0.49999858842749,0.5,0.49999076499199,1727073534721
127,0.57079339757345,0.17024722980958,0.0,0.49203372448081,0.50000589900676,0.49999858842749,0.5,0.49999076499199,1727073534737
127,0.57746546246382,0.17024722980958,0.0,0.49203372448081,0.50000261450687,0.49999858842749,0.5,0.49999076499199,1727073535710
127,0.58413080558228,0.17024722980958,0.0,0.49203372448081,0.50000510834332,0.49999858842749,0.5,0.49999076499199,1727073535734
127,0.59464492884198,0.17024722980958,0.0,0.49203372448081,0.49999920039726,0.49999858842749,0.5,0.49999076499199,1727073535742
127,0.60130869479013,0.17024722980958,0.0,0.49203372448081,0.50000064923269,0.49999858842749,0.5,0.49999076499199,1727073535754
127,0.60798566735816,0.17024722980958,0.0,0.49203372448081,0.5000006759825,0.49999858842749,0.5,0.49999076499199,1727073535771
127,0.61465436584215,0.17024722980958,0.0,0.49203372448081,0.50000523620034,0.49999858842749,0.5,0.49999076499199,1727073535787
127,0.61852334864506,0.17024722980958,0.0,0.49203372448081,0.50000017248605,0.49999858842749,0.5,0.49999076499199,1727073535804
127,0.63188557342456,0.17024722980958,0.0,0.49203372448081,0.5000054079338,0.49999858842749,0.5,0.49999076499199,1727073535821
127,0.63855525064909,0.17024722980958,0.0,0.49203372448081,0.50000087145807,0.49999858842749,0.5,0.49999076499199,1727073535838
127,0.64242750145327,0.17024722980958,0.0,0.49203372448081,0.50000748559153,0.49999858842749,0.5,0.49999076499199,1727073535918
127,0.64909685254454,0.17024722980958,0.0,0.49203372448081,0.50000278691471,0.49999858842749,0.5,0.49999076499199,1727073535934
127,0.65576682217518,0.17024722980958,0.0,0.49203372448081,0.49999853391836,0.49999858842749,0.5,0.49999076499199,1727073536166
127,0.66243783222972,0.17024722980958,0.0,0.49203372448081,0.50000426772133,0.49999858842749,0.5,0.49999076499199,1727073536174
127,0.66630330388001,0.17024722980958,0.0,0.49203372448081,0.49999735953267,0.49999858842749,0.5,0.49999076499199,1727073536187
127,0.66630330388001,0.17024722980958,0.0,0.49203372448081,0.49999735953267,0.49999858842749,0.5,0.49999076499199,1727073536670
127,0.66630330388001,0.17024722980958,0.0,0.49203372448081,0.49999735953267,0.49999858842749,0.5,0.49999076499199,1727073537911
127,0.65964983093724,0.17024722980958,0.0,0.49203372448081,0.50000222864351,0.49999858842749,0.5,0.49999076499199,1727073538102
127,0.65299991530905,0.17024722980958,0.0,0.49203372448081,0.49999994829172,0.49999858842749,0.5,0.49999076499199,1727073538174
127,0.64634442156454,0.17024722980958,0.0,0.49203372448081,0.50000366592447,0.49999858842749,0.5,0.49999076499199,1727073538350
127,0.64634442156454,0.17024722980958,0.0,0.49203372448081,0.50000366592447,0.49999858842749,0.5,0.49999076499199,1727073538534
127,0.64634442156454,0.17024722980958,0.0,0.49203372448081,0.50000366592447,0.49999858842749,0.5,0.49999076499199,1727073539039
127,0.6530162920459,0.17024722980958,0.0,0.49203372448081,0.50000055402388,0.49999858842749,0.5,0.49999076499199,1727073539423
127,0.6530162920459,0.17024722980958,0.0,0.49203372448081,0.50000055402388,0.49999858842749,0.5,0.49999076499199,1727073539774
128,1.0,0.33333333333333,1.0,0.83333333333333,0.5,0.5,0.5,0.5,1727073544959
128,1.0,0.33333333333333,1.0,0.83333333333333,0.5,0.5,0.5,0.5,1727073544998
128,1.0,0.33333333333333,1.0,0.83333333333333,0.5,0.5,0.5,0.5,1727073545006
128,1.0,0.33333333333333,0.99277202736911,0.83333333333333,0.5,0.5,0.49999718493331,0.5,1727073545020
128,1.0,0.33333333333333,0.97381396968708,0.83333333333333,0.5,0.5,0.49999423159387,0.5,1727073545037
128,1.0,0.33333333333333,0.94765958244871,0.83333333333333,0.5,0.5,0.49999485913085,0.5,1727073545053
128,1.0,0.33333333333333,0.90715484907058,0.83333333333333,0.5,0.5,0.49999690187883,0.5,1727073545070
128,1.0,0.33333333333333,0.87383061783428,0.83333333333333,0.5,0.5,0.49999258445793,0.5,1727073545087
128,1.0,0.33333333333333,0.8548811648433,0.83333333333333,0.5,0.5,0.49998724586303,0.5,1727073545103
128,1.0,0.33333333333333,0.82435276806692,0.83333333333333,0.5,0.5,0.50000088457027,0.5,1727073545120
128,1.0,0.33333333333333,0.79667765672733,0.83333333333333,0.5,0.5,0.4999924018177,0.5,1727073545137
128,1.0,0.33333333333333,0.75620367937072,0.83333333333333,0.5,0.5,0.50000501916042,0.5,1727073545153
128,1.0,0.33333333333333,0.74002966108718,0.83333333333333,0.5,0.5,0.49999723649021,0.5,1727073545170
128,1.0,0.33333333333333,0.72109409720919,0.83333333333333,0.5,0.5,0.50000466920497,0.5,1727073545187
128,1.0,0.33333333333333,0.70216332869668,0.83333333333333,0.5,0.5,0.49998597072867,0.5,1727073545203
128,1.0,0.33333333333333,0.69042146927848,0.83333333333333,0.5,0.5,0.50000342730777,0.5,1727073545220
128,1.0,0.33333333333333,0.68587032581455,0.83333333333333,0.5,0.5,0.50000196931326,0.5,1727073545237
128,1.0,0.33333333333333,0.67865189680414,0.83333333333333,0.5,0.5,0.49999289943726,0.5,1727073545253
128,1.0,0.33333333333333,0.64979703597825,0.83333333333333,0.5,0.5,0.49998842184456,0.5,1727073545270
128,1.0,0.33333333333333,0.64525287555286,0.83333333333333,0.5,0.5,0.49999387219522,0.5,1727073545287
128,1.0,0.33333333333333,0.63351385814805,0.83333333333333,0.5,0.5,0.49999567926091,0.5,1727073545303
128,1.0,0.33333333333333,0.61907393797953,0.83333333333333,0.5,0.5,0.49999468003667,0.5,1727073545320
128,1.0,0.33333333333333,0.61453091772993,0.83333333333333,0.5,0.5,0.49999343672554,0.5,1727073545337
128,1.0,0.33333333333333,0.60008924109609,0.83333333333333,0.5,0.5,0.5000032190781,0.5,1727073545353
128,1.0,0.33333333333333,0.60276006801024,0.83333333333333,0.5,0.5,0.49998969332342,0.5,1727073545370
128,1.0,0.33333333333333,0.58832046013642,0.83333333333333,0.5,0.5,0.49998659963973,0.5,1727073545387
128,1.0,0.33333333333333,0.58108903364445,0.83333333333333,0.5,0.5,0.50000670983881,0.5,1727073545406
128,1.0,0.33333333333333,0.57387068245257,0.83333333333333,0.5,0.5,0.4999960322842,0.5,1727073545453
128,1.0,0.33333333333333,0.566642240569,0.83333333333333,0.5,0.5,0.49999740441879,0.5,1727073545470
128,1.0,0.33333333333333,0.55942320769985,0.83333333333333,0.5,0.5,0.49999087251841,0.5,1727073545487
128,1.0,0.33333333333333,0.55219628347951,0.83333333333333,0.5,0.5,0.49998229577763,0.5,1727073545503
128,1.0,0.33333333333333,0.54497366113205,0.83333333333333,0.5,0.5,0.49999920026582,0.5,1727073545520
128,1.0,0.33333333333333,0.53324466414593,0.83333333333333,0.5,0.5,0.49998902895542,0.5,1727073545537
128,1.0,0.33333333333333,0.52602397948585,0.83333333333333,0.5,0.5,0.49999330690923,0.5,1727073545553
128,1.0,0.33333333333333,0.52148834496352,0.83333333333333,0.5,0.5,0.4999973485486,0.5,1727073545574
128,1.0,0.33333333333333,0.5142614218041,0.83333333333333,0.5,0.5,0.49998839996508,0.5,1727073545590
128,1.0,0.33333333333333,0.5169307406805,0.83333333333333,0.5,0.5,0.49998373001398,0.5,1727073545603
128,1.0,0.33333333333333,0.50249164348336,0.83333333333333,0.5,0.5,0.49997660812482,0.5,1727073545620
128,1.0,0.33333333333333,0.49526197634896,0.83333333333333,0.5,0.5,0.49998654981994,0.5,1727073545637
128,1.0,0.33333333333333,0.48804183956605,0.83333333333333,0.5,0.5,0.49998712846183,0.5,1727073545653
128,1.0,0.33333333333333,0.47631931739996,0.83333333333333,0.5,0.5,0.49998832732975,0.5,1727073545670
128,1.0,0.33333333333333,0.46909937108478,0.83333333333333,0.5,0.5,0.49998754923896,0.5,1727073545687
128,1.0,0.33333333333333,0.46187924895706,0.83333333333333,0.5,0.5,0.49998805126196,0.5,1727073545703
128,1.0,0.33333333333333,0.46910696301116,0.83333333333333,0.5,0.5,0.49999188411284,0.5,1727073546230
128,1.0,0.33333333333333,0.47897745784799,0.83333333333333,0.5,0.5,0.50000495424952,0.5,1727073546238
128,1.0,0.33333333333333,0.48621662969042,0.83333333333333,0.5,0.5,0.49998521279891,0.5,1727073546253
128,1.0,0.33333333333333,0.51053509976228,0.83333333333333,0.5,0.5,0.50000007102851,0.5,1727073546270
128,1.0,0.33333333333333,0.52762036023007,0.83333333333333,0.5,0.5,0.49999255082103,0.5,1727073546286
128,1.0,0.33333333333333,0.54471397710301,0.83333333333333,0.5,0.5,0.49998422896499,0.5,1727073546303
128,1.0,0.33333333333333,0.55458498536486,0.83333333333333,0.5,0.5,0.49999281627256,0.5,1727073546320
128,1.0,0.33333333333333,0.55724391422912,0.83333333333333,0.5,0.5,0.50000269148216,0.5,1727073546662
128,1.0,0.33333333333333,0.55271154216973,0.83333333333333,0.5,0.5,0.4999853025065,0.5,1727073546686
128,1.0,0.33333333333333,0.54098849446291,0.83333333333333,0.5,0.5,0.49998986258121,0.5,1727073546703
128,1.0,0.33333333333333,0.54364849903001,0.83333333333333,0.5,0.5,0.4999928047316,0.5,1727073546720
128,1.0,0.33333333333333,0.53911277100877,0.83333333333333,0.5,0.5,0.49999737494171,0.5,1727073546737
128,1.0,0.33333333333333,0.53188622928148,0.83333333333333,0.5,0.5,0.49998606854355,0.5,1727073546753
128,1.0,0.33333333333333,0.5345534998639,0.83333333333333,0.5,0.5,0.49999521068714,0.5,1727073546782
128,1.0,0.33333333333333,0.52732523754625,0.83333333333333,0.5,0.5,0.49999543243983,0.5,1727073546820
128,1.0,0.33333333333333,0.52999434295964,0.83333333333333,0.5,0.5,0.49999225261107,0.5,1727073546837
128,1.0,0.33333333333333,0.53265420904665,0.83333333333333,0.5,0.5,0.49999615640947,0.5,1727073547070
128,1.0,0.33333333333333,0.52543607843231,0.83333333333333,0.5,0.5,0.49998322127368,0.5,1727073547087
128,1.0,0.33333333333333,0.5280951551031,0.83333333333333,0.5,0.5,0.49999250231482,0.5,1727073547110
128,1.0,0.33333333333333,0.52087528573776,0.83333333333333,0.5,0.5,0.49999129179785,0.5,1727073549927
128,1.0,0.33333333333333,0.51364919854268,0.83333333333333,0.5,0.5,0.49997653478251,0.5,1727073549936
128,1.0,0.33333333333333,0.51631463969726,0.83333333333333,0.5,0.5,0.49999845427794,0.5,1727073549953
128,1.0,0.33333333333333,0.51178099945921,0.83333333333333,0.5,0.5,0.4999888411697,0.5,1727073549970
128,1.0,0.33333333333333,0.51178099945921,0.83333333333333,0.5,0.5,0.4999888411697,0.5,1727073550558
128,1.0,0.33333333333333,0.51178099945921,0.83333333333333,0.5,0.5,0.4999888411697,0.5,1727073553447
128,0.9894925184406,0.33333333333333,0.51178099945921,0.83333333333333,0.50000009374128,0.5,0.4999888411697,0.5,1727073553510
128,0.9789967395167,0.33333333333333,0.51178099945921,0.83333333333333,0.50000543888616,0.5,0.4999888411697,0.5,1727073553519
128,0.95798721911192,0.33333333333333,0.51178099945921,0.83333333333333,0.50000118834829,0.5,0.4999888411697,0.5,1727073553536
128,0.93416803619061,0.33333333333333,0.51178099945921,0.83333333333333,0.49999944382402,0.5,0.4999888411697,0.5,1727073553553
128,0.90649752431002,0.33333333333333,0.51178099945921,0.83333333333333,0.50000248687943,0.5,0.4999888411697,0.5,1727073553569
128,0.88549310404678,0.33333333333333,0.51178099945921,0.83333333333333,0.50000038666297,0.5,0.4999888411697,0.5,1727073553586
128,0.85781794221102,0.33333333333333,0.51178099945921,0.83333333333333,0.50000127284077,0.5,0.4999888411697,0.5,1727073553603
128,0.84350224596116,0.33333333333333,0.51178099945921,0.83333333333333,0.50000501073178,0.5,0.4999888411697,0.5,1727073553619
128,0.8158297809419,0.33333333333333,0.51178099945921,0.83333333333333,0.4999994887811,0.5,0.4999888411697,0.5,1727073553636
128,0.79482876002082,0.33333333333333,0.51178099945921,0.83333333333333,0.49999893979197,0.5,0.4999888411697,0.5,1727073553653
128,0.76715237928465,0.33333333333333,0.51178099945921,0.83333333333333,0.49999920491008,0.5,0.4999888411697,0.5,1727073553669
128,0.71179759304425,0.33333333333333,0.51178099945921,0.83333333333333,0.49999862026603,0.5,0.4999888411697,0.5,1727073553686
128,0.68412544176569,0.33333333333333,0.51178099945921,0.83333333333333,0.50000139574997,0.5,0.4999888411697,0.5,1727073553703
128,0.64595557443786,0.33333333333333,0.51178099945921,0.83333333333333,0.5000010635043,0.5,0.4999888411697,0.5,1727073553719
128,0.62495637381453,0.33333333333333,0.51178099945921,0.83333333333333,0.50000159273274,0.5,0.4999888411697,0.5,1727073553736
128,0.60395576637991,0.33333333333333,0.51178099945921,0.83333333333333,0.50000123973134,0.5,0.4999888411697,0.5,1727073553753
128,0.58965769905541,0.33333333333333,0.51178099945921,0.83333333333333,0.49999747899985,0.5,0.4999888411697,0.5,1727073553769
128,0.58583897278296,0.33333333333333,0.51178099945921,0.83333333333333,0.50000541114747,0.5,0.4999888411697,0.5,1727073553786
128,0.56484035528397,0.33333333333333,0.51178099945921,0.83333333333333,0.50000648600398,0.5,0.4999888411697,0.5,1727073553803
128,0.54384127739767,0.33333333333333,0.51178099945921,0.83333333333333,0.49999661326544,0.5,0.4999888411697,0.5,1727073553820
128,0.51617110326569,0.33333333333333,0.51178099945921,0.83333333333333,0.50000134742875,0.5,0.4999888411697,0.5,1727073553836
128,0.50566724596549,0.33333333333333,0.51178099945921,0.83333333333333,0.50000416414483,0.5,0.4999888411697,0.5,1727073553853
128,0.48849546413431,0.33333333333333,0.51178099945921,0.83333333333333,0.50000235646189,0.5,0.4999888411697,0.5,1727073553869
128,0.46751093581851,0.33333333333333,0.51178099945921,0.83333333333333,0.50000249228241,0.5,0.4999888411697,0.5,1727073553886
128,0.46085102494759,0.33333333333333,0.51178099945921,0.83333333333333,0.50000377797295,0.5,0.4999888411697,0.5,1727073553903
128,0.45034805614177,0.33333333333333,0.51178099945921,0.83333333333333,0.49999544197299,0.5,0.4999888411697,0.5,1727073553919
128,0.43318610871114,0.33333333333333,0.51178099945921,0.83333333333333,0.50000120510911,0.5,0.4999888411697,0.5,1727073553936
128,0.42653015300425,0.33333333333333,0.51178099945921,0.83333333333333,0.50000576654443,0.5,0.4999888411697,0.5,1727073553953
128,0.41602749988674,0.33333333333333,0.51178099945921,0.83333333333333,0.4999972936774,0.5,0.4999888411697,0.5,1727073553970
128,0.40937992003397,0.33333333333333,0.51178099945921,0.83333333333333,0.50000893761616,0.5,0.4999888411697,0.5,1727073553986
128,0.39887732016803,0.33333333333333,0.51178099945921,0.83333333333333,0.50000033739472,0.5,0.4999888411697,0.5,1727073554003
128,0.38837201154191,0.33333333333333,0.51178099945921,0.83333333333333,0.50000240160788,0.5,0.4999888411697,0.5,1727073554020
128,0.37120613482545,0.33333333333333,0.51178099945921,0.83333333333333,0.50000544473214,0.5,0.4999888411697,0.5,1727073554036
128,0.3540348702615,0.33333333333333,0.51178099945921,0.83333333333333,0.50000374318487,0.5,0.4999888411697,0.5,1727073554053
128,0.34739156391962,0.33333333333333,0.51178099945921,0.83333333333333,0.50000641274659,0.5,0.4999888411697,0.5,1727073554069
128,0.33021929058027,0.33333333333333,0.51178099945921,0.83333333333333,0.50000371147421,0.5,0.4999888411697,0.5,1727073554086
128,0.31972374510473,0.33333333333333,0.51178099945921,0.83333333333333,0.50000064660781,0.5,0.4999888411697,0.5,1727073554103
128,0.30921748297025,0.33333333333333,0.51178099945921,0.83333333333333,0.50000206875321,0.5,0.4999888411697,0.5,1727073554119
128,0.29871849735774,0.33333333333333,0.51178099945921,0.83333333333333,0.50001085641691,0.5,0.4999888411697,0.5,1727073554136
128,0.28154786020861,0.33333333333333,0.51178099945921,0.83333333333333,0.50000974840377,0.5,0.4999888411697,0.5,1727073554153
128,0.26438260138693,0.33333333333333,0.51178099945921,0.83333333333333,0.49999784134261,0.5,0.4999888411697,0.5,1727073554169
128,0.25387855060541,0.33333333333333,0.51178099945921,0.83333333333333,0.50000178079228,0.5,0.4999888411697,0.5,1727073554186
128,0.24338345305368,0.33333333333333,0.51178099945921,0.83333333333333,0.49999870115853,0.5,0.4999888411697,0.5,1727073554203
128,0.23287873770529,0.33333333333333,0.51178099945921,0.83333333333333,0.50000207185857,0.5,0.4999888411697,0.5,1727073554219
128,0.2223852679794,0.33333333333333,0.51178099945921,0.83333333333333,0.50000076165438,0.5,0.4999888411697,0.5,1727073554236
128,0.21573820995526,0.33333333333333,0.51178099945921,0.83333333333333,0.49999970218222,0.5,0.4999888411697,0.5,1727073554351
128,0.2119405221828,0.33333333333333,0.51178099945921,0.83333333333333,0.50000245938997,0.5,0.4999888411697,0.5,1727073554358
128,0.20529483692994,0.33333333333333,0.51178099945921,0.83333333333333,0.50000306271968,0.5,0.4999888411697,0.5,1727073554374
128,0.20149498952214,0.33333333333333,0.51178099945921,0.83333333333333,0.50000327482879,0.5,0.4999888411697,0.5,1727073554386
128,0.19769796750158,0.33333333333333,0.51178099945921,0.83333333333333,0.50000696989944,0.5,0.4999888411697,0.5,1727073554403
128,0.19105387707361,0.33333333333333,0.51178099945921,0.83333333333333,0.5000096542083,0.5,0.4999888411697,0.5,1727073556399
128,0.18440867533122,0.33333333333333,0.51178099945921,0.83333333333333,0.50001101024257,0.5,0.4999888411697,0.5,1727073556503
128,0.17776234647588,0.33333333333333,0.51178099945921,0.83333333333333,0.50001095575082,0.5,0.4999888411697,0.5,1727073556751
128,0.17397414674838,0.33333333333333,0.51178099945921,0.83333333333333,0.50000639264478,0.5,0.4999888411697,0.5,1727073556758
128,0.16732959185152,0.33333333333333,0.51178099945921,0.83333333333333,0.5000086067679,0.5,0.4999888411697,0.5,1727073557214
128,0.16068157605252,0.33333333333333,0.51178099945921,0.83333333333333,0.50000624648203,0.5,0.4999888411697,0.5,1727073557399
128,0.16068157605252,0.33333333333333,0.51178099945921,0.83333333333333,0.50000624648203,0.5,0.4999888411697,0.5,1727073558014
128,0.16068157605252,0.33333333333333,0.51178099945921,0.83333333333333,0.50000624648203,0.5,0.4999888411697,0.5,1727073559279
128,0.16068157605252,0.34001111374075,0.51178099945921,0.83333333333333,0.50000624648203,0.49998961492913,0.4999888411697,0.5,1727073559367
128,0.16068157605252,0.34668342180932,0.51178099945921,0.83333333333333,0.50000624648203,0.49999399525385,0.4999888411697,0.5,1727073559382
128,0.16068157605252,0.35056706099457,0.51178099945921,0.83333333333333,0.50000624648203,0.50000199188444,0.4999888411697,0.5,1727073559390
128,0.16068157605252,0.36107827757762,0.51178099945921,0.83333333333333,0.50000624648203,0.49999877793873,0.4999888411697,0.5,1727073559406
128,0.16068157605252,0.36774856807579,0.51178099945921,0.83333333333333,0.50000624648203,0.50000471059137,0.4999888411697,0.5,1727073559419
128,0.16068157605252,0.37826355502673,0.51178099945921,0.83333333333333,0.50000624648203,0.49999823037628,0.4999888411697,0.5,1727073559436
128,0.16068157605252,0.38878339573182,0.51178099945921,0.83333333333333,0.50000624648203,0.50000105267299,0.4999888411697,0.5,1727073559452
128,0.16068157605252,0.40595418749353,0.51178099945921,0.83333333333333,0.50000624648203,0.49999971310426,0.4999888411697,0.5,1727073559469
128,0.16068157605252,0.41646647307469,0.51178099945921,0.83333333333333,0.50000624648203,0.499995917887,0.4999888411697,0.5,1727073559486
128,0.16068157605252,0.44414547415916,0.51178099945921,0.83333333333333,0.50000624648203,0.49999443019649,0.4999888411697,0.5,1727073559502
128,0.16068157605252,0.45082012103863,0.51178099945921,0.83333333333333,0.50000624648203,0.49999627390254,0.4999888411697,0.5,1727073559519
128,0.16068157605252,0.46798412272313,0.51178099945921,0.83333333333333,0.50000624648203,0.50000037830712,0.4999888411697,0.5,1727073559536
128,0.16068157605252,0.48135362013164,0.51178099945921,0.83333333333333,0.50000624648203,0.50000017038614,0.4999888411697,0.5,1727073559553
128,0.16068157605252,0.49186563837491,0.51178099945921,0.83333333333333,0.50000624648203,0.49999695308892,0.4999888411697,0.5,1727073559569
128,0.16068157605252,0.49574101517284,0.51178099945921,0.83333333333333,0.50000624648203,0.49999811209032,0.4999888411697,0.5,1727073559586
128,0.16068157605252,0.50241887551178,0.51178099945921,0.83333333333333,0.50000624648203,0.49999744207565,0.4999888411697,0.5,1727073559603
128,0.16068157605252,0.51292063404023,0.51178099945921,0.83333333333333,0.50000624648203,0.50000176536391,0.4999888411697,0.5,1727073559619
128,0.16068157605252,0.51959642382753,0.51178099945921,0.83333333333333,0.50000624648203,0.50000256192556,0.4999888411697,0.5,1727073559636
128,0.16068157605252,0.53676963255538,0.51178099945921,0.83333333333333,0.50000624648203,0.49999971844833,0.4999888411697,0.5,1727073559652
128,0.16068157605252,0.54727967442385,0.51178099945921,0.83333333333333,0.50000624648203,0.49999809741014,0.4999888411697,0.5,1727073559669
128,0.16068157605252,0.55395183805651,0.51178099945921,0.83333333333333,0.50000624648203,0.50000137710056,0.4999888411697,0.5,1727073559686
128,0.16068157605252,0.55781841911562,0.51178099945921,0.83333333333333,0.50000624648203,0.49999792898176,0.4999888411697,0.5,1727073559702
128,0.16068157605252,0.55117136682656,0.51178099945921,0.83333333333333,0.50000624648203,0.49999853006526,0.4999888411697,0.5,1727073560311
128,0.16068157605252,0.54452200380066,0.51178099945921,0.83333333333333,0.50000624648203,0.50000074465339,0.4999888411697,0.5,1727073560326
128,0.16068157605252,0.53786155092998,0.51178099945921,0.83333333333333,0.50000624648203,0.49999999127482,0.4999888411697,0.5,1727073560383
128,0.16068157605252,0.53120998818057,0.51178099945921,0.83333333333333,0.50000624648203,0.50000380846874,0.4999888411697,0.5,1727073560455
128,0.16068157605252,0.52740104668899,0.51178099945921,0.83333333333333,0.50000624648203,0.49999925769359,0.4999888411697,0.5,1727073560503
128,0.16068157605252,0.52074720837322,0.51178099945921,0.83333333333333,0.50000624648203,0.49999374324867,0.4999888411697,0.5,1727073560526
128,0.16068157605252,0.52074720837322,0.51178099945921,0.83333333333333,0.50000624648203,0.49999374324867,0.4999888411697,0.5,1727073560870
128,0.16068157605252,0.52074720837322,0.51178099945921,0.83333333333333,0.50000624648203,0.49999374324867,0.4999888411697,0.5,1727073564247
128,0.16068157605252,0.52074720837322,0.51178099945921,0.84000069345128,0.50000624648203,0.49999374324867,0.4999888411697,0.50000035075178,1727073564342
128,0.16068157605252,0.52074720837322,0.51178099945921,0.84667223295565,0.50000624648203,0.49999374324867,0.4999888411697,0.49999764213855,1727073564352
128,0.16068157605252,0.52074720837322,0.51178099945921,0.87342303495495,0.50000624648203,0.49999374324867,0.4999888411697,0.50000375446145,1727073564369
128,0.16068157605252,0.52074720837322,0.51178099945921,0.91735610623594,0.50000624648203,0.49999374324867,0.4999888411697,0.50000106741046,1727073564386
128,0.16068157605252,0.52074720837322,0.51178099945921,0.97175212355246,0.50000624648203,0.49999374324867,0.4999888411697,0.49999922265726,1727073564402
128,0.16068157605252,0.52074720837322,0.51178099945921,1.0,0.50000624648203,0.49999374324867,0.4999888411697,0.5,1727073564419
128,0.16068157605252,0.52074720837322,0.51178099945921,1.0,0.50000624648203,0.49999374324867,0.4999888411697,0.5,1727073564436
128,0.16068157605252,0.52074720837322,0.51178099945921,1.0,0.50000624648203,0.49999374324867,0.4999888411697,0.5,1727073564452
128,0.16068157605252,0.52074720837322,0.51178099945921,1.0,0.50000624648203,0.49999374324867,0.4999888411697,0.5,1727073564469
128,0.16068157605252,0.52074720837322,0.51178099945921,1.0,0.50000624648203,0.49999374324867,0.4999888411697,0.5,1727073564486
128,0.16068157605252,0.52074720837322,0.51178099945921,1.0,0.50000624648203,0.49999374324867,0.4999888411697,0.5,1727073564502
128,0.16068157605252,0.52074720837322,0.51178099945921,1.0,0.50000624648203,0.49999374324867,0.4999888411697,0.5,1727073564519
128,0.16068157605252,0.52074720837322,0.51178099945921,1.0,0.50000624648203,0.49999374324867,0.4999888411697,0.5,1727073564535
128,0.16068157605252,0.52074720837322,0.51178099945921,1.0,0.50000624648203,0.49999374324867,0.4999888411697,0.5,1727073564552
128,0.16068157605252,0.52074720837322,0.51178099945921,1.0,0.50000624648203,0.49999374324867,0.4999888411697,0.5,1727073564569
128,0.16068157605252,0.52074720837322,0.51178099945921,1.0,0.50000624648203,0.49999374324867,0.4999888411697,0.5,1727073564585
128,0.16068157605252,0.52074720837322,0.51178099945921,1.0,0.50000624648203,0.49999374324867,0.4999888411697,0.5,1727073564602
128,0.16068157605252,0.52074720837322,0.51178099945921,1.0,0.50000624648203,0.49999374324867,0.4999888411697,0.5,1727073564619
128,0.16068157605252,0.52074720837322,0.51178099945921,1.0,0.50000624648203,0.49999374324867,0.4999888411697,0.5,1727073564758
128,0.16068157605252,0.52074720837322,0.51178099945921,1.0,0.50000624648203,0.49999374324867,0.4999888411697,0.5,1727073567175
128,0.16068157605252,0.52074720837322,0.51178099945921,0.99334192405598,0.50000624648203,0.49999374324867,0.4999888411697,0.50000153536611,1727073567375
128,0.16068157605252,0.52074720837322,0.51178099945921,0.98951360509653,0.50000624648203,0.49999374324867,0.4999888411697,0.49999578697783,1727073567479
128,0.16068157605252,0.52074720837322,0.51178099945921,0.98285256567282,0.50000624648203,0.49999374324867,0.4999888411697,0.4999959873842,1727073567486
128,0.16068157605252,0.52074720837322,0.51178099945921,0.97619843165285,0.50000624648203,0.49999374324867,0.4999888411697,0.49999929483252,1727073567647
128,0.16068157605252,0.52074720837322,0.51178099945921,0.97619843165285,0.50000624648203,0.49999374324867,0.4999888411697,0.49999929483252,1727073567854
129,1.0,1.0,0.5,0.0,0.5,0.5,0.5,0.5,1727073572456
129,1.0,1.0,0.5,0.00669653675524,0.5,0.5,0.5,0.50000908309174,1727073572527
129,1.0,1.0,0.5,0.01338556595171,0.5,0.5,0.5,0.50000198976276,1727073572569
129,1.0,1.0,0.5,0.02681058589387,0.5,0.5,0.5,0.49999044226769,1727073572585
129,1.0,1.0,0.5,0.03733678882007,0.5,0.5,0.5,0.49999679046025,1727073572602
129,1.0,1.0,0.5,0.05076136046624,0.5,0.5,0.5,0.50001377450967,1727073572618
129,1.0,1.0,0.5,0.0846180721602,0.5,0.5,0.5,0.50000442809057,1727073572635
129,1.0,1.0,0.5,0.10848121650081,0.5,0.5,0.5,0.50000660309058,1727073572652
129,1.0,1.0,0.5,0.1256500092826,0.5,0.5,0.5,0.5000056584848,1727073572668
129,1.0,1.0,0.5,0.13905785671452,0.5,0.5,0.5,0.50001658390152,1727073572685
129,1.0,1.0,0.5,0.1457349527863,0.5,0.5,0.5,0.49999511167933,1727073572702
129,1.0,1.0,0.5,0.1524192884546,0.5,0.5,0.5,0.50000534839152,1727073572718
129,1.0,1.0,0.5,0.15909611471642,0.5,0.5,0.5,0.50000513062587,1727073572735
129,1.0,1.0,0.5,0.1762644830428,0.5,0.5,0.5,0.50000380850612,1727073572752
129,1.0,1.0,0.5,0.18965527481,0.5,0.5,0.5,0.50001143767355,1727073572768
129,1.0,1.0,0.5,0.19633207289385,0.5,0.5,0.5,0.49999210844795,1727073572785
129,1.0,1.0,0.5,0.20300893815749,0.5,0.5,0.5,0.49999215439997,1727073572802
129,1.0,1.0,0.5,0.20968786579672,0.5,0.5,0.5,0.49999467258212,1727073572830
129,1.0,1.0,0.5,0.21637003717702,0.5,0.5,0.5,0.50000095331119,1727073572868
129,1.0,1.0,0.5,0.22688469167562,0.5,0.5,0.5,0.50000898129329,1727073572885
129,1.0,1.0,0.5,0.23356566394478,0.5,0.5,0.5,0.50001347379182,1727073572902
129,1.0,1.0,0.5,0.24023650041504,0.5,0.5,0.5,0.50000644538166,1727073573031
129,1.0,1.0,0.5,0.24412779703809,0.5,0.5,0.5,0.50000526651539,1727073573038
129,1.0,1.0,0.5,0.2508020690327,0.5,0.5,0.5,0.50000227777952,1727073573052
129,1.0,1.0,0.5,0.2574820676872,0.5,0.5,0.5,0.50000558909899,1727073573068
129,1.0,1.0,0.5,0.26415320826554,0.5,0.5,0.5,0.49999931598926,1727073573085
129,1.0,1.0,0.5,0.26804895444351,0.5,0.5,0.5,0.50000298050762,1727073573102
129,1.0,1.0,0.5,0.27472502901807,0.5,0.5,0.5,0.50000205106602,1727073573247
129,1.0,1.0,0.5,0.2813984015699,0.5,0.5,0.5,0.49999834161879,1727073573303
129,1.0,1.0,0.5,0.28528291345381,0.5,0.5,0.5,0.50000616993681,1727073573352
129,1.0,1.0,0.5,0.29195533159083,0.5,0.5,0.5,0.50000151112811,1727073573455
129,1.0,1.0,0.5,0.2986387032575,0.5,0.5,0.5,0.50000797291119,1727073573503
129,1.0,1.0,0.5,0.30531072559108,0.5,0.5,0.5,0.50000301153064,1727073576903
129,1.0,1.0,0.5,0.29866166581344,0.5,0.5,0.5,0.50000012797101,1727073578631
129,1.0,1.0,0.5,0.29866166581344,0.5,0.5,0.5,0.50000012797101,1727073579127
129,1.0,1.0,0.5,0.29866166581344,0.5,0.5,0.5,0.50000012797101,1727073580320
129,1.0,1.0,0.49740731536351,0.29866166581344,0.5,0.5,0.49998229536021,0.50000012797101,1727073580431
129,1.0,1.0,0.49017846810708,0.29866166581344,0.5,0.5,0.49998654877159,0.50000012797101,1727073580446
129,1.0,1.0,0.48295667126023,0.29866166581344,0.5,0.5,0.499999015799,0.50000012797101,1727073580485
129,1.0,1.0,0.47573630586661,0.29866166581344,0.5,0.5,0.50000138121015,0.50000012797101,1727073580501
129,1.0,1.0,0.45864574556831,0.29866166581344,0.5,0.5,0.4999882940858,0.50000012797101,1727073580518
129,1.0,1.0,0.42981489928623,0.29866166581344,0.5,0.5,0.49998636685928,0.50000012797101,1727073580535
129,1.0,1.0,0.41538247445519,0.29866166581344,0.5,0.5,0.49999030624885,0.50000012797101,1727073580551
129,1.0,1.0,0.40815489966666,0.29866166581344,0.5,0.5,0.49998503290668,0.50000012797101,1727073580568
129,1.0,1.0,0.40093448053806,0.29866166581344,0.5,0.5,0.49998794814185,0.50000012797101,1727073580585
129,1.0,1.0,0.39109475464764,0.29866166581344,0.5,0.5,0.4999891912979,0.50000012797101,1727073580601
129,1.0,1.0,0.38386653705787,0.29866166581344,0.5,0.5,0.49998902433366,0.50000012797101,1727073580618
129,1.0,1.0,0.37664665272225,0.29866166581344,0.5,0.5,0.49998762049367,0.50000012797101,1727073580635
129,1.0,1.0,0.36221408566121,0.29866166581344,0.5,0.5,0.49999315060484,0.50000012797101,1727073580651
129,1.0,1.0,0.35498691846835,0.29866166581344,0.5,0.5,0.49998391262136,0.50000012797101,1727073580668
129,1.0,1.0,0.34776625735701,0.29866166581344,0.5,0.5,0.49998919773861,0.50000012797101,1727073580685
129,1.0,1.0,0.33333277037612,0.29866166581344,0.5,0.5,0.50000331568401,0.50000012797101,1727073580701
129,1.0,1.0,0.32611335493811,0.29866166581344,0.5,0.5,0.49999769701174,0.50000012797101,1727073580718
129,1.0,1.0,0.3188852275675,0.29866166581344,0.5,0.5,0.49999678688508,0.50000012797101,1727073580735
129,1.0,1.0,0.30445653777081,0.29866166581344,0.5,0.5,0.4999664387201,0.50000012797101,1727073580751
129,1.0,1.0,0.29723200172398,0.29866166581344,0.5,0.5,0.50000913640348,0.50000012797101,1727073580768
129,1.0,1.0,0.29001235111255,0.29866166581344,0.5,0.5,0.50000550507542,0.50000012797101,1727073580785
129,1.0,1.0,0.28279271049479,0.29866166581344,0.5,0.5,0.50000167692967,0.50000012797101,1727073580815
129,1.0,1.0,0.28546960586536,0.29866166581344,0.5,0.5,0.50000089464849,0.50000012797101,1727073582447
129,1.0,1.0,0.2881505661426,0.29866166581344,0.5,0.5,0.49996048596053,0.50000012797101,1727073582543
129,1.0,1.0,0.2908328237041,0.29866166581344,0.5,0.5,0.49998731184146,0.50000012797101,1727073583087
129,1.0,1.0,0.29806147466707,0.29866166581344,0.5,0.5,0.49998338059335,0.50000012797101,1727073583239
129,1.0,1.0,0.30074448969147,0.29866166581344,0.5,0.5,0.50000239616992,0.50000012797101,1727073583263
129,1.0,1.0,0.3034220238288,0.29866166581344,0.5,0.5,0.49999557929942,0.50000012797101,1727073583415
129,1.0,1.0,0.31065776612935,0.29866166581344,0.5,0.5,0.50000187472239,0.50000012797101,1727073583451
129,1.0,1.0,0.32053146454393,0.29866166581344,0.5,0.5,0.49998893795548,0.50000012797101,1727073583503
129,1.0,1.0,0.32776897650246,0.29866166581344,0.5,0.5,0.49997905835296,0.50000012797101,1727073583518
129,1.0,1.0,0.33044532139055,0.29866166581344,0.5,0.5,0.49998341729225,0.50000012797101,1727073584527
129,1.0,1.0,0.33312098728568,0.29866166581344,0.5,0.5,0.49999384616348,0.50000012797101,1727073584568
129,1.0,1.0,0.34035220900879,0.29866166581344,0.5,0.5,0.49996726723431,0.50000012797101,1727073584584
129,1.0,1.0,0.34758581920909,0.29866166581344,0.5,0.5,0.4999922372105,0.50000012797101,1727073584607
129,1.0,1.0,0.34758581920909,0.29866166581344,0.5,0.5,0.4999922372105,0.50000012797101,1727073585551
129,1.0,1.0,0.34758581920909,0.29866166581344,0.5,0.5,0.4999922372105,0.50000012797101,1727073589296
129,1.0,0.99616397507654,0.34758581920909,0.29866166581344,0.5,0.50000232522957,0.4999922372105,0.50000012797101,1727073589415
129,1.0,0.98951678134278,0.34758581920909,0.29866166581344,0.5,0.50000280023498,0.4999922372105,0.50000012797101,1727073589423
129,1.0,0.98286179760292,0.34758581920909,0.29866166581344,0.5,0.49999988411341,0.4999922372105,0.50000012797101,1727073589434
129,1.0,0.96853849385135,0.34758581920909,0.29866166581344,0.5,0.49999998538001,0.4999922372105,0.50000012797101,1727073589451
129,1.0,0.95136997436678,0.34758581920909,0.29866166581344,0.5,0.4999996587506,0.4999922372105,0.50000012797101,1727073589468
129,1.0,0.91319574247985,0.34758581920909,0.29866166581344,0.5,0.50000201797104,0.4999922372105,0.50000012797101,1727073589484
129,1.0,0.87220587685061,0.34758581920909,0.29866166581344,0.5,0.50000467107949,0.4999922372105,0.50000012797101,1727073589501
129,1.0,0.81796980678496,0.34758581920909,0.29866166581344,0.5,0.49999970263755,0.4999922372105,0.50000012797101,1727073589518
129,1.0,0.74930386159106,0.34758581920909,0.29866166581344,0.5,0.50000211345741,0.4999922372105,0.50000012797101,1727073589534
129,1.0,0.65418736094143,0.34758581920909,0.29866166581344,0.5,0.49999832589564,0.4999922372105,0.50000012797101,1727073589551
129,1.0,0.58942474532237,0.34758581920909,0.29866166581344,0.5,0.50000395646986,0.4999922372105,0.50000012797101,1727073589568
129,1.0,0.5340698840938,0.34758581920909,0.29866166581344,0.5,0.50000494955952,0.4999922372105,0.50000012797101,1727073589584
129,1.0,0.47987653405889,0.34758581920909,0.29866166581344,0.5,0.5000002938537,0.4999922372105,0.50000012797101,1727073589601
129,1.0,0.42569282956033,0.34758581920909,0.29866166581344,0.5,0.49999957418395,0.4999922372105,0.50000012797101,1727073589617
129,1.0,0.33069102890046,0.34758581920909,0.29866166581344,0.5,0.50000121413125,0.4999922372105,0.50000012797101,1727073589634
129,1.0,0.24637581351784,0.34758581920909,0.29866166581344,0.5,0.50000977633818,0.4999922372105,0.50000012797101,1727073589651
129,1.0,0.14128245344595,0.34758581920909,0.29866166581344,0.5,0.50001388499149,0.4999922372105,0.50000012797101,1727073589667
129,1.0,0.04467794046384,0.34758581920909,0.29866166581344,0.5,0.49999809651697,0.4999922372105,0.50000012797101,1727073589684
129,1.0,0.0,0.34758581920909,0.29866166581344,0.5,0.5,0.4999922372105,0.50000012797101,1727073589701
129,1.0,0.0,0.34758581920909,0.29866166581344,0.5,0.5,0.4999922372105,0.50000012797101,1727073589718
129,1.0,0.0,0.34758581920909,0.29866166581344,0.5,0.5,0.4999922372105,0.50000012797101,1727073589734
129,1.0,0.0,0.34758581920909,0.29866166581344,0.5,0.5,0.4999922372105,0.50000012797101,1727073589751
129,1.0,0.0,0.34758581920909,0.29866166581344,0.5,0.5,0.4999922372105,0.50000012797101,1727073589767
129,1.0,0.0,0.34758581920909,0.29866166581344,0.5,0.5,0.4999922372105,0.50000012797101,1727073589784
129,1.0,0.0,0.34758581920909,0.29866166581344,0.5,0.5,0.4999922372105,0.50000012797101,1727073589801
129,1.0,0.0,0.34758581920909,0.29866166581344,0.5,0.5,0.4999922372105,0.50000012797101,1727073589817
129,1.0,0.0,0.34758581920909,0.29866166581344,0.5,0.5,0.4999922372105,0.50000012797101,1727073589834
129,1.0,0.0,0.34758581920909,0.29866166581344,0.5,0.5,0.4999922372105,0.50000012797101,1727073589851
129,1.0,0.0,0.34758581920909,0.29866166581344,0.5,0.5,0.4999922372105,0.50000012797101,1727073589868
129,1.0,0.0,0.34758581920909,0.29866166581344,0.5,0.5,0.4999922372105,0.50000012797101,1727073589884
129,1.0,0.0,0.34758581920909,0.29866166581344,0.5,0.5,0.4999922372105,0.50000012797101,1727073589901
129,1.0,0.0,0.34758581920909,0.29866166581344,0.5,0.5,0.4999922372105,0.50000012797101,1727073589918
129,1.0,0.0,0.34758581920909,0.29866166581344,0.5,0.5,0.4999922372105,0.50000012797101,1727073589927
129,1.0,0.0,0.34758581920909,0.29866166581344,0.5,0.5,0.4999922372105,0.50000012797101,1727073589927
129,1.0,0.0,0.34758581920909,0.29866166581344,0.5,0.5,0.4999922372105,0.50000012797101,1727073591759
129,0.99334154517256,0.0,0.34758581920909,0.29866166581344,0.50000136736028,0.5,0.4999922372105,0.50000012797101,1727073591807
129,0.9866853479359,0.0,0.34758581920909,0.29866166581344,0.49999689725573,0.5,0.4999922372105,0.50000012797101,1727073591822
129,0.98002557247772,0.0,0.34758581920909,0.29866166581344,0.49999767068081,0.5,0.4999922372105,0.50000012797101,1727073591834
129,0.97337774928377,0.0,0.34758581920909,0.29866166581344,0.49999690571179,0.5,0.4999922372105,0.50000012797101,1727073591851
129,0.96287194128828,0.0,0.34758581920909,0.29866166581344,0.49999773545265,0.5,0.4999922372105,0.50000012797101,1727073591867
129,0.93904557462555,0.0,0.34758581920909,0.29866166581344,0.49999973143075,0.5,0.4999922372105,0.50000012797101,1727073591884
129,0.91136824372253,0.0,0.34758581920909,0.29866166581344,0.4999995314256,0.5,0.4999922372105,0.50000012797101,1727073591901
129,0.87703609666246,0.0,0.34758581920909,0.29866166581344,0.50000260609641,0.5,0.4999922372105,0.50000012797101,1727073591917
129,0.8598650656613,0.0,0.34758581920909,0.29866166581344,0.50000175214645,0.5,0.4999922372105,0.50000012797101,1727073591934
129,0.84936002532534,0.0,0.34758581920909,0.29866166581344,0.49999538346473,0.5,0.4999922372105,0.50000012797101,1727073591984
129,0.84936002532534,0.0,0.34758581920909,0.29866166581344,0.49999538346473,0.5,0.4999922372105,0.50000012797101,1727073592271
129,0.84936002532534,0.0,0.34758581920909,0.29866166581344,0.49999538346473,0.5,0.4999922372105,0.50000012797101,1727073594152
129,0.84270951697828,0.0,0.34758581920909,0.29866166581344,0.50000092064118,0.5,0.4999922372105,0.50000012797101,1727073594199
129,0.83605851951082,0.0,0.34758581920909,0.29866166581344,0.49999846745316,0.5,0.4999922372105,0.50000012797101,1727073594234
129,0.82939681546865,0.0,0.34758581920909,0.29866166581344,0.49999837342022,0.5,0.4999922372105,0.50000012797101,1727073594251
129,0.81889160263924,0.0,0.34758581920909,0.29866166581344,0.49999963633715,0.5,0.4999922372105,0.50000012797101,1727073594268
129,0.81224351094788,0.0,0.34758581920909,0.29866166581344,0.49999862827425,0.5,0.4999922372105,0.50000012797101,1727073594284
129,0.80173296884463,0.0,0.34758581920909,0.29866166581344,0.49999712067266,0.5,0.4999922372105,0.50000012797101,1727073594301
129,0.7912271644867,0.0,0.34758581920909,0.29866166581344,0.49999809129001,0.5,0.4999922372105,0.50000012797101,1727073594318
129,0.7807270504319,0.0,0.34758581920909,0.29866166581344,0.5000021254015,0.5,0.4999922372105,0.50000012797101,1727073594375
129,0.77407246369994,0.0,0.34758581920909,0.29866166581344,0.49999759920777,0.5,0.4999922372105,0.50000012797101,1727073594418
129,0.7702445179923,0.0,0.34758581920909,0.29866166581344,0.49999911600232,0.5,0.4999922372105,0.50000012797101,1727073594615
129,0.7702445179923,0.0,0.34758581920909,0.29866166581344,0.49999911600232,0.5,0.4999922372105,0.50000012797101,1727073594631
129,0.7702445179923,0.0,0.34758581920909,0.29866166581344,0.49999911600232,0.5,0.4999922372105,0.50000012797101,1727073598121
129,0.7702445179923,0.0,0.34036653132287,0.29866166581344,0.49999911600232,0.5,0.4999854851217,0.50000012797101,1727073598311
129,0.7702445179923,0.0,0.33314597308335,0.29866166581344,0.49999911600232,0.5,0.49998999657692,0.50000012797101,1727073598423
129,0.7702445179923,0.0,0.32591743815552,0.29866166581344,0.49999911600232,0.5,0.49999271420564,0.50000012797101,1727073598468
129,0.7702445179923,0.0,0.32591743815552,0.29866166581344,0.49999911600232,0.5,0.49999271420564,0.50000012797101,1727073599263
130,0.5,0.16666666666667,0.33333333333333,0.33333333333333,0.5,0.5,0.5,0.5,1727073604200
130,0.5,0.16666666666667,0.33333333333333,0.3399998237517,0.5,0.5,0.5,0.49999983530372,1727073604271
130,0.5,0.16666666666667,0.33333333333333,0.34667689170047,0.5,0.5,0.5,0.49999997100824,1727073604284
130,0.5,0.16666666666667,0.33333333333333,0.3600500326705,0.5,0.5,0.5,0.50000350545946,1727073604300
130,0.5,0.16666666666667,0.33333333333333,0.37342423883384,0.5,0.5,0.5,0.49999422479502,1727073604317
130,0.5,0.16666666666667,0.33333333333333,0.38679256273952,0.5,0.5,0.5,0.49999356087859,1727073604334
130,0.5,0.16666666666667,0.33333333333333,0.39346262774121,0.5,0.5,0.5,0.50000093331168,1727073604359
130,0.5,0.16666666666667,0.33333333333333,0.40013650031565,0.5,0.5,0.5,0.49999833684253,1727073604400
130,0.5,0.16666666666667,0.33333333333333,0.40680865473507,0.5,0.5,0.5,0.49999435089083,1727073604417
130,0.5,0.16666666666667,0.33333333333333,0.41348612507249,0.5,0.5,0.5,0.4999948624966,1727073604434
130,0.5,0.16666666666667,0.33333333333333,0.42015418872277,0.5,0.5,0.5,0.50000028182784,1727073604511
130,0.5,0.16666666666667,0.33333333333333,0.42682909965129,0.5,0.5,0.5,0.49999863999964,1727073605847
130,0.5,0.16666666666667,0.33333333333333,0.42682909965129,0.5,0.5,0.5,0.49999863999964,1727073606151
130,0.5,0.16666666666667,0.33333333333333,0.42682909965129,0.5,0.5,0.5,0.49999863999964,1727073607632
130,0.5,0.16666666666667,0.33333333333333,0.42682909965129,0.5,0.5,0.5,0.49999863999964,1727073608417
130,0.50667599859288,0.16666666666667,0.33333333333333,0.42682909965129,0.49999932640275,0.5,0.5,0.49999863999964,1727073608520
130,0.52003449604539,0.16666666666667,0.33333333333333,0.42682909965129,0.50000266832066,0.5,0.5,0.49999863999964,1727073608534
130,0.55437794598047,0.16666666666667,0.33333333333333,0.42682909965129,0.50000597348436,0.5,0.5,0.49999863999964,1727073608550
130,0.58491480953201,0.16666666666667,0.33333333333333,0.42682909965129,0.50000469979184,0.5,0.5,0.49999863999964,1727073608567
130,0.64981919919595,0.16666666666667,0.33333333333333,0.42682909965129,0.50000233723289,0.5,0.5,0.49999863999964,1727073608583
130,0.69083491343555,0.16666666666667,0.33333333333333,0.42682909965129,0.50000242850064,0.5,0.5,0.49999863999964,1727073608600
130,0.71186653918064,0.16666666666667,0.33333333333333,0.42682909965129,0.50000286634212,0.5,0.5,0.49999863999964,1727073608617
130,0.72521997419402,0.16666666666667,0.33333333333333,0.42682909965129,0.50000259466107,0.5,0.5,0.49999863999964,1727073608633
130,0.74238856927642,0.16666666666667,0.33333333333333,0.42682909965129,0.50000219661275,0.5,0.5,0.49999863999964,1727073608650
130,0.74905823023283,0.16666666666667,0.33333333333333,0.42682909965129,0.49999817435762,0.5,0.5,0.49999863999964,1727073608671
130,0.75573144447215,0.16666666666667,0.33333333333333,0.42682909965129,0.50000458697523,0.5,0.5,0.49999863999964,1727073608687
130,0.75959637227016,0.16666666666667,0.33333333333333,0.42682909965129,0.49999801893749,0.5,0.5,0.49999863999964,1727073608700
130,0.78344235938077,0.16666666666667,0.33333333333333,0.42682909965129,0.50000618319211,0.5,0.5,0.49999863999964,1727073608717
130,0.80728126980319,0.16666666666667,0.33333333333333,0.42682909965129,0.50000226663821,0.5,0.5,0.49999863999964,1727073608733
130,0.83112550986387,0.16666666666667,0.33333333333333,0.42682909965129,0.50000124069778,0.5,0.5,0.49999863999964,1727073608750
130,0.85880030185293,0.16666666666667,0.33333333333333,0.42682909965129,0.50000015009034,0.5,0.5,0.49999863999964,1727073608767
130,0.87215313123269,0.16666666666667,0.33333333333333,0.42682909965129,0.49999964874958,0.5,0.5,0.49999863999964,1727073608783
130,0.86549932819614,0.16666666666667,0.33333333333333,0.42682909965129,0.50000346983857,0.5,0.5,0.49999863999964,1727073609616
130,0.85884722109298,0.16666666666667,0.33333333333333,0.42682909965129,0.50000053064471,0.5,0.5,0.49999863999964,1727073609703
130,0.85219214970093,0.16666666666667,0.33333333333333,0.42682909965129,0.50000376874533,0.5,0.5,0.49999863999964,1727073609727
130,0.84553163798523,0.16666666666667,0.33333333333333,0.42682909965129,0.50000430836925,0.5,0.5,0.49999863999964,1727073609815
130,0.83887518076126,0.16666666666667,0.33333333333333,0.42682909965129,0.49999911781511,0.5,0.5,0.49999863999964,1727073609850
130,0.83505043281321,0.16666666666667,0.33333333333333,0.42682909965129,0.50000217420002,0.5,0.5,0.49999863999964,1727073609919
130,0.8283952217983,0.16666666666667,0.33333333333333,0.42682909965129,0.49999755714549,0.5,0.5,0.49999863999964,1727073609935
130,0.82457191483322,0.16666666666667,0.33333333333333,0.42682909965129,0.50000137710785,0.5,0.5,0.49999863999964,1727073609950
130,0.81791501487229,0.16666666666667,0.33333333333333,0.42682909965129,0.50000378039147,0.5,0.5,0.49999863999964,1727073610040
130,0.81125994634834,0.16666666666667,0.33333333333333,0.42682909965129,0.49999917289047,0.5,0.5,0.49999863999964,1727073610159
130,0.80460915944068,0.16666666666667,0.33333333333333,0.42682909965129,0.50000478836827,0.5,0.5,0.49999863999964,1727073610360
130,0.80078250150109,0.16666666666667,0.33333333333333,0.42682909965129,0.49999889087853,0.5,0.5,0.49999863999964,1727073610367
130,0.79413090557256,0.16666666666667,0.33333333333333,0.42682909965129,0.50000413373004,0.5,0.5,0.49999863999964,1727073610608
130,0.7874766923414,0.16666666666667,0.33333333333333,0.42682909965129,0.49999987738405,0.5,0.5,0.49999863999964,1727073610736
130,0.78082242136795,0.16666666666667,0.33333333333333,0.42682909965129,0.50000376355858,0.5,0.5,0.49999863999964,1727073611304
130,0.77699567114083,0.16666666666667,0.33333333333333,0.42682909965129,0.50000593512429,0.5,0.5,0.49999863999964,1727073611317
130,0.77034330071892,0.16666666666667,0.33333333333333,0.42682909965129,0.50000261478456,0.5,0.5,0.49999863999964,1727073611367
130,0.76368914223671,0.16666666666667,0.33333333333333,0.42682909965129,0.50000664578723,0.5,0.5,0.49999863999964,1727073611487
130,0.75986168659256,0.16666666666667,0.33333333333333,0.42682909965129,0.50000008087136,0.5,0.5,0.49999863999964,1727073611503
130,0.75603572776883,0.16666666666667,0.33333333333333,0.42682909965129,0.50000271738168,0.5,0.5,0.49999863999964,1727073611687
130,0.74938296072948,0.16666666666667,0.33333333333333,0.42682909965129,0.49999908717731,0.5,0.5,0.49999863999964,1727073611700
130,0.74272345581842,0.16666666666667,0.33333333333333,0.42682909965129,0.5000002104271,0.5,0.5,0.49999863999964,1727073611717
130,0.74939988493466,0.16666666666667,0.33333333333333,0.42682909965129,0.49999993652306,0.5,0.5,0.49999863999964,1727073612024
130,0.74557761212476,0.16666666666667,0.33333333333333,0.42682909965129,0.50000464140308,0.5,0.5,0.49999863999964,1727073612039
130,0.7522410265413,0.16666666666667,0.33333333333333,0.42682909965129,0.49999717948707,0.5,0.5,0.49999863999964,1727073612047
130,0.7522410265413,0.16666666666667,0.33333333333333,0.42682909965129,0.49999717948707,0.5,0.5,0.49999863999964,1727073612047
130,0.7522410265413,0.16666666666667,0.33333333333333,0.42682909965129,0.49999717948707,0.5,0.5,0.49999863999964,1727073613033
130,0.7522410265413,0.170572433259,0.33333333333333,0.42682909965129,0.49999717948707,0.4999958018579,0.5,0.49999863999964,1727073613096
130,0.7522410265413,0.17724991460473,0.33333333333333,0.42682909965129,0.49999717948707,0.4999951470749,0.5,0.49999863999964,1727073613103
130,0.7522410265413,0.18776796751254,0.33333333333333,0.42682909965129,0.49999717948707,0.5000015909576,0.5,0.49999863999964,1727073613119
130,0.7522410265413,0.19828466840717,0.33333333333333,0.42682909965129,0.49999717948707,0.50000939530371,0.5,0.49999863999964,1727073613133
130,0.7522410265413,0.23932023849151,0.33333333333333,0.42682909965129,0.49999717948707,0.50000319813237,0.5,0.49999863999964,1727073613150
130,0.7522410265413,0.27366798757211,0.33333333333333,0.42682909965129,0.49999717948707,0.49999321025206,0.5,0.49999863999964,1727073613167
130,0.7522410265413,0.3185135366206,0.33333333333333,0.42682909965129,0.49999717948707,0.49999433235486,0.5,0.49999863999964,1727073613183
130,0.7522410265413,0.34236441618564,0.33333333333333,0.42682909965129,0.49999717948707,0.50000448106367,0.5,0.49999863999964,1727073613200
130,0.7522410265413,0.35953557249158,0.33333333333333,0.42682909965129,0.49999717948707,0.50000261316388,0.5,0.49999863999964,1727073613216
130,0.7522410265413,0.37004976095654,0.33333333333333,0.42682909965129,0.49999717948707,0.49999679267322,0.5,0.49999863999964,1727073613233
130,0.7522410265413,0.38721555255134,0.33333333333333,0.42682909965129,0.49999717948707,0.49999985469919,0.5,0.49999863999964,1727073613250
130,0.7522410265413,0.39388658732437,0.33333333333333,0.42682909965129,0.49999717948707,0.50000489808125,0.5,0.49999863999964,1727073613267
130,0.7522410265413,0.40440405779115,0.33333333333333,0.42682909965129,0.49999717948707,0.49999658135496,0.5,0.49999863999964,1727073613283
130,0.7522410265413,0.41777409315701,0.33333333333333,0.42682909965129,0.49999717948707,0.49999598551129,0.5,0.49999863999964,1727073613300
130,0.7522410265413,0.42829047256889,0.33333333333333,0.42682909965129,0.49999717948707,0.50000149162795,0.5,0.49999863999964,1727073613316
130,0.7522410265413,0.44545970673535,0.33333333333333,0.42682909965129,0.49999717948707,0.50000145211012,0.5,0.49999863999964,1727073613333
130,0.7522410265413,0.46930816421129,0.33333333333333,0.42682909965129,0.49999717948707,0.49999963829968,0.5,0.49999863999964,1727073613350
130,0.7522410265413,0.47598272032621,0.33333333333333,0.42682909965129,0.49999717948707,0.50000143915406,0.5,0.49999863999964,1727073613366
130,0.7522410265413,0.48648586912875,0.33333333333333,0.42682909965129,0.49999717948707,0.50000481987706,0.5,0.49999863999964,1727073613383
130,0.7522410265413,0.49700049294217,0.33333333333333,0.42682909965129,0.49999717948707,0.49999963618066,0.5,0.49999863999964,1727073613400
130,0.7522410265413,0.51417228786931,0.33333333333333,0.42682909965129,0.49999717948707,0.49999779438951,0.5,0.49999863999964,1727073613416
130,0.7522410265413,0.52084678468819,0.33333333333333,0.42682909965129,0.49999717948707,0.49999954880612,0.5,0.49999863999964,1727073613433
130,0.7522410265413,0.53801190824544,0.33333333333333,0.42682909965129,0.49999717948707,0.50000243222807,0.5,0.49999863999964,1727073613450
130,0.7522410265413,0.54188413527154,0.33333333333333,0.42682909965129,0.49999717948707,0.50000568984692,0.5,0.49999863999964,1727073613466
130,0.7522410265413,0.54856123532393,0.33333333333333,0.42682909965129,0.49999717948707,0.5000055200869,0.5,0.49999863999964,1727073613483
130,0.7522410265413,0.5590764857643,0.33333333333333,0.42682909965129,0.49999717948707,0.50000029799796,0.5,0.49999863999964,1727073613500
130,0.7522410265413,0.57243178310935,0.33333333333333,0.42682909965129,0.49999717948707,0.49999932033215,0.5,0.49999863999964,1727073613516
130,0.7522410265413,0.58294718332468,0.33333333333333,0.42682909965129,0.49999717948707,0.50000441014181,0.5,0.49999863999964,1727073613533
130,0.7522410265413,0.59345917903289,0.33333333333333,0.42682909965129,0.49999717948707,0.50000154224631,0.5,0.49999863999964,1727073613583
130,0.7522410265413,0.610630213171,0.33333333333333,0.42682909965129,0.49999717948707,0.5000003562179,0.5,0.49999863999964,1727073613600
130,0.7522410265413,0.62114051611023,0.33333333333333,0.42682909965129,0.49999717948707,0.49999869969963,0.5,0.49999863999964,1727073613616
130,0.7522410265413,0.63165248769843,0.33333333333333,0.42682909965129,0.49999717948707,0.50000565977622,0.5,0.49999863999964,1727073613633
130,0.7522410265413,0.64216811747614,0.33333333333333,0.42682909965129,0.49999717948707,0.50000068797659,0.5,0.49999863999964,1727073613650
130,0.7522410265413,0.65267394293082,0.33333333333333,0.42682909965129,0.49999717948707,0.50000182019388,0.5,0.49999863999964,1727073613666
130,0.7522410265413,0.65934511206473,0.33333333333333,0.42682909965129,0.49999717948707,0.50000529541906,0.5,0.49999863999964,1727073613683
130,0.7522410265413,0.66986210975217,0.33333333333333,0.42682909965129,0.49999717948707,0.49999965759112,0.5,0.49999863999964,1727073613700
130,0.7522410265413,0.67653084035415,0.33333333333333,0.42682909965129,0.49999717948707,0.49999538040433,0.5,0.49999863999964,1727073613716
130,0.7522410265413,0.68039552634405,0.33333333333333,0.42682909965129,0.49999717948707,0.50000265097771,0.5,0.49999863999964,1727073614152
130,0.7522410265413,0.68706895751545,0.33333333333333,0.42682909965129,0.49999717948707,0.50000468658196,0.5,0.49999863999964,1727073614167
130,0.7522410265413,0.68706895751545,0.33333333333333,0.42682909965129,0.49999717948707,0.50000468658196,0.5,0.49999863999964,1727073615160
130,0.7522410265413,0.68706895751545,0.33333333333333,0.42682909965129,0.49999717948707,0.50000468658196,0.5,0.49999863999964,1727073618784
130,0.74842108483373,0.68706895751545,0.33333333333333,0.42682909965129,0.50000314766201,0.50000468658196,0.5,0.49999863999964,1727073618864
130,0.7417661787516,0.68706895751545,0.33333333333333,0.42682909965129,0.50000685575247,0.50000468658196,0.5,0.49999863999964,1727073618920
130,0.73511005909304,0.68706895751545,0.33333333333333,0.42682909965129,0.50000132459986,0.50000468658196,0.5,0.49999863999964,1727073618935
130,0.73128189917346,0.68706895751545,0.33333333333333,0.42682909965129,0.50000279579548,0.50000468658196,0.5,0.49999863999964,1727073618949
130,0.72463335474176,0.68706895751545,0.33333333333333,0.42682909965129,0.50000146256667,0.50000468658196,0.5,0.49999863999964,1727073618966
130,0.72081360189831,0.68706895751545,0.33333333333333,0.42682909965129,0.500007724554,0.50000468658196,0.5,0.49999863999964,1727073619016
130,0.71414991275479,0.68706895751545,0.33333333333333,0.42682909965129,0.49999775076672,0.50000468658196,0.5,0.49999863999964,1727073619144
130,0.71032835840922,0.68706895751545,0.33333333333333,0.42682909965129,0.50000303212254,0.50000468658196,0.5,0.49999863999964,1727073619280
130,0.71991595073916,0.68706895751545,0.33333333333333,0.42682909965129,0.50000469432989,0.50000468658196,0.5,0.49999863999964,1727073619312
130,0.71991595073916,0.68706895751545,0.33333333333333,0.42682909965129,0.50000469432989,0.50000468658196,0.5,0.49999863999964,1727073619312
130,0.71991595073916,0.68706895751545,0.33333333333333,0.42682909965129,0.50000469432989,0.50000468658196,0.5,0.49999863999964,1727073620073
130,0.71991595073916,0.68040765656675,0.33333333333333,0.42682909965129,0.50000469432989,0.49999546297721,0.5,0.49999863999964,1727073620103
130,0.71991595073916,0.67375410727934,0.33333333333333,0.42682909965129,0.50000469432989,0.49999984415109,0.5,0.49999863999964,1727073620232
130,0.71991595073916,0.66709842623326,0.33333333333333,0.42682909965129,0.50000469432989,0.49999632174196,0.5,0.49999863999964,1727073620283
130,0.71991595073916,0.66709842623326,0.33333333333333,0.42682909965129,0.50000469432989,0.49999632174196,0.5,0.49999863999964,1727073620736
131,0.83333333333333,0.66666666666667,0.83333333333333,0.83333333333333,0.5,0.5,0.5,0.5,1727073624832
131,0.83333333333333,0.66666666666667,0.84780743340038,0.83333333333333,0.5,0.5,0.49999214533796,0.5,1727073624880
131,0.83333333333333,0.66666666666667,0.87935458617259,0.83333333333333,0.5,0.5,0.49999991579109,0.5,1727073624887
131,0.83333333333333,0.66666666666667,0.90831713464273,0.83333333333333,0.5,0.5,0.49999746669434,0.5,1727073624899
131,0.83333333333333,0.66666666666667,1.0,0.83333333333333,0.5,0.5,0.5,0.5,1727073624916
131,0.83333333333333,0.66666666666667,1.0,0.83333333333333,0.5,0.5,0.5,0.5,1727073624933
131,0.83333333333333,0.66666666666667,1.0,0.83333333333333,0.5,0.5,0.5,0.5,1727073624949
131,0.83333333333333,0.66666666666667,1.0,0.83333333333333,0.5,0.5,0.5,0.5,1727073624966
131,0.83333333333333,0.66666666666667,1.0,0.83333333333333,0.5,0.5,0.5,0.5,1727073624982
131,0.83333333333333,0.66666666666667,1.0,0.83333333333333,0.5,0.5,0.5,0.5,1727073624999
131,0.83333333333333,0.66666666666667,1.0,0.83333333333333,0.5,0.5,0.5,0.5,1727073625016
131,0.83333333333333,0.66666666666667,1.0,0.83333333333333,0.5,0.5,0.5,0.5,1727073625032
131,0.83333333333333,0.66666666666667,1.0,0.83333333333333,0.5,0.5,0.5,0.5,1727073625049
131,0.83333333333333,0.66666666666667,1.0,0.83333333333333,0.5,0.5,0.5,0.5,1727073625066
131,0.83333333333333,0.66666666666667,1.0,0.83333333333333,0.5,0.5,0.5,0.5,1727073625082
131,0.83333333333333,0.66666666666667,1.0,0.83333333333333,0.5,0.5,0.5,0.5,1727073625119
131,0.83333333333333,0.66666666666667,1.0,0.83333333333333,0.5,0.5,0.5,0.5,1727073627321
131,0.83333333333333,0.66666666666667,1.0,0.82950460844684,0.5,0.5,0.5,0.49999842499756,1727073627352
131,0.83333333333333,0.66666666666667,1.0,0.82284518456876,0.5,0.5,0.5,0.49999950189394,1727073627366
131,0.83333333333333,0.66666666666667,1.0,0.78467000974878,0.5,0.5,0.5,0.49999631619573,1727073627383
131,0.83333333333333,0.66666666666667,1.0,0.76367382027743,0.5,0.5,0.5,0.49999831241191,1727073627399
131,0.83333333333333,0.66666666666667,1.0,0.73599458709791,0.5,0.5,0.5,0.49999697331797,1727073627416
131,0.83333333333333,0.66666666666667,1.0,0.73217716087686,0.5,0.5,0.5,0.49999581553015,1727073627432
131,0.83333333333333,0.66666666666667,1.0,0.7150088579422,0.5,0.5,0.5,0.49999627117661,1727073627449
131,0.83333333333333,0.66666666666667,1.0,0.71118229470155,0.5,0.5,0.5,0.4999986688684,1727073627466
131,0.83333333333333,0.66666666666667,1.0,0.70735952911187,0.5,0.5,0.5,0.49999441295262,1727073627516
131,0.83333333333333,0.66666666666667,1.0,0.69685828679141,0.5,0.5,0.5,0.499998106643,1727073627532
131,0.83333333333333,0.66666666666667,1.0,0.69019872515612,0.5,0.5,0.5,0.49999925243629,1727073628360
131,0.83333333333333,0.66666666666667,1.0,0.68637620599129,0.5,0.5,0.5,0.49999504862637,1727073628376
131,0.83333333333333,0.66666666666667,1.0,0.67972747521182,0.5,0.5,0.5,0.50000260818551,1727073628383
131,0.83333333333333,0.66666666666667,1.0,0.67307122393418,0.5,0.5,0.5,0.49999659603153,1727073628399
131,0.83333333333333,0.66666666666667,1.0,0.66641642047608,0.5,0.5,0.5,0.50000062318814,1727073628416
131,0.83333333333333,0.66666666666667,1.0,0.66260161717359,0.5,0.5,0.5,0.50000097698076,1727073628432
131,0.83333333333333,0.66666666666667,1.0,0.65594248562961,0.5,0.5,0.5,0.4999930863179,1727073628560
131,0.83333333333333,0.66666666666667,1.0,0.65212021099808,0.5,0.5,0.5,0.49999824849498,1727073628575
131,0.83333333333333,0.66666666666667,1.0,0.64829901451936,0.5,0.5,0.5,0.49999467401933,1727073628640
131,0.83333333333333,0.66666666666667,1.0,0.64164797821886,0.5,0.5,0.5,0.50000112805626,1727073628649
131,0.83333333333333,0.66666666666667,1.0,0.63499188865209,0.5,0.5,0.5,0.49999494681548,1727073628666
131,0.83333333333333,0.66666666666667,1.0,0.6244860004635,0.5,0.5,0.5,0.49999602353654,1727073628683
131,0.83333333333333,0.66666666666667,1.0,0.61398322358596,0.5,0.5,0.5,0.49999911185888,1727073628776
131,0.83333333333333,0.66666666666667,1.0,0.60348003221266,0.5,0.5,0.5,0.49999207029732,1727073628816
131,0.83333333333333,0.66666666666667,1.0,0.60348003221266,0.5,0.5,0.5,0.49999207029732,1727073630496
131,0.83333333333333,0.66666666666667,1.0,0.60348003221266,0.5,0.5,0.5,0.49999207029732,1727073631641
131,0.82667841134858,0.66666666666667,1.0,0.60348003221266,0.50000076209103,0.5,0.5,0.49999207029732,1727073631665
131,0.81617679831309,0.66666666666667,1.0,0.60348003221266,0.50000391323528,0.5,0.5,0.49999207029732,1727073631688
131,0.81235343871452,0.66666666666667,1.0,0.60348003221266,0.49999978855148,0.5,0.5,0.49999207029732,1727073631699
131,0.79804144390667,0.66666666666667,1.0,0.60348003221266,0.5000056154719,0.5,0.5,0.49999207029732,1727073631716
131,0.76655174186577,0.66666666666667,1.0,0.60348003221266,0.49999885873474,0.5,0.5,0.49999207029732,1727073631732
131,0.73130237443666,0.66666666666667,1.0,0.60348003221266,0.50000565582812,0.5,0.5,0.49999207029732,1727073631749
131,0.71029474767443,0.66666666666667,1.0,0.60348003221266,0.50000140085335,0.5,0.5,0.49999207029732,1727073631765
131,0.69599697546867,0.66666666666667,1.0,0.60348003221266,0.5000072034656,0.5,0.5,0.49999207029732,1727073631782
131,0.68549065931993,0.66666666666667,1.0,0.60348003221266,0.49999902853588,0.5,0.5,0.49999207029732,1727073631799
131,0.67119043433591,0.66666666666667,1.0,0.60348003221266,0.50000348261609,0.5,0.5,0.49999207029732,1727073631816
131,0.66068319899236,0.66666666666667,1.0,0.60348003221266,0.50000379944369,0.5,0.5,0.49999207029732,1727073631832
131,0.65686253998412,0.66666666666667,1.0,0.60348003221266,0.50000060887757,0.5,0.5,0.49999207029732,1727073631882
131,0.6463533211584,0.66666666666667,1.0,0.60348003221266,0.49999967708583,0.5,0.5,0.49999207029732,1727073631899
131,0.64253265913743,0.66666666666667,1.0,0.60348003221266,0.49999641577844,0.5,0.5,0.49999207029732,1727073631916
131,0.63203604353925,0.66666666666667,1.0,0.60348003221266,0.50000329677654,0.5,0.5,0.49999207029732,1727073631932
131,0.62537950346414,0.66666666666667,1.0,0.60348003221266,0.5000064699053,0.5,0.5,0.49999207029732,1727073632752
131,0.62155360924474,0.66666666666667,1.0,0.60348003221266,0.49999985013563,0.5,0.5,0.49999207029732,1727073632765
131,0.6149024475683,0.66666666666667,1.0,0.60348003221266,0.49999665675667,0.5,0.5,0.49999207029732,1727073632782
131,0.58723466579533,0.66666666666667,1.0,0.60348003221266,0.50000256593175,0.5,0.5,0.49999207029732,1727073632799
131,0.55955340151217,0.66666666666667,1.0,0.60348003221266,0.49999969718635,0.5,0.5,0.49999207029732,1727073632815
131,0.55289968486926,0.66666666666667,1.0,0.60348003221266,0.50000506569461,0.5,0.5,0.49999207029732,1727073632832
131,0.54908432768257,0.66666666666667,1.0,0.60348003221266,0.50000510880594,0.5,0.5,0.49999207029732,1727073632968
131,0.54243048169704,0.66666666666667,1.0,0.60348003221266,0.49999979995004,0.5,0.5,0.49999207029732,1727073632982
131,0.53192077988396,0.66666666666667,1.0,0.60348003221266,0.49999838036703,0.5,0.5,0.49999207029732,1727073632999
131,0.52527802955275,0.66666666666667,1.0,0.60348003221266,0.50000078685571,0.5,0.5,0.49999207029732,1727073633015
131,0.51097334693464,0.66666666666667,1.0,0.60348003221266,0.50000298217915,0.5,0.5,0.49999207029732,1727073633032
131,0.51764987987954,0.66666666666667,1.0,0.60348003221266,0.50000267604837,0.5,0.5,0.49999207029732,1727073634728
131,0.51764987987954,0.66666666666667,1.0,0.60348003221266,0.50000267604837,0.5,0.5,0.49999207029732,1727073635192
131,0.51764987987954,0.66666666666667,1.0,0.60348003221266,0.50000267604837,0.5,0.5,0.49999207029732,1727073636361
131,0.51764987987954,0.6733391393774,1.0,0.60348003221266,0.50000267604837,0.49999959526016,0.5,0.49999207029732,1727073636408
131,0.51764987987954,0.68668860036735,1.0,0.60348003221266,0.50000267604837,0.50000218210907,0.5,0.49999207029732,1727073636416
131,0.51764987987954,0.73541026071265,1.0,0.60348003221266,0.50000267604837,0.50000286678372,0.5,0.49999207029732,1727073636432
131,0.51764987987954,0.83466348806693,1.0,0.60348003221266,0.50000267604837,0.49999900902585,0.5,0.49999207029732,1727073636449
131,0.51764987987954,0.98253877614782,1.0,0.60348003221266,0.50000267604837,0.49999985927159,0.5,0.49999207029732,1727073636465
131,0.51764987987954,0.9999953470238,1.0,0.60348003221266,0.50000267604837,0.5000020522651,0.5,0.49999207029732,1727073636482
131,0.51764987987954,0.9999953470238,1.0,0.60348003221266,0.50000267604837,0.5000020522651,0.5,0.49999207029732,1727073636499
131,0.51764987987954,0.9999953470238,1.0,0.60348003221266,0.50000267604837,0.5000020522651,0.5,0.49999207029732,1727073636515
131,0.51764987987954,0.9999953470238,1.0,0.60348003221266,0.50000267604837,0.5000020522651,0.5,0.49999207029732,1727073636532
131,0.51764987987954,0.9999953470238,1.0,0.60348003221266,0.50000267604837,0.5000020522651,0.5,0.49999207029732,1727073636548
131,0.51764987987954,0.9999953470238,1.0,0.60348003221266,0.50000267604837,0.5000020522651,0.5,0.49999207029732,1727073636703
131,0.51764987987954,0.9999953470238,1.0,0.60348003221266,0.50000267604837,0.5000020522651,0.5,0.49999207029732,1727073637976
131,0.51764987987954,0.99334250997335,1.0,0.60348003221266,0.50000267604837,0.49999820482458,0.5,0.49999207029732,1727073638064
131,0.51764987987954,0.98669372939867,1.0,0.60348003221266,0.50000267604837,0.49999936619096,0.5,0.49999207029732,1727073638115
131,0.51764987987954,0.98003167379324,1.0,0.60348003221266,0.50000267604837,0.49999959455408,0.5,0.49999207029732,1727073638224
131,0.51764987987954,0.9933831875656,1.0,0.60348003221266,0.50000267604837,0.50000063310978,0.5,0.49999207029732,1727073638672
131,0.51764987987954,0.99724231262131,1.0,0.60348003221266,0.50000267604837,0.50000169796944,0.5,0.49999207029732,1727073638682
131,0.51764987987954,0.9999953470238,1.0,0.60348003221266,0.50000267604837,0.5000020522651,0.5,0.49999207029732,1727073638698
131,0.51764987987954,0.9999953470238,1.0,0.60348003221266,0.50000267604837,0.5000020522651,0.5,0.49999207029732,1727073638715
131,0.51764987987954,0.9999953470238,1.0,0.60348003221266,0.50000267604837,0.5000020522651,0.5,0.49999207029732,1727073639752
131,0.51764987987954,0.9999953470238,1.0,0.60348003221266,0.50000267604837,0.5000020522651,0.5,0.49999207029732,1727073639768
131,0.51764987987954,0.9999953470238,1.0,0.60348003221266,0.50000267604837,0.5000020522651,0.5,0.49999207029732,1727073639784
131,0.51764987987954,0.9999953470238,1.0,0.60348003221266,0.50000267604837,0.5000020522651,0.5,0.49999207029732,1727073639808
131,0.51764987987954,0.9999953470238,1.0,0.60348003221266,0.50000267604837,0.5000020522651,0.5,0.49999207029732,1727073639815
131,0.51764987987954,0.9999953470238,1.0,0.60348003221266,0.50000267604837,0.5000020522651,0.5,0.49999207029732,1727073639840
131,0.51764987987954,0.9999953470238,1.0,0.60348003221266,0.50000267604837,0.5000020522651,0.5,0.49999207029732,1727073639856
131,0.51764987987954,0.9999953470238,1.0,0.60348003221266,0.50000267604837,0.5000020522651,0.5,0.49999207029732,1727073639865
131,0.51764987987954,0.9999953470238,1.0,0.60348003221266,0.50000267604837,0.5000020522651,0.5,0.49999207029732,1727073639888
131,0.51764987987954,0.9999953470238,1.0,0.60348003221266,0.50000267604837,0.5000020522651,0.5,0.49999207029732,1727073640929
131,0.51383483592573,0.9999953470238,1.0,0.60348003221266,0.50000293530003,0.5000020522651,0.5,0.49999207029732,1727073641048
131,0.50718353150848,0.9999953470238,1.0,0.60348003221266,0.49999921079586,0.5000020522651,0.5,0.49999207029732,1727073641066
131,0.49667650691543,0.9999953470238,1.0,0.60348003221266,0.49999969271577,0.5000020522651,0.5,0.49999207029732,1727073641082
131,0.4928679705954,0.9999953470238,1.0,0.60348003221266,0.50000477368289,0.5000020522651,0.5,0.49999207029732,1727073641115
131,0.4928679705954,0.9999953470238,1.0,0.60348003221266,0.50000477368289,0.5000020522651,0.5,0.49999207029732,1727073641720
131,0.4928679705954,0.9999953470238,1.0,0.60348003221266,0.50000477368289,0.5000020522651,0.5,0.49999207029732,1727073642521
131,0.4890456798995,0.9999953470238,1.0,0.60348003221266,0.49999964643519,0.5000020522651,0.5,0.49999207029732,1727073642680
131,0.49571364693496,0.9999953470238,1.0,0.60348003221266,0.50000440243214,0.5000020522651,0.5,0.49999207029732,1727073642776
131,0.50238540235418,0.9999953470238,1.0,0.60348003221266,0.50000057667123,0.5000020522651,0.5,0.49999207029732,1727073642872
131,0.49856971940395,0.9999953470238,1.0,0.60348003221266,0.50000035988423,0.5000020522651,0.5,0.49999207029732,1727073643248
131,0.49856971940395,0.9999953470238,1.0,0.60348003221266,0.50000035988423,0.5000020522651,0.5,0.49999207029732,1727073643288
131,0.49856971940395,0.9999953470238,1.0,0.60348003221266,0.50000035988423,0.5000020522651,0.5,0.49999207029732,1727073644793
132,0.5,1.0,0.33333333333333,0.5,0.5,0.5,0.5,0.5,1727073648089
132,0.5,1.0,0.33333333333333,0.5,0.5,0.5,0.5,0.5,1727073648953
132,0.5,1.0,0.33333333333333,0.5,0.5,0.5,0.5,0.5,1727073649384
132,0.5,1.0,0.32611403641302,0.5,0.5,0.5,0.49999149013189,0.5,1727073649448
132,0.5,1.0,0.31888590060056,0.5,0.5,0.5,0.49999057901606,0.5,1727073649464
132,0.5,1.0,0.30445459543983,0.5,0.5,0.5,0.4999848199583,0.5,1727073649481
132,0.5,1.0,0.27134250303372,0.5,0.5,0.5,0.49998175952152,0.5,1727073649498
132,0.5,1.0,0.2483233964766,0.5,0.5,0.5,0.49998220935626,0.5,1727073649514
132,0.5,1.0,0.22532813291568,0.5,0.5,0.5,0.49999059606001,0.5,1727073649531
132,0.5,1.0,0.20944772673909,0.5,0.5,0.5,0.49998569610706,0.5,1727073649548
132,0.5,1.0,0.20222626152187,0.5,0.5,0.5,0.50000204082061,0.5,1727073649564
132,0.5,1.0,0.20491291503797,0.5,0.5,0.5,0.49998298356955,0.5,1727073649581
132,0.5,1.0,0.19769440272461,0.5,0.5,0.5,0.49996484079435,0.5,1727073649688
132,0.5,1.0,0.19047115744883,0.5,0.5,0.5,0.50000248458347,0.5,1727073649712
132,0.5,1.0,0.19316530198625,0.5,0.5,0.5,0.49999114795132,0.5,1727073649720
132,0.5,1.0,0.18594420704303,0.5,0.5,0.5,0.50000373669688,0.5,1727073649735
132,0.5,1.0,0.18863214969559,0.5,0.5,0.5,0.49996854042595,0.5,1727073649840
132,0.5,1.0,0.18141171114139,0.5,0.5,0.5,0.49997289920824,0.5,1727073649848
132,0.5,1.0,0.18410230950024,0.5,0.5,0.5,0.50000437383962,0.5,1727073649865
132,0.5,1.0,0.17688372382201,0.5,0.5,0.5,0.49998660951879,0.5,1727073649881
132,0.5,1.0,0.16966368207466,0.5,0.5,0.5,0.49998643991547,0.5,1727073649898
132,0.5,1.0,0.17235597505234,0.5,0.5,0.5,0.49999765037241,0.5,1727073650584
132,0.5,1.0,0.1750511657017,0.5,0.5,0.5,0.49997294738185,0.5,1727073650640
132,0.5,1.0,0.182285493656,0.5,0.5,0.5,0.49999865856987,0.5,1727073650648
132,0.5,1.0,0.18497084198818,0.5,0.5,0.5,0.4999944934557,0.5,1727073650664
132,0.5,1.0,0.19220770862777,0.5,0.5,0.5,0.49998915147591,0.5,1727073650696
132,0.5,1.0,0.19490123784095,0.5,0.5,0.5,0.49998519713853,0.5,1727073650704
132,0.5,1.0,0.19490123784095,0.5,0.5,0.5,0.49998519713853,0.5,1727073651224
132,0.5,1.0,0.19490123784095,0.5,0.5,0.5,0.49998519713853,0.5,1727073654033
132,0.5,1.0,0.19490123784095,0.49335818690098,0.5,0.5,0.49998519713853,0.50000321941297,1727073654072
132,0.5,1.0,0.19490123784095,0.48953499017133,0.5,0.5,0.49998519713853,0.4999974120677,1727073654081
132,0.5,1.0,0.19490123784095,0.46854222360707,0.5,0.5,0.49998519713853,0.50000288658789,1727073654098
132,0.5,1.0,0.19490123784095,0.43706614391702,0.5,0.5,0.49998519713853,0.50000369559446,1727073654115
132,0.5,1.0,0.19490123784095,0.39144395177018,0.5,0.5,0.49998519713853,0.49999810728771,1727073654131
132,0.5,1.0,0.19490123784095,0.3427997979195,0.5,0.5,0.49998519713853,0.49999981205653,1727073654148
132,0.5,1.0,0.19490123784095,0.2874514696434,0.5,0.5,0.49998519713853,0.50000545304639,1727073654164
132,0.5,1.0,0.19490123784095,0.24928657081341,0.5,0.5,0.49998519713853,0.49999366513468,1727073654181
132,0.5,1.0,0.19490123784095,0.2387897240863,0.5,0.5,0.49998519713853,0.50000576233461,1727073654198
132,0.5,1.0,0.19490123784095,0.22161873474456,0.5,0.5,0.49998519713853,0.50000391634318,1727073654214
132,0.5,1.0,0.19490123784095,0.21112173728193,0.5,0.5,0.49998519713853,0.49999839829014,1727073654232
132,0.5,1.0,0.19490123784095,0.20062086027266,0.5,0.5,0.49998519713853,0.50000669938346,1727073654248
132,0.5,1.0,0.19490123784095,0.17294980687003,0.5,0.5,0.49998519713853,0.50001478894437,1727073654264
132,0.5,1.0,0.19490123784095,0.16245005013633,0.5,0.5,0.49998519713853,0.50000520822823,1727073654281
132,0.5,1.0,0.19490123784095,0.15580722929731,0.5,0.5,0.49998519713853,0.50000982167981,1727073654298
132,0.5,1.0,0.19490123784095,0.15201790450685,0.5,0.5,0.49998519713853,0.50000345578524,1727073654314
132,0.5,1.0,0.19490123784095,0.13876693556368,0.5,0.5,0.49998519713853,0.49999674505647,1727073654331
132,0.5,1.0,0.19490123784095,0.12826893118689,0.5,0.5,0.49998519713853,0.50001077489988,1727073654348
132,0.5,1.0,0.19490123784095,0.11777331270097,0.5,0.5,0.49998519713853,0.50000611921173,1727073654364
132,0.5,1.0,0.19490123784095,0.12445280947873,0.5,0.5,0.49998519713853,0.5000097994502,1727073654824
132,0.5,1.0,0.19490123784095,0.14831315584722,0.5,0.5,0.49998519713853,0.50000756239231,1727073654864
132,0.5,1.0,0.19490123784095,0.1617095391895,0.5,0.5,0.49998519713853,0.50000247319629,1727073654881
132,0.5,1.0,0.19490123784095,0.17888252005557,0.5,0.5,0.49998519713853,0.50000719490584,1727073654898
132,0.5,1.0,0.19490123784095,0.18556256930878,0.5,0.5,0.49998519713853,0.50001104160849,1727073654914
132,0.5,1.0,0.19490123784095,0.19608408741585,0.5,0.5,0.49998519713853,0.50000885460077,1727073654931
132,0.5,1.0,0.19490123784095,0.20275448070911,0.5,0.5,0.49998519713853,0.50000077271149,1727073654948
132,0.5,1.0,0.19490123784095,0.21326486866396,0.5,0.5,0.49998519713853,0.50000396325028,1727073654964
132,0.5,1.0,0.19490123784095,0.2199522560573,0.5,0.5,0.49998519713853,0.49999813456222,1727073655233
132,0.5,1.0,0.19490123784095,0.22662676896733,0.5,0.5,0.49998519713853,0.49999537276541,1727073655264
132,0.5,1.0,0.19490123784095,0.23052133079529,0.5,0.5,0.49998519713853,0.49999799656917,1727073655281
132,0.5,1.0,0.19490123784095,0.21626443407554,0.5,0.5,0.49998519713853,0.50000342388108,1727073655912
132,0.5,1.0,0.19490123784095,0.20961917708614,0.5,0.5,0.49998519713853,0.5000045491919,1727073655928
132,0.5,1.0,0.19490123784095,0.20581985715327,0.5,0.5,0.49998519713853,0.50000540967076,1727073655936
132,0.5,1.0,0.19490123784095,0.19917476954187,0.5,0.5,0.49998519713853,0.50000679842086,1727073655948
132,0.5,1.0,0.19490123784095,0.19917476954187,0.5,0.5,0.49998519713853,0.50000679842086,1727073656392
132,0.5,1.0,0.19490123784095,0.19917476954187,0.5,0.5,0.49998519713853,0.50000679842086,1727073658338
132,0.5,1.0,0.19490123784095,0.19917476954187,0.5,0.5,0.49998519713853,0.50000679842086,1727073659224
132,0.5,1.0,0.19490123784095,0.19917476954187,0.5,0.5,0.49998519713853,0.50000679842086,1727073660393
132,0.49334990093884,1.0,0.19490123784095,0.19917476954187,0.49999707390432,0.5,0.49998519713853,0.50000679842086,1727073660400
132,0.48669181529465,1.0,0.19490123784095,0.19917476954187,0.49999963149705,0.5,0.49998519713853,0.50000679842086,1727073660424
132,0.47239989048372,1.0,0.19490123784095,0.19917476954187,0.49999991641817,0.5,0.49998519713853,0.50000679842086,1727073660464
132,0.45523427821487,1.0,0.19490123784095,0.19917476954187,0.50000274320578,0.5,0.49998519713853,0.50000679842086,1727073660481
132,0.43424128168603,1.0,0.19490123784095,0.19917476954187,0.49999607424175,0.5,0.49998519713853,0.50000679842086,1727073660497
132,0.40276435299906,1.0,0.19490123784095,0.19917476954187,0.49999588019943,0.5,0.49998519713853,0.50000679842086,1727073660514
132,0.35791790212418,1.0,0.19490123784095,0.19917476954187,0.49999530689883,0.5,0.49998519713853,0.50000679842086,1727073660531
132,0.3160058399915,1.0,0.19490123784095,0.19917476954187,0.49999070284906,0.5,0.49998519713853,0.50000679842086,1727073660547
132,0.2950124447792,1.0,0.19490123784095,0.19917476954187,0.49999702608978,0.5,0.49998519713853,0.50000679842086,1727073660564
132,0.27403380431441,1.0,0.19490123784095,0.19917476954187,0.50000319316741,0.5,0.49998519713853,0.50000679842086,1727073660581
132,0.26353361549943,1.0,0.19490123784095,0.19917476954187,0.49999479729175,0.5,0.49998519713853,0.50000679842086,1727073660597
132,0.2568833601711,1.0,0.19490123784095,0.19917476954187,0.49999026789613,0.5,0.49998519713853,0.50000679842086,1727073660624
132,0.24936622452599,1.0,0.19490123784095,0.19917476954187,0.49999668093211,0.5,0.49998519713853,0.50000679842086,1727073660664
132,0.24272571230191,1.0,0.19490123784095,0.19917476954187,0.50000294881949,0.5,0.49998519713853,0.50000679842086,1727073660681
132,0.2322233680239,1.0,0.19490123784095,0.19917476954187,0.49999153813379,0.5,0.49998519713853,0.50000679842086,1727073660697
132,0.21796823940518,1.0,0.19490123784095,0.19917476954187,0.49999883204081,0.5,0.49998519713853,0.50000679842086,1727073660714
132,0.20747467401893,1.0,0.19490123784095,0.19917476954187,0.49999728952937,0.5,0.49998519713853,0.50000679842086,1727073660731
132,0.20082312719655,1.0,0.19490123784095,0.19917476954187,0.49999065423688,0.5,0.49998519713853,0.50000679842086,1727073663601
132,0.19417774555079,1.0,0.19490123784095,0.19917476954187,0.49999147290097,0.5,0.49998519713853,0.50000679842086,1727073663889
132,0.18753493823631,1.0,0.19490123784095,0.19917476954187,0.49999556035242,0.5,0.49998519713853,0.50000679842086,1727073664400
132,0.18088491395409,1.0,0.19490123784095,0.19917476954187,0.49999053948494,0.5,0.49998519713853,0.50000679842086,1727073664447
132,0.17709479573441,1.0,0.19490123784095,0.19917476954187,0.50000321176515,0.5,0.49998519713853,0.50000679842086,1727073664632
132,0.17709479573441,1.0,0.19490123784095,0.19917476954187,0.50000321176515,0.5,0.49998519713853,0.50000679842086,1727073665601
133,0.83333333333333,0.0,1.0,0.33333333333333,0.5,0.5,0.5,0.5,1727073670505
133,0.83333333333333,0.0,1.0,0.33333333333333,0.5,0.5,0.5,0.5,1727073671394
133,0.83333333333333,0.0,0.99738994092808,0.33333333333333,0.5,0.5,0.49999290790176,0.5,1727073671433
133,0.83333333333333,0.0,0.99016892522297,0.33333333333333,0.5,0.5,0.49999700806708,0.5,1727073671447
133,0.83333333333333,0.0,0.97572332189804,0.33333333333333,0.5,0.5,0.4999856008194,0.5,1727073671463
133,0.83333333333333,0.0,0.94684985298786,0.33333333333333,0.5,0.5,0.49999186192413,0.5,1727073671480
133,0.83333333333333,0.0,0.92519789775197,0.33333333333333,0.5,0.5,0.49999184842687,0.5,1727073671497
133,0.83333333333333,0.0,0.9134344090771,0.33333333333333,0.5,0.5,0.49999280918811,0.5,1727073671514
133,0.83333333333333,0.0,0.90440530318336,0.33333333333333,0.5,0.5,0.49999260200867,0.5,1727073671530
133,0.83333333333333,0.0,0.88996601195361,0.33333333333333,0.5,0.5,0.49998890627723,0.5,1727073671547
133,0.83333333333333,0.0,0.88273571361775,0.33333333333333,0.5,0.5,0.49999844978528,0.5,1727073671564
133,0.83333333333333,0.0,0.86829546355053,0.33333333333333,0.5,0.5,0.49999925697335,0.5,1727073671580
133,0.83333333333333,0.0,0.86106929974641,0.33333333333333,0.5,0.5,0.49998952777945,0.5,1727073671597
133,0.83333333333333,0.0,0.85651758828928,0.33333333333333,0.5,0.5,0.49999093096797,0.5,1727073671613
133,0.83333333333333,0.0,0.84476084782458,0.33333333333333,0.5,0.5,0.49999883353219,0.5,1727073671630
133,0.83333333333333,0.0,0.83753455349849,0.33333333333333,0.5,0.5,0.49998952073985,0.5,1727073671647
133,0.83333333333333,0.0,0.830313601956,0.33333333333333,0.5,0.5,0.4999938933031,0.5,1727073671663
133,0.83333333333333,0.0,0.81136418757144,0.33333333333333,0.5,0.5,0.49998816831544,0.5,1727073671680
133,0.83333333333333,0.0,0.80681199984292,0.33333333333333,0.5,0.5,0.4999919963946,0.5,1727073671697
133,0.83333333333333,0.0,0.79958332289053,0.33333333333333,0.5,0.5,0.49999421139308,0.5,1727073671728
133,0.83333333333333,0.0,0.79504105940664,0.33333333333333,0.5,0.5,0.49998938102926,0.5,1727073671763
133,0.83333333333333,0.0,0.78781279503742,0.33333333333333,0.5,0.5,0.49998951689134,0.5,1727073671780
133,0.83333333333333,0.0,0.7904658918244,0.33333333333333,0.5,0.5,0.49998531577485,0.5,1727073671841
133,0.83333333333333,0.0,0.78591494108845,0.33333333333333,0.5,0.5,0.49998294283967,0.5,1727073671856
133,0.83333333333333,0.0,0.78136947950936,0.33333333333333,0.5,0.5,0.4999942694597,0.5,1727073671872
133,0.83333333333333,0.0,0.77414247379955,0.33333333333333,0.5,0.5,0.49998799286054,0.5,1727073671880
133,0.83333333333333,0.0,0.77231572643092,0.33333333333333,0.5,0.5,0.49999450629306,0.5,1727073671897
133,0.83333333333333,0.0,0.77497502653811,0.33333333333333,0.5,0.5,0.50000037881967,0.5,1727073671914
133,0.83333333333333,0.0,0.76774921660347,0.33333333333333,0.5,0.5,0.49998794103992,0.5,1727073671930
133,0.83333333333333,0.0,0.77040786232112,0.33333333333333,0.5,0.5,0.49999722197678,0.5,1727073672008
133,0.83333333333333,0.0,0.76318129679642,0.33333333333333,0.5,0.5,0.49998861881067,0.5,1727073672016
133,0.83333333333333,0.0,0.76584081091698,0.33333333333333,0.5,0.5,0.49999345403674,0.5,1727073672105
133,0.83333333333333,0.0,0.75861190793496,0.33333333333333,0.5,0.5,0.49999694537374,0.5,1727073672114
133,0.83333333333333,0.0,0.75406148825458,0.33333333333333,0.5,0.5,0.49999177452482,0.5,1727073672130
133,0.83333333333333,0.0,0.74683965916939,0.33333333333333,0.5,0.5,0.5000011488927,0.5,1727073672180
133,0.83333333333333,0.0,0.74949318536717,0.33333333333333,0.5,0.5,0.49999449023443,0.5,1727073672200
133,0.83333333333333,0.0,0.74227322950384,0.33333333333333,0.5,0.5,0.49999402168179,0.5,1727073672257
133,0.83333333333333,0.0,0.74492613580709,0.33333333333333,0.5,0.5,0.4999906208376,0.5,1727073672297
133,0.83333333333333,0.0,0.73770519522502,0.33333333333333,0.5,0.5,0.49999535320165,0.5,1727073672369
133,0.83333333333333,0.0,0.73047769591239,0.33333333333333,0.5,0.5,0.49999144666938,0.5,1727073672413
133,0.83333333333333,0.0,0.73313861132029,0.33333333333333,0.5,0.5,0.49998895611561,0.5,1727073672430
133,0.83333333333333,0.0,0.73579039450341,0.33333333333333,0.5,0.5,0.49999151559279,0.5,1727073672769
133,0.83333333333333,0.0,0.72857072798414,0.33333333333333,0.5,0.5,0.49998946703677,0.5,1727073672780
133,0.83333333333333,0.0,0.73122292915413,0.33333333333333,0.5,0.5,0.49998980180997,0.5,1727073672798
133,0.83333333333333,0.0,0.7266787818086,0.33333333333333,0.5,0.5,0.49999473392042,0.5,1727073672813
133,0.83333333333333,0.0,0.71768344780082,0.33333333333333,0.5,0.5,0.49998893085528,0.5,1727073672830
133,0.83333333333333,0.0,0.72305200466476,0.33333333333333,0.5,0.5,0.49999679979073,0.5,1727073672847
133,0.83333333333333,0.0,0.71850921247772,0.33333333333333,0.5,0.5,0.49999446428698,0.5,1727073672863
133,0.83333333333333,0.0,0.71128046305615,0.33333333333333,0.5,0.5,0.49999729690404,0.5,1727073673025
133,0.83333333333333,0.0,0.71394153102762,0.33333333333333,0.5,0.5,0.49999391009467,0.5,1727073673032
133,0.83333333333333,0.0,0.706714365104,0.33333333333333,0.5,0.5,0.49998806712789,0.5,1727073673048
133,0.83333333333333,0.0,0.70937262195052,0.33333333333333,0.5,0.5,0.50000006509922,0.5,1727073673063
133,0.83333333333333,0.0,0.7021466579864,0.33333333333333,0.5,0.5,0.49998761683764,0.5,1727073673080
133,0.83333333333333,0.0,0.69760198206552,0.33333333333333,0.5,0.5,0.49999561672113,0.5,1727073673097
133,0.83333333333333,0.0,0.6930609545462,0.33333333333333,0.5,0.5,0.49998339386702,0.5,1727073673113
133,0.83333333333333,0.0,0.68582906070503,0.33333333333333,0.5,0.5,0.50000384888409,0.5,1727073673130
133,0.83333333333333,0.0,0.68128664696199,0.33333333333333,0.5,0.5,0.49999932206389,0.5,1727073673147
133,0.83333333333333,0.0,0.67405900539126,0.33333333333333,0.5,0.5,0.49999601584828,0.5,1727073673163
133,0.83333333333333,0.0,0.67671875822919,0.33333333333333,0.5,0.5,0.49999994323225,0.5,1727073673180
133,0.83333333333333,0.0,0.66949179679305,0.33333333333333,0.5,0.5,0.4999927441561,0.5,1727073673197
133,0.83333333333333,0.0,0.67215129549601,0.33333333333333,0.5,0.5,0.4999981465015,0.5,1727073673224
133,0.83333333333333,0.0,0.66493148949301,0.33333333333333,0.5,0.5,0.49999680771841,0.5,1727073673232
133,0.83333333333333,0.0,0.6577035030272,0.33333333333333,0.5,0.5,0.49999541569011,0.5,1727073673247
133,0.83333333333333,0.0,0.66036530730276,0.33333333333333,0.5,0.5,0.4999875911218,0.5,1727073673263
133,0.83333333333333,0.0,0.65313697744185,0.33333333333333,0.5,0.5,0.49998811342195,0.5,1727073673280
133,0.83333333333333,0.0,0.65579671891149,0.33333333333333,0.5,0.5,0.4999922205352,0.5,1727073673297
133,0.83333333333333,0.0,0.64857720564202,0.33333333333333,0.5,0.5,0.49998910037729,0.5,1727073675937
133,0.83333333333333,0.0,0.64135070106135,0.33333333333333,0.5,0.5,0.49997889684135,0.5,1727073675985
133,0.83333333333333,0.0,0.64135070106135,0.33333333333333,0.5,0.5,0.49997889684135,0.5,1727073676369
133,0.83333333333333,0.0,0.64135070106135,0.33333333333333,0.5,0.5,0.49997889684135,0.5,1727073679698
133,0.83333333333333,0.0,0.64135070106135,0.34000409828474,0.5,0.5,0.49997889684135,0.5000038296347,1727073679777
133,0.83333333333333,0.0,0.64135070106135,0.34667455002926,0.5,0.5,0.49997889684135,0.4999978072961,1727073679784
133,0.83333333333333,0.0,0.64135070106135,0.34287354541507,0.5,0.5,0.49997889684135,0.49999685901927,1727073679796
133,0.83333333333333,0.0,0.64135070106135,0.349547464676,0.5,0.5,0.49997889684135,0.49999413174168,1727073679813
133,0.83333333333333,0.0,0.64135070106135,0.35621231000088,0.5,0.5,0.49997889684135,0.49999720374327,1727073679830
133,0.83333333333333,0.0,0.64135070106135,0.36958947698646,0.5,0.5,0.49997889684135,0.50000432599031,1727073679846
133,0.83333333333333,0.0,0.64135070106135,0.37625845171174,0.5,0.5,0.49997889684135,0.49999728256637,1727073679863
133,0.83333333333333,0.0,0.64135070106135,0.38962999790567,0.5,0.5,0.49997889684135,0.49999933515636,1727073679880
133,0.83333333333333,0.0,0.64135070106135,0.40299641660132,0.5,0.5,0.49997889684135,0.49999697451164,1727073679896
133,0.83333333333333,0.0,0.64135070106135,0.40967770552816,0.5,0.5,0.49997889684135,0.50000065393733,1727073679946
133,0.83333333333333,0.0,0.64135070106135,0.41634779049703,0.5,0.5,0.49997889684135,0.499994989608,1727073679968
133,0.83333333333333,0.0,0.64135070106135,0.42301876687003,0.5,0.5,0.49997889684135,0.50000277070014,1727073680013
133,0.83333333333333,0.0,0.64135070106135,0.42969106548839,0.5,0.5,0.49997889684135,0.49999899239052,1727073680105
133,0.83333333333333,0.0,0.64135070106135,0.43636510256,0.5,0.5,0.49997889684135,0.49999668397571,1727073680209
133,0.83333333333333,0.0,0.64135070106135,0.44303878009515,0.5,0.5,0.49997889684135,0.49999413399468,1727073680224
133,0.83333333333333,0.0,0.64135070106135,0.44970953051597,0.5,0.5,0.49997889684135,0.50000144839655,1727073680265
133,0.83333333333333,0.0,0.64135070106135,0.45638187999701,0.5,0.5,0.49997889684135,0.49999786503698,1727073680345
133,0.83333333333333,0.0,0.64135070106135,0.46305350349334,0.5,0.5,0.49997889684135,0.49999378739684,1727073680433
133,0.83333333333333,0.0,0.64135070106135,0.46971805047711,0.5,0.5,0.49997889684135,0.4999961495642,1727073680480
133,0.83333333333333,0.0,0.64135070106135,0.47640072719147,0.5,0.5,0.49997889684135,0.50000055192899,1727073680553
133,0.83333333333333,0.0,0.64135070106135,0.48027401872934,0.5,0.5,0.49997889684135,0.49999780732747,1727073680833
133,0.83333333333333,0.0,0.64135070106135,0.48694544961364,0.5,0.5,0.49997889684135,0.49999371830843,1727073680880
133,0.83333333333333,0.0,0.64135070106135,0.49746119409663,0.5,0.5,0.49997889684135,0.49999974599574,1727073680985
133,0.83333333333333,0.0,0.64135070106135,0.49080915319555,0.5,0.5,0.49997889684135,0.49999536241335,1727073681897
133,0.83333333333333,0.0,0.64135070106135,0.48415180578975,0.5,0.5,0.49997889684135,0.49999846773895,1727073682017
133,0.83333333333333,0.0,0.64135070106135,0.48033276730049,0.5,0.5,0.49997889684135,0.4999957014088,1727073682073
133,0.83333333333333,0.0,0.64135070106135,0.48033276730049,0.5,0.5,0.49997889684135,0.4999957014088,1727073682345
133,0.83333333333333,0.0,0.64135070106135,0.48033276730049,0.5,0.5,0.49997889684135,0.4999957014088,1727073683450
133,0.82667969075578,0.0,0.64135070106135,0.48033276730049,0.50000141722809,0.5,0.49997889684135,0.4999957014088,1727073683473
133,0.80950872073123,0.0,0.64135070106135,0.48033276730049,0.50000053515327,0.5,0.49997889684135,0.4999957014088,1727073683513
133,0.79520196711766,0.0,0.64135070106135,0.48033276730049,0.50000103762576,0.5,0.49997889684135,0.4999957014088,1727073683529
133,0.76086437154667,0.0,0.64135070106135,0.48033276730049,0.50000154517359,0.5,0.49997889684135,0.4999957014088,1727073683546
133,0.72268995105936,0.0,0.64135070106135,0.48033276730049,0.49999866423996,0.5,0.49997889684135,0.4999957014088,1727073683563
133,0.6912078861356,0.0,0.64135070106135,0.48033276730049,0.50000461943473,0.5,0.49997889684135,0.4999957014088,1727073683580
133,0.64635643616097,0.0,0.64135070106135,0.48033276730049,0.50000159305495,0.5,0.49997889684135,0.4999957014088,1727073683596
133,0.61487459017509,0.0,0.64135070106135,0.48033276730049,0.49999851285174,0.5,0.49997889684135,0.4999957014088,1727073683613
133,0.58720029970718,0.0,0.64135070106135,0.48033276730049,0.50000019736875,0.5,0.49997889684135,0.4999957014088,1727073683629
133,0.55951912173172,0.0,0.64135070106135,0.48033276730049,0.49999730628588,0.5,0.49997889684135,0.4999957014088,1727073683646
133,0.54522386505857,0.0,0.64135070106135,0.48033276730049,0.50000587948286,0.5,0.49997889684135,0.4999957014088,1727073683663
133,0.52423028693242,0.0,0.64135070106135,0.48033276730049,0.49999965655563,0.5,0.49997889684135,0.4999957014088,1727073683679
133,0.50323108545196,0.0,0.64135070106135,0.48033276730049,0.50000023145865,0.5,0.49997889684135,0.4999957014088,1727073683696
133,0.48521239420229,0.0,0.64135070106135,0.48033276730049,0.49999775751571,0.5,0.49997889684135,0.4999957014088,1727073683713
133,0.47192747616559,0.0,0.64135070106135,0.48033276730049,0.50000335965473,0.5,0.49997889684135,0.4999957014088,1727073683730
133,0.46436501306172,0.0,0.64135070106135,0.48033276730049,0.50000861831538,0.5,0.49997889684135,0.4999957014088,1727073683746
133,0.4605439263397,0.0,0.64135070106135,0.48033276730049,0.50000424027117,0.5,0.49997889684135,0.4999957014088,1727073683763
133,0.45389560477867,0.0,0.64135070106135,0.48033276730049,0.50000258245331,0.5,0.49997889684135,0.4999957014088,1727073683780
133,0.45007801316017,0.0,0.64135070106135,0.48033276730049,0.5000008584675,0.5,0.49997889684135,0.4999957014088,1727073683796
133,0.44626770483127,0.0,0.64135070106135,0.48033276730049,0.50000488273796,0.5,0.49997889684135,0.4999957014088,1727073683813
133,0.42527189705047,0.0,0.64135070106135,0.48033276730049,0.49999589647211,0.5,0.49997889684135,0.4999957014088,1727073683830
133,0.40428407072912,0.0,0.64135070106135,0.48033276730049,0.50000602291903,0.5,0.49997889684135,0.4999957014088,1727073683846
133,0.39672660317945,0.0,0.64135070106135,0.48033276730049,0.50000300610064,0.5,0.49997889684135,0.4999957014088,1727073683863
133,0.37955980744918,0.0,0.64135070106135,0.48033276730049,0.50000522051935,0.5,0.49997889684135,0.4999957014088,1727073683879
133,0.36157640903275,0.0,0.64135070106135,0.48033276730049,0.500006471107,0.5,0.49997889684135,0.4999957014088,1727073683896
133,0.33776416425358,0.0,0.64135070106135,0.48033276730049,0.5000096784565,0.5,0.49997889684135,0.4999957014088,1727073683913
133,0.33111392573606,0.0,0.64135070106135,0.48033276730049,0.50000591392298,0.5,0.49997889684135,0.4999957014088,1727073683963
133,0.32730738319906,0.0,0.64135070106135,0.48033276730049,0.4999997048011,0.5,0.49997889684135,0.4999957014088,1727073683980
133,0.31680195207093,0.0,0.64135070106135,0.48033276730049,0.50000189878053,0.5,0.49997889684135,0.4999957014088,1727073683996
133,0.29963076491825,0.0,0.64135070106135,0.48033276730049,0.49999999567411,0.5,0.49997889684135,0.4999957014088,1727073684013
133,0.28913333944191,-0.0,0.64135070106135,0.48033276730049,0.49999476202998,0.5,0.49997889684135,0.4999957014088,1727073684030
133,0.26815408581706,0.0,0.64135070106135,0.48033276730049,0.50000025500769,0.5,0.49997889684135,0.4999957014088,1727073684046
133,0.26149607776873,-0.0,0.64135070106135,0.48033276730049,0.50000406366653,0.5,0.49997889684135,0.4999957014088,1727073684063
133,0.25769742455986,0.0,0.64135070106135,0.48033276730049,0.50000555660142,0.5,0.49997889684135,0.4999957014088,1727073684079
133,0.2510561905613,0.0,0.64135070106135,0.48033276730049,0.50001104369664,0.5,0.49997889684135,0.4999957014088,1727073684096
133,0.24055524022037,0.0,0.64135070106135,0.48033276730049,0.50000156677313,0.5,0.49997889684135,0.4999957014088,1727073684113
133,0.23390354623048,0.0,0.64135070106135,0.48033276730049,0.49999527621679,0.5,0.49997889684135,0.4999957014088,1727073684129
133,0.22340271419844,0.0,0.64135070106135,0.48033276730049,0.50000316097588,0.5,0.49997889684135,0.4999957014088,1727073684146
133,0.21290735706195,0.0,0.64135070106135,0.48033276730049,0.49999960071768,0.5,0.49997889684135,0.4999957014088,1727073684163
133,0.20626213861021,0.0,0.64135070106135,0.48033276730049,0.50000072519554,0.5,0.49997889684135,0.4999957014088,1727073684179
133,0.20246814952587,0.0,0.64135070106135,0.48033276730049,0.50000805551045,0.5,0.49997889684135,0.4999957014088,1727073684229
133,0.19582570021118,0.0,0.64135070106135,0.48033276730049,0.50001275669866,0.5,0.49997889684135,0.4999957014088,1727073684657
133,0.19201972091066,0.0,0.64135070106135,0.48033276730049,0.50000540862959,0.5,0.49997889684135,0.4999957014088,1727073684696
133,0.18537560642159,0.0,0.64135070106135,0.48033276730049,0.50000807365574,0.5,0.49997889684135,0.4999957014088,1727073684713
133,0.17873776425582,-0.0,0.64135070106135,0.48033276730049,0.49999910333965,0.5,0.49997889684135,0.4999957014088,1727073684763
133,0.17209513221973,-0.0,0.64135070106135,0.48033276730049,0.5000036893148,0.5,0.49997889684135,0.4999957014088,1727073685089
133,0.16829781563675,-0.0,0.64135070106135,0.48033276730049,0.50000725961785,0.5,0.49997889684135,0.4999957014088,1727073685201
133,0.16165013291037,-0.0,0.64135070106135,0.48033276730049,0.50000532920889,0.5,0.49997889684135,0.4999957014088,1727073685246
133,0.16832951691064,-0.0,0.64135070106135,0.48033276730049,0.50000848742906,0.5,0.49997889684135,0.4999957014088,1727073686369
133,0.1750156315344,0.0,0.64135070106135,0.48033276730049,0.50000032030251,0.5,0.49997889684135,0.4999957014088,1727073686413
133,0.18169255533493,0.0,0.64135070106135,0.48033276730049,0.50000031627263,0.5,0.49997889684135,0.4999957014088,1727073687537
133,0.19221071120914,0.0,0.64135070106135,0.48033276730049,0.5000133542113,0.5,0.49997889684135,0.4999957014088,1727073687545
133,0.19221071120914,0.0,0.64135070106135,0.48033276730049,0.5000133542113,0.5,0.49997889684135,0.4999957014088,1727073687545
133,0.19221071120914,0.0,0.64135070106135,0.48033276730049,0.5000133542113,0.5,0.49997889684135,0.4999957014088,1727073687994
133,0.19221071120914,0.00393009687453,0.64135070106135,0.48033276730049,0.5000133542113,0.49998475846593,0.49997889684135,0.4999957014088,1727073688001
133,0.19221071120914,0.01061775458653,0.64135070106135,0.48033276730049,0.5000133542113,0.4999949864061,0.49997889684135,0.4999957014088,1727073688013
133,0.19221071120914,0.02513838739898,0.64135070106135,0.48033276730049,0.5000133542113,0.50000014856244,0.49997889684135,0.4999957014088,1727073688029
133,0.19221071120914,0.07666156502406,0.64135070106135,0.48033276730049,0.5000133542113,0.49999995516851,0.49997889684135,0.4999957014088,1727073688046
133,0.19221071120914,0.13867593304992,0.64135070106135,0.48033276730049,0.5000133542113,0.50000140433381,0.49997889684135,0.4999957014088,1727073688063
133,0.19221071120914,0.21408599942917,0.64135070106135,0.48033276730049,0.5000133542113,0.50000749416191,0.49997889684135,0.4999957014088,1727073688079
133,0.19221071120914,0.31713718499997,0.64135070106135,0.48033276730049,0.5000133542113,0.50000124095693,0.49997889684135,0.4999957014088,1727073688096
133,0.19221071120914,0.44784156805648,0.64135070106135,0.48033276730049,0.5000133542113,0.5000036230016,0.49997889684135,0.4999957014088,1727073688113
133,0.19221071120914,0.51653620947833,0.64135070106135,0.48033276730049,0.5000133542113,0.50000161978836,0.49997889684135,0.4999957014088,1727073688129
133,0.19221071120914,0.56138482419344,0.64135070106135,0.48033276730049,0.5000133542113,0.49999985811619,0.49997889684135,0.4999957014088,1727073688146
133,0.19221071120914,0.59957989333481,0.64135070106135,0.48033276730049,0.5000133542113,0.50000306434379,0.49997889684135,0.4999957014088,1727073688163
133,0.19221071120914,0.61009679968075,0.64135070106135,0.48033276730049,0.5000133542113,0.49999712060217,0.49997889684135,0.4999957014088,1727073688179
133,0.19221071120914,0.61677125447252,0.64135070106135,0.48033276730049,0.5000133542113,0.49999871277955,0.49997889684135,0.4999957014088,1727073688196
133,0.19221071120914,0.63116402941332,0.64135070106135,0.48033276730049,0.5000133542113,0.50000325440044,0.49997889684135,0.4999957014088,1727073688213
133,0.19221071120914,0.64833750803041,0.64135070106135,0.48033276730049,0.5000133542113,0.5000005851883,0.49997889684135,0.4999957014088,1727073688229
133,0.19221071120914,0.66550464035385,0.64135070106135,0.48033276730049,0.5000133542113,0.5000018379276,0.49997889684135,0.4999957014088,1727073688246
133,0.19221071120914,0.6826799575141,0.64135070106135,0.48033276730049,0.5000133542113,0.49999820627434,0.49997889684135,0.4999957014088,1727073688263
133,0.19221071120914,0.70370682743082,0.64135070106135,0.48033276730049,0.5000133542113,0.50000049997716,0.49997889684135,0.4999957014088,1727073688279
133,0.19221071120914,0.71422425393049,0.64135070106135,0.48033276730049,0.5000133542113,0.5000037253547,0.49997889684135,0.4999957014088,1727073688296
133,0.19221071120914,0.76294148433642,0.64135070106135,0.48033276730049,0.5000133542113,0.49999835473709,0.49997889684135,0.4999957014088,1727073688313
133,0.19221071120914,0.79450565520747,0.64135070106135,0.48033276730049,0.5000133542113,0.50000107525751,0.49997889684135,0.4999957014088,1727073688329
133,0.19221071120914,0.83935006474605,0.64135070106135,0.48033276730049,0.5000133542113,0.50000191380225,0.49997889684135,0.4999957014088,1727073688346
133,0.19221071120914,0.86038184343705,0.64135070106135,0.48033276730049,0.5000133542113,0.50000137633318,0.49997889684135,0.4999957014088,1727073688362
133,0.19221071120914,0.88806047845069,0.64135070106135,0.48033276730049,0.5000133542113,0.50000051351811,0.49997889684135,0.4999957014088,1727073688379
133,0.19221071120914,0.91573733376591,0.64135070106135,0.48033276730049,0.5000133542113,0.50000053337371,0.49997889684135,0.4999957014088,1727073688396
133,0.19221071120914,0.9500770014631,0.64135070106135,0.48033276730049,0.5000133542113,0.49999996398848,0.49997889684135,0.4999957014088,1727073688412
133,0.19221071120914,0.98162967842905,0.64135070106135,0.48033276730049,0.5000133542113,0.50000048828851,0.49997889684135,0.4999957014088,1727073688429
133,0.19221071120914,0.99999370981943,0.64135070106135,0.48033276730049,0.5000133542113,0.50000277438292,0.49997889684135,0.4999957014088,1727073688446
133,0.19221071120914,0.99999370981943,0.64135070106135,0.48033276730049,0.5000133542113,0.50000277438292,0.49997889684135,0.4999957014088,1727073688462
133,0.19221071120914,0.99999370981943,0.64135070106135,0.48033276730049,0.5000133542113,0.50000277438292,0.49997889684135,0.4999957014088,1727073688479
133,0.19221071120914,0.99333861992246,0.64135070106135,0.48033276730049,0.5000133542113,0.49999992976837,0.49997889684135,0.4999957014088,1727073688753
133,0.19221071120914,0.98667823322799,0.64135070106135,0.48033276730049,0.5000133542113,0.49999941591594,0.49997889684135,0.4999957014088,1727073688769
133,0.19221071120914,0.98002977195164,0.64135070106135,0.48033276730049,0.5000133542113,0.50000044700449,0.49997889684135,0.4999957014088,1727073688779
133,0.19221071120914,0.97337605843054,0.64135070106135,0.48033276730049,0.5000133542113,0.49999692303647,0.49997889684135,0.4999957014088,1727073688796
133,0.19221071120914,0.96007181507967,0.64135070106135,0.48033276730049,0.5000133542113,0.50000232729037,0.49997889684135,0.4999957014088,1727073688813
133,0.19221071120914,0.94677378411103,0.64135070106135,0.48033276730049,0.5000133542113,0.49999790237109,0.49997889684135,0.4999957014088,1727073688829
133,0.19221071120914,0.92960374921129,0.64135070106135,0.48033276730049,0.5000133542113,0.49999824767645,0.49997889684135,0.4999957014088,1727073688846
133,0.19221071120914,0.92295170658589,0.64135070106135,0.48033276730049,0.5000133542113,0.50000100567311,0.49997889684135,0.4999957014088,1727073688863
133,0.19221071120914,0.91629902713896,0.64135070106135,0.48033276730049,0.5000133542113,0.49999682360914,0.49997889684135,0.4999957014088,1727073688879
133,0.19221071120914,0.90578722091795,0.64135070106135,0.48033276730049,0.5000133542113,0.4999987571196,0.49997889684135,0.4999957014088,1727073689777
133,0.19221071120914,0.89913509000407,0.64135070106135,0.48033276730049,0.5000133542113,0.50000161758634,0.49997889684135,0.4999957014088,1727073689825
133,0.19221071120914,0.89248126590532,0.64135070106135,0.48033276730049,0.5000133542113,0.49999790427612,0.49997889684135,0.4999957014088,1727073689863
133,0.19221071120914,0.88582607765899,0.64135070106135,0.48033276730049,0.5000133542113,0.50000227728601,0.49997889684135,0.4999957014088,1727073689913
133,0.19221071120914,0.88199318091362,0.64135070106135,0.48033276730049,0.5000133542113,0.50000332118885,0.49997889684135,0.4999957014088,1727073689929
133,0.19221071120914,0.87534255305313,0.64135070106135,0.48033276730049,0.5000133542113,0.49999799548244,0.49997889684135,0.4999957014088,1727073689946
133,0.19221071120914,0.86204410608147,0.64135070106135,0.48033276730049,0.5000133542113,0.50000101524044,0.49997889684135,0.4999957014088,1727073689963
133,0.19221071120914,0.85154186438297,0.64135070106135,0.48033276730049,0.5000133542113,0.49999829685498,0.49997889684135,0.4999957014088,1727073689979
133,0.19221071120914,0.83437112573153,0.64135070106135,0.48033276730049,0.5000133542113,0.49999903654093,0.49997889684135,0.4999957014088,1727073689996
133,0.19221071120914,0.83437112573153,0.64135070106135,0.48033276730049,0.5000133542113,0.49999903654093,0.49997889684135,0.4999957014088,1727073692457
133,0.19221071120914,0.83437112573153,0.64135070106135,0.48033276730049,0.5000133542113,0.49999903654093,0.49997889684135,0.4999957014088,1727073693633
133,0.18556626704684,0.83437112573153,0.64135070106135,0.48033276730049,0.50001572198127,0.49999903654093,0.49997889684135,0.4999957014088,1727073693897
133,0.18556626704684,0.83437112573153,0.64135070106135,0.48033276730049,0.50001572198127,0.49999903654093,0.49997889684135,0.4999957014088,1727073694385
133,0.18556626704684,0.83437112573153,0.64135070106135,0.48033276730049,0.50001572198127,0.49999903654093,0.49997889684135,0.4999957014088,1727073695842
133,0.18556626704684,0.83437112573153,0.64135070106135,0.48033276730049,0.50001572198127,0.49999903654093,0.49997889684135,0.4999957014088,1727073696977
133,0.18556626704684,0.83437112573153,0.64135070106135,0.48033276730049,0.50001572198127,0.49999903654093,0.49997889684135,0.4999957014088,1727073699674
133,0.18556626704684,0.82771591478442,0.64135070106135,0.48033276730049,0.50001572198127,0.50000366395107,0.49997889684135,0.4999957014088,1727073699801
133,0.18556626704684,0.82106362145437,0.64135070106135,0.48033276730049,0.50001572198127,0.49999892778189,0.49997889684135,0.4999957014088,1727073699817
133,0.18556626704684,0.81440532519698,0.64135070106135,0.48033276730049,0.50001572198127,0.49999724171568,0.49997889684135,0.4999957014088,1727073699862
133,0.18556626704684,0.80775264610268,0.64135070106135,0.48033276730049,0.50001572198127,0.50000062549877,0.49997889684135,0.4999957014088,1727073699912
133,0.18556626704684,0.801090816106,0.64135070106135,0.48033276730049,0.50001572198127,0.50000078238225,0.49997889684135,0.4999957014088,1727073699977
133,0.18556626704684,0.80776473133833,0.64135070106135,0.48033276730049,0.50001572198127,0.50000234519821,0.49997889684135,0.4999957014088,1727073700745
133,0.18556626704684,0.81443491674939,0.64135070106135,0.48033276730049,0.50001572198127,0.49999785177527,0.49997889684135,0.4999957014088,1727073700857
133,0.18556626704684,0.82110830335025,0.64135070106135,0.48033276730049,0.50001572198127,0.4999996854796,0.49997889684135,0.4999957014088,1727073700977
133,0.18556626704684,0.82110830335025,0.64135070106135,0.48033276730049,0.50001572198127,0.4999996854796,0.49997889684135,0.4999957014088,1727073701633
134,0.33333333333333,1.0,0.33333333333333,0.83333333333333,0.5,0.5,0.5,0.5,1727073704609
134,0.33333333333333,1.0,0.34057036466172,0.83333333333333,0.5,0.5,0.49999274235349,0.5,1727073704673
134,0.33333333333333,1.0,0.36230476739656,0.83333333333333,0.5,0.5,0.49998770198996,0.5,1727073704681
134,0.33333333333333,1.0,0.40371068913257,0.83333333333333,0.5,0.5,0.49997868506268,0.5,1727073704695
134,0.33333333333333,1.0,0.54057100184456,0.83333333333333,0.5,0.5,0.49998990695536,0.5,1727073704712
134,0.33333333333333,1.0,0.70447879144258,0.83333333333333,0.5,0.5,0.49999243902246,0.5,1727073704728
134,0.33333333333333,1.0,0.99112734602748,0.83333333333333,0.5,0.5,0.49999421659539,0.5,1727073704745
134,0.33333333333333,1.0,1.0,0.83333333333333,0.5,0.5,0.5,0.5,1727073704762
134,0.33333333333333,1.0,1.0,0.83333333333333,0.5,0.5,0.5,0.5,1727073704778
134,0.33333333333333,1.0,1.0,0.83333333333333,0.5,0.5,0.5,0.5,1727073704795
134,0.33333333333333,1.0,1.0,0.83333333333333,0.5,0.5,0.5,0.5,1727073704812
134,0.33333333333333,1.0,1.0,0.83333333333333,0.5,0.5,0.5,0.5,1727073704828
134,0.33333333333333,1.0,1.0,0.83333333333333,0.5,0.5,0.5,0.5,1727073704845
134,0.33333333333333,1.0,1.0,0.83333333333333,0.5,0.5,0.5,0.5,1727073704862
134,0.33333333333333,1.0,1.0,0.83333333333333,0.5,0.5,0.5,0.5,1727073704878
134,0.33333333333333,1.0,1.0,0.83333333333333,0.5,0.5,0.5,0.5,1727073704895
134,0.33333333333333,1.0,1.0,0.83333333333333,0.5,0.5,0.5,0.5,1727073704912
134,0.33333333333333,1.0,1.0,0.83333333333333,0.5,0.5,0.5,0.5,1727073704928
134,0.33333333333333,1.0,1.0,0.83333333333333,0.5,0.5,0.5,0.5,1727073704993
134,0.33333333333333,1.0,1.0,0.83333333333333,0.5,0.5,0.5,0.5,1727073706898
134,0.32667585931386,1.0,1.0,0.83333333333333,0.49999898299287,0.5,0.5,0.5,1727073706961
134,0.32002543578155,1.0,1.0,0.83333333333333,0.49999484147712,0.5,0.5,0.5,1727073706979
134,0.3057653378988,1.0,1.0,0.83333333333333,0.49999613820021,0.5,0.5,0.5,1727073706995
134,0.28859711988585,1.0,1.0,0.83333333333333,0.49999705180082,0.5,0.5,0.5,1727073707012
134,0.27142576986993,1.0,1.0,0.83333333333333,0.49999471392354,0.5,0.5,0.5,1727073707028
134,0.24374777189722,1.0,1.0,0.83333333333333,0.49999321734651,0.5,0.5,0.5,1727073707045
134,0.22276943035509,1.0,1.0,0.83333333333333,0.50000023275067,0.5,0.5,0.5,1727073707061
134,0.21226614379114,1.0,1.0,0.83333333333333,0.49998714386752,0.5,0.5,0.5,1727073707078
134,0.1950990190519,1.0,1.0,0.83333333333333,0.49998925670045,0.5,0.5,0.5,1727073707095
134,0.19130252718836,1.0,1.0,0.83333333333333,0.49999354709097,0.5,0.5,0.5,1727073707137
134,0.18750506837945,1.0,1.0,0.83333333333333,0.49999669341219,0.5,0.5,0.5,1727073707193
134,0.18086033118679,1.0,1.0,0.83333333333333,0.49999845517037,0.5,0.5,0.5,1727073707201
134,0.17035938523896,1.0,1.0,0.83333333333333,0.49998708689101,0.5,0.5,0.5,1727073707225
134,0.16657044937315,1.0,1.0,0.83333333333333,0.5000016128153,0.5,0.5,0.5,1727073707261
134,0.1599211314144,1.0,1.0,0.83333333333333,0.49999738336006,0.5,0.5,0.5,1727073707278
134,0.15328497808052,1.0,1.0,0.83333333333333,0.49998997969378,0.5,0.5,0.5,1727073707897
134,0.14663874052272,1.0,1.0,0.83333333333333,0.49998969542879,0.5,0.5,0.5,1727073707945
134,0.14285272536178,1.0,1.0,0.83333333333333,0.49998763166354,0.5,0.5,0.5,1727073708033
134,0.13620954378906,1.0,1.0,0.83333333333333,0.49999166197594,0.5,0.5,0.5,1727073708153
134,0.13242063772424,1.0,1.0,0.83333333333333,0.49998539352633,0.5,0.5,0.5,1727073708282
134,0.13910180369102,1.0,1.0,0.83333333333333,0.49999165623823,0.5,0.5,0.5,1727073709393
134,0.1457810913806,1.0,1.0,0.83333333333333,0.49999509100317,0.5,0.5,0.5,1727073710393
134,0.15246500330746,1.0,1.0,0.83333333333333,0.50000474641748,0.5,0.5,0.5,1727073710649
134,0.15246500330746,1.0,1.0,0.83333333333333,0.50000474641748,0.5,0.5,0.5,1727073710945
134,0.15246500330746,1.0,1.0,0.83333333333333,0.50000474641748,0.5,0.5,0.5,1727073713825
134,0.14581573596889,1.0,1.0,0.83333333333333,0.50000048939764,0.5,0.5,0.5,1727073713905
134,0.13917395341966,1.0,1.0,0.83333333333333,0.49998489550457,0.5,0.5,0.5,1727073714025
134,0.13252961654287,1.0,1.0,0.83333333333333,0.49998725191407,0.5,0.5,0.5,1727073714097
134,0.13921018894414,1.0,1.0,0.83333333333333,0.49999264014636,0.5,0.5,0.5,1727073715641
134,0.13921018894414,1.0,1.0,0.83333333333333,0.49999264014636,0.5,0.5,0.5,1727073716145
134,0.13921018894414,1.0,1.0,0.83333333333333,0.49999264014636,0.5,0.5,0.5,1727073717090
134,0.13921018894414,0.99334446069935,1.0,0.83333333333333,0.49999264014636,0.49999733982961,0.5,0.5,1727073717225
134,0.13921018894414,0.98669690265679,1.0,0.83333333333333,0.49999264014636,0.49999795153109,0.5,0.5,1727073717240
134,0.13921018894414,0.98003193730226,1.0,0.83333333333333,0.49999264014636,0.49999947644325,0.5,0.5,1727073717256
134,0.13921018894414,0.96010896493282,1.0,0.83333333333333,0.49999264014636,0.49999942018868,0.5,0.5,1727073717265
134,0.13921018894414,0.95344519447843,1.0,0.83333333333333,0.49999264014636,0.5000004395108,0.5,0.5,1727073717280
134,0.13921018894414,0.9335250087479,1.0,0.83333333333333,0.49999264014636,0.49999910008612,0.5,0.5,1727073717294
134,0.13921018894414,0.92301538477992,1.0,0.83333333333333,0.49999264014636,0.49999999992261,0.5,0.5,1727073717310
134,0.13921018894414,0.90584803408963,1.0,0.83333333333333,0.49999264014636,0.49999910314135,0.5,0.5,1727073717327
134,0.13921018894414,0.88867798019339,1.0,0.83333333333333,0.49999264014636,0.49999948816186,0.5,0.5,1727073717344
134,0.13921018894414,0.86214017669832,1.0,0.83333333333333,0.49999264014636,0.49999914973223,0.5,0.5,1727073717360
134,0.13921018894414,0.83831647089813,1.0,0.83333333333333,0.49999264014636,0.49999555287066,0.5,0.5,1727073717377
134,0.13921018894414,0.81450162190043,1.0,0.83333333333333,0.49999264014636,0.49999517597294,0.5,0.5,1727073717394
134,0.13921018894414,0.79457963515747,1.0,0.83333333333333,0.49999264014636,0.49999450857531,0.5,0.5,1727073717410
134,0.13921018894414,0.78792649167836,1.0,0.83333333333333,0.49999264014636,0.49999818614105,0.5,0.5,1727073717427
134,0.13921018894414,0.77741680038076,1.0,0.83333333333333,0.49999264014636,0.49999924027696,0.5,0.5,1727073717444
134,0.13921018894414,0.77076569959948,1.0,0.83333333333333,0.49999264014636,0.49999359781146,0.5,0.5,1727073717460
134,0.13921018894414,0.76410833966429,1.0,0.83333333333333,0.49999264014636,0.49999964805888,0.5,0.5,1727073717477
134,0.13921018894414,0.75360369776824,1.0,0.83333333333333,0.49999264014636,0.49999796863518,0.5,0.5,1727073717494
134,0.13921018894414,0.72978108138385,1.0,0.83333333333333,0.49999264014636,0.50000198860528,0.5,0.5,1727073717510
134,0.13921018894414,0.70596549018719,1.0,0.83333333333333,0.49999264014636,0.49999328461213,0.5,0.5,1727073717527
134,0.13921018894414,0.68214580860371,1.0,0.83333333333333,0.49999264014636,0.49999565449517,0.5,0.5,1727073717544
134,0.13921018894414,0.66223265165933,1.0,0.83333333333333,0.49999264014636,0.49999886231114,0.5,0.5,1727073717561
134,0.13921018894414,0.65557395977753,1.0,0.83333333333333,0.49999264014636,0.49999712090141,0.5,0.5,1727073717577
134,0.13921018894414,0.64892880803757,1.0,0.83333333333333,0.49999264014636,0.49999648501012,0.5,0.5,1727073717600
134,0.13921018894414,0.6422738623069,1.0,0.83333333333333,0.49999264014636,0.5000018912264,0.5,0.5,1727073717624
134,0.13921018894414,0.63561721055857,1.0,0.83333333333333,0.49999264014636,0.49999886328436,0.5,0.5,1727073717632
134,0.13921018894414,0.62511939828233,1.0,0.83333333333333,0.49999264014636,0.49999262520321,0.5,0.5,1727073717648
134,0.13921018894414,0.61183621447957,1.0,0.83333333333333,0.49999264014636,0.49999651660044,0.5,0.5,1727073717664
134,0.13921018894414,0.60517050239693,1.0,0.83333333333333,0.49999264014636,0.4999991801811,0.5,0.5,1727073717677
134,0.13921018894414,0.59188305107332,1.0,0.83333333333333,0.49999264014636,0.49999598692781,0.5,0.5,1727073717694
134,0.13921018894414,0.57471886128404,1.0,0.83333333333333,0.49999264014636,0.49999253349742,0.5,0.5,1727073717710
134,0.13921018894414,0.5508960343978,1.0,0.83333333333333,0.49999264014636,0.49999743457477,0.5,0.5,1727073717727
134,0.13921018894414,0.53100082806015,1.0,0.83333333333333,0.49999264014636,0.49999941545077,0.5,0.5,1727073717744
134,0.13921018894414,0.51771596691489,1.0,0.83333333333333,0.49999264014636,0.49999405766966,0.5,0.5,1727073717760
134,0.13921018894414,0.51106297718234,1.0,0.83333333333333,0.49999264014636,0.49999895776281,0.5,0.5,1727073717777
134,0.13921018894414,0.50441248180838,1.0,0.83333333333333,0.49999264014636,0.50000212138903,0.5,0.5,1727073717921
134,0.13921018894414,0.50059652453692,1.0,0.83333333333333,0.49999264014636,0.49999125250088,0.5,0.5,1727073717937
134,0.13921018894414,0.49394637121299,1.0,0.83333333333333,0.49999264014636,0.49999413825427,0.5,0.5,1727073717944
134,0.13921018894414,0.4872918570734,1.0,0.83333333333333,0.49999264014636,0.50000033696184,0.5,0.5,1727073717960
134,0.13921018894414,0.48064017005423,1.0,0.83333333333333,0.49999264014636,0.49999290631047,0.5,0.5,1727073718025
134,0.13921018894414,0.47681994602695,1.0,0.83333333333333,0.49999264014636,0.49999653994721,0.5,0.5,1727073718032
134,0.13921018894414,0.47017843740126,1.0,0.83333333333333,0.49999264014636,0.49999295192524,0.5,0.5,1727073718044
134,0.13921018894414,0.46352743138798,1.0,0.83333333333333,0.49999264014636,0.49999663539224,0.5,0.5,1727073718064
134,0.13921018894414,0.45686821193094,1.0,0.83333333333333,0.49999264014636,0.49999479496927,0.5,0.5,1727073718080
134,0.13921018894414,0.45305373941659,1.0,0.83333333333333,0.49999264014636,0.49999405146942,0.5,0.5,1727073718094
134,0.13921018894414,0.44640934811926,1.0,0.83333333333333,0.49999264014636,0.49999259935729,0.5,0.5,1727073718110
134,0.13921018894414,0.44258775134416,1.0,0.83333333333333,0.49999264014636,0.49999750364647,0.5,0.5,1727073718127
134,0.13921018894414,0.42930975543968,1.0,0.83333333333333,0.49999264014636,0.49999832555953,0.5,0.5,1727073718144
134,0.13921018894414,0.42266064457305,1.0,0.83333333333333,0.49999264014636,0.50000073265271,0.5,0.5,1727073718194
134,0.13921018894414,0.41884538659749,1.0,0.83333333333333,0.49999264014636,0.50000063244271,0.5,0.5,1727073718210
134,0.13921018894414,0.41219905989312,1.0,0.83333333333333,0.49999264014636,0.50000078270752,0.5,0.5,1727073718227
134,0.13921018894414,0.40554699278651,1.0,0.83333333333333,0.49999264014636,0.49999282505536,0.5,0.5,1727073718244
134,0.13921018894414,0.39889366413885,1.0,0.83333333333333,0.49999264014636,0.49999884750302,0.5,0.5,1727073718261
134,0.13921018894414,0.38839579531578,1.0,0.83333333333333,0.49999264014636,0.49999034485945,0.5,0.5,1727073718277
134,0.13921018894414,0.38174697275807,1.0,0.83333333333333,0.49999264014636,0.4999925722307,0.5,0.5,1727073718294
134,0.13921018894414,0.38841765684617,1.0,0.83333333333333,0.49999264014636,0.49999803773322,0.5,0.5,1727073718785
134,0.13921018894414,0.39509687978643,1.0,0.83333333333333,0.49999264014636,0.4999960924866,0.5,0.5,1727073718794
134,0.13921018894414,0.41226471326586,1.0,0.83333333333333,0.49999264014636,0.49999735700857,0.5,0.5,1727073718811
134,0.13921018894414,0.42563355449757,1.0,0.83333333333333,0.49999264014636,0.49999772717463,0.5,0.5,1727073718827
134,0.13921018894414,0.44004774394753,1.0,0.83333333333333,0.49999264014636,0.49999872955384,0.5,0.5,1727073718844
134,0.13921018894414,0.45721608102096,1.0,0.83333333333333,0.49999264014636,0.49999945709877,0.5,0.5,1727073718860
134,0.13921018894414,0.48776106144144,1.0,0.83333333333333,0.49999264014636,0.49999460802374,0.5,0.5,1727073718877
134,0.13921018894414,0.51543985839565,1.0,0.83333333333333,0.49999264014636,0.49999345329449,0.5,0.5,1727073718894
134,0.13921018894414,0.53551599108512,1.0,0.83333333333333,0.49999264014636,0.49999417536006,0.5,0.5,1727073718910
134,0.13921018894414,0.54602118960833,1.0,0.83333333333333,0.49999264014636,0.499995979433,0.5,0.5,1727073718927
134,0.13921018894414,0.55269199417124,1.0,0.83333333333333,0.49999264014636,0.50000021534188,0.5,0.5,1727073720481
134,0.13921018894414,0.55657030408362,1.0,0.83333333333333,0.49999264014636,0.49999926633902,0.5,0.5,1727073720505
134,0.13921018894414,0.5632376703069,1.0,0.83333333333333,0.49999264014636,0.49999532146942,0.5,0.5,1727073720561
134,0.13921018894414,0.55658711299673,1.0,0.83333333333333,0.49999264014636,0.49999829280063,0.5,0.5,1727073722081
134,0.13921018894414,0.54993696618927,1.0,0.83333333333333,0.49999264014636,0.500001030618,0.5,0.5,1727073722217
134,0.13921018894414,0.54328797482299,1.0,0.83333333333333,0.49999264014636,0.4999923191413,0.5,0.5,1727073722361
134,0.13921018894414,0.54328797482299,1.0,0.83333333333333,0.49999264014636,0.4999923191413,0.5,0.5,1727073723465
134,0.13921018894414,0.54328797482299,1.0,0.83333333333333,0.49999264014636,0.4999923191413,0.5,0.5,1727073726722
134,0.13921018894414,0.54328797482299,1.0,0.82951203451544,0.49999264014636,0.4999923191413,0.5,0.5000022176529,1727073726865
134,0.13921018894414,0.54328797482299,1.0,0.82285131789831,0.49999264014636,0.4999923191413,0.5,0.50000265375902,1727073726876
134,0.13921018894414,0.54328797482299,1.0,0.81903552294243,0.49999264014636,0.4999923191413,0.5,0.50000245160858,1727073726893
134,0.13921018894414,0.54328797482299,1.0,0.80573805112542,0.49999264014636,0.4999923191413,0.5,0.49999978567352,1727073726910
134,0.13921018894414,0.54328797482299,1.0,0.80190623726412,0.49999264014636,0.4999923191413,0.5,0.49999923737714,1727073726927
134,0.13921018894414,0.54328797482299,1.0,0.79525713230845,0.49999264014636,0.4999923191413,0.5,0.50000579066403,1727073726977
134,0.13921018894414,0.54328797482299,1.0,0.79142931900928,0.49999264014636,0.4999923191413,0.5,0.49999923225781,1727073727057
134,0.13921018894414,0.54328797482299,1.0,0.78477732194563,0.49999264014636,0.4999923191413,0.5,0.50000431096956,1727073727064
134,0.13921018894414,0.54328797482299,1.0,0.79144883934388,0.49999264014636,0.4999923191413,0.5,0.50000142166547,1727073728337
134,0.13921018894414,0.54328797482299,1.0,0.79811739409644,0.49999264014636,0.4999923191413,0.5,0.50000510331023,1727073728425
134,0.13921018894414,0.54328797482299,1.0,0.80478554260905,0.49999264014636,0.4999923191413,0.5,0.50000048465355,1727073728561
134,0.13921018894414,0.54328797482299,1.0,0.81145091885981,0.49999264014636,0.4999923191413,0.5,0.50000247499692,1727073728969
134,0.13921018894414,0.54328797482299,1.0,0.81812378872756,0.49999264014636,0.4999923191413,0.5,0.50000036740901,1727073729057
134,0.13921018894414,0.54328797482299,1.0,0.82478653090104,0.49999264014636,0.4999923191413,0.5,0.50000098259441,1727073730233
134,0.13921018894414,0.54328797482299,1.0,0.82478653090104,0.49999264014636,0.4999923191413,0.5,0.50000098259441,1727073730705
134,0.13921018894414,0.54328797482299,1.0,0.82478653090104,0.49999264014636,0.4999923191413,0.5,0.50000098259441,1727073732410
134,0.13921018894414,0.54328797482299,1.0,0.82478653090104,0.49999264014636,0.4999923191413,0.5,0.50000098259441,1727073732537
134,0.13921018894414,0.54328797482299,1.0,0.82478653090104,0.49999264014636,0.4999923191413,0.5,0.50000098259441,1727073732681
134,0.13921018894414,0.54328797482299,1.0,0.82478653090104,0.49999264014636,0.4999923191413,0.5,0.50000098259441,1727073732693
134,0.13921018894414,0.54328797482299,1.0,0.82478653090104,0.49999264014636,0.4999923191413,0.5,0.50000098259441,1727073732710
134,0.13921018894414,0.54328797482299,1.0,0.82478653090104,0.49999264014636,0.4999923191413,0.5,0.50000098259441,1727073732726
134,0.13921018894414,0.54328797482299,1.0,0.82478653090104,0.49999264014636,0.4999923191413,0.5,0.50000098259441,1727073732743
134,0.13921018894414,0.54328797482299,1.0,0.82478653090104,0.49999264014636,0.4999923191413,0.5,0.50000098259441,1727073732760
134,0.13921018894414,0.54328797482299,1.0,0.82478653090104,0.49999264014636,0.4999923191413,0.5,0.50000098259441,1727073732776
134,0.13921018894414,0.54328797482299,1.0,0.82478653090104,0.49999264014636,0.4999923191413,0.5,0.50000098259441,1727073732793
134,0.13921018894414,0.54328797482299,1.0,0.82478653090104,0.49999264014636,0.4999923191413,0.5,0.50000098259441,1727073732810
134,0.13921018894414,0.54328797482299,1.0,0.82478653090104,0.49999264014636,0.4999923191413,0.5,0.50000098259441,1727073732826
134,0.13921018894414,0.54328797482299,1.0,0.82478653090104,0.49999264014636,0.4999923191413,0.5,0.50000098259441,1727073732843
134,0.13921018894414,0.54328797482299,1.0,0.82478653090104,0.49999264014636,0.4999923191413,0.5,0.50000098259441,1727073732860
134,0.13921018894414,0.54328797482299,1.0,0.82478653090104,0.49999264014636,0.4999923191413,0.5,0.50000098259441,1727073732876
134,0.13921018894414,0.54328797482299,1.0,0.82478653090104,0.49999264014636,0.4999923191413,0.5,0.50000098259441,1727073732893
134,0.13921018894414,0.54328797482299,1.0,0.82478653090104,0.49999264014636,0.4999923191413,0.5,0.50000098259441,1727073732910
134,0.13921018894414,0.54328797482299,1.0,0.82478653090104,0.49999264014636,0.4999923191413,0.5,0.50000098259441,1727073732926
134,0.13921018894414,0.54328797482299,1.0,0.82478653090104,0.49999264014636,0.4999923191413,0.5,0.50000098259441,1727073732943
134,0.13921018894414,0.54328797482299,1.0,0.82478653090104,0.49999264014636,0.4999923191413,0.5,0.50000098259441,1727073732960
134,0.13921018894414,0.54328797482299,1.0,0.82478653090104,0.49999264014636,0.4999923191413,0.5,0.50000098259441,1727073732976
134,0.13921018894414,0.54328797482299,1.0,0.82478653090104,0.49999264014636,0.4999923191413,0.5,0.50000098259441,1727073732993
134,0.13921018894414,0.54328797482299,1.0,0.82478653090104,0.49999264014636,0.4999923191413,0.5,0.50000098259441,1727073733017
134,0.13921018894414,0.54328797482299,1.0,0.82478653090104,0.49999264014636,0.4999923191413,0.5,0.50000098259441,1727073733233
134,0.13921018894414,0.54328797482299,1.0,0.82478653090104,0.49999264014636,0.4999923191413,0.5,0.50000098259441,1727073733249
134,0.13921018894414,0.54328797482299,1.0,0.82478653090104,0.49999264014636,0.4999923191413,0.5,0.50000098259441,1727073733256
135,0.33333333333333,1.0,1.0,0.16666666666667,0.5,0.5,0.5,0.5,1727073735682
135,0.33333333333333,1.0,1.0,0.1733507386573,0.5,0.5,0.5,0.50001598839227,1727073735793
135,0.33333333333333,1.0,1.0,0.18003527988682,0.5,0.5,0.5,0.50000578289927,1727073735810
135,0.33333333333333,1.0,1.0,0.19341555874295,0.5,0.5,0.5,0.50000021650461,1727073735826
135,0.33333333333333,1.0,1.0,0.21354156048958,0.5,0.5,0.5,0.50000368583855,1727073735843
135,0.33333333333333,1.0,1.0,0.2404337769744,0.5,0.5,0.5,0.50000338119908,1727073735860
135,0.33333333333333,1.0,1.0,0.26054948216725,0.5,0.5,0.5,0.49999528743955,1727073735876
135,0.33333333333333,1.0,1.0,0.28741866285813,0.5,0.5,0.5,0.50000336309146,1727073735893
135,0.33333333333333,1.0,1.0,0.30752442320151,0.5,0.5,0.5,0.5000013313173,1727073735909
135,0.33333333333333,1.0,1.0,0.3208982666492,0.5,0.5,0.5,0.50000575468448,1727073735926
135,0.33333333333333,1.0,1.0,0.33427183760989,0.5,0.5,0.5,0.5000097184239,1727073735943
135,0.33333333333333,1.0,1.0,0.34094016465946,0.5,0.5,0.5,0.50000158895852,1727073735960
135,0.33333333333333,1.0,1.0,0.34762323209358,0.5,0.5,0.5,0.50000723956457,1727073735976
135,0.33333333333333,1.0,1.0,0.35429596076697,0.5,0.5,0.5,0.50000333287618,1727073735993
135,0.33333333333333,1.0,1.0,0.35817454026041,0.5,0.5,0.5,0.50000481320971,1727073736009
135,0.33333333333333,1.0,1.0,0.36485347556499,0.5,0.5,0.5,0.50000656525055,1727073736026
135,0.33333333333333,1.0,1.0,0.37152530914489,0.5,0.5,0.5,0.5000019801087,1727073736043
135,0.33333333333333,1.0,1.0,0.37819789519753,0.5,0.5,0.5,0.49999815274922,1727073736177
135,0.33333333333333,1.0,1.0,0.38487606233676,0.5,0.5,0.5,0.50001261254286,1727073736193
135,0.33333333333333,1.0,1.0,0.39154314076699,0.5,0.5,0.5,0.50000402122729,1727073736225
135,0.33333333333333,1.0,1.0,0.39821632264668,0.5,0.5,0.5,0.50000079782569,1727073736361
135,0.33333333333333,1.0,1.0,0.40209940027913,0.5,0.5,0.5,0.50000599654127,1727073736409
135,0.33333333333333,1.0,1.0,0.40876905865097,0.5,0.5,0.5,0.49999985595293,1727073736705
135,0.33333333333333,1.0,1.0,0.41544946266577,0.5,0.5,0.5,0.50000274137476,1727073736801
135,0.33333333333333,1.0,1.0,0.42211538284082,0.5,0.5,0.5,0.50000630844811,1727073736897
135,0.33333333333333,1.0,1.0,0.42599167076268,0.5,0.5,0.5,0.49999320678223,1727073736910
135,0.33333333333333,1.0,1.0,0.43266944415351,0.5,0.5,0.5,0.50000638468296,1727073737161
135,0.33333333333333,1.0,1.0,0.43934262544376,0.5,0.5,0.5,0.50000333024376,1727073737577
135,0.33333333333333,1.0,1.0,0.44321221745895,0.5,0.5,0.5,0.49999748107985,1727073737593
135,0.33333333333333,1.0,1.0,0.44989183253012,0.5,0.5,0.5,0.49999962569838,1727073737609
135,0.33333333333333,1.0,1.0,0.45376740074233,0.5,0.5,0.5,0.49999856636275,1727073737713
135,0.33333333333333,1.0,1.0,0.46043928914565,0.5,0.5,0.5,0.50000661177664,1727073737759
135,0.33333333333333,1.0,1.0,0.46711740982772,0.5,0.5,0.5,0.50000747093493,1727073737897
135,0.33333333333333,1.0,1.0,0.47378625303365,0.5,0.5,0.5,0.50000124744412,1727073738345
135,0.33333333333333,1.0,1.0,0.4776638243315,0.5,0.5,0.5,0.50000173193374,1727073738361
135,0.33333333333333,1.0,1.0,0.4710057127751,0.5,0.5,0.5,0.50000436836187,1727073739289
135,0.33333333333333,1.0,1.0,0.4710057127751,0.5,0.5,0.5,0.50000436836187,1727073740889
135,0.33333333333333,1.0,1.0,0.4710057127751,0.5,0.5,0.5,0.50000436836187,1727073742474
135,0.33999919582415,1.0,1.0,0.4710057127751,0.4999992485321,0.5,0.5,0.50000436836187,1727073742641
135,0.34667545635579,1.0,1.0,0.4710057127751,0.49999864474728,0.5,0.5,0.50000436836187,1727073742657
135,0.35335250698415,1.0,1.0,0.4710057127751,0.4999987762988,0.5,0.5,0.50000436836187,1727073742673
135,0.36002533871863,1.0,1.0,0.4710057127751,0.49999509200268,0.5,0.5,0.50000436836187,1727073742681
135,0.36669612574856,1.0,1.0,0.4710057127751,0.49998965941587,0.5,0.5,0.50000436836187,1727073742696
135,0.37337083906589,1.0,1.0,0.4710057127751,0.50000142242787,0.5,0.5,0.50000436836187,1727073742712
135,0.38004283576792,1.0,1.0,0.4710057127751,0.49999709646085,0.5,0.5,0.50000436836187,1727073742759
135,0.38671517702878,1.0,1.0,0.4710057127751,0.4999931595019,0.5,0.5,0.50000436836187,1727073742776
135,0.39059911359842,1.0,1.0,0.4710057127751,0.49999923712209,0.5,0.5,0.50000436836187,1727073742793
135,0.39727408099706,1.0,1.0,0.4710057127751,0.49999757919874,0.5,0.5,0.50000436836187,1727073742809
135,0.40394711012825,1.0,1.0,0.4710057127751,0.49999432099039,0.5,0.5,0.50000436836187,1727073742826
135,0.4106208080316,1.0,1.0,0.4710057127751,0.49999168674272,0.5,0.5,0.50000436836187,1727073742857
135,0.41728807315657,1.0,1.0,0.4710057127751,0.49999650132461,0.5,0.5,0.50000436836187,1727073742937
135,0.42397123047569,1.0,1.0,0.4710057127751,0.50000163581972,0.5,0.5,0.50000436836187,1727073742953
135,0.43064191108696,1.0,1.0,0.4710057127751,0.49999656330572,0.5,0.5,0.50000436836187,1727073742969
135,0.43730824392004,1.0,1.0,0.4710057127751,0.5000004424795,0.5,0.5,0.50000436836187,1727073743025
135,0.44398229481205,1.0,1.0,0.4710057127751,0.49999815643798,0.5,0.5,0.50000436836187,1727073743129
135,0.45065755737523,1.0,1.0,0.4710057127751,0.49999686738553,0.5,0.5,0.50000436836187,1727073743921
135,0.4573345903474,1.0,1.0,0.4710057127751,0.49999698261405,0.5,0.5,0.50000436836187,1727073744513
135,0.46120300834757,1.0,1.0,0.4710057127751,0.49999040581418,0.5,0.5,0.50000436836187,1727073744689
135,0.46120300834757,1.0,1.0,0.4710057127751,0.49999040581418,0.5,0.5,0.50000436836187,1727073745249
135,0.46120300834757,1.0,1.0,0.4710057127751,0.49999040581418,0.5,0.5,0.50000436836187,1727073749362
135,0.4678719247056,1.0,1.0,0.4710057127751,0.49999616122374,0.5,0.5,0.50000436836187,1727073749497
135,0.47455371042197,1.0,1.0,0.4710057127751,0.49999989671859,0.5,0.5,0.50000436836187,1727073749542
135,0.48122589255961,1.0,1.0,0.4710057127751,0.4999963230888,0.5,0.5,0.50000436836187,1727073749559
135,0.48789179138639,1.0,1.0,0.4710057127751,0.49999961423285,0.5,0.5,0.50000436836187,1727073749577
135,0.49456321219818,1.0,1.0,0.4710057127751,0.4999955434051,0.5,0.5,0.50000436836187,1727073749601
135,0.50123930054951,1.0,1.0,0.4710057127751,0.49999497040927,0.5,0.5,0.50000436836187,1727073749689
135,0.50790746800282,1.0,1.0,0.4710057127751,0.4999998368326,0.5,0.5,0.50000436836187,1727073749705
135,0.51457568081623,1.0,1.0,0.4710057127751,0.4999935573476,0.5,0.5,0.50000436836187,1727073749801
135,0.50792534203599,1.0,1.0,0.4710057127751,0.50000164768413,0.5,0.5,0.50000436836187,1727073750737
135,0.50127529275239,1.0,1.0,0.4710057127751,0.49999880357396,0.5,0.5,0.50000436836187,1727073750785
135,0.49462547643545,1.0,1.0,0.4710057127751,0.49999608115151,0.5,0.5,0.50000436836187,1727073750841
135,0.49462547643545,1.0,1.0,0.4710057127751,0.49999608115151,0.5,0.5,0.50000436836187,1727073751537
135,0.49462547643545,1.0,1.0,0.4710057127751,0.49999608115151,0.5,0.5,0.50000436836187,1727073757074
135,0.48797112802377,1.0,1.0,0.4710057127751,0.50000141741428,0.5,0.5,0.50000436836187,1727073757442
135,0.48132339475375,1.0,1.0,0.4710057127751,0.50000023960562,0.5,0.5,0.50000436836187,1727073757697
135,0.48799103873992,1.0,1.0,0.4710057127751,0.49999330532306,0.5,0.5,0.50000436836187,1727073758577
135,0.4946610203735,1.0,1.0,0.4710057127751,0.49999961642013,0.5,0.5,0.50000436836187,1727073758689
135,0.4908435359644,1.0,1.0,0.4710057127751,0.49999805179553,0.5,0.5,0.50000436836187,1727073759130
135,0.48419875296252,1.0,1.0,0.4710057127751,0.49999906356696,0.5,0.5,0.50000436836187,1727073759225
135,0.48419875296252,1.0,1.0,0.4710057127751,0.49999906356696,0.5,0.5,0.50000436836187,1727073759761
135,0.48419875296252,1.0,1.0,0.4710057127751,0.49999906356696,0.5,0.5,0.50000436836187,1727073761306
135,0.48419875296252,0.99333524928243,1.0,0.4710057127751,0.49999906356696,0.50000142440292,0.5,0.50000436836187,1727073761377
135,0.48419875296252,0.98668510413979,1.0,0.4710057127751,0.49999906356696,0.50000321143232,0.5,0.50000436836187,1727073761425
135,0.48419875296252,0.97338823873656,1.0,0.4710057127751,0.49999906356696,0.49999836711061,0.5,0.50000436836187,1727073761441
135,0.48419875296252,0.96672932203463,1.0,0.4710057127751,0.49999906356696,0.50000414133099,0.5,0.50000436836187,1727073761459
135,0.48419875296252,0.96007372388563,1.0,0.4710057127751,0.49999906356696,0.50000145760321,0.5,0.50000436836187,1727073761513
135,0.48419875296252,0.95342386132798,1.0,0.4710057127751,0.49999906356696,0.50000316474535,0.5,0.50000436836187,1727073761610
135,0.48419875296252,0.94675885252163,1.0,0.4710057127751,0.49999906356696,0.50000478111029,0.5,0.50000436836187,1727073763154
135,0.48419875296252,0.94010480969852,1.0,0.4710057127751,0.49999906356696,0.5000013354003,0.5,0.50000436836187,1727073763193
135,0.48419875296252,0.93345303752022,1.0,0.4710057127751,0.49999906356696,0.5000039602925,0.5,0.50000436836187,1727073763433
135,0.48419875296252,0.92962461118418,1.0,0.4710057127751,0.49999906356696,0.50000287812915,0.5,0.50000436836187,1727073763449
135,0.48419875296252,0.92297423418567,1.0,0.4710057127751,0.49999906356696,0.49999764826369,0.5,0.50000436836187,1727073764985
135,0.48419875296252,0.91631194471429,1.0,0.4710057127751,0.49999906356696,0.50000526232982,0.5,0.50000436836187,1727073765073
135,0.48419875296252,0.91631194471429,1.0,0.4710057127751,0.49999906356696,0.50000526232982,0.5,0.50000436836187,1727073766273
136,0.16666666666667,0.0,0.16666666666667,1.0,0.5,0.5,0.5,0.5,1727073768938
136,0.16666666666667,0.0,0.17390492014832,1.0,0.5,0.5,0.49997544826787,0.5,1727073768977
136,0.16666666666667,0.0,0.1883933147436,1.0,0.5,0.5,0.49998577596763,0.5,1727073768993
136,0.16666666666667,0.0,0.20548678293732,1.0,0.5,0.5,0.49997322353444,0.5,1727073769008
136,0.16666666666667,0.0,0.2567794772791,1.0,0.5,0.5,0.49998291515766,0.5,1727073769024
136,0.16666666666667,0.0,0.38372046714906,1.0,0.5,0.5,0.49997844182852,0.5,1727073769041
136,0.16666666666667,0.0,0.51064256647353,1.0,0.5,0.5,0.49999283498094,0.5,1727073769058
136,0.16666666666667,0.0,0.62044862284268,1.0,0.5,0.5,0.49999806580625,0.5,1727073769074
136,0.16666666666667,0.0,0.73297210549495,1.0,0.5,0.5,0.50000382727226,0.5,1727073769091
136,0.16666666666667,0.0,0.80856487656319,1.0,0.5,0.5,0.49998667408934,0.5,1727073769108
136,0.16666666666667,0.0,0.85984083510248,1.0,0.5,0.5,0.4999921979246,0.5,1727073769124
136,0.16666666666667,0.0,0.90391270037556,1.0,0.5,0.5,0.49999916450195,0.5,1727073769141
136,0.16666666666667,0.0,0.93087832380234,1.0,0.5,0.5,0.49999475840396,0.5,1727073769158
136,0.16666666666667,0.0,0.94796277259654,1.0,0.5,0.5,0.49999350792266,0.5,1727073769174
136,0.16666666666667,0.0,0.95783368419152,1.0,0.5,0.5,0.49999957245065,0.5,1727073769191
136,0.16666666666667,0.0,0.95060567259073,1.0,0.5,0.5,0.49999864651737,0.5,1727073770058
136,0.16666666666667,0.0,0.94338034883062,1.0,0.5,0.5,0.49998589107377,0.5,1727073770074
136,0.16666666666667,0.0,0.93162339451202,1.0,0.5,0.5,0.49999411217017,0.5,1727073770091
136,0.16666666666667,0.0,0.91717720734656,1.0,0.5,0.5,0.49998472165927,0.5,1727073770108
136,0.16666666666667,0.0,0.89551590266768,1.0,0.5,0.5,0.49998990212152,0.5,1727073770124
136,0.16666666666667,0.0,0.8909642806978,1.0,0.5,0.5,0.49999085289482,0.5,1727073770141
136,0.16666666666667,0.0,0.87201459416682,1.0,0.5,0.5,0.49998665875724,0.5,1727073770158
136,0.16666666666667,0.0,0.86746030132306,1.0,0.5,0.5,0.50000015788218,0.5,1727073770174
136,0.16666666666667,0.0,0.85301431247581,1.0,0.5,0.5,0.49998935678549,0.5,1727073770191
136,0.16666666666667,0.0,0.83857397239063,1.0,0.5,0.5,0.49999049929072,0.5,1727073770207
136,0.16666666666667,0.0,0.83134432713583,1.0,0.5,0.5,0.49999733792781,0.5,1727073770224
136,0.16666666666667,0.0,0.82411632199784,1.0,0.5,0.5,0.49999625635014,0.5,1727073770241
136,0.16666666666667,0.0,0.81237175797831,1.0,0.5,0.5,0.49998474923869,0.5,1727073770258
136,0.16666666666667,0.0,0.79792046991653,1.0,0.5,0.5,0.49999970250926,0.5,1727073770274
136,0.16666666666667,0.0,0.79070166752619,1.0,0.5,0.5,0.49999347605172,0.5,1727073770291
136,0.16666666666667,0.0,0.78347500843182,1.0,0.5,0.5,0.49998549074555,0.5,1727073770308
136,0.16666666666667,0.0,0.77624744900852,1.0,0.5,0.5,0.49998199637944,0.5,1727073770362
136,0.16666666666667,0.0,0.76902296234085,1.0,0.5,0.5,0.50000478195374,0.5,1727073770374
136,0.16666666666667,0.0,0.7617979526313,1.0,0.5,0.5,0.49998815238223,0.5,1727073770391
136,0.16666666666667,0.0,0.7500499099111,1.0,0.5,0.5,0.49999408556275,0.5,1727073770408
136,0.16666666666667,0.0,0.73830107889076,1.0,0.5,0.5,0.50000434527496,0.5,1727073770424
136,0.16666666666667,0.0,0.71665141844892,1.0,0.5,0.5,0.49999215161852,0.5,1727073770441
136,0.16666666666667,0.0,0.69053826586727,1.0,0.5,0.5,0.49999119306258,0.5,1727073770457
136,0.16666666666667,0.0,0.67608974707916,1.0,0.5,0.5,0.49999252333314,0.5,1727073770474
136,0.16666666666667,0.0,0.65716431115238,1.0,0.5,0.5,0.49998914868928,0.5,1727073770491
136,0.16666666666667,0.0,0.63551270168592,1.0,0.5,0.5,0.49998701554258,0.5,1727073770508
136,0.16666666666667,0.0,0.62829132771536,1.0,0.5,0.5,0.4999948969995,0.5,1727073770524
136,0.16666666666667,0.0,0.61385248359201,1.0,0.5,0.5,0.49998734253926,0.5,1727073770541
136,0.16666666666667,0.0,0.60662405763501,1.0,0.5,0.5,0.49998847973161,0.5,1727073770557
136,0.16666666666667,0.0,0.60928362690057,1.0,0.5,0.5,0.49999385960016,0.5,1727073770574
136,0.16666666666667,0.0,0.6020651919158,1.0,0.5,0.5,0.49998394270151,0.5,1727073770591
136,0.16666666666667,0.0,0.58762452603738,1.0,0.5,0.5,0.49998737503364,0.5,1727073770607
136,0.16666666666667,0.0,0.58039563058603,1.0,0.5,0.5,0.49999151512691,0.5,1727073770624
136,0.16666666666667,0.0,0.56148735802122,1.0,0.5,0.5,0.49998260200271,0.5,1727073770641
136,0.16666666666667,0.0,0.54704740450075,1.0,0.5,0.5,0.49998149515074,0.5,1727073770657
136,0.16666666666667,0.0,0.5425111831116,1.0,0.5,0.5,0.49998924752961,0.5,1727073770674
136,0.16666666666667,0.0,0.53528455760819,1.0,0.5,0.5,0.49997847517669,0.5,1727073770691
136,0.16666666666667,0.0,0.52806337840998,1.0,0.5,0.5,0.4999859790098,0.5,1727073770707
136,0.16666666666667,0.0,0.52083382091853,1.0,0.5,0.5,0.49999493255027,0.5,1727073770724
136,0.16666666666667,0.0,0.51361336620943,1.0,0.5,0.5,0.49999775575186,0.5,1727073770745
136,0.16666666666667,0.0,0.50638772639623,1.0,0.5,0.5,0.49997981513939,0.5,1727073770761
136,0.16666666666667,0.0,0.49916543972301,1.0,0.5,0.5,0.49999537819219,0.5,1727073770774
136,0.16666666666667,0.0,0.50183248478441,1.0,0.5,0.5,0.50000645931921,0.5,1727073770793
136,0.16666666666667,0.0,0.49460609304011,1.0,0.5,0.5,0.499993617925,0.5,1727073770808
136,0.16666666666667,0.0,0.48738684015177,1.0,0.5,0.5,0.49998797652786,0.5,1727073771562
136,0.16666666666667,0.0,0.48016014082477,1.0,0.5,0.5,0.49997690886415,0.5,1727073771577
136,0.16666666666667,0.0,0.47294013377289,1.0,0.5,0.5,0.49997646171221,0.5,1727073771591
136,0.16666666666667,0.0,0.46571040265177,1.0,0.5,0.5,0.499987281534,0.5,1727073771914
136,0.16666666666667,0.0,0.45848946144019,1.0,0.5,0.5,0.49999384952725,0.5,1727073771937
136,0.16666666666667,0.0,0.45126210715195,1.0,0.5,0.5,0.49998728693941,0.5,1727073771953
136,0.16666666666667,0.0,0.44673607019034,1.0,0.5,0.5,0.49998109240982,0.5,1727073771961
136,0.16666666666667,0.0,0.43951632312709,1.0,0.5,0.5,0.49997868890876,0.5,1727073771977
136,0.16666666666667,0.0,0.43229387751824,1.0,0.5,0.5,0.49999698767385,0.5,1727073771993
136,0.16666666666667,0.0,0.42506615021034,1.0,0.5,0.5,0.49999310344129,0.5,1727073772065
136,0.16666666666667,0.0,0.41784718650589,1.0,0.5,0.5,0.4999845970018,0.5,1727073772081
136,0.16666666666667,0.0,0.41061837643331,1.0,0.5,0.5,0.49998909252157,0.5,1727073772105
136,0.16666666666667,0.0,0.40339905820098,1.0,0.5,0.5,0.49998320077346,0.5,1727073772121
136,0.16666666666667,0.0,0.39617901791089,1.0,0.5,0.5,0.49998304070424,0.5,1727073772157
136,0.16666666666667,0.0,0.38894866346393,1.0,0.5,0.5,0.50000035392405,0.5,1727073772174
136,0.16666666666667,0.0,0.38172906779752,1.0,0.5,0.5,0.49999669309041,0.5,1727073772191
136,0.16666666666667,0.0,0.37450812848889,1.0,0.5,0.5,0.50000423726179,0.5,1727073772209
136,0.16666666666667,0.0,0.37717996224502,1.0,0.5,0.5,0.49997741883236,0.5,1727073772225
136,0.16666666666667,0.0,0.36995860537889,1.0,0.5,0.5,0.49998832776076,0.5,1727073772241
136,0.16666666666667,0.0,0.35551815440508,1.0,0.5,0.5,0.49999131808772,0.5,1727073772257
136,0.16666666666667,0.0,0.34382908663671,1.0,0.5,0.5,0.49998658978978,0.5,1727073772274
136,0.16666666666667,0.0,0.32939557020409,1.0,0.5,0.5,0.50000100537955,0.5,1727073772291
136,0.16666666666667,0.0,0.32216953546286,1.0,0.5,0.5,0.49998095128147,0.5,1727073772307
136,0.16666666666667,0.0,0.31494989555621,1.0,0.5,0.5,0.49997702078509,0.5,1727073772337
136,0.16666666666667,0.0,0.30258757026531,1.0,0.5,0.5,0.49999066626764,0.5,1727073772345
136,0.16666666666667,0.0,0.28049479113269,1.0,0.5,0.5,0.499978520795,0.5,1727073772357
136,0.16666666666667,0.0,0.17882613268133,1.0,0.5,0.5,0.49995814919111,0.5,1727073772374
136,0.16666666666667,0.0,0.16173905841497,1.0,0.5,0.5,0.49999372654097,0.5,1727073772690
136,0.16666666666667,0.0,0.16443496256361,1.0,0.5,0.5,0.49995938306231,0.5,1727073772697
136,0.16666666666667,0.0,0.15943092654303,1.0,0.5,0.5,0.49998965036726,0.5,1727073772713
136,0.16666666666667,0.0,0.16212427881817,1.0,0.5,0.5,0.49998763105348,0.5,1727073772724
136,0.16666666666667,0.0,0.16936027969328,1.0,0.5,0.5,0.49999294927495,0.5,1727073772741
136,0.16666666666667,0.0,0.17205395441284,1.0,0.5,0.5,0.49998694760361,0.5,1727073772757
136,0.16666666666667,0.0,0.14052266089109,1.0,0.5,0.5,0.49997094633368,0.5,1727073772777
136,0.16666666666667,0.0,0.14775735379963,1.0,0.5,0.5,0.49999411129498,0.5,1727073772793
136,0.16666666666667,0.0,0.16485039248686,1.0,0.5,0.5,0.49998541823476,0.5,1727073772809
136,0.16666666666667,0.0,0.17473170230285,1.0,0.5,0.5,0.49997552218569,0.5,1727073772824
136,0.16666666666667,0.0,0.19905154709184,1.0,0.5,0.5,0.49998514771214,0.5,1727073772841
136,0.16666666666667,0.0,0.20893257802946,1.0,0.5,0.5,0.49997918346481,0.5,1727073772857
136,0.16666666666667,0.0,0.21616859336608,1.0,0.5,0.5,0.49998393596919,0.5,1727073772921
136,0.16666666666667,0.0,0.2234043339401,1.0,0.5,0.5,0.49999158868516,0.5,1727073772957
136,0.16666666666667,0.0,0.23064258740367,1.0,0.5,0.5,0.49997157780954,0.5,1727073773017
136,0.16666666666667,0.0,0.24773296540764,1.0,0.5,0.5,0.49999315533489,0.5,1727073773057
136,0.16666666666667,0.0,0.2504201102116,1.0,0.5,0.5,0.49997072768268,0.5,1727073773081
136,0.16666666666667,0.0,0.26029791956274,1.0,0.5,0.5,0.49999876902626,0.5,1727073773091
136,0.16666666666667,0.0,0.2675280654552,1.0,0.5,0.5,0.49997928871514,0.5,1727073773141
136,0.16666666666667,0.0,0.274762275991,1.0,0.5,0.5,0.50000155573041,0.5,1727073773169
136,0.16666666666667,0.0,0.2846459058669,1.0,0.5,0.5,0.49997062599431,0.5,1727073773207
136,0.16666666666667,0.0,0.29452555032746,1.0,0.5,0.5,0.49997922298571,0.5,1727073774242
136,0.16666666666667,0.0,0.30440537310015,1.0,0.5,0.5,0.49998582603789,0.5,1727073774258
136,0.16666666666667,0.0,0.31427808967959,1.0,0.5,0.5,0.49998215691219,0.5,1727073774275
136,0.16666666666667,0.0,0.32151453569985,1.0,0.5,0.5,0.49998204159707,0.5,1727073774291
136,0.16666666666667,0.0,0.32419171064792,1.0,0.5,0.5,0.49997884877133,0.5,1727073774803
136,0.16666666666667,0.0,0.33407151487781,1.0,0.5,0.5,0.4999852893513,0.5,1727073774882
136,0.16666666666667,0.0,0.34130096190368,1.0,0.5,0.5,0.49997460617112,0.5,1727073774898
136,0.16666666666667,0.0,0.3439779659819,1.0,0.5,0.5,0.49997306267325,0.5,1727073775034
136,0.16666666666667,0.0,0.34665414930875,1.0,0.5,0.5,0.49997875085737,0.5,1727073775090
136,0.16666666666667,0.0,0.3538889232016,1.0,0.5,0.5,0.49999321159069,0.5,1727073775370
136,0.16666666666667,0.0,0.35655820574276,1.0,0.5,0.5,0.49998760003298,0.5,1727073775418
136,0.16666666666667,0.0,0.35923404802025,1.0,0.5,0.5,0.49999604442741,0.5,1727073776083
136,0.16666666666667,0.0,0.36647097670737,1.0,0.5,0.5,0.49999166616174,0.5,1727073776091
136,0.16666666666667,0.0,0.373699929483,1.0,0.5,0.5,0.49998562203094,0.5,1727073776154
136,0.16666666666667,0.0,0.37637523074034,1.0,0.5,0.5,0.49999837598139,0.5,1727073776162
136,0.16666666666667,0.0,0.36915548923981,1.0,0.5,0.5,0.49999585367656,0.5,1727073776955
136,0.16666666666667,0.0,0.36192823860341,1.0,0.5,0.5,0.49998746788605,0.5,1727073776991
136,0.16666666666667,0.0,0.3547094822594,1.0,0.5,0.5,0.49997620681445,0.5,1727073777050
136,0.16666666666667,0.0,0.34748850433904,1.0,0.5,0.5,0.49998418342075,0.5,1727073777066
136,0.16666666666667,0.0,0.34026041421872,1.0,0.5,0.5,0.49998280965041,0.5,1727073777108
136,0.16666666666667,0.0,0.34293504399322,1.0,0.5,0.5,0.50000223793087,0.5,1727073778683
136,0.16666666666667,0.0,0.34561158499203,1.0,0.5,0.5,0.50000465412319,0.5,1727073778724
136,0.16666666666667,0.0,0.35284264365945,1.0,0.5,0.5,0.49997991507133,0.5,1727073778802
136,0.16666666666667,0.0,0.35551918516591,1.0,0.5,0.5,0.49998238592604,0.5,1727073778890
136,0.16666666666667,0.0,0.36275660193555,1.0,0.5,0.5,0.49997396301696,0.5,1727073778908
136,0.16666666666667,0.0,0.3699907903289,1.0,0.5,0.5,0.49999305924563,0.5,1727073778938
136,0.16666666666667,0.0,0.37266097638153,1.0,0.5,0.5,0.49997997956953,0.5,1727073778946
136,0.16666666666667,0.0,0.36543920724726,1.0,0.5,0.5,0.49999451368305,0.5,1727073779602
136,0.16666666666667,0.0,0.35821266802292,1.0,0.5,0.5,0.49997992327708,0.5,1727073779666
136,0.16666666666667,0.0,0.35099289008965,1.0,0.5,0.5,0.49997742122922,0.5,1727073779746
136,0.16666666666667,0.0,0.34377179505288,1.0,0.5,0.5,0.49998649750721,0.5,1727073779898
136,0.16666666666667,0.0,0.33654397466458,1.0,0.5,0.5,0.49998273055055,0.5,1727073780627
136,0.16666666666667,0.0,0.33654397466458,1.0,0.5,0.5,0.49998273055055,0.5,1727073780954
136,0.16666666666667,0.0,0.33654397466458,1.0,0.5,0.5,0.49998273055055,0.5,1727073782707
136,0.16666666666667,0.01052191831377,0.33654397466458,1.0,0.5,0.50001330450988,0.49998273055055,0.5,1727073782819
136,0.16666666666667,0.03820623411373,0.33654397466458,1.0,0.5,0.49999788443506,0.49998273055055,0.5,1727073782826
136,0.16666666666667,0.05927064584844,0.33654397466458,1.0,0.5,0.49999290642942,0.49998273055055,0.5,1727073782841
136,0.16666666666667,0.12518498906056,0.33654397466458,1.0,0.5,0.50000698672649,0.49998273055055,0.5,1727073782858
136,0.16666666666667,0.24650636731558,0.33654397466458,1.0,0.5,0.50000716575271,0.49998273055055,0.5,1727073782874
136,0.16666666666667,0.33537955314549,0.33654397466458,1.0,0.5,0.49999510797327,0.49998273055055,0.5,1727073782891
136,0.16666666666667,0.43173732981096,0.33654397466458,1.0,0.5,0.50000506248796,0.49998273055055,0.5,1727073782908
136,0.16666666666667,0.54148183413165,0.33654397466458,1.0,0.5,0.50000015126218,0.49998273055055,0.5,1727073782924
136,0.16666666666667,0.65885635750589,0.33654397466458,1.0,0.5,0.50000625373737,0.49998273055055,0.5,1727073782941
136,0.16666666666667,0.77239045370348,0.33654397466458,1.0,0.5,0.49999961706781,0.49998273055055,0.5,1727073782958
136,0.16666666666667,0.87461672186957,0.33654397466458,1.0,0.5,0.50000185846602,0.49998273055055,0.5,1727073782974
136,0.16666666666667,0.98433815716523,0.33654397466458,1.0,0.5,0.50000242651464,0.49998273055055,0.5,1727073782991
136,0.16666666666667,1.0,0.33654397466458,1.0,0.5,0.5,0.49998273055055,0.5,1727073783007
136,0.16666666666667,1.0,0.33654397466458,1.0,0.5,0.5,0.49998273055055,0.5,1727073783024
136,0.16666666666667,1.0,0.33654397466458,1.0,0.5,0.5,0.49998273055055,0.5,1727073783041
136,0.16666666666667,1.0,0.33654397466458,1.0,0.5,0.5,0.49998273055055,0.5,1727073783057
136,0.16666666666667,1.0,0.33654397466458,1.0,0.5,0.5,0.49998273055055,0.5,1727073783074
136,0.16666666666667,1.0,0.33654397466458,1.0,0.5,0.5,0.49998273055055,0.5,1727073783091
136,0.16666666666667,1.0,0.33654397466458,1.0,0.5,0.5,0.49998273055055,0.5,1727073783108
136,0.16666666666667,1.0,0.33654397466458,1.0,0.5,0.5,0.49998273055055,0.5,1727073783124
136,0.16666666666667,1.0,0.33654397466458,1.0,0.5,0.5,0.49998273055055,0.5,1727073783178
136,0.16666666666667,1.0,0.33654397466458,1.0,0.5,0.5,0.49998273055055,0.5,1727073783194
136,0.16666666666667,1.0,0.33654397466458,1.0,0.5,0.5,0.49998273055055,0.5,1727073783208
136,0.16666666666667,1.0,0.33654397466458,1.0,0.5,0.5,0.49998273055055,0.5,1727073783224
136,0.16666666666667,1.0,0.33654397466458,1.0,0.5,0.5,0.49998273055055,0.5,1727073783241
136,0.16666666666667,1.0,0.33654397466458,1.0,0.5,0.5,0.49998273055055,0.5,1727073783258
136,0.16666666666667,1.0,0.33654397466458,1.0,0.5,0.5,0.49998273055055,0.5,1727073783346
136,0.16666666666667,1.0,0.33654397466458,1.0,0.5,0.5,0.49998273055055,0.5,1727073784723
136,0.17056348719809,1.0,0.33654397466458,1.0,0.49999247056848,0.5,0.49998273055055,0.5,1727073784778
136,0.17724146522909,1.0,0.33654397466458,1.0,0.49999394961623,0.5,0.49998273055055,0.5,1727073784802
136,0.18392398670156,1.0,0.33654397466458,1.0,0.50000115593295,0.5,0.49998273055055,0.5,1727073784841
136,0.19059598025179,1.0,0.33654397466458,1.0,0.49999496997979,0.5,0.49998273055055,0.5,1727073784858
136,0.19727628358661,1.0,0.33654397466458,1.0,0.49999921174097,0.5,0.49998273055055,0.5,1727073784874
136,0.21066900631004,1.0,0.33654397466458,1.0,0.50000893750074,0.5,0.49998273055055,0.5,1727073784891
136,0.234519226086,1.0,0.33654397466458,1.0,0.49999561817068,0.5,0.49998273055055,0.5,1727073784908
136,0.24790662870103,1.0,0.33654397466458,1.0,0.49999882227454,0.5,0.49998273055055,0.5,1727073784924
136,0.26507487174094,1.0,0.33654397466458,1.0,0.49999780427743,0.5,0.49998273055055,0.5,1727073784941
136,0.27845007065837,1.0,0.33654397466458,1.0,0.49998803566416,0.5,0.49998273055055,0.5,1727073784958
136,0.28512916133644,1.0,0.33654397466458,1.0,0.49999041822919,0.5,0.49998273055055,0.5,1727073784974
136,0.29180776409147,1.0,0.33654397466458,1.0,0.49999224554328,0.5,0.49998273055055,0.5,1727073785002
136,0.29847848049613,1.0,0.33654397466458,1.0,0.50000156551233,0.5,0.49998273055055,0.5,1727073785058
136,0.30515693032541,1.0,0.33654397466458,1.0,0.50000306290214,0.5,0.49998273055055,0.5,1727073785138
136,0.31567004182876,1.0,0.33654397466458,1.0,0.49999329319503,0.5,0.49998273055055,0.5,1727073785323
136,0.32234593723634,1.0,0.33654397466458,1.0,0.49999238148736,0.5,0.49998273055055,0.5,1727073785370
136,0.32901498227988,1.0,0.33654397466458,1.0,0.4999996169024,0.5,0.49998273055055,0.5,1727073785466
136,0.33569203124499,1.0,0.33654397466458,1.0,0.49999973977209,0.5,0.49998273055055,0.5,1727073785554
136,0.34236956416026,1.0,0.33654397466458,1.0,0.50000031029292,0.5,0.49998273055055,0.5,1727073785818
136,0.33571305128775,1.0,0.33654397466458,1.0,0.49999056289044,0.5,0.49998273055055,0.5,1727073787419
136,0.32907175382329,1.0,0.33654397466458,1.0,0.4999950783938,0.5,0.49998273055055,0.5,1727073787434
136,0.32907175382329,1.0,0.33654397466458,1.0,0.4999950783938,0.5,0.49998273055055,0.5,1727073789018
136,0.32907175382329,1.0,0.33654397466458,1.0,0.4999950783938,0.5,0.49998273055055,0.5,1727073790067
136,0.32907175382329,1.0,0.33654397466458,0.9856839107027,0.4999950783938,0.5,0.49998273055055,0.50000311768756,1727073790178
136,0.32907175382329,1.0,0.33654397466458,0.9751888744006,0.4999950783938,0.5,0.49998273055055,0.50000191653485,1727073790191
136,0.32907175382329,1.0,0.33654397466458,0.95417572866254,0.4999950783938,0.5,0.49998273055055,0.50000297504182,1727073790207
136,0.32907175382329,1.0,0.33654397466458,0.9398630349844,0.4999950783938,0.5,0.49998273055055,0.50000069342106,1727073790224
136,0.32907175382329,1.0,0.33654397466458,0.92554893215298,0.4999950783938,0.5,0.49998273055055,0.50000491067928,1727073790241
136,0.32907175382329,1.0,0.33654397466458,0.91504056424718,0.4999950783938,0.5,0.49998273055055,0.50000463526176,1727073790257
136,0.32907175382329,1.0,0.33654397466458,0.89403863665572,0.4999950783938,0.5,0.49998273055055,0.50000379142245,1727073790274
136,0.32907175382329,1.0,0.33654397466458,0.88353791288056,0.4999950783938,0.5,0.49998273055055,0.49999973314439,1727073790290
136,0.32907175382329,1.0,0.33654397466458,0.86921656501195,0.4999950783938,0.5,0.49998273055055,0.50000058146621,1727073790307
136,0.32907175382329,1.0,0.33654397466458,0.84822142623851,0.4999950783938,0.5,0.49998273055055,0.50000303301162,1727073790324
136,0.32907175382329,1.0,0.33654397466458,0.83391352832041,0.4999950783938,0.5,0.49998273055055,0.50000296846513,1727073790340
136,0.32907175382329,1.0,0.33654397466458,0.82340540294634,0.4999950783938,0.5,0.49998273055055,0.50000277509128,1727073790357
136,0.32907175382329,1.0,0.33654397466458,0.80909295471297,0.4999950783938,0.5,0.49998273055055,0.50000033681763,1727073790374
136,0.32907175382329,1.0,0.33654397466458,0.8024330542501,0.4999950783938,0.5,0.49998273055055,0.50000119703267,1727073790390
136,0.32907175382329,1.0,0.33654397466458,0.78812478013219,0.4999950783938,0.5,0.49998273055055,0.50000090454263,1727073790407
136,0.32907175382329,1.0,0.33654397466458,0.78429876590409,0.4999950783938,0.5,0.49998273055055,0.50000344252085,1727073790424
136,0.32907175382329,1.0,0.33654397466458,0.77764877947957,0.4999950783938,0.5,0.49998273055055,0.50000140863978,1727073790440
136,0.32907175382329,1.0,0.33654397466458,0.77098948356523,0.4999950783938,0.5,0.49998273055055,0.50000262878957,1727073790466
136,0.32907175382329,1.0,0.33654397466458,0.76717306903364,0.4999950783938,0.5,0.49998273055055,0.5000020804176,1727073790474
136,0.32907175382329,1.0,0.33654397466458,0.77383846581104,0.4999950783938,0.5,0.49998273055055,0.50000414454228,1727073791626
136,0.32907175382329,1.0,0.33654397466458,0.78050463943613,0.4999950783938,0.5,0.49998273055055,0.49999836668651,1727073791738
136,0.32907175382329,1.0,0.33654397466458,0.78717614548105,0.4999950783938,0.5,0.49998273055055,0.50000367563045,1727073791794
136,0.32907175382329,1.0,0.33654397466458,0.78717614548105,0.4999950783938,0.5,0.49998273055055,0.50000367563045,1727073792354
137,1.0,0.5,0.16666666666667,0.5,0.5,0.5,0.5,0.5,1727073797571
137,1.0,0.5,0.16666666666667,0.49617920136623,0.5,0.5,0.5,0.49999599974326,1727073797642
137,1.0,0.5,0.16666666666667,0.4923634760411,0.5,0.5,0.5,0.49999572614746,1727073797666
137,1.0,0.5,0.16666666666667,0.47137381336092,0.5,0.5,0.5,0.50000350236246,1727073797674
137,1.0,0.5,0.16666666666667,0.46086735549988,0.5,0.5,0.5,0.49999257963739,1727073797690
137,1.0,0.5,0.16666666666667,0.40847924678626,0.5,0.5,0.5,0.50000194558494,1727073797707
137,1.0,0.5,0.16666666666667,0.38005709178741,0.5,0.5,0.5,0.49999610895127,1727073797723
137,1.0,0.5,0.16666666666667,0.3485926378973,0.5,0.5,0.5,0.49999321918111,1727073797740
137,1.0,0.5,0.16666666666667,0.32386235333432,0.5,0.5,0.5,0.50000078287552,1727073797757
137,1.0,0.5,0.16666666666667,0.29913956392823,0.5,0.5,0.5,0.50000110678443,1727073797773
137,1.0,0.5,0.16666666666667,0.27441684024004,0.5,0.5,0.5,0.50000153032386,1727073797790
137,1.0,0.5,0.16666666666667,0.25647165443796,0.5,0.5,0.5,0.4999942647177,1727073797807
137,1.0,0.5,0.16666666666667,0.23930707132383,0.5,0.5,0.5,0.4999993003035,1727073797823
137,1.0,0.5,0.16666666666667,0.23180077709226,0.5,0.5,0.5,0.50000088923324,1727073797840
137,1.0,0.5,0.16666666666667,0.20710668168215,0.5,0.5,0.5,0.49999878105643,1727073797857
137,1.0,0.5,0.16666666666667,0.19961226598848,0.5,0.5,0.5,0.49999617583581,1727073797873
137,1.0,0.5,0.16666666666667,0.18170747239122,0.5,0.5,0.5,0.49999971914711,1727073797890
137,1.0,0.5,0.16666666666667,0.17791722457407,0.5,0.5,0.5,0.49999245981171,1727073797907
137,1.0,0.5,0.16666666666667,0.15693720248396,0.5,0.5,0.5,0.49999829419993,1727073797923
137,1.0,0.5,0.16666666666667,0.14947306705118,0.5,0.5,0.5,0.49999467813465,1727073797940
137,1.0,0.5,0.16666666666667,0.13523144784376,0.5,0.5,0.5,0.50000097120525,1727073797957
137,1.0,0.5,0.16666666666667,0.12099971148187,0.5,0.5,0.5,0.49999957124386,1727073797973
137,1.0,0.5,0.16666666666667,0.10676917044928,0.5,0.5,0.5,0.49999990678531,1727073797990
137,1.0,0.5,0.16666666666667,0.10298760125482,0.5,0.5,0.5,0.50000466360357,1727073798007
137,1.0,0.5,0.16666666666667,0.09920666011667,0.5,0.5,0.5,0.49998622566847,1727073798034
137,1.0,0.5,0.16666666666667,0.09255915439929,0.5,0.5,0.5,0.49998378259328,1727073798050
137,1.0,0.5,0.16666666666667,0.08878671049468,0.5,0.5,0.5,0.50000340950063,1727073798058
137,1.0,0.5,0.16666666666667,0.08500212577051,0.5,0.5,0.5,0.5000034984777,1727073798107
137,1.0,0.5,0.16666666666667,0.0745085987645,0.5,0.5,0.5,0.50000154003804,1727073798179
137,1.0,0.5,0.16666666666667,0.06787237458416,0.5,0.5,0.5,0.49999211091716,1727073798202
137,1.0,0.5,0.16666666666667,0.07455805262972,0.5,0.5,0.5,0.50000714555269,1727073798571
137,1.0,0.5,0.16666666666667,0.08123613772126,0.5,0.5,0.5,0.49998332848907,1727073798610
137,1.0,0.5,0.16666666666667,0.08792001252811,0.5,0.5,0.5,0.49999500031977,1727073798634
137,1.0,0.5,0.16666666666667,0.09460375192822,0.5,0.5,0.5,0.49998138884845,1727073799395
137,1.0,0.5,0.16666666666667,0.10129002689785,0.5,0.5,0.5,0.49999642042435,1727073799466
137,1.0,0.5,0.16666666666667,0.10796855158991,0.5,0.5,0.5,0.49999895395481,1727073799724
137,1.0,0.5,0.16666666666667,0.1118770214767,0.5,0.5,0.5,0.50000014991446,1727073799740
137,1.0,0.5,0.16666666666667,0.11856170992747,0.5,0.5,0.5,0.49998874958697,1727073799819
137,1.0,0.5,0.16666666666667,0.12523999039849,0.5,0.5,0.5,0.49999094420588,1727073799931
137,1.0,0.5,0.16666666666667,0.13191720136527,0.5,0.5,0.5,0.49999151812718,1727073799973
137,1.0,0.5,0.16666666666667,0.13582930391151,0.5,0.5,0.5,0.49999790613789,1727073800331
137,1.0,0.5,0.16666666666667,0.14250308152409,0.5,0.5,0.5,0.49999352345676,1727073800340
137,1.0,0.5,0.16666666666667,0.14918286227936,0.5,0.5,0.5,0.49999757870803,1727073800426
137,1.0,0.5,0.16666666666667,0.14918286227936,0.5,0.5,0.5,0.49999757870803,1727073801834
137,1.0,0.5,0.16666666666667,0.14918286227936,0.5,0.5,0.5,0.49999757870803,1727073803220
137,1.0,0.5,0.16936152936064,0.14918286227936,0.5,0.5,0.49997731306576,0.49999757870803,1727073803459
137,1.0,0.5,0.17659856089569,0.14918286227936,0.5,0.5,0.49997003903501,0.49999757870803,1727073803473
137,1.0,0.5,0.18383195428041,0.14918286227936,0.5,0.5,0.50000701074911,0.49999757870803,1727073803491
137,1.0,0.5,0.19106924022164,0.14918286227936,0.5,0.5,0.49999646117638,0.49999757870803,1727073803507
137,1.0,0.5,0.20094848149409,0.14918286227936,0.5,0.5,0.50001096811713,0.49999757870803,1727073803523
137,1.0,0.5,0.20818564787014,0.14918286227936,0.5,0.5,0.50000211938144,0.49999757870803,1727073803540
137,1.0,0.5,0.21542466832387,0.14918286227936,0.5,0.5,0.49997264321588,0.49999757870803,1727073803557
137,1.0,0.5,0.2325160231539,0.14918286227936,0.5,0.5,0.49998424089823,0.49999757870803,1727073803573
137,1.0,0.5,0.23975264072332,0.14918286227936,0.5,0.5,0.4999822375802,0.49999757870803,1727073803590
137,1.0,0.5,0.25423557607938,0.14918286227936,0.5,0.5,0.49996264677084,0.49999757870803,1727073803607
137,1.0,0.5,0.2614687680352,0.14918286227936,0.5,0.5,0.49999617705096,0.49999757870803,1727073803623
137,1.0,0.5,0.26870670437108,0.14918286227936,0.5,0.5,0.49998077846107,0.49999757870803,1727073803640
137,1.0,0.5,0.28318659723928,0.14918286227936,0.5,0.5,0.4999922322625,0.49999757870803,1727073803657
137,1.0,0.5,0.29042483738206,0.14918286227936,0.5,0.5,0.49997455567716,0.49999757870803,1727073803673
137,1.0,0.5,0.29765950898285,0.14918286227936,0.5,0.5,0.49999153654237,0.49999757870803,1727073803690
137,1.0,0.5,0.31475198244254,0.14918286227936,0.5,0.5,0.49999048042752,0.49999757870803,1727073803707
137,1.0,0.5,0.32198025453106,0.14918286227936,0.5,0.5,0.49999014920785,0.49999757870803,1727073803723
137,1.0,0.5,0.32921771825734,0.14918286227936,0.5,0.5,0.49998071610106,0.49999757870803,1727073803740
137,1.0,0.5,0.34369673753435,0.14918286227936,0.5,0.5,0.49999872504432,0.49999757870803,1727073803757
137,1.0,0.5,0.35093513798092,0.14918286227936,0.5,0.5,0.49998135028705,0.49999757870803,1727073803773
137,1.0,0.5,0.35817075805459,0.14918286227936,0.5,0.5,0.49998837760336,0.49999757870803,1727073803790
137,1.0,0.5,0.36539792527179,0.14918286227936,0.5,0.5,0.49999751520703,0.49999757870803,1727073803807
137,1.0,0.5,0.37263434089337,0.14918286227936,0.5,0.5,0.49999748704215,0.49999757870803,1727073803823
137,1.0,0.5,0.37987388546973,0.14918286227936,0.5,0.5,0.49997139371243,0.49999757870803,1727073803840
137,1.0,0.5,0.38709930077297,0.14918286227936,0.5,0.5,0.49999484133822,0.49999757870803,1727073803858
137,1.0,0.5,0.40419096997408,0.14918286227936,0.5,0.5,0.50000029422167,0.49999757870803,1727073803906
137,1.0,0.5,0.41142882252577,0.14918286227936,0.5,0.5,0.49998883783431,0.49999757870803,1727073803923
137,1.0,0.5,0.41865632438924,0.14918286227936,0.5,0.5,0.49999461653274,0.49999757870803,1727073803946
137,1.0,0.5,0.425894771054,0.14918286227936,0.5,0.5,0.49997885397608,0.49999757870803,1727073803970
137,1.0,0.5,0.43576609145973,0.14918286227936,0.5,0.5,0.49998661807314,0.49999757870803,1727073803978
137,1.0,0.5,0.4430027246516,0.14918286227936,0.5,0.5,0.49998505919033,0.49999757870803,1727073804002
137,1.0,0.5,0.4502364095673,0.14918286227936,0.5,0.5,0.50000562550754,0.49999757870803,1727073804040
137,1.0,0.5,0.45290611197489,0.14918286227936,0.5,0.5,0.4999976015367,0.49999757870803,1727073804056
137,1.0,0.5,0.46737995438423,0.14918286227936,0.5,0.5,0.49999015477058,0.49999757870803,1727073804073
137,1.0,0.5,0.47461463556589,0.14918286227936,0.5,0.5,0.50000276393093,0.49999757870803,1727073804090
137,1.0,0.5,0.48909086488447,0.14918286227936,0.5,0.5,0.49997848882384,0.49999757870803,1727073804107
137,1.0,0.5,0.49632521203023,0.14918286227936,0.5,0.5,0.49999319258029,0.49999757870803,1727073804123
137,1.0,0.5,0.50355323031116,0.14918286227936,0.5,0.5,0.4999946825001,0.49999757870803,1727073804140
137,1.0,0.5,0.51079017799199,0.14918286227936,0.5,0.5,0.49999101673456,0.49999757870803,1727073804170
137,1.0,0.5,0.50356031886853,0.14918286227936,0.5,0.5,0.5000023242785,0.49999757870803,1727073805371
137,1.0,0.5,0.49634177147572,0.14918286227936,0.5,0.5,0.49999187463416,0.49999757870803,1727073805406
137,1.0,0.5,0.48911362179882,0.14918286227936,0.5,0.5,0.49999127554893,0.49999757870803,1727073805423
137,1.0,0.5,0.4818942362629,0.14918286227936,0.5,0.5,0.49998651972255,0.49999757870803,1727073805442
137,1.0,0.5,0.47929828665962,0.14918286227936,0.5,0.5,0.49999361651648,0.49999757870803,1727073805466
137,1.0,0.5,0.47207020045686,0.14918286227936,0.5,0.5,0.49999255946347,0.49999757870803,1727073805523
137,1.0,0.5,0.46485099084333,0.14918286227936,0.5,0.5,0.49998641189226,0.49999757870803,1727073805541
137,1.0,0.5,0.45763050699799,0.14918286227936,0.5,0.5,0.49998958751792,0.49999757870803,1727073805556
137,1.0,0.5,0.45040428300232,0.14918286227936,0.5,0.5,0.49997450529359,0.49999757870803,1727073805602
137,1.0,0.5,0.44318241550617,0.14918286227936,0.5,0.5,0.49998809676663,0.49999757870803,1727073805723
137,1.0,0.5,0.43595224038441,0.14918286227936,0.5,0.5,0.50000290525025,0.49999757870803,1727073805756
137,1.0,0.5,0.44318920241696,0.14918286227936,0.5,0.5,0.49999868746147,0.49999757870803,1727073807483
137,1.0,0.5,0.44586102587371,0.14918286227936,0.5,0.5,0.49997461511245,0.49999757870803,1727073807571
137,1.0,0.5,0.45309556510223,0.14918286227936,0.5,0.5,0.49998882919621,0.49999757870803,1727073807579
137,1.0,0.5,0.46032519526882,0.14918286227936,0.5,0.5,0.49997854719019,0.49999757870803,1727073807594
137,1.0,0.5,0.47019672660817,0.14918286227936,0.5,0.5,0.49998440749964,0.49999757870803,1727073807606
137,1.0,0.5,0.4774305786094,0.14918286227936,0.5,0.5,0.50000300615191,0.49999757870803,1727073807627
137,1.0,0.5,0.48466864432741,0.14918286227936,0.5,0.5,0.49999114259564,0.49999757870803,1727073807771
137,1.0,0.5,0.49189904768268,0.14918286227936,0.5,0.5,0.49997580717075,0.49999757870803,1727073807786
137,1.0,0.5,0.49456584921761,0.14918286227936,0.5,0.5,0.49998878243921,0.49999757870803,1727073807823
137,1.0,0.5,0.50179337467816,0.14918286227936,0.5,0.5,0.49999375793111,0.49999757870803,1727073808339
137,1.0,0.5,0.50446247800511,0.14918286227936,0.5,0.5,0.49999049093642,0.49999757870803,1727073808390
137,1.0,0.5,0.51169865675335,0.14918286227936,0.5,0.5,0.4999921664293,0.49999757870803,1727073808406
137,1.0,0.5,0.51892750451128,0.14918286227936,0.5,0.5,0.4999879757902,0.49999757870803,1727073808426
137,1.0,0.5,0.52616164542731,0.14918286227936,0.5,0.5,0.50000342031244,0.49999757870803,1727073808440
137,1.0,0.5,0.53603596099135,0.14918286227936,0.5,0.5,0.49998989108631,0.49999757870803,1727073808490
137,1.0,0.5,0.54326407919174,0.14918286227936,0.5,0.5,0.49999067555713,0.49999757870803,1727073808635
137,1.0,0.5,0.53604232776073,0.14918286227936,0.5,0.5,0.50000203541894,0.49999757870803,1727073810843
137,1.0,0.5,0.5288156580944,0.14918286227936,0.5,0.5,0.49999158959405,0.49999757870803,1727073811411
137,1.0,0.5,0.52159461146699,0.14918286227936,0.5,0.5,0.49999837766056,0.49999757870803,1727073811507
137,1.0,0.5,0.52159461146699,0.14918286227936,0.5,0.5,0.49999837766056,0.49999757870803,1727073812195
137,1.0,0.5,0.52159461146699,0.14918286227936,0.5,0.5,0.49999837766056,0.49999757870803,1727073816900
137,1.0,0.50667921580299,0.52159461146699,0.14918286227936,0.5,0.49999832948304,0.49999837766056,0.49999757870803,1727073816963
137,1.0,0.51718747900208,0.52159461146699,0.14918286227936,0.5,0.49999794210137,0.49999837766056,0.49999757870803,1727073816972
137,1.0,0.54486710007801,0.52159461146699,0.14918286227936,0.5,0.49999614240386,0.49999837766056,0.49999757870803,1727073816989
137,1.0,0.59258893467908,0.52159461146699,0.14918286227936,0.5,0.49999717377039,0.49999837766056,0.49999757870803,1727073817006
137,1.0,0.67466056680504,0.52159461146699,0.14918286227936,0.5,0.50000057935032,0.49999837766056,0.49999757870803,1727073817022
137,1.0,0.75972887608953,0.52159461146699,0.14918286227936,0.5,0.49999683356093,0.49999837766056,0.49999757870803,1727073817039
137,1.0,0.84179383171976,0.52159461146699,0.14918286227936,0.5,0.49999534598514,0.49999837766056,0.49999757870803,1727073817056
137,1.0,0.92385466063598,0.52159461146699,0.14918286227936,0.5,0.49999600458765,0.49999837766056,0.49999757870803,1727073817072
137,1.0,0.99543281404206,0.52159461146699,0.14918286227936,0.5,0.49999909480206,0.49999837766056,0.49999757870803,1727073817089
137,1.0,1.0,0.52159461146699,0.14918286227936,0.5,0.5,0.49999837766056,0.49999757870803,1727073817106
137,1.0,1.0,0.52159461146699,0.14918286227936,0.5,0.5,0.49999837766056,0.49999757870803,1727073817659
137,1.0,1.0,0.52159461146699,0.14918286227936,0.5,0.5,0.49999837766056,0.49999757870803,1727073819411
137,1.0,1.0,0.52159461146699,0.14918286227936,0.5,0.5,0.49999837766056,0.49999757870803,1727073819422
137,1.0,1.0,0.52159461146699,0.14918286227936,0.5,0.5,0.49999837766056,0.49999757870803,1727073819507
137,1.0,1.0,0.52159461146699,0.14918286227936,0.5,0.5,0.49999837766056,0.49999757870803,1727073819531
137,1.0,1.0,0.52159461146699,0.14918286227936,0.5,0.5,0.49999837766056,0.49999757870803,1727073819572
137,1.0,1.0,0.52159461146699,0.14918286227936,0.5,0.5,0.49999837766056,0.49999757870803,1727073819589
137,1.0,1.0,0.52159461146699,0.14918286227936,0.5,0.5,0.49999837766056,0.49999757870803,1727073819606
137,1.0,1.0,0.52159461146699,0.14918286227936,0.5,0.5,0.49999837766056,0.49999757870803,1727073819622
137,1.0,1.0,0.52159461146699,0.14918286227936,0.5,0.5,0.49999837766056,0.49999757870803,1727073819639
137,1.0,1.0,0.52159461146699,0.14918286227936,0.5,0.5,0.49999837766056,0.49999757870803,1727073819655
137,1.0,1.0,0.52159461146699,0.14918286227936,0.5,0.5,0.49999837766056,0.49999757870803,1727073819672
137,1.0,1.0,0.52159461146699,0.14918286227936,0.5,0.5,0.49999837766056,0.49999757870803,1727073819689
137,1.0,1.0,0.52159461146699,0.14918286227936,0.5,0.5,0.49999837766056,0.49999757870803,1727073819705
137,1.0,1.0,0.52159461146699,0.14918286227936,0.5,0.5,0.49999837766056,0.49999757870803,1727073819722
137,0.99334992318523,1.0,0.52159461146699,0.14918286227936,0.50000508234025,0.5,0.49999837766056,0.49999757870803,1727073819867
137,0.97617774382701,1.0,0.52159461146699,0.14918286227936,0.50000382773976,0.5,0.49999837766056,0.49999757870803,1727073819883
137,0.96288548784548,1.0,0.52159461146699,0.14918286227936,0.50000389319428,0.5,0.49999837766056,0.49999757870803,1727073819890
137,0.94571168611764,1.0,0.52159461146699,0.14918286227936,0.50000184149881,0.5,0.49999837766056,0.49999757870803,1727073819906
137,0.89541579772366,1.0,0.52159461146699,0.14918286227936,0.50000019884349,0.5,0.49999837766056,0.49999757870803,1727073819922
137,0.83196657232055,1.0,0.52159461146699,0.14918286227936,0.49999864535544,0.5,0.49999837766056,0.49999757870803,1727073819939
137,0.8186785975679,1.0,0.52159461146699,0.14918286227936,0.50000086386588,0.5,0.49999837766056,0.49999757870803,1727073819956
137,0.8186785975679,1.0,0.52159461146699,0.14918286227936,0.50000086386588,0.5,0.49999837766056,0.49999757870803,1727073819978
137,0.8186785975679,1.0,0.52159461146699,0.14918286227936,0.50000086386588,0.5,0.49999837766056,0.49999757870803,1727073820636
137,0.8253420169763,1.0,0.52159461146699,0.14918286227936,0.50000182287544,0.5,0.49999837766056,0.49999757870803,1727073820699
137,0.83869427282804,1.0,0.52159461146699,0.14918286227936,0.50000099516992,0.5,0.49999837766056,0.49999757870803,1727073820707
137,0.85586181770068,1.0,0.52159461146699,0.14918286227936,0.50000013921508,0.5,0.49999837766056,0.49999757870803,1727073820722
137,0.96482041841488,1.0,0.52159461146699,0.14918286227936,0.50000228451642,0.5,0.49999837766056,0.49999757870803,1727073820739
137,1.0,1.0,0.52159461146699,0.14918286227936,0.5,0.5,0.49999837766056,0.49999757870803,1727073820755
137,1.0,1.0,0.52159461146699,0.14918286227936,0.5,0.5,0.49999837766056,0.49999757870803,1727073820772
137,1.0,1.0,0.52159461146699,0.14918286227936,0.5,0.5,0.49999837766056,0.49999757870803,1727073820789
137,1.0,1.0,0.52159461146699,0.14918286227936,0.5,0.5,0.49999837766056,0.49999757870803,1727073820805
137,1.0,1.0,0.52159461146699,0.14918286227936,0.5,0.5,0.49999837766056,0.49999757870803,1727073820822
137,1.0,1.0,0.52159461146699,0.14918286227936,0.5,0.5,0.49999837766056,0.49999757870803,1727073820839
137,1.0,1.0,0.52159461146699,0.14918286227936,0.5,0.5,0.49999837766056,0.49999757870803,1727073820855
137,1.0,1.0,0.52159461146699,0.14918286227936,0.5,0.5,0.49999837766056,0.49999757870803,1727073820874
137,1.0,1.0,0.52159461146699,0.14918286227936,0.5,0.5,0.49999837766056,0.49999757870803,1727073820890
137,1.0,1.0,0.52159461146699,0.14918286227936,0.5,0.5,0.49999837766056,0.49999757870803,1727073820906
137,1.0,1.0,0.52159461146699,0.14918286227936,0.5,0.5,0.49999837766056,0.49999757870803,1727073820923
137,1.0,1.0,0.52159461146699,0.14918286227936,0.5,0.5,0.49999837766056,0.49999757870803,1727073820939
137,1.0,1.0,0.52159461146699,0.14918286227936,0.5,0.5,0.49999837766056,0.49999757870803,1727073820956
137,1.0,1.0,0.52159461146699,0.14918286227936,0.5,0.5,0.49999837766056,0.49999757870803,1727073820972
137,1.0,1.0,0.52159461146699,0.14918286227936,0.5,0.5,0.49999837766056,0.49999757870803,1727073820989
137,1.0,1.0,0.52159461146699,0.14918286227936,0.5,0.5,0.49999837766056,0.49999757870803,1727073821006
137,1.0,1.0,0.52159461146699,0.14918286227936,0.5,0.5,0.49999837766056,0.49999757870803,1727073821022
137,1.0,1.0,0.52159461146699,0.14918286227936,0.5,0.5,0.49999837766056,0.49999757870803,1727073821083
137,1.0,1.0,0.52159461146699,0.14918286227936,0.5,0.5,0.49999837766056,0.49999757870803,1727073821099
137,1.0,1.0,0.52159461146699,0.14918286227936,0.5,0.5,0.49999837766056,0.49999757870803,1727073821099
137,1.0,1.0,0.52159461146699,0.14918286227936,0.5,0.5,0.49999837766056,0.49999757870803,1727073821828
137,1.0,0.99334680879518,0.52159461146699,0.14918286227936,0.5,0.49999629863636,0.49999837766056,0.49999757870803,1727073821875
137,1.0,0.98669236951682,0.52159461146699,0.14918286227936,0.5,0.49999997243803,0.49999837766056,0.49999757870803,1727073821987
137,1.0,0.99056195416399,0.52159461146699,0.14918286227936,0.5,0.49999639665285,0.49999837766056,0.49999757870803,1727073822022
137,1.0,0.98389541051677,0.52159461146699,0.14918286227936,0.5,0.49999861359721,0.49999837766056,0.49999757870803,1727073822050
137,1.0,0.97724795514802,0.52159461146699,0.14918286227936,0.5,0.49999919078333,0.49999837766056,0.49999757870803,1727073822089
137,1.0,0.97059410307012,0.52159461146699,0.14918286227936,0.5,0.49999571452261,0.49999837766056,0.49999757870803,1727073822105
137,1.0,0.95729123496901,0.52159461146699,0.14918286227936,0.5,0.50000048987633,0.49999837766056,0.49999757870803,1727073822122
137,1.0,0.93074666266018,0.52159461146699,0.14918286227936,0.5,0.49999617063483,0.49999837766056,0.49999757870803,1727073822139
137,1.0,0.90028101415382,0.52159461146699,0.14918286227936,0.5,0.49999803915083,0.49999837766056,0.49999757870803,1727073822155
137,1.0,0.88698166637598,0.52159461146699,0.14918286227936,0.5,0.5000014299917,0.49999837766056,0.49999757870803,1727073822172
137,1.0,0.87368603519063,0.52159461146699,0.14918286227936,0.5,0.50000307756303,0.49999837766056,0.49999757870803,1727073822189
137,1.0,0.86703123437033,0.52159461146699,0.14918286227936,0.5,0.49999977042281,0.49999837766056,0.49999757870803,1727073822205
137,1.0,0.86038123235684,0.52159461146699,0.14918286227936,0.5,0.49999404095642,0.49999837766056,0.49999757870803,1727073822283
137,1.0,0.85655420466058,0.52159461146699,0.14918286227936,0.5,0.49999982137782,0.49999837766056,0.49999757870803,1727073822290
137,1.0,0.84990084636508,0.52159461146699,0.14918286227936,0.5,0.49999571996792,0.49999837766056,0.49999757870803,1727073822305
137,1.0,0.8260769380767,0.52159461146699,0.14918286227936,0.5,0.49999999231483,0.49999837766056,0.49999757870803,1727073822322
137,1.0,0.78636122704211,0.52159461146699,0.14918286227936,0.5,0.49999607348094,0.49999837766056,0.49999757870803,1727073822339
137,1.0,0.76919147219535,0.52159461146699,0.14918286227936,0.5,0.49999629083073,0.49999837766056,0.49999757870803,1727073822355
137,1.0,0.76254115193432,0.52159461146699,0.14918286227936,0.5,0.49999853507951,0.49999837766056,0.49999757870803,1727073822372
137,1.0,0.76921264585601,0.52159461146699,0.14918286227936,0.5,0.49999315941434,0.49999837766056,0.49999757870803,1727073824811
137,1.0,0.77587381218551,0.52159461146699,0.14918286227936,0.5,0.5000016718676,0.49999837766056,0.49999757870803,1727073824899
137,1.0,0.7825446850504,0.52159461146699,0.14918286227936,0.5,0.49999667694914,0.49999837766056,0.49999757870803,1727073824987
137,1.0,0.78921391182699,0.52159461146699,0.14918286227936,0.5,0.50000078135115,0.49999837766056,0.49999757870803,1727073825022
137,1.0,0.79588285988683,0.52159461146699,0.14918286227936,0.5,0.49999687046044,0.49999837766056,0.49999757870803,1727073825155
137,1.0,0.79588285988683,0.52159461146699,0.14918286227936,0.5,0.49999687046044,0.49999837766056,0.49999757870803,1727073825371
138,0.0,0.83333333333333,0.66666666666667,1.0,0.5,0.5,0.5,0.5,1727073829700
138,0.0,0.83333333333333,0.66406455303799,1.0,0.5,0.5,0.49999234008245,0.5,1727073829747
138,0.0,0.83333333333333,0.65684161736515,1.0,0.5,0.5,0.50000905245245,0.5,1727073829755
138,0.0,0.83333333333333,0.63252204193834,1.0,0.5,0.5,0.50000347696682,0.5,1727073829772
138,0.0,0.83333333333333,0.59835489590291,1.0,0.5,0.5,0.49999652594636,0.5,1727073829788
138,0.0,0.83333333333333,0.55239984382781,1.0,0.5,0.5,0.49998942310215,0.5,1727073829805
138,0.0,0.83333333333333,0.52355904360203,1.0,0.5,0.5,0.49999976389699,0.5,1727073829822
138,0.0,0.83333333333333,0.50191574232637,1.0,0.5,0.5,0.49999670454423,0.5,1727073829838
138,0.0,0.83333333333333,0.48483445856802,1.0,0.5,0.5,0.49997618797544,0.5,1727073829855
138,0.0,0.83333333333333,0.47761113216923,1.0,0.5,0.5,0.49999967406126,0.5,1727073829872
138,0.0,0.83333333333333,0.47038460634158,1.0,0.5,0.5,0.49998730961851,0.5,1727073829888
138,0.0,0.83333333333333,0.46316334547936,1.0,0.5,0.5,0.4999961867464,0.5,1727073829905
138,0.0,0.83333333333333,0.45593608030248,1.0,0.5,0.5,0.49998902915228,0.5,1727073829922
138,0.0,0.83333333333333,0.44871611553637,1.0,0.5,0.5,0.49998837417586,0.5,1727073829938
138,0.0,0.83333333333333,0.45138298460777,1.0,0.5,0.5,0.50000159551598,0.5,1727073830964
138,0.0,0.83333333333333,0.45405224253596,1.0,0.5,0.5,0.4999969126142,0.5,1727073830979
138,0.0,0.83333333333333,0.4612813563209,1.0,0.5,0.5,0.49999037155673,0.5,1727073830988
138,0.0,0.83333333333333,0.46395041717449,1.0,0.5,0.5,0.49998724401699,0.5,1727073831005
138,0.0,0.83333333333333,0.4711875963769,1.0,0.5,0.5,0.4999817671541,0.5,1727073831022
138,0.0,0.83333333333333,0.47385393440851,1.0,0.5,0.5,0.49999845180661,0.5,1727073831038
138,0.0,0.83333333333333,0.47651710568284,1.0,0.5,0.5,0.49997876308404,0.5,1727073831211
138,0.0,0.83333333333333,0.47918432871972,1.0,0.5,0.5,0.49998896817923,0.5,1727073831387
138,0.0,0.83333333333333,0.48641893205833,1.0,0.5,0.5,0.5000019415226,0.5,1727073831438
138,0.0,0.83333333333333,0.48641893205833,1.0,0.5,0.5,0.5000019415226,0.5,1727073833355
138,0.0,0.83333333333333,0.48641893205833,1.0,0.5,0.5,0.5000019415226,0.5,1727073835340
138,0.0,0.83333333333333,0.48641893205833,0.97617405972791,0.5,0.5,0.5000019415226,0.49999525381665,1727073835395
138,0.0,0.83333333333333,0.48641893205833,0.95137357872468,0.5,0.5,0.5000019415226,0.49999493509849,1727073835405
138,0.0,0.83333333333333,0.48641893205833,0.85408987394008,0.5,0.5,0.5000019415226,0.4999987847018,1727073835422
138,0.0,0.83333333333333,0.48641893205833,0.76354014429841,0.5,0.5,0.5000019415226,0.50000091535979,1727073835438
138,0.0,0.83333333333333,0.48641893205833,0.62144162101139,0.5,0.5,0.5000019415226,0.4999971322405,1727073835455
138,0.0,0.83333333333333,0.48641893205833,0.48310822843612,0.5,0.5,0.5000019415226,0.50000040319153,1727073835472
138,0.0,0.83333333333333,0.48641893205833,0.34762290394089,0.5,0.5,0.5000019415226,0.49999274396775,1727073835488
138,0.0,0.83333333333333,0.48641893205833,0.2158374260604,0.5,0.5,0.5000019415226,0.5000078784864,1727073835505
138,0.0,0.83333333333333,0.48641893205833,0.10161252264633,0.5,0.5,0.5000019415226,0.49999551242281,1727073835521
138,0.0,0.83333333333333,0.48641893205833,0.01532337021112,0.5,0.5,0.5000019415226,0.50000060943792,1727073835538
138,0.0,0.83333333333333,0.48641893205833,0.0,0.5,0.5,0.5000019415226,0.5,1727073835555
138,0.0,0.83333333333333,0.48641893205833,0.0,0.5,0.5,0.5000019415226,0.5,1727073835571
138,0.0,0.83333333333333,0.48641893205833,0.0,0.5,0.5,0.5000019415226,0.5,1727073835588
138,0.0,0.83333333333333,0.48641893205833,0.0,0.5,0.5,0.5000019415226,0.5,1727073835605
138,0.0,0.83333333333333,0.48641893205833,0.0,0.5,0.5,0.5000019415226,0.5,1727073835621
138,0.0,0.83333333333333,0.48641893205833,0.0,0.5,0.5,0.5000019415226,0.5,1727073835638
138,0.0,0.83333333333333,0.48641893205833,0.0,0.5,0.5,0.5000019415226,0.5,1727073835683
138,0.0,0.83333333333333,0.48641893205833,0.0,0.5,0.5,0.5000019415226,0.5,1727073835683
138,0.0,0.83333333333333,0.48641893205833,0.0,0.5,0.5,0.5000019415226,0.5,1727073837292
138,0.00669269016669,0.83333333333333,0.48641893205833,0.0,0.50000082148476,0.5,0.5000019415226,0.5,1727073837395
138,0.02777184486623,0.83333333333333,0.48641893205833,0.0,0.5000051885207,0.5,0.5000019415226,0.5,1727073837405
138,0.09957038709835,0.83333333333333,0.48641893205833,0.0,0.50000182371646,0.5,0.5000019415226,0.5,1727073837421
138,0.2057119110058,0.83333333333333,0.48641893205833,0.0,0.50000510385288,0.5,0.5000019415226,0.5,1727073837438
138,0.34257642294394,0.83333333333333,0.48641893205833,0.0,0.50000669153476,0.5,0.5000019415226,0.5,1727073837455
138,0.48262006394505,0.83333333333333,0.48641893205833,0.0,0.50000352139817,0.5,0.5000019415226,0.5,1727073837472
138,0.61895163695371,0.83333333333333,0.48641893205833,0.0,0.49999859831507,0.5,0.5000019415226,0.5,1727073837488
138,0.71755933464237,0.83333333333333,0.48641893205833,0.0,0.5000031274149,0.5,0.5000019415226,0.5,1727073837505
138,0.79217314973459,0.83333333333333,0.48641893205833,0.0,0.50000207320398,0.5,0.5000019415226,0.5,1727073837521
138,0.84957508890838,0.83333333333333,0.48641893205833,0.0,0.50000293727869,0.5,0.5000019415226,0.5,1727073837538
138,0.8868083872282,0.83333333333333,0.48641893205833,0.0,0.50000406762973,0.5,0.5000019415226,0.5,1727073837555
138,0.90397175127073,0.83333333333333,0.48641893205833,0.0,0.50000120421042,0.5,0.5000019415226,0.5,1727073837571
138,0.91732883759453,0.83333333333333,0.48641893205833,0.0,0.50000272076037,0.5,0.5000019415226,0.5,1727073837588
138,0.92783392228548,0.83333333333333,0.48641893205833,0.0,0.50000147590362,0.5,0.5000019415226,0.5,1727073837605
138,0.93449859797628,0.83333333333333,0.48641893205833,0.0,0.50000292783145,0.5,0.5000019415226,0.5,1727073837621
138,0.9411692070283,0.83333333333333,0.48641893205833,0.0,0.49999998901157,0.5,0.5000019415226,0.5,1727073837638
138,0.94783290424019,0.83333333333333,0.48641893205833,0.0,0.50000098268465,0.5,0.5000019415226,0.5,1727073837655
138,0.95170151479557,0.83333333333333,0.48641893205833,0.0,0.50000422412346,0.5,0.5000019415226,0.5,1727073837915
138,0.95837215153203,0.83333333333333,0.48641893205833,0.0,0.50000133261952,0.5,0.5000019415226,0.5,1727073837931
138,0.98605133532634,0.83333333333333,0.48641893205833,0.0,0.50000231114812,0.5,0.5000019415226,0.5,1727073837971
138,1.0,0.83333333333333,0.48641893205833,0.0,0.5,0.5,0.5000019415226,0.5,1727073837988
138,1.0,0.83333333333333,0.48641893205833,0.0,0.5,0.5,0.5000019415226,0.5,1727073838005
138,1.0,0.83333333333333,0.48641893205833,0.0,0.5,0.5,0.5000019415226,0.5,1727073838021
138,1.0,0.83333333333333,0.48641893205833,0.0,0.5,0.5,0.5000019415226,0.5,1727073838038
138,1.0,0.83333333333333,0.48641893205833,0.0,0.5,0.5,0.5000019415226,0.5,1727073838055
138,1.0,0.83333333333333,0.48641893205833,0.0,0.5,0.5,0.5000019415226,0.5,1727073838071
138,1.0,0.83333333333333,0.48641893205833,0.0,0.5,0.5,0.5000019415226,0.5,1727073838088
138,1.0,0.83333333333333,0.48641893205833,0.0,0.5,0.5,0.5000019415226,0.5,1727073838105
138,1.0,0.83333333333333,0.48641893205833,0.0,0.5,0.5,0.5000019415226,0.5,1727073838121
138,1.0,0.83333333333333,0.48641893205833,0.0,0.5,0.5,0.5000019415226,0.5,1727073838138
138,1.0,0.83333333333333,0.48641893205833,0.0,0.5,0.5,0.5000019415226,0.5,1727073838155
138,1.0,0.83333333333333,0.48641893205833,0.0,0.5,0.5,0.5000019415226,0.5,1727073838396
138,1.0,0.83333333333333,0.48641893205833,0.0,0.5,0.5,0.5000019415226,0.5,1727073838419
138,1.0,0.83333333333333,0.48641893205833,0.0,0.5,0.5,0.5000019415226,0.5,1727073838420
138,1.0,0.83333333333333,0.48641893205833,0.0,0.5,0.5,0.5000019415226,0.5,1727073839252
138,1.0,0.84000180800208,0.48641893205833,0.0,0.5,0.49999908550288,0.5000019415226,0.5,1727073839315
138,1.0,0.84667790942144,0.48641893205833,0.0,0.5,0.49999950413867,0.5000019415226,0.5,1727073839323
138,1.0,0.86384477805472,0.48641893205833,0.0,0.5,0.50000068098695,0.5000019415226,0.5,1727073839338
138,1.0,0.93920629817508,0.48641893205833,0.0,0.5,0.49999708010054,0.5000019415226,0.5,1727073839355
138,1.0,1.0,0.48641893205833,0.0,0.5,0.5,0.5000019415226,0.5,1727073839371
138,1.0,1.0,0.48641893205833,0.0,0.5,0.5,0.5000019415226,0.5,1727073839388
138,1.0,1.0,0.48641893205833,0.0,0.5,0.5,0.5000019415226,0.5,1727073839715
138,1.0,1.0,0.48641893205833,0.0,0.5,0.5,0.5000019415226,0.5,1727073842636
138,1.0,1.0,0.48908220912481,0.0,0.5,0.5,0.49998182377256,0.5,1727073842780
138,1.0,1.0,0.49174903916915,0.0,0.5,0.5,0.49999462511608,0.5,1727073842891
138,1.0,1.0,0.49441920722544,0.0,0.5,0.5,0.4999838059619,0.5,1727073843147
138,1.0,1.0,0.501644936805,0.0,0.5,0.5,0.5000013673195,0.5,1727073843163
138,1.0,1.0,0.51152524633142,0.0,0.5,0.5,0.5000025333157,0.5,1727073843211
138,1.0,1.0,0.51875467553286,0.0,0.5,0.5,0.49999427544433,0.5,1727073843235
138,1.0,1.0,0.52598918596796,0.0,0.5,0.5,0.50000716606655,0.5,1727073843251
138,1.0,1.0,0.52865341922659,0.0,0.5,0.5,0.49998160908926,0.5,1727073843259
138,1.0,1.0,0.52143126008358,0.0,0.5,0.5,0.49999587231903,0.5,1727073844387
138,1.0,1.0,0.51420640898502,0.0,0.5,0.5,0.49997268211628,0.5,1727073844563
138,1.0,1.0,0.50698130149516,0.0,0.5,0.5,0.50000756963124,0.5,1727073844788
138,1.0,1.0,0.50698130149516,0.0,0.5,0.5,0.50000756963124,0.5,1727073845091
138,1.0,1.0,0.50698130149516,0.0,0.5,0.5,0.50000756963124,0.5,1727073845532
138,1.0,1.0,0.50964547018725,0.0,0.5,0.5,0.4999818177314,0.5,1727073845828
138,1.0,1.0,0.51687964201599,0.0,0.5,0.5,0.49999729562684,0.5,1727073845971
138,1.0,1.0,0.51954054299396,0.0,0.5,0.5,0.49999419192463,0.5,1727073846059
138,1.0,1.0,0.51954054299396,0.0,0.5,0.5,0.49999419192463,0.5,1727073846819
138,1.0,1.0,0.51954054299396,0.0,0.5,0.5,0.49999419192463,0.5,1727073848492
138,1.0,1.0,0.51694416126192,0.0,0.5,0.5,0.50000392296522,0.5,1727073848652
138,1.0,1.0,0.51694416126192,0.0,0.5,0.5,0.50000392296522,0.5,1727073849227
139,0.83333333333333,0.16666666666667,0.5,0.83333333333333,0.5,0.5,0.5,0.5,1727073852340
139,0.81233343961142,0.16666666666667,0.5,0.83333333333333,0.49999739372254,0.5,0.5,0.5,1727073852412
139,0.78465520142608,0.16666666666667,0.5,0.83333333333333,0.4999966232284,0.5,0.5,0.5,1727073852421
139,0.66348768314053,0.16666666666667,0.5,0.83333333333333,0.49999720888286,0.5,0.5,0.5,1727073852437
139,0.51773039163139,0.16666666666667,0.5,0.83333333333333,0.49999420476152,0.5,0.5,0.5,1727073852454
139,0.32117491999115,0.16666666666667,0.5,0.83333333333333,0.49999064145592,0.5,0.5,0.5,1727073852470
139,0.11414600499012,0.16666666666667,0.5,0.83333333333333,0.49998812818045,0.5,0.5,0.5,1727073852487
139,0.0,0.16666666666667,0.5,0.83333333333333,0.5,0.5,0.5,0.5,1727073852504
139,0.0,0.16666666666667,0.5,0.83333333333333,0.5,0.5,0.5,0.5,1727073852521
139,0.0,0.16666666666667,0.5,0.83333333333333,0.5,0.5,0.5,0.5,1727073852537
139,0.0,0.16666666666667,0.5,0.83333333333333,0.5,0.5,0.5,0.5,1727073852554
139,0.0,0.16666666666667,0.5,0.83333333333333,0.5,0.5,0.5,0.5,1727073852571
139,0.0,0.16666666666667,0.5,0.83333333333333,0.5,0.5,0.5,0.5,1727073852587
139,0.0,0.16666666666667,0.5,0.83333333333333,0.5,0.5,0.5,0.5,1727073852604
139,0.0,0.16666666666667,0.5,0.83333333333333,0.5,0.5,0.5,0.5,1727073852620
139,0.0,0.16666666666667,0.5,0.83333333333333,0.5,0.5,0.5,0.5,1727073852637
139,0.0,0.16666666666667,0.5,0.83333333333333,0.5,0.5,0.5,0.5,1727073852654
139,0.0,0.16666666666667,0.5,0.83333333333333,0.5,0.5,0.5,0.5,1727073852683
139,0.0,0.16666666666667,0.5,0.83333333333333,0.5,0.5,0.5,0.5,1727073854380
139,0.0,0.16666666666667,0.5,0.83333333333333,0.5,0.5,0.5,0.5,1727073855221
139,0.0,0.16666666666667,0.5,0.83333333333333,0.5,0.5,0.5,0.5,1727073856029
139,0.0,0.17055736537637,0.5,0.83333333333333,0.5,0.5000155549879,0.5,0.5,1727073856108
139,0.0,0.18501606850267,0.5,0.83333333333333,0.5,0.49999913325799,0.5,0.5,1727073856123
139,0.0,0.20219092738422,0.5,0.83333333333333,0.5,0.50001106172558,0.5,0.5,1727073856137
139,0.0,0.25093947779898,0.5,0.83333333333333,0.5,0.49999888151442,0.5,0.5,1727073856154
139,0.0,0.28252762969233,0.5,0.83333333333333,0.5,0.50001121431009,0.5,0.5,1727073856170
139,0.0,0.29304151079923,0.5,0.83333333333333,0.5,0.50000471391147,0.5,0.5,1727073856187
139,0.0,0.30356148541075,0.5,0.83333333333333,0.5,0.50000771413834,0.5,0.5,1727073856204
139,0.0,0.31023261942995,0.5,0.83333333333333,0.5,0.49999817920688,0.5,0.5,1727073856396
139,0.0,0.3207479186765,0.5,0.83333333333333,0.5,0.50000572581187,0.5,0.5,1727073856419
139,0.0,0.32462944558484,0.5,0.83333333333333,0.5,0.50000126997412,0.5,0.5,1727073856427
139,0.0,0.33131079119401,0.5,0.83333333333333,0.5,0.49999706094557,0.5,0.5,1727073856437
139,0.0,0.34848020677088,0.5,0.83333333333333,0.5,0.49999697501489,0.5,0.5,1727073856454
139,0.0,0.35235916574344,0.5,0.83333333333333,0.5,0.5000092123691,0.5,0.5,1727073856796
139,0.0,0.3590321236544,0.5,0.83333333333333,0.5,0.50001270093895,0.5,0.5,1727073856804
139,0.0,0.36571041955206,0.5,0.83333333333333,0.5,0.49999755793074,0.5,0.5,1727073856932
139,0.0,0.3723783492179,0.5,0.83333333333333,0.5,0.50000555084307,0.5,0.5,1727073856988
139,0.0,0.36573877772382,0.5,0.83333333333333,0.5,0.49999971688953,0.5,0.5,1727073858236
139,0.0,0.35908860063642,0.5,0.83333333333333,0.5,0.50000335552026,0.5,0.5,1727073858588
139,0.0,0.35908860063642,0.5,0.83333333333333,0.5,0.50000335552026,0.5,0.5,1727073858596
139,0.0,0.35908860063642,0.5,0.83333333333333,0.5,0.50000335552026,0.5,0.5,1727073859692
139,0.0,0.35908860063642,0.5,0.82667799321189,0.5,0.50000335552026,0.5,0.50000054797835,1727073859732
139,0.0,0.35908860063642,0.5,0.80568577402793,0.5,0.50000335552026,0.5,0.50000462237755,1727073859739
139,0.0,0.35908860063642,0.5,0.77800617489575,0.5,0.50000335552026,0.5,0.50000331164843,1727073859753
139,0.0,0.35908860063642,0.5,0.67781812953893,0.5,0.50000335552026,0.5,0.50000163109008,1727073859770
139,0.0,0.35908860063642,0.5,0.54248417216675,0.5,0.50000335552026,0.5,0.50000504316268,1727073859787
139,0.0,0.35908860063642,0.5,0.248663177901,0.5,0.50000335552026,0.5,0.50000181258586,1727073859803
139,0.0,0.35908860063642,0.5,0.05533694105784,0.5,0.50000335552026,0.5,0.49999725455546,1727073859820
139,0.0,0.35908860063642,0.5,0.0,0.5,0.50000335552026,0.5,0.5,1727073859837
139,0.0,0.35908860063642,0.5,0.0,0.5,0.50000335552026,0.5,0.5,1727073859853
139,0.0,0.35908860063642,0.5,0.0,0.5,0.50000335552026,0.5,0.5,1727073859870
139,0.0,0.35908860063642,0.5,0.0,0.5,0.50000335552026,0.5,0.5,1727073859887
139,0.0,0.35908860063642,0.5,0.0,0.5,0.50000335552026,0.5,0.5,1727073859903
139,0.0,0.35908860063642,0.5,0.0,0.5,0.50000335552026,0.5,0.5,1727073859920
139,0.0,0.35908860063642,0.5,0.0,0.5,0.50000335552026,0.5,0.5,1727073859937
139,0.0,0.35908860063642,0.5,0.0,0.5,0.50000335552026,0.5,0.5,1727073859995
139,0.0,0.35908860063642,0.5,0.0,0.5,0.50000335552026,0.5,0.5,1727073860011
139,0.0,0.35908860063642,0.5,0.0,0.5,0.50000335552026,0.5,0.5,1727073862157
139,0.0,0.35908860063642,0.5,0.0,0.5,0.50000335552026,0.5,0.5,1727073862228
139,0.0,0.35908860063642,0.5,0.0,0.5,0.50000335552026,0.5,0.5,1727073862243
139,0.0,0.35908860063642,0.5,0.0,0.5,0.50000335552026,0.5,0.5,1727073862259
139,0.0,0.35908860063642,0.5,0.0,0.5,0.50000335552026,0.5,0.5,1727073862270
139,0.0,0.35908860063642,0.5,0.0,0.5,0.50000335552026,0.5,0.5,1727073862287
139,0.0,0.35908860063642,0.5,0.0,0.5,0.50000335552026,0.5,0.5,1727073862303
139,0.0,0.35908860063642,0.5,0.0,0.5,0.50000335552026,0.5,0.5,1727073862320
139,0.0,0.35908860063642,0.5,0.0,0.5,0.50000335552026,0.5,0.5,1727073862337
139,0.0,0.35908860063642,0.5,0.0,0.5,0.50000335552026,0.5,0.5,1727073862353
139,0.0,0.35908860063642,0.5,0.0,0.5,0.50000335552026,0.5,0.5,1727073862370
139,0.0,0.35908860063642,0.5,0.0,0.5,0.50000335552026,0.5,0.5,1727073862555
139,0.0,0.35908860063642,0.5,0.0,0.5,0.50000335552026,0.5,0.5,1727073862781
139,0.0,0.35908860063642,0.5,0.0,0.5,0.50000335552026,0.5,0.5,1727073862836
139,0.0,0.35908860063642,0.5,0.0,0.5,0.50000335552026,0.5,0.5,1727073862851
139,0.0,0.35908860063642,0.5,0.0,0.5,0.50000335552026,0.5,0.5,1727073862859
139,0.0,0.35908860063642,0.5,0.0,0.5,0.50000335552026,0.5,0.5,1727073862870
139,0.0,0.35908860063642,0.5,0.0,0.5,0.50000335552026,0.5,0.5,1727073862887
139,0.0,0.35908860063642,0.5,0.0,0.5,0.50000335552026,0.5,0.5,1727073862903
139,0.0,0.35908860063642,0.5,0.0,0.5,0.50000335552026,0.5,0.5,1727073862920
139,0.0,0.35908860063642,0.5,0.0,0.5,0.50000335552026,0.5,0.5,1727073862937
139,0.0,0.35908860063642,0.5,0.0,0.5,0.50000335552026,0.5,0.5,1727073863020
139,0.0,0.35908860063642,0.5,0.0,0.5,0.50000335552026,0.5,0.5,1727073863036
139,0.0,0.35908860063642,0.5,0.0,0.5,0.50000335552026,0.5,0.5,1727073863036
139,0.0,0.35908860063642,0.5,0.0,0.5,0.50000335552026,0.5,0.5,1727073865461
139,0.0,0.35908860063642,0.50723928563931,0.0,0.5,0.50000335552026,0.49997833400625,0.5,1727073865492
139,0.0,0.35908860063642,0.52171081609719,0.0,0.5,0.50000335552026,0.49998749280054,0.5,1727073865508
139,0.0,0.35908860063642,0.53880278342688,0.0,0.5,0.50000335552026,0.49999019111891,0.5,1727073865520
139,0.0,0.35908860063642,0.55588844516329,0.0,0.5,0.50000335552026,0.49998053158981,0.5,1727073865537
139,0.0,0.35908860063642,0.58285910082077,0.0,0.5,0.50000335552026,0.49999475719427,0.5,1727073865553
139,0.0,0.35908860063642,0.60983241618515,0.0,0.5,0.50000335552026,0.49999185921545,0.5,1727073865570
139,0.0,0.35908860063642,0.62960141019601,0.0,0.5,0.50000335552026,0.49999296449148,0.5,1727073865587
139,0.0,0.35908860063642,0.63683168862919,0.0,0.5,0.50000335552026,0.49998085951574,0.5,1727073865603
139,0.0,0.35908860063642,0.64670305106908,0.0,0.5,0.50000335552026,0.49998652917909,0.5,1727073865620
139,0.0,0.35908860063642,0.64936208299455,0.0,0.5,0.50000335552026,0.49999481010915,0.5,1727073865670
139,0.0,0.35908860063642,0.65659921349201,0.0,0.5,0.50000335552026,0.49999067478317,0.5,1727073865756
139,0.0,0.35908860063642,0.65659921349201,0.0,0.5,0.50000335552026,0.49999067478317,0.5,1727073867436
139,0.0,0.35908860063642,0.65659921349201,0.0,0.5,0.50000335552026,0.49999067478317,0.5,1727073870741
139,0.0,0.35908860063642,0.65925992783567,0.0,0.5,0.50000335552026,0.49998914444142,0.5,1727073871172
139,0.0,0.35908860063642,0.66648595176641,0.0,0.5,0.50000335552026,0.50000181986888,0.5,1727073871284
139,0.0,0.35908860063642,0.67372488289604,0.0,0.5,0.50000335552026,0.49998747771655,0.5,1727073871348
139,0.0,0.35908860063642,0.67637595176884,0.0,0.5,0.50000335552026,0.49999425160717,0.5,1727073871355
139,0.0,0.35908860063642,0.68361292262509,0.0,0.5,0.50000335552026,0.49999113750481,0.5,1727073872053
139,0.0,0.35908860063642,0.69083928661651,0.0,0.5,0.50000335552026,0.50000157295036,0.5,1727073872084
139,0.0,0.35908860063642,0.69083928661651,0.0,0.5,0.50000335552026,0.50000157295036,0.5,1727073872085
140,0.0,0.83333333333333,1.0,0.83333333333333,0.5,0.5,0.5,0.5,1727073876413
140,0.0,0.83333333333333,0.99739001128127,0.83333333333333,0.5,0.5,0.49999261195583,0.5,1727073876420
140,0.0,0.83333333333333,0.99477810538721,0.83333333333333,0.5,0.5,0.49999503026238,0.5,1727073876436
140,0.0,0.83333333333333,0.98755878828647,0.83333333333333,0.5,0.5,0.49999194937912,0.5,1727073876453
140,0.0,0.83333333333333,0.96323782696924,0.83333333333333,0.5,0.5,0.49999354491209,0.5,1727073876470
140,0.0,0.83333333333333,0.91727401611557,0.83333333333333,0.5,0.5,0.49999111980033,0.5,1727073876486
140,0.0,0.83333333333333,0.85690220848828,0.83333333333333,0.5,0.5,0.49999150769467,0.5,1727073876503
140,0.0,0.83333333333333,0.78662572398799,0.83333333333333,0.5,0.5,0.49999002895757,0.5,1727073876519
140,0.0,0.83333333333333,0.74786480478825,0.83333333333333,0.5,0.5,0.49999116834888,0.5,1727073876536
140,0.0,0.83333333333333,0.7091125888648,0.83333333333333,0.5,0.5,0.49998956983433,0.5,1727073876553
140,0.0,0.83333333333333,0.68025787860003,0.83333333333333,0.5,0.5,0.49998428635303,0.5,1727073876569
140,0.0,0.83333333333333,0.65140967394981,0.83333333333333,0.5,0.5,0.49998844635815,0.5,1727073876586
140,0.0,0.83333333333333,0.62975652178626,0.83333333333333,0.5,0.5,0.49999548322648,0.5,1727073876603
140,0.0,0.83333333333333,0.60090844997645,0.83333333333333,0.5,0.5,0.49999945062425,0.5,1727073876619
140,0.0,0.83333333333333,0.55950707285821,0.83333333333333,0.5,0.5,0.49997787503452,0.5,1727073876636
140,0.0,0.83333333333333,0.53065880789102,0.83333333333333,0.5,0.5,0.49998284695329,0.5,1727073876653
140,0.0,0.83333333333333,0.51622553242059,0.83333333333333,0.5,0.5,0.49999202683156,0.5,1727073876669
140,0.0,0.83333333333333,0.50899714424165,0.83333333333333,0.5,0.5,0.49999309374338,0.5,1727073876686
140,0.0,0.83333333333333,0.50177829811652,0.83333333333333,0.5,0.5,0.4999847162274,0.5,1727073876703
140,0.0,0.83333333333333,0.49455126908667,0.83333333333333,0.5,0.5,0.49997615441265,0.5,1727073876719
140,0.0,0.83333333333333,0.48732803138958,0.83333333333333,0.5,0.5,0.49999869939817,0.5,1727073876736
140,0.0,0.83333333333333,0.48010062138046,0.83333333333333,0.5,0.5,0.49999284445861,0.5,1727073876876
140,0.0,0.83333333333333,0.47287971901854,0.83333333333333,0.5,0.5,0.49999905532036,0.5,1727073876891
140,0.0,0.83333333333333,0.46565433126568,0.83333333333333,0.5,0.5,0.49997825857675,0.5,1727073876903
140,0.0,0.83333333333333,0.45581289892071,0.83333333333333,0.5,0.5,0.499991938797,0.5,1727073876919
140,0.0,0.83333333333333,0.43873122013341,0.83333333333333,0.5,0.5,0.49997294035458,0.5,1727073876936
140,0.0,0.83333333333333,0.41708512720795,0.83333333333333,0.5,0.5,0.49999058020783,0.5,1727073876953
140,0.0,0.83333333333333,0.40265452531996,0.83333333333333,0.5,0.5,0.49998003358152,0.5,1727073876969
140,0.0,0.83333333333333,0.38822165288542,0.83333333333333,0.5,0.5,0.49998767735754,0.5,1727073876986
140,0.0,0.83333333333333,0.37837244193034,0.83333333333333,0.5,0.5,0.4999997892979,0.5,1727073877003
140,0.0,0.83333333333333,0.3711539890685,0.83333333333333,0.5,0.5,0.49998640568187,0.5,1727073877053
140,0.0,0.83333333333333,0.3639344767647,0.83333333333333,0.5,0.5,0.49998176231365,0.5,1727073877069
140,0.0,0.83333333333333,0.3567054652111,0.83333333333333,0.5,0.5,0.49998836605762,0.5,1727073877086
140,0.0,0.83333333333333,0.34948724407482,0.83333333333333,0.5,0.5,0.49997233321258,0.5,1727073877103
140,0.0,0.83333333333333,0.34226314795525,0.83333333333333,0.5,0.5,0.50000795896623,0.5,1727073877123
140,0.0,0.83333333333333,0.33503573823048,0.83333333333333,0.5,0.5,0.50000076399176,0.5,1727073877136
140,0.0,0.83333333333333,0.32781773106849,0.83333333333333,0.5,0.5,0.49998234136045,0.5,1727073877153
140,0.0,0.83333333333333,0.31338717473482,0.83333333333333,0.5,0.5,0.49996948851547,0.5,1727073877169
140,0.0,0.83333333333333,0.30354573490182,0.83333333333333,0.5,0.5,0.49998684671922,0.5,1727073877187
140,0.0,0.83333333333333,0.31078296083702,0.83333333333333,0.5,0.5,0.49997937114167,0.5,1727073878172
140,0.0,0.83333333333333,0.32065565283572,0.83333333333333,0.5,0.5,0.49997608074425,0.5,1727073878220
140,0.0,0.83333333333333,0.32789133386001,0.83333333333333,0.5,0.5,0.49998298877116,0.5,1727073878244
140,0.0,0.83333333333333,0.33512602652445,0.83333333333333,0.5,0.5,0.49999858934022,0.5,1727073878364
140,0.0,0.83333333333333,0.32790696091053,0.83333333333333,0.5,0.5,0.49998975279983,0.5,1727073879084
140,0.0,0.83333333333333,0.32067887113405,0.83333333333333,0.5,0.5,0.49998839925969,0.5,1727073879148
140,0.0,0.83333333333333,0.32335670509366,0.83333333333333,0.5,0.5,0.49997914103875,0.5,1727073879964
140,0.0,0.83333333333333,0.33059386461012,0.83333333333333,0.5,0.5,0.49997261692497,0.5,1727073879972
140,0.0,0.83333333333333,0.33782858606785,0.83333333333333,0.5,0.5,0.49998801617111,0.5,1727073879987
140,0.0,0.83333333333333,0.34050521240239,0.83333333333333,0.5,0.5,0.49998975937883,0.5,1727073880228
140,0.0,0.83333333333333,0.34050521240239,0.83333333333333,0.5,0.5,0.49998975937883,0.5,1727073882180
140,0.0,0.83333333333333,0.34050521240239,0.83333333333333,0.5,0.5,0.49998975937883,0.5,1727073883661
140,0.00394328594673,0.83333333333333,0.34050521240239,0.83333333333333,0.50001047409952,0.5,0.49998975937883,0.5,1727073883692
140,0.02781825817309,0.83333333333333,0.34050521240239,0.83333333333333,0.50000570255043,0.5,0.49998975937883,0.5,1727073883702
140,0.1271445010805,0.83333333333333,0.34050521240239,0.83333333333333,0.50000882888433,0.5,0.49998975937883,0.5,1727073883719
140,0.27501729580429,0.83333333333333,0.34050521240239,0.83333333333333,0.50000200696826,0.5,0.49998975937883,0.5,1727073883735
140,0.5228342799442,0.83333333333333,0.34050521240239,0.83333333333333,0.50000250449072,0.5,0.49998975937883,0.5,1727073883752
140,0.93065591446366,0.83333333333333,0.34050521240239,0.83333333333333,0.50000455789276,0.5,0.49998975937883,0.5,1727073883769
140,1.0,0.83333333333333,0.34050521240239,0.83333333333333,0.5,0.5,0.49998975937883,0.5,1727073883786
140,1.0,0.83333333333333,0.34050521240239,0.83333333333333,0.5,0.5,0.49998975937883,0.5,1727073883802
140,1.0,0.83333333333333,0.34050521240239,0.83333333333333,0.5,0.5,0.49998975937883,0.5,1727073883820
140,1.0,0.83333333333333,0.34050521240239,0.83333333333333,0.5,0.5,0.49998975937883,0.5,1727073883996
140,1.0,0.83333333333333,0.34050521240239,0.83333333333333,0.5,0.5,0.49998975937883,0.5,1727073884741
140,1.0,0.82667815632852,0.34050521240239,0.83333333333333,0.5,0.49999936849546,0.49998975937883,0.5,1727073884860
140,1.0,0.80951214442927,0.34050521240239,0.83333333333333,0.5,0.49999768329078,0.49998975937883,0.5,1727073884876
140,1.0,0.77133445875452,0.34050521240239,0.83333333333333,0.5,0.50000216075342,0.49998975937883,0.5,1727073884885
140,1.0,0.63537164718787,0.34050521240239,0.83333333333333,0.5,0.49999849527504,0.49998975937883,0.5,1727073884902
140,1.0,0.44581345712343,0.34050521240239,0.83333333333333,0.5,0.50000152725207,0.49998975937883,0.5,1727073884919
140,1.0,0.22886712601052,0.34050521240239,0.83333333333333,0.5,0.49999356696033,0.49998975937883,0.5,1727073884935
140,1.0,0.0,0.34050521240239,0.83333333333333,0.5,0.5,0.49998975937883,0.5,1727073884952
140,1.0,0.0,0.34050521240239,0.83333333333333,0.5,0.5,0.49998975937883,0.5,1727073884969
140,1.0,0.0,0.34050521240239,0.83333333333333,0.5,0.5,0.49998975937883,0.5,1727073884985
140,1.0,0.0,0.34050521240239,0.83333333333333,0.5,0.5,0.49998975937883,0.5,1727073885002
140,1.0,0.0,0.34050521240239,0.83333333333333,0.5,0.5,0.49998975937883,0.5,1727073885019
140,1.0,0.0,0.34050521240239,0.83333333333333,0.5,0.5,0.49998975937883,0.5,1727073885035
140,1.0,0.0,0.34050521240239,0.83333333333333,0.5,0.5,0.49998975937883,0.5,1727073885052
140,1.0,0.0,0.34050521240239,0.83333333333333,0.5,0.5,0.49998975937883,0.5,1727073885069
140,1.0,0.0,0.34050521240239,0.83333333333333,0.5,0.5,0.49998975937883,0.5,1727073885124
140,1.0,0.0,0.34050521240239,0.83333333333333,0.5,0.5,0.49998975937883,0.5,1727073886021
140,0.99617233985196,0.0,0.34050521240239,0.83333333333333,0.50000137551313,0.5,0.49998975937883,0.5,1727073886132
140,0.98951933891447,0.0,0.34050521240239,0.83333333333333,0.499998337361,0.5,0.49998975937883,0.5,1727073886140
140,0.98569622549181,0.0,0.34050521240239,0.83333333333333,0.50000174799834,0.5,0.49998975937883,0.5,1727073886152
140,0.9685224927683,0.0,0.34050521240239,0.83333333333333,0.49999973569513,0.5,0.49998975937883,0.5,1727073886169
140,0.95135157500049,0.0,0.34050521240239,0.83333333333333,0.49999895771325,0.5,0.49998975937883,0.5,1727073886185
140,0.9370366322336,0.0,0.34050521240239,0.83333333333333,0.50000272311747,0.5,0.49998975937883,0.5,1727073886202
140,0.92652661253944,0.0,0.34050521240239,0.83333333333333,0.5000016568146,0.5,0.49998975937883,0.5,1727073886219
140,0.9198783879081,0.0,0.34050521240239,0.83333333333333,0.50000069033126,0.5,0.49998975937883,0.5,1727073886235
140,0.89887592782961,0.0,0.34050521240239,0.83333333333333,0.49999952239521,0.5,0.49998975937883,0.5,1727073886252
140,0.88170520472947,0.0,0.34050521240239,0.83333333333333,0.49999878813472,0.5,0.49998975937883,0.5,1727073886269
140,0.86453610927863,0.0,0.34050521240239,0.83333333333333,0.49999883640443,0.5,0.49998975937883,0.5,1727073886285
140,0.84353215738676,0.0,0.34050521240239,0.83333333333333,0.4999968216167,0.5,0.49998975937883,0.5,1727073886302
140,0.83303167020267,0.0,0.34050521240239,0.83333333333333,0.50000045864933,0.5,0.49998975937883,0.5,1727073886319
140,0.81973735636524,0.0,0.34050521240239,0.83333333333333,0.49999943040785,0.5,0.49998975937883,0.5,1727073886335
140,0.8159087571562,0.0,0.34050521240239,0.83333333333333,0.50000055078042,0.5,0.49998975937883,0.5,1727073886352
140,0.80925529251223,0.0,0.34050521240239,0.83333333333333,0.50000475655251,0.5,0.49998975937883,0.5,1727073886371
140,0.80542674234737,0.0,0.34050521240239,0.83333333333333,0.49999789645407,0.5,0.49998975937883,0.5,1727073886385
140,0.79492637938612,0.0,0.34050521240239,0.83333333333333,0.50000174245993,0.5,0.49998975937883,0.5,1727073886402
140,0.77775953945358,0.0,0.34050521240239,0.83333333333333,0.5000030540974,0.5,0.49998975937883,0.5,1727073886419
140,0.76724668248525,0.0,0.34050521240239,0.83333333333333,0.5000002865126,0.5,0.49998975937883,0.5,1727073886435
140,0.75008346073954,0.0,0.34050521240239,0.83333333333333,0.50000360409757,0.5,0.49998975937883,0.5,1727073886452
140,0.74626004776517,0.0,0.34050521240239,0.83333333333333,0.49999917505052,0.5,0.49998975937883,0.5,1727073886475
140,0.73960932782844,0.0,0.34050521240239,0.83333333333333,0.5000051966904,0.5,0.49998975937883,0.5,1727073886485
140,0.7329586255054,0.0,0.34050521240239,0.83333333333333,0.5000026806749,0.5,0.49998975937883,0.5,1727073886508
140,0.72912538970235,0.0,0.34050521240239,0.83333333333333,0.50000130228627,0.5,0.49998975937883,0.5,1727073886519
140,0.72247845774091,0.0,0.34050521240239,0.83333333333333,0.50000087004949,0.5,0.49998975937883,0.5,1727073886540
140,0.71196680594303,0.0,0.34050521240239,0.83333333333333,0.49999861026665,0.5,0.49998975937883,0.5,1727073886552
140,0.70530978170983,0.0,0.34050521240239,0.83333333333333,0.50000120583648,0.5,0.49998975937883,0.5,1727073886580
140,0.7119840889256,0.0,0.34050521240239,0.83333333333333,0.49999969827764,0.5,0.49998975937883,0.5,1727073887764
140,0.7119840889256,0.0,0.34050521240239,0.83333333333333,0.49999969827764,0.5,0.49998975937883,0.5,1727073888148
140,0.7119840889256,0.0,0.34050521240239,0.83333333333333,0.49999969827764,0.5,0.49998975937883,0.5,1727073890517
140,0.7119840889256,0.0,0.34050521240239,0.82282713873909,0.49999969827764,0.5,0.49998975937883,0.49999813427903,1727073890596
140,0.7119840889256,0.0,0.34050521240239,0.81616465196455,0.49999969827764,0.5,0.49998975937883,0.4999976322333,1727073890612
140,0.7119840889256,0.0,0.34050521240239,0.80567248805803,0.49999969827764,0.5,0.49998975937883,0.49999768379323,1727073890620
140,0.7119840889256,0.0,0.34050521240239,0.79515856107618,0.49999969827764,0.5,0.49998975937883,0.49999437164818,1727073890636
140,0.7119840889256,0.0,0.34050521240239,0.77416268608428,0.49999969827764,0.5,0.49998975937883,0.49999647685094,1727073890652
140,0.7119840889256,0.0,0.34050521240239,0.75985377318271,0.49999969827764,0.5,0.49998975937883,0.49999576054656,1727073890669
140,0.7119840889256,0.0,0.34050521240239,0.74268187685629,0.49999969827764,0.5,0.49998975937883,0.49999420677305,1727073890685
140,0.7119840889256,0.0,0.34050521240239,0.72837928547609,0.49999969827764,0.5,0.49998975937883,0.49999699652751,1727073890702
140,0.7119840889256,0.0,0.34050521240239,0.71120837751455,0.49999969827764,0.5,0.49998975937883,0.49999598086952,1727073890719
140,0.7119840889256,0.0,0.34050521240239,0.70738361411106,0.49999969827764,0.5,0.49998975937883,0.49999942339612,1727073890768
140,0.7119840889256,0.0,0.34050521240239,0.70073609823395,0.49999969827764,0.5,0.49998975937883,0.49999862952655,1727073890785
140,0.7119840889256,0.0,0.34050521240239,0.69690176432198,0.49999969827764,0.5,0.49998975937883,0.49999654845587,1727073890802
140,0.7119840889256,0.0,0.34050521240239,0.69025266555154,0.49999969827764,0.5,0.49998975937883,0.49999479725019,1727073890819
140,0.7119840889256,0.0,0.34050521240239,0.68643357489419,0.49999969827764,0.5,0.49998975937883,0.50000165184436,1727073890836
140,0.7119840889256,0.0,0.34050521240239,0.68260826583008,0.49999969827764,0.5,0.49998975937883,0.49999579159102,1727073890860
140,0.7119840889256,0.0,0.34050521240239,0.67210635175272,0.49999969827764,0.5,0.49998975937883,0.49999919847979,1727073890884
140,0.7119840889256,0.0,0.34050521240239,0.66545445313164,0.49999969827764,0.5,0.49998975937883,0.49999573288203,1727073890891
140,0.7119840889256,0.0,0.34050521240239,0.66163416559693,0.49999969827764,0.5,0.49998975937883,0.50000205401868,1727073890902
140,0.7119840889256,0.0,0.34050521240239,0.65780827260069,0.49999969827764,0.5,0.49998975937883,0.49999568073523,1727073890918
140,0.7119840889256,0.0,0.34050521240239,0.65115166473364,0.49999969827764,0.5,0.49998975937883,0.49999866539611,1727073890935
140,0.7119840889256,0.0,0.34050521240239,0.65782461234846,0.49999969827764,0.5,0.49998975937883,0.49999626087362,1727073892300
140,0.7119840889256,0.0,0.34050521240239,0.65782461234846,0.49999969827764,0.5,0.49998975937883,0.49999626087362,1727073893564
141,0.66666666666667,0.33333333333333,0.16666666666667,0.0,0.5,0.5,0.5,0.5,1727073905581
141,0.66666666666667,0.33333333333333,0.1640978886679,0.0,0.5,0.5,0.49997770527169,0.5,1727073905675
141,0.66666666666667,0.33333333333333,0.15687696523884,0.0,0.5,0.5,0.49998874263198,0.5,1727073905699
141,0.66666666666667,0.33333333333333,0.15431520552833,0.0,0.5,0.5,0.49998279324507,0.5,1727073905707
141,0.66666666666667,0.33333333333333,0.14709436146258,0.0,0.5,0.5,0.49999314641387,0.5,1727073905717
141,0.66666666666667,0.33333333333333,0.13726530541497,0.0,0.5,0.5,0.49996168236717,0.5,1727073905733
141,0.66666666666667,0.33333333333333,0.11566028112004,0.0,0.5,0.5,0.49999121035583,0.5,1727073905750
141,0.66666666666667,0.33333333333333,0.10844172531459,0.0,0.5,0.5,0.49996935213173,0.5,1727073905767
141,0.66666666666667,0.33333333333333,0.09402377637242,0.0,0.5,0.5,0.50000517862711,0.5,1727073905783
141,0.66666666666667,0.33333333333333,0.07243847584862,0.0,0.5,0.5,0.4999870336344,0.5,1727073905800
141,0.66666666666667,0.33333333333333,0.05535644055248,0.0,0.5,0.5,0.49995003514552,0.5,1727073905817
141,0.66666666666667,0.33333333333333,0.02664438381256,0.0,0.5,0.5,0.50001720609328,0.5,1727073905833
141,0.66666666666667,0.33333333333333,0.0122392746409,0.0,0.5,0.5,0.4999737168396,0.5,1727073905850
141,0.66666666666667,0.33333333333333,0.00502820848043,0.0,0.5,0.5,0.49995682811805,0.5,1727073905867
141,0.66666666666667,0.33333333333333,0.0,0.0,0.5,0.5,0.5,0.5,1727073905883
141,0.66666666666667,0.33333333333333,0.0,0.0,0.5,0.5,0.5,0.5,1727073905900
141,0.66666666666667,0.33333333333333,0.0,0.0,0.5,0.5,0.5,0.5,1727073905917
141,0.66666666666667,0.33333333333333,0.0,0.0,0.5,0.5,0.5,0.5,1727073905933
141,0.66666666666667,0.33333333333333,0.0,0.0,0.5,0.5,0.5,0.5,1727073905950
141,0.66666666666667,0.33333333333333,0.0,0.0,0.5,0.5,0.5,0.5,1727073905967
141,0.66666666666667,0.33333333333333,0.0,0.0,0.5,0.5,0.5,0.5,1727073905984
141,0.66666666666667,0.33333333333333,0.0,0.0,0.5,0.5,0.5,0.5,1727073906000
141,0.66666666666667,0.33333333333333,0.0,0.0,0.5,0.5,0.5,0.5,1727073906017
141,0.66666666666667,0.33333333333333,0.0,0.0,0.5,0.5,0.5,0.5,1727073906033
141,0.66666666666667,0.33333333333333,0.0,0.0,0.5,0.5,0.5,0.5,1727073906050
141,0.66666666666667,0.33333333333333,0.0,0.0,0.5,0.5,0.5,0.5,1727073906067
141,0.66666666666667,0.33333333333333,0.0,0.0,0.5,0.5,0.5,0.5,1727073906083
141,0.66666666666667,0.33333333333333,0.0,0.0,0.5,0.5,0.5,0.5,1727073906100
141,0.66666666666667,0.33333333333333,0.0,0.0,0.5,0.5,0.5,0.5,1727073906211
141,0.66666666666667,0.33333333333333,0.0,0.0,0.5,0.5,0.5,0.5,1727073909453
141,0.66666666666667,0.33333333333333,0.0,0.0,0.5,0.5,0.5,0.5,1727073910396
141,0.66000848256444,0.33333333333333,0.0,0.0,0.49999581838522,0.5,0.5,0.5,1727073910459
141,0.65335146736584,0.33333333333333,0.0,0.0,0.49999854818946,0.5,0.5,0.5,1727073910475
141,0.64669918240524,0.33333333333333,0.0,0.0,0.49999476774084,0.5,0.5,0.5,1727073910491
141,0.64288467178982,0.33333333333333,0.0,0.0,0.4999952850577,0.5,0.5,0.5,1727073910500
141,0.61520842284623,0.33333333333333,0.0,0.0,0.49999556380918,0.5,0.5,0.5,1727073910516
141,0.57325651019954,0.33333333333333,0.0,0.0,0.49999663260607,0.5,0.5,0.5,1727073910533
141,0.52459319017369,0.33333333333333,0.0,0.0,0.49999515299182,0.5,0.5,0.5,1727073910550
141,0.47219437958963,0.33333333333333,0.0,0.0,0.49999570932876,0.5,0.5,0.5,1727073910566
141,0.44072011270438,0.33333333333333,0.0,0.0,0.4999976339757,0.5,0.5,0.5,1727073910583
141,0.41971916039601,0.33333333333333,0.0,0.0,0.49999677581772,0.5,0.5,0.5,1727073910600
141,0.39873457865906,0.33333333333333,0.0,0.0,0.49999670012083,0.5,0.5,0.5,1727073910617
141,0.39208637647889,0.33333333333333,0.0,0.0,0.49999490714252,0.5,0.5,0.5,1727073910633
141,0.38827192350567,0.33333333333333,0.0,0.0,0.49999568144612,0.5,0.5,0.5,1727073910650
141,0.3844594428583,0.33333333333333,0.0,0.0,0.49999817897381,0.5,0.5,0.5,1727073910667
141,0.37395956484544,0.33333333333333,0.0,0.0,0.49999145919514,0.5,0.5,0.5,1727073910683
141,0.37015356687547,0.33333333333333,0.0,0.0,0.4999997517159,0.5,0.5,0.5,1727073910700
141,0.36633617502509,0.33333333333333,0.0,0.0,0.49999795465244,0.5,0.5,0.5,1727073910716
141,0.37301139577379,0.33333333333333,0.0,0.0,0.49999647010308,0.5,0.5,0.5,1727073911404
141,0.37969190449388,0.33333333333333,0.0,0.0,0.49999964697822,0.5,0.5,0.5,1727073911427
141,0.38636063330668,0.33333333333333,0.0,0.0,0.49999255133022,0.5,0.5,0.5,1727073911466
141,0.39302945054973,0.33333333333333,0.0,0.0,0.49999886937188,0.5,0.5,0.5,1727073911483
141,0.39970813189297,0.33333333333333,0.0,0.0,0.50000037302289,0.5,0.5,0.5,1727073911507
141,0.40358407908076,0.33333333333333,0.0,0.0,0.49999954760242,0.5,0.5,0.5,1727073911517
141,0.41026179625165,0.33333333333333,0.0,0.0,0.50000021525872,0.5,0.5,0.5,1727073911539
141,0.41693611574348,0.33333333333333,0.0,0.0,0.49999806082574,0.5,0.5,0.5,1727073911596
141,0.4208157459398,0.33333333333333,0.0,0.0,0.50000029696462,0.5,0.5,0.5,1727073911604
141,0.42748919958967,0.33333333333333,0.0,0.0,0.49999747067835,0.5,0.5,0.5,1727073911617
141,0.43799987117207,0.33333333333333,0.0,0.0,0.4999998967637,0.5,0.5,0.5,1727073911633
141,0.44467228308703,0.33333333333333,0.0,0.0,0.49999631745299,0.5,0.5,0.5,1727073911683
141,0.44854563869241,0.33333333333333,0.0,0.0,0.49999352222785,0.5,0.5,0.5,1727073911700
141,0.45522357186965,0.33333333333333,0.0,0.0,0.49999437324555,0.5,0.5,0.5,1727073911731
141,0.46189487085648,0.33333333333333,0.0,0.0,0.50000198504818,0.5,0.5,0.5,1727073911803
141,0.4685671021813,0.33333333333333,0.0,0.0,0.49999836681556,0.5,0.5,0.5,1727073912204
141,0.47243710402026,0.33333333333333,0.0,0.0,0.49999309359818,0.5,0.5,0.5,1727073912250
141,0.47243710402026,0.33333333333333,0.0,0.0,0.49999309359818,0.5,0.5,0.5,1727073912771
141,0.47243710402026,0.33333333333333,0.0,0.0,0.49999309359818,0.5,0.5,0.5,1727073913821
141,0.47243710402026,0.33722170346024,0.0,0.0,0.49999309359818,0.49999406739316,0.5,0.5,1727073913891
141,0.47243710402026,0.343902785509,0.0,0.0,0.49999309359818,0.49999027331364,0.5,0.5,1727073913907
141,0.47243710402026,0.36106815394956,0.0,0.0,0.49999309359818,0.49999403126622,0.5,0.5,1727073913916
141,0.47243710402026,0.4097981865008,0.0,0.0,0.49999309359818,0.50000151536479,0.5,0.5,1727073913933
141,0.47243710402026,0.49285443399696,0.0,0.0,0.49999309359818,0.49999385468039,0.5,0.5,1727073913950
141,0.47243710402026,0.6264932475073,0.0,0.0,0.49999309359818,0.49999940884076,0.5,0.5,1727073913966
141,0.47243710402026,0.77058117304811,0.0,0.0,0.49999309359818,0.49999354866547,0.5,0.5,1727073913983
141,0.47243710402026,0.89000308735402,0.0,0.0,0.49999309359818,0.49999850689288,0.5,0.5,1727073914000
141,0.47243710402026,0.99971299376477,0.0,0.0,0.49999309359818,0.49999766118749,0.5,0.5,1727073914016
141,0.47243710402026,1.00000655921058,0.0,0.0,0.49999309359818,0.49999710699185,0.5,0.5,1727073914033
141,0.47243710402026,1.00000655921058,0.0,0.0,0.49999309359818,0.49999710699185,0.5,0.5,1727073914050
141,0.47243710402026,1.00000655921058,0.0,0.0,0.49999309359818,0.49999710699185,0.5,0.5,1727073914066
141,0.47243710402026,1.00000655921058,0.0,0.0,0.49999309359818,0.49999710699185,0.5,0.5,1727073914083
141,0.47243710402026,1.00000655921058,0.0,0.0,0.49999309359818,0.49999710699185,0.5,0.5,1727073914100
141,0.47243710402026,1.00000655921058,0.0,0.0,0.49999309359818,0.49999710699185,0.5,0.5,1727073914116
141,0.47243710402026,1.00000655921058,0.0,0.0,0.49999309359818,0.49999710699185,0.5,0.5,1727073914203
141,0.47243710402026,1.00000655921058,0.0,0.0,0.49999309359818,0.49999710699185,0.5,0.5,1727073916772
141,0.47243710402026,0.99334786685569,0.0,0.0,0.49999309359818,0.49999582947238,0.5,0.5,1727073916859
141,0.47243710402026,0.98669765837095,0.0,0.0,0.49999309359818,0.49999761462987,0.5,0.5,1727073916900
141,0.47243710402026,0.98004415421566,0.0,0.0,0.49999309359818,0.49999400060925,0.5,0.5,1727073916916
141,0.47243710402026,0.97338073102536,0.0,0.0,0.49999309359818,0.50000175052669,0.5,0.5,1727073916933
141,0.47243710402026,0.9667255271228,0.0,0.0,0.49999309359818,0.49999888975337,0.5,0.5,1727073916955
141,0.47243710402026,0.96007563728376,0.0,0.0,0.49999309359818,0.49999357637431,0.5,0.5,1727073916971
141,0.47243710402026,0.95341276025743,0.0,0.0,0.49999309359818,0.50000120231806,0.5,0.5,1727073916995
141,0.47243710402026,0.94676106629747,0.0,0.0,0.49999309359818,0.49999667379736,0.5,0.5,1727073917043
141,0.47243710402026,0.94010735709032,0.0,0.0,0.49999309359818,0.49999302823357,0.5,0.5,1727073917059
141,0.47243710402026,0.93628173680324,0.0,0.0,0.49999309359818,0.4999977628041,0.5,0.5,1727073917067
141,0.47243710402026,0.92961614726692,0.0,0.0,0.49999309359818,0.49999964355205,0.5,0.5,1727073917084
141,0.47243710402026,0.92296069375643,0.0,0.0,0.49999309359818,0.49999678141174,0.5,0.5,1727073917099
141,0.47243710402026,0.91631213877399,0.0,0.0,0.49999309359818,0.49999789810659,0.5,0.5,1727073917149
141,0.47243710402026,0.90965527536162,0.0,0.0,0.49999309359818,0.49999566341085,0.5,0.5,1727073917166
141,0.47243710402026,0.90299812877007,0.0,0.0,0.49999309359818,0.50000089476588,0.5,0.5,1727073917308
141,0.47243710402026,0.90299812877007,0.0,0.0,0.49999309359818,0.50000089476588,0.5,0.5,1727073917483
141,0.47243710402026,0.90299812877007,0.0,0.0,0.49999309359818,0.50000089476588,0.5,0.5,1727073919780
141,0.47243710402026,0.90299812877007,0.0,0.00669224535997,0.49999309359818,0.50000089476588,0.5,0.49999986612145,1727073919828
141,0.47243710402026,0.90299812877007,0.0,0.01721781365916,0.49999309359818,0.50000089476588,0.5,0.50000501164192,1727073919835
141,0.47243710402026,0.90299812877007,0.0,0.03064572748646,0.49999309359818,0.50000089476588,0.5,0.49999916241563,1727073919850
141,0.47243710402026,0.90299812877007,0.0,0.07845182638965,0.49999309359818,0.50000089476588,0.5,0.50000952172555,1727073919866
141,0.47243710402026,0.90299812877007,0.0,0.150178030496,0.49999309359818,0.50000089476588,0.5,0.4999909279145,1727073919883
141,0.47243710402026,0.90299812877007,0.0,0.26671519366545,0.49999309359818,0.50000089476588,0.5,0.50000800383912,1727073919899
141,0.47243710402026,0.90299812877007,0.0,0.32796705071176,0.49999309359818,0.50000089476588,0.5,0.49999792041876,1727073919916
141,0.47243710402026,0.90299812877007,0.0,0.37517630127293,0.49999309359818,0.50000089476588,0.5,0.50000623530617,1727073919933
141,0.47243710402026,0.90299812877007,0.0,0.40876717018014,0.49999309359818,0.50000089476588,0.5,0.4999982754713,1727073919949
141,0.47243710402026,0.90299812877007,0.0,0.42214080087889,0.49999309359818,0.50000089476588,0.5,0.50000191886173,1727073919966
141,0.47243710402026,0.90299812877007,0.0,0.42880727582043,0.49999309359818,0.50000089476588,0.5,0.50000590942826,1727073920060
141,0.47243710402026,0.90299812877007,0.0,0.4354776688665,0.49999309359818,0.50000089476588,0.5,0.50000059983761,1727073920075
141,0.47243710402026,0.90299812877007,0.0,0.44599107028388,0.49999309359818,0.50000089476588,0.5,0.50000511323656,1727073920083
141,0.47243710402026,0.90299812877007,0.0,0.46606568837209,0.49999309359818,0.50000089476588,0.5,0.50000319518647,1727073920099
141,0.47243710402026,0.90299812877007,0.0,0.47943724572278,0.49999309359818,0.50000089476588,0.5,0.50000489510497,1727073920116
141,0.47243710402026,0.90299812877007,0.0,0.49660425131055,0.49999309359818,0.50000089476588,0.5,0.50000313937151,1727073920133
141,0.47243710402026,0.90299812877007,0.0,0.50327589957217,0.49999309359818,0.50000089476588,0.5,0.49999925088814,1727073920484
141,0.47243710402026,0.90299812877007,0.0,0.52044823487689,0.49999309359818,0.50000089476588,0.5,0.50000148917447,1727073920499
141,0.47243710402026,0.90299812877007,0.0,0.53761664234769,0.49999309359818,0.50000089476588,0.5,0.50000088040803,1727073920516
141,0.47243710402026,0.90299812877007,0.0,0.5614659712675,0.49999309359818,0.50000089476588,0.5,0.50000301174896,1727073920533
141,0.47243710402026,0.90299812877007,0.0,0.58152873157682,0.49999309359818,0.50000089476588,0.5,0.5000037492035,1727073920549
141,0.47243710402026,0.90299812877007,0.0,0.58820174979497,0.49999309359818,0.50000089476588,0.5,0.5000011509308,1727073920836
141,0.47243710402026,0.90299812877007,0.0,0.59207792959568,0.49999309359818,0.50000089476588,0.5,0.50000065899215,1727073920859
141,0.47243710402026,0.90299812877007,0.0,0.60543117617585,0.49999309359818,0.50000089476588,0.5,0.50000026227777,1727073920867
141,0.47243710402026,0.90299812877007,0.0,0.61209854140175,0.49999309359818,0.50000089476588,0.5,0.5000039865744,1727073920883
141,0.47243710402026,0.90299812877007,0.0,0.61597242708298,0.49999309359818,0.50000089476588,0.5,0.50000203495977,1727073921316
141,0.47243710402026,0.90299812877007,0.0,0.62264681571377,0.49999309359818,0.50000089476588,0.5,0.50000041816084,1727073921333
141,0.47243710402026,0.90299812877007,0.0,0.62931476743472,0.49999309359818,0.50000089476588,0.5,0.50000443608693,1727073921349
141,0.47243710402026,0.90299812877007,0.0,0.63598540545758,0.49999309359818,0.50000089476588,0.5,0.50000049164468,1727073921387
141,0.47243710402026,0.90299812877007,0.0,0.62839104340751,0.49999309359818,0.50000089476588,0.5,0.50000403459313,1727073922556
141,0.47243710402026,0.90299812877007,0.0,0.62839104340751,0.49999309359818,0.50000089476588,0.5,0.50000403459313,1727073922556
142,0.0,0.83333333333333,0.66666666666667,1.0,0.5,0.5,0.5,0.5,1727073926501
142,0.0,0.83333333333333,0.66666666666667,0.98949582413208,0.5,0.5,0.5,0.50000156411493,1727073926572
142,0.0,0.83333333333333,0.66666666666667,0.94850834355501,0.5,0.5,0.5,0.50000029958191,1727073926582
142,0.0,0.83333333333333,0.66666666666667,0.78477199996742,0.5,0.5,0.5,0.50000147543453,1727073926599
142,0.0,0.83333333333333,0.66666666666667,0.59598915369041,0.5,0.5,0.5,0.50000295759922,1727073926616
142,0.0,0.83333333333333,0.66666666666667,0.36897571826539,0.5,0.5,0.5,0.5000057784785,1727073926632
142,0.0,0.83333333333333,0.66666666666667,0.17628358818342,0.5,0.5,0.5,0.5000086202152,1727073926649
142,0.0,0.83333333333333,0.66666666666667,0.0,0.5,0.5,0.5,0.5,1727073926666
142,0.0,0.83333333333333,0.66666666666667,0.0,0.5,0.5,0.5,0.5,1727073926682
142,0.0,0.83333333333333,0.66666666666667,0.0,0.5,0.5,0.5,0.5,1727073926699
142,0.0,0.83333333333333,0.66666666666667,0.0,0.5,0.5,0.5,0.5,1727073926716
142,0.0,0.83333333333333,0.66666666666667,0.0,0.5,0.5,0.5,0.5,1727073926732
142,0.0,0.83333333333333,0.66666666666667,0.0,0.5,0.5,0.5,0.5,1727073926749
142,0.0,0.83333333333333,0.66666666666667,0.0,0.5,0.5,0.5,0.5,1727073926766
142,0.0,0.83333333333333,0.66666666666667,0.0,0.5,0.5,0.5,0.5,1727073926852
142,0.0,0.83333333333333,0.66666666666667,0.0,0.5,0.5,0.5,0.5,1727073928604
142,0.0,0.83333333333333,0.65943884816428,0.0,0.5,0.5,0.49999590465829,0.5,1727073928684
142,0.0,0.83333333333333,0.65221868779121,0.0,0.5,0.5,0.49999659007431,0.5,1727073928699
142,0.0,0.83333333333333,0.6305664803194,0.0,0.5,0.5,0.49999819138712,0.5,1727073928716
142,0.0,0.83333333333333,0.61612653401548,0.0,0.5,0.5,0.49999738897697,0.5,1727073928732
142,0.0,0.83333333333333,0.59448325989086,0.0,0.5,0.5,0.49999443541057,0.5,1727073928749
142,0.0,0.83333333333333,0.58551833231715,0.0,0.5,0.5,0.50000239144448,0.5,1727073928766
142,0.0,0.83333333333333,0.57379035233424,0.0,0.5,0.5,0.49998628822915,0.5,1727073928782
142,0.0,0.83333333333333,0.56205971608496,0.0,0.5,0.5,0.49998688366194,0.5,1727073928799
142,0.0,0.83333333333333,0.55483251144722,0.0,0.5,0.5,0.49998012743468,0.5,1727073928815
142,0.0,0.83333333333333,0.54039224416061,0.0,0.5,0.5,0.49998104903665,0.5,1727073928832
142,0.0,0.83333333333333,0.54305830813442,0.0,0.5,0.5,0.49999809342315,0.5,1727073928849
142,0.0,0.83333333333333,0.53583095163614,0.0,0.5,0.5,0.49999229083152,0.5,1727073928865
142,0.0,0.83333333333333,0.53850153165947,0.0,0.5,0.5,0.49997934300707,0.5,1727073928996
142,0.0,0.83333333333333,0.53127073343461,0.0,0.5,0.5,0.49999644853229,0.5,1727073929044
142,0.0,0.83333333333333,0.53850892792273,0.0,0.5,0.5,0.49998459841662,0.5,1727073930140
142,0.0,0.83333333333333,0.54573650375017,0.0,0.5,0.5,0.49998900499351,0.5,1727073930156
142,0.0,0.83333333333333,0.55297253559069,0.0,0.5,0.5,0.49999156775497,0.5,1727073930166
142,0.0,0.83333333333333,0.5556344321155,0.0,0.5,0.5,0.49998213795108,0.5,1727073931716
142,0.0,0.83333333333333,0.55830098476915,0.0,0.5,0.5,0.49999568498237,0.5,1727073931932
142,0.0,0.83333333333333,0.55107400540204,0.0,0.5,0.5,0.49998750080468,0.5,1727073931949
142,0.0,0.83333333333333,0.55107400540204,0.0,0.5,0.5,0.49998750080468,0.5,1727073933035
142,0.0,0.83333333333333,0.55107400540204,0.0,0.5,0.5,0.49998750080468,0.5,1727073934861
142,0.00668839729792,0.83333333333333,0.55107400540204,0.0,0.49999160102708,0.5,0.49998750080468,0.5,1727073934956
142,0.01337983177524,0.83333333333333,0.55107400540204,0.0,0.49998998651483,0.5,0.49998750080468,0.5,1727073934966
142,0.04042784696445,0.83333333333333,0.55107400540204,0.0,0.4999944525549,0.5,0.49998750080468,0.5,1727073934982
142,0.088138436958,0.83333333333333,0.55107400540204,0.0,0.49999995992189,0.5,0.49998750080468,0.5,1727073934999
142,0.15657939523453,0.83333333333333,0.55107400540204,0.0,0.49999292136854,0.5,0.49998750080468,0.5,1727073935015
142,0.23870199381965,0.83333333333333,0.55107400540204,0.0,0.49999357124122,0.5,0.49998750080468,0.5,1727073935032
142,0.33445585278636,0.83333333333333,0.55107400540204,0.0,0.49999463658012,0.5,0.49998750080468,0.5,1727073935049
142,0.4229152281157,0.83333333333333,0.55107400540204,0.0,0.49999356934939,0.5,0.49998750080468,0.5,1727073935065
142,0.50089039958861,0.83333333333333,0.55107400540204,0.0,0.49999859900574,0.5,0.49998750080468,0.5,1727073935082
142,0.56841563727885,0.83333333333333,0.55107400540204,0.0,0.50000017020771,0.5,0.49998750080468,0.5,1727073935099
142,0.62904625197426,0.83333333333333,0.55107400540204,0.0,0.50000006154492,0.5,0.49998750080468,0.5,1727073935115
142,0.7100959999713,0.83333333333333,0.55107400540204,0.0,0.49999328573808,0.5,0.49998750080468,0.5,1727073935132
142,0.76386129681409,0.83333333333333,0.55107400540204,0.0,0.49999986859421,0.5,0.49998750080468,0.5,1727073935149
142,0.81759414439892,0.83333333333333,0.55107400540204,0.0,0.49999697603712,0.5,0.49998750080468,0.5,1727073935165
142,0.85780564388892,0.83333333333333,0.55107400540204,0.0,0.49999515226169,0.5,0.49998750080468,0.5,1727073935182
142,0.91150995241257,0.83333333333333,0.55107400540204,0.0,0.50000107279387,0.5,0.49998750080468,0.5,1727073935199
142,0.97195490001306,0.83333333333333,0.55107400540204,0.0,0.50000047548639,0.5,0.49998750080468,0.5,1727073935215
142,1.0,0.83333333333333,0.55107400540204,0.0,0.5,0.5,0.49998750080468,0.5,1727073935232
142,1.0,0.83333333333333,0.55107400540204,0.0,0.5,0.5,0.49998750080468,0.5,1727073935249
142,1.0,0.83333333333333,0.55107400540204,0.0,0.5,0.5,0.49998750080468,0.5,1727073935265
142,1.0,0.83333333333333,0.55107400540204,0.0,0.5,0.5,0.49998750080468,0.5,1727073935282
142,1.0,0.83333333333333,0.55107400540204,0.0,0.5,0.5,0.49998750080468,0.5,1727073935299
142,1.0,0.83333333333333,0.55107400540204,0.0,0.5,0.5,0.49998750080468,0.5,1727073935315
142,1.0,0.83333333333333,0.55107400540204,0.0,0.5,0.5,0.49998750080468,0.5,1727073935332
142,1.0,0.83333333333333,0.55107400540204,0.0,0.5,0.5,0.49998750080468,0.5,1727073935349
142,1.0,0.83333333333333,0.55107400540204,0.0,0.5,0.5,0.49998750080468,0.5,1727073935365
142,1.0,0.83333333333333,0.55107400540204,0.0,0.5,0.5,0.49998750080468,0.5,1727073935382
142,1.0,0.83333333333333,0.55107400540204,0.0,0.5,0.5,0.49998750080468,0.5,1727073935452
142,1.0,0.83333333333333,0.55107400540204,0.0,0.5,0.5,0.49998750080468,0.5,1727073935467
142,1.0,0.83333333333333,0.55107400540204,0.0,0.5,0.5,0.49998750080468,0.5,1727073935482
142,1.0,0.83333333333333,0.55107400540204,0.0,0.5,0.5,0.49998750080468,0.5,1727073935980
142,1.0,0.83333333333333,0.55107400540204,0.0,0.5,0.5,0.49998750080468,0.5,1727073937237
142,1.0,0.83999958152883,0.55107400540204,0.0,0.5,0.50000021166549,0.49998750080468,0.5,1727073937252
142,1.0,0.84667032103834,0.55107400540204,0.0,0.5,0.50000331904515,0.49998750080468,0.5,1727073937299
142,1.0,0.86001436803325,0.55107400540204,0.0,0.5,0.5000005049225,0.49998750080468,0.5,1727073937315
142,1.0,0.90772060084617,0.55107400540204,0.0,0.5,0.50000117915602,0.49998750080468,0.5,1727073937332
142,1.0,0.94873509937593,0.55107400540204,0.0,0.5,0.50000154634519,0.49998750080468,0.5,1727073937348
142,1.0,0.99358321708131,0.55107400540204,0.0,0.5,0.50000061992246,0.49998750080468,0.5,1727073937365
142,1.0,1.0,0.55107400540204,0.0,0.5,0.5,0.49998750080468,0.5,1727073937382
142,1.0,1.0,0.55107400540204,0.0,0.5,0.5,0.49998750080468,0.5,1727073937398
142,1.0,1.0,0.55107400540204,0.0,0.5,0.5,0.49998750080468,0.5,1727073937415
142,1.0,1.0,0.55107400540204,0.0,0.5,0.5,0.49998750080468,0.5,1727073937432
142,1.0,1.0,0.55107400540204,0.0,0.5,0.5,0.49998750080468,0.5,1727073937448
142,1.0,1.0,0.55107400540204,0.0,0.5,0.5,0.49998750080468,0.5,1727073937465
142,1.0,1.0,0.55107400540204,0.0,0.5,0.5,0.49998750080468,0.5,1727073937482
142,1.0,1.0,0.55107400540204,0.0,0.5,0.5,0.49998750080468,0.5,1727073937780
142,1.0,1.0,0.55107400540204,0.0,0.5,0.5,0.49998750080468,0.5,1727073941268
142,1.0,1.0,0.5438532661084,0.0,0.5,0.5,0.49999202988742,0.5,1727073941380
142,1.0,1.0,0.53662400257429,0.0,0.5,0.5,0.49999889850392,0.5,1727073941396
142,1.0,1.0,0.52218449816284,0.0,0.5,0.5,0.49999500888079,0.5,1727073941432
142,1.0,1.0,0.51765046896551,0.0,0.5,0.5,0.49998810766177,0.5,1727073941448
142,1.0,1.0,0.51311525098949,0.0,0.5,0.5,0.49998929852386,0.5,1727073941465
142,1.0,1.0,0.50589578652693,0.0,0.5,0.5,0.49998522271889,0.5,1727073941548
142,1.0,1.0,0.49867398081753,0.0,0.5,0.5,0.49999747731754,0.5,1727073941581
142,1.0,1.0,0.49867398081753,0.0,0.5,0.5,0.49999747731754,0.5,1727073941772
143,0.16666666666667,0.5,0.33333333333333,1.0,0.5,0.5,0.5,0.5,1727073945565
143,0.16666666666667,0.5,0.34057113604896,1.0,0.5,0.5,0.49998588860003,0.5,1727073945581
143,0.16666666666667,0.5,0.35505079487522,1.0,0.5,0.5,0.49999788946893,0.5,1727073945598
143,0.16666666666667,0.5,0.36492283376417,1.0,0.5,0.5,0.50000011167253,0.5,1727073945615
143,0.16666666666667,0.5,0.38201755754936,1.0,0.5,0.5,0.4999802530984,0.5,1727073945631
143,0.16666666666667,0.5,0.41891948693979,1.0,0.5,0.5,0.49998511840306,0.5,1727073945648
143,0.16666666666667,0.5,0.45310439761942,1.0,0.5,0.5,0.49998400432015,0.5,1727073945665
143,0.16666666666667,0.5,0.48007561062677,1.0,0.5,0.5,0.49999609864743,0.5,1727073945681
143,0.16666666666667,0.5,0.51425994658973,1.0,0.5,0.5,0.49999852845054,0.5,1727073945698
143,0.16666666666667,0.5,0.54124013425874,1.0,0.5,0.5,0.50000396264393,0.5,1727073945715
143,0.16666666666667,0.5,0.55832681892552,1.0,0.5,0.5,0.49998740065219,0.5,1727073945731
143,0.16666666666667,0.5,0.56819883450518,1.0,0.5,0.5,0.49998934677633,0.5,1727073945748
143,0.16666666666667,0.5,0.585291663444,1.0,0.5,0.5,0.4999864444612,0.5,1727073945765
143,0.16666666666667,0.5,0.57806303591752,1.0,0.5,0.5,0.49998889032279,0.5,1727073946172
143,0.16666666666667,0.5,0.57084244816411,1.0,0.5,0.5,0.49999231400168,0.5,1727073946188
143,0.16666666666667,0.5,0.56361530127179,1.0,0.5,0.5,0.49998530647774,0.5,1727073946198
143,0.16666666666667,0.5,0.54918347472742,1.0,0.5,0.5,0.49998463901411,0.5,1727073946215
143,0.16666666666667,0.5,0.53474384721413,1.0,0.5,0.5,0.49998137245796,0.5,1727073946231
143,0.16666666666667,0.5,0.52030322310609,1.0,0.5,0.5,0.49998477203265,0.5,1727073946248
143,0.16666666666667,0.5,0.51576813313333,1.0,0.5,0.5,0.4999850619091,0.5,1727073946265
143,0.16666666666667,0.5,0.50854133772662,1.0,0.5,0.5,0.49997504523776,0.5,1727073946281
143,0.16666666666667,0.5,0.50854133772662,1.0,0.5,0.5,0.49997504523776,0.5,1727073948644
143,0.16666666666667,0.5,0.50854133772662,1.0,0.5,0.5,0.49997504523776,0.5,1727073950725
143,0.16666666666667,0.49334682771224,0.50854133772662,1.0,0.5,0.49999759845027,0.49997504523776,0.5,1727073950772
143,0.16666666666667,0.48285184109369,0.50854133772662,1.0,0.5,0.49999957942909,0.49997504523776,0.5,1727073950781
143,0.16666666666667,0.47234686493347,0.50854133772662,1.0,0.5,0.49999750022391,0.49997504523776,0.5,1727073950798
143,0.16666666666667,0.45245263744495,0.50854133772662,1.0,0.5,0.49999893620239,0.49997504523776,0.5,1727073950814
143,0.16666666666667,0.41542188972873,0.50854133772662,1.0,0.5,0.49999885917637,0.49997504523776,0.5,1727073950831
143,0.16666666666667,0.34814824397809,0.50854133772662,1.0,0.5,0.49999571007574,0.49997504523776,0.5,1727073950848
143,0.16666666666667,0.26799406032801,0.50854133772662,1.0,0.5,0.49999540547002,0.49997504523776,0.5,1727073950864
143,0.16666666666667,0.16276305681379,0.50854133772662,1.0,0.5,0.49999454706148,0.49997504523776,0.5,1727073950881
143,0.16666666666667,0.069163060393,0.50854133772662,1.0,0.5,0.49999294171512,0.49997504523776,0.5,1727073950898
143,0.16666666666667,-0.0,0.50854133772662,1.0,0.5,0.5,0.49997504523776,0.5,1727073950915
143,0.16666666666667,-0.0,0.50854133772662,1.0,0.5,0.5,0.49997504523776,0.5,1727073950931
143,0.16666666666667,-0.0,0.50854133772662,1.0,0.5,0.5,0.49997504523776,0.5,1727073950948
143,0.16666666666667,-0.0,0.50854133772662,1.0,0.5,0.5,0.49997504523776,0.5,1727073950964
143,0.16666666666667,-0.0,0.50854133772662,1.0,0.5,0.5,0.49997504523776,0.5,1727073950981
143,0.16666666666667,-0.0,0.50854133772662,1.0,0.5,0.5,0.49997504523776,0.5,1727073950998
143,0.16666666666667,-0.0,0.50854133772662,1.0,0.5,0.5,0.49997504523776,0.5,1727073951014
143,0.16666666666667,-0.0,0.50854133772662,1.0,0.5,0.5,0.49997504523776,0.5,1727073951031
143,0.16666666666667,-0.0,0.50854133772662,1.0,0.5,0.5,0.49997504523776,0.5,1727073951048
143,0.16666666666667,-0.0,0.50854133772662,1.0,0.5,0.5,0.49997504523776,0.5,1727073951064
143,0.16666666666667,-0.0,0.50854133772662,1.0,0.5,0.5,0.49997504523776,0.5,1727073951081
143,0.16666666666667,-0.0,0.50854133772662,1.0,0.5,0.5,0.49997504523776,0.5,1727073951098
143,0.16666666666667,-0.0,0.50854133772662,1.0,0.5,0.5,0.49997504523776,0.5,1727073951114
143,0.16666666666667,-0.0,0.50854133772662,1.0,0.5,0.5,0.49997504523776,0.5,1727073951131
143,0.16666666666667,-0.0,0.50854133772662,1.0,0.5,0.5,0.49997504523776,0.5,1727073951148
143,0.16666666666667,-0.0,0.50854133772662,1.0,0.5,0.5,0.49997504523776,0.5,1727073951164
143,0.16666666666667,-0.0,0.50854133772662,1.0,0.5,0.5,0.49997504523776,0.5,1727073951181
143,0.16666666666667,-0.0,0.50854133772662,1.0,0.5,0.5,0.49997504523776,0.5,1727073951260
143,0.16666666666667,-0.0,0.50854133772662,1.0,0.5,0.5,0.49997504523776,0.5,1727073953364
143,0.16666666666667,-0.0,0.50854133772662,1.0,0.5,0.5,0.49997504523776,0.5,1727073954021
143,0.16666666666667,-0.0,0.50854133772662,1.0,0.5,0.5,0.49997504523776,0.5,1727073954757
143,0.16666666666667,-0.0,0.50854133772662,1.0,0.5,0.5,0.49997504523776,0.5,1727073955702
143,0.16666666666667,-0.0,0.50854133772662,1.0,0.5,0.5,0.49997504523776,0.5,1727073957118
143,0.16666666666667,-0.0,0.50854133772662,0.98949059811845,0.5,0.5,0.49997504523776,0.49999923957661,1727073957204
143,0.16666666666667,-0.0,0.50854133772662,0.98565674074598,0.5,0.5,0.49997504523776,0.49999785934002,1727073957214
143,0.16666666666667,-0.0,0.50854133772662,0.95417244140541,0.5,0.5,0.49997504523776,0.50000146998526,1727073957231
143,0.16666666666667,-0.0,0.50854133772662,0.90932608236729,0.5,0.5,0.49997504523776,0.5000014292679,1727073957247
143,0.16666666666667,-0.0,0.50854133772662,0.86066127993504,0.5,0.5,0.49997504523776,0.49999987166825,1727073957264
143,0.16666666666667,-0.0,0.50854133772662,0.81198519173373,0.5,0.5,0.49997504523776,0.50000029921125,1727073957281
143,0.16666666666667,-0.0,0.50854133772662,0.77001326076503,0.5,0.5,0.49997504523776,0.49999885203406,1727073957297
143,0.16666666666667,-0.0,0.50854133772662,0.71758392678024,0.5,0.5,0.49997504523776,0.49999960763349,1727073957314
143,0.16666666666667,-0.0,0.50854133772662,0.65843887456323,0.5,0.5,0.49997504523776,0.49999558221856,1727073957331
143,0.16666666666667,-0.0,0.50854133772662,0.59259993021676,0.5,0.5,0.49997504523776,0.49999995433947,1727073957347
143,0.16666666666667,-0.0,0.50854133772662,0.50581522092075,0.5,0.5,0.49997504523776,0.49999988059305,1727073957364
143,0.16666666666667,-0.0,0.50854133772662,0.47433645855679,0.5,0.5,0.49997504523776,0.49999847542922,1727073957381
143,0.16666666666667,-0.0,0.50854133772662,0.4428736283436,0.5,0.5,0.49997504523776,0.49999737833413,1727073957397
143,0.16666666666667,-0.0,0.50854133772662,0.41519702574665,0.5,0.5,0.49997504523776,0.49999753487622,1727073957414
143,0.16666666666667,-0.0,0.50854133772662,0.39420180132783,0.5,0.5,0.49997504523776,0.5000015416343,1727073957431
143,0.16666666666667,-0.0,0.50854133772662,0.3732170401987,0.5,0.5,0.49997504523776,0.500001464611,1727073957447
143,0.16666666666667,-0.0,0.50854133772662,0.3694029540675,0.5,0.5,0.49997504523776,0.50000262940535,1727073957464
143,0.16666666666667,-0.0,0.50854133772662,0.35890046183776,0.5,0.5,0.49997504523776,0.49999345315838,1727073957481
143,0.16666666666667,-0.0,0.50854133772662,0.35508673496177,0.5,0.5,0.49997504523776,0.49999492236088,1727073957497
143,0.16666666666667,-0.0,0.50854133772662,0.34844170186665,0.5,0.5,0.49997504523776,0.49999589850112,1727073957514
143,0.16666666666667,-0.0,0.50854133772662,0.3446331378442,0.5,0.5,0.49997504523776,0.5000021961174,1727073957572
143,0.16666666666667,-0.0,0.50854133772662,0.33797827900081,0.5,0.5,0.49997504523776,0.49999405855981,1727073957581
143,0.16666666666667,-0.0,0.50854133772662,0.3341806319837,0.5,0.5,0.49997504523776,0.49999624060367,1727073957597
143,0.16666666666667,-0.0,0.50854133772662,0.31318375402918,0.5,0.5,0.49997504523776,0.49999915677563,1727073957614
143,0.16666666666667,-0.0,0.50854133772662,0.29891366586773,0.5,0.5,0.49997504523776,0.49999054750883,1727073957631
143,0.16666666666667,-0.0,0.50854133772662,0.28841558102024,0.5,0.5,0.49997504523776,0.50000020111545,1727073957647
143,0.16666666666667,-0.0,0.50854133772662,0.27791547410393,0.5,0.5,0.49997504523776,0.4999920599714,1727073957664
143,0.16666666666667,-0.0,0.50854133772662,0.26741765158353,0.5,0.5,0.49997504523776,0.5000024155422,1727073957680
143,0.16666666666667,-0.0,0.50854133772662,0.26360962800631,0.5,0.5,0.49997504523776,0.49999382061652,1727073957697
143,0.16666666666667,-0.0,0.50854133772662,0.24644330375883,0.5,0.5,0.49997504523776,0.49999683481069,1727073957714
143,0.16666666666667,-0.0,0.50854133772662,0.23218209626288,0.5,0.5,0.49997504523776,0.49999711962389,1727073957730
143,0.16666666666667,-0.0,0.50854133772662,0.22168458934021,0.5,0.5,0.49997504523776,0.49999097837356,1727073957747
143,0.16666666666667,-0.0,0.50854133772662,0.21503830698533,0.5,0.5,0.49997504523776,0.49999069708189,1727073957772
143,0.16666666666667,-0.0,0.50854133772662,0.21123993756001,0.5,0.5,0.49997504523776,0.49999256953792,1727073957820
143,0.16666666666667,-0.0,0.50854133772662,0.20459464186029,0.5,0.5,0.49997504523776,0.49999350167641,1727073957956
143,0.16666666666667,-0.0,0.50854133772662,0.20079457595885,0.5,0.5,0.49997504523776,0.49999336629867,1727073957964
143,0.16666666666667,-0.0,0.50854133772662,0.19700104614673,0.5,0.5,0.49997504523776,0.50000129031165,1727073957981
143,0.16666666666667,-0.0,0.50854133772662,0.19035428865986,0.5,0.5,0.49997504523776,0.50000055402277,1727073957997
143,0.16666666666667,-0.0,0.50854133772662,0.17985683276986,0.5,0.5,0.49997504523776,0.49999396452891,1727073958014
143,0.16666666666667,-0.0,0.50854133772662,0.17321357911892,0.5,0.5,0.49997504523776,0.49999764794155,1727073959212
143,0.16666666666667,-0.0,0.50854133772662,0.16271504332687,0.5,0.5,0.49997504523776,0.49998926821746,1727073959247
143,0.16666666666667,-0.0,0.50854133772662,0.15607118879317,0.5,0.5,0.49997504523776,0.49999221445922,1727073959297
143,0.16666666666667,-0.0,0.50854133772662,0.15227683414923,0.5,0.5,0.49997504523776,0.49999987812271,1727073959316
143,0.16666666666667,-0.0,0.50854133772662,0.14563610586775,0.5,0.5,0.49997504523776,0.49998599782941,1727073959420
143,0.16666666666667,-0.0,0.50854133772662,0.14563610586775,0.5,0.5,0.49997504523776,0.49998599782941,1727073961084
144,0.16666666666667,0.0,1.0,0.16666666666667,0.5,0.5,0.5,0.5,1727073963333
144,0.16666666666667,0.0,0.98555317874519,0.16666666666667,0.5,0.5,0.49999212206619,0.5,1727073963420
144,0.16666666666667,0.0,0.96124138335463,0.16666666666667,0.5,0.5,0.49998947853146,0.5,1727073963430
144,0.16666666666667,0.0,0.91260911654013,0.16666666666667,0.5,0.5,0.49998607143245,0.5,1727073963447
144,0.16666666666667,0.0,0.84173178210159,0.16666666666667,0.5,0.5,0.50000004180881,0.5,1727073963464
144,0.16666666666667,0.0,0.7786595418436,0.16666666666667,0.5,0.5,0.49999617918546,0.5,1727073963480
144,0.16666666666667,0.0,0.71507181840582,0.16666666666667,0.5,0.5,0.49999053672042,0.5,1727073963497
144,0.16666666666667,0.0,0.65658312500071,0.16666666666667,0.5,0.5,0.49998903389405,0.5,1727073963514
144,0.16666666666667,0.0,0.58827220541218,0.16666666666667,0.5,0.5,0.4999812083473,0.5,1727073963530
144,0.16666666666667,0.0,0.5028994823642,0.16666666666667,0.5,0.5,0.49998679775402,0.5,1727073963547
144,0.16666666666667,0.0,0.44185574465422,0.16666666666667,0.5,0.5,0.49999218179319,0.5,1727073963564
144,0.16666666666667,0.0,0.33944867608364,0.16666666666667,0.5,0.5,0.4999945883894,0.5,1727073963580
144,0.16666666666667,0.0,0.29804473840996,0.16666666666667,0.5,0.5,0.49998686794648,0.5,1727073963597
144,0.16666666666667,0.0,0.25930738901728,0.16666666666667,0.5,0.5,0.49999904087963,0.5,1727073963614
144,0.16666666666667,0.0,0.20807877673368,0.16666666666667,0.5,0.5,0.50000731314413,0.5,1727073963630
144,0.16666666666667,0.0,0.1739230712536,0.16666666666667,0.5,0.5,0.49995342835911,0.5,1727073963647
144,0.16666666666667,0.0,0.13519489463654,0.16666666666667,0.5,0.5,0.49995271927292,0.5,1727073963664
144,0.16666666666667,0.0,0.09126755635407,0.16666666666667,0.5,0.5,0.49996745480107,0.5,1727073963680
144,0.16666666666667,0.0,0.04987166336715,0.16666666666667,0.5,0.5,0.49995207248241,0.5,1727073963697
144,0.16666666666667,0.0,0.00597540782233,0.16666666666667,0.5,0.5,0.50000566544227,0.5,1727073963714
144,0.16666666666667,0.0,0.0,0.16666666666667,0.5,0.5,0.5,0.5,1727073963730
144,0.16666666666667,0.0,0.0,0.16666666666667,0.5,0.5,0.5,0.5,1727073963747
144,0.16666666666667,0.0,0.0,0.16666666666667,0.5,0.5,0.5,0.5,1727073963764
144,0.16666666666667,0.0,0.0,0.16666666666667,0.5,0.5,0.5,0.5,1727073963780
144,0.16666666666667,0.0,0.0,0.16666666666667,0.5,0.5,0.5,0.5,1727073963797
144,0.16666666666667,0.0,0.0,0.16666666666667,0.5,0.5,0.5,0.5,1727073963814
144,0.16666666666667,0.0,0.0,0.16666666666667,0.5,0.5,0.5,0.5,1727073963830
144,0.16666666666667,0.0,0.0,0.16666666666667,0.5,0.5,0.5,0.5,1727073963847
144,0.16666666666667,0.0,0.0,0.16666666666667,0.5,0.5,0.5,0.5,1727073963864
144,0.16666666666667,0.0,0.0,0.16666666666667,0.5,0.5,0.5,0.5,1727073963880
144,0.16666666666667,0.0,0.0,0.16666666666667,0.5,0.5,0.5,0.5,1727073963897
144,0.16666666666667,0.0,0.0,0.16666666666667,0.5,0.5,0.5,0.5,1727073963913
144,0.16666666666667,0.0,0.0,0.16666666666667,0.5,0.5,0.5,0.5,1727073963930
144,0.16666666666667,0.0,0.0,0.16666666666667,0.5,0.5,0.5,0.5,1727073963947
144,0.16666666666667,0.0,0.0,0.16666666666667,0.5,0.5,0.5,0.5,1727073963964
144,0.16666666666667,0.0,0.0,0.16666666666667,0.5,0.5,0.5,0.5,1727073963980
144,0.16666666666667,0.0,0.0,0.16666666666667,0.5,0.5,0.5,0.5,1727073963997
144,0.16666666666667,0.0,0.0,0.16666666666667,0.5,0.5,0.5,0.5,1727073964013
144,0.16666666666667,0.0,0.0,0.16666666666667,0.5,0.5,0.5,0.5,1727073964028
144,0.16666666666667,0.0,0.0,0.16666666666667,0.5,0.5,0.5,0.5,1727073964028
144,0.16666666666667,0.0,0.0,0.16666666666667,0.5,0.5,0.5,0.5,1727073965605
144,0.16666666666667,0.0,0.0,0.17718845772232,0.5,0.5,0.5,0.50000495890877,1727073965676
144,0.16666666666667,0.0,0.0,0.2048653838757,0.5,0.5,0.5,0.5000046609063,1727073965684
144,0.16666666666667,0.0,0.0,0.23921435384579,0.5,0.5,0.5,0.49999883835527,1727073965697
144,0.16666666666667,0.0,0.0,0.35205725926978,0.5,0.5,0.5,0.49999608136128,1727073965714
144,0.16666666666667,0.0,0.0,0.48571738659212,0.5,0.5,0.5,0.49999573579754,1727073965730
144,0.16666666666667,0.0,0.0,0.6672226673565,0.5,0.5,0.5,0.50000437754152,1727073965747
144,0.16666666666667,0.0,0.0,0.89295452808907,0.5,0.5,0.5,0.50000032894623,1727073965764
144,0.16666666666667,0.0,0.0,1.0,0.5,0.5,0.5,0.5,1727073965780
144,0.16666666666667,0.0,0.0,1.0,0.5,0.5,0.5,0.5,1727073965797
144,0.16666666666667,0.0,0.0,1.0,0.5,0.5,0.5,0.5,1727073965814
144,0.16666666666667,0.0,0.0,1.0,0.5,0.5,0.5,0.5,1727073965830
144,0.16666666666667,0.0,0.0,1.0,0.5,0.5,0.5,0.5,1727073965847
144,0.16666666666667,0.0,0.0,1.0,0.5,0.5,0.5,0.5,1727073965864
144,0.16666666666667,0.0,0.0,1.0,0.5,0.5,0.5,0.5,1727073965880
144,0.16666666666667,0.0,0.0,1.0,0.5,0.5,0.5,0.5,1727073965897
144,0.16666666666667,0.0,0.0,1.0,0.5,0.5,0.5,0.5,1727073965913
144,0.16666666666667,0.0,0.0,1.0,0.5,0.5,0.5,0.5,1727073965930
144,0.16666666666667,0.0,0.0,1.0,0.5,0.5,0.5,0.5,1727073965947
144,0.16666666666667,0.0,0.0,1.0,0.5,0.5,0.5,0.5,1727073966012
144,0.16666666666667,0.0,0.0,1.0,0.5,0.5,0.5,0.5,1727073967710
144,0.19052042302975,0.0,0.0,1.0,0.49999667854325,0.5,0.5,0.5,1727073967788
144,0.21438093462457,0.0,0.0,1.0,0.4999956300703,0.5,0.5,0.5,1727073967797
144,0.27892283681386,0.0,0.0,1.0,0.49999974971935,0.5,0.5,0.5,1727073967813
144,0.36415043536282,0.0,0.0,1.0,0.4999969380964,0.5,0.5,0.5,1727073967830
144,0.4456175081688,0.0,0.0,1.0,0.50000168307406,0.5,0.5,0.5,1727073967847
144,0.55791239270693,0.0,0.0,1.0,0.49999270894951,0.5,0.5,0.5,1727073967863
144,0.6871870405368,0.0,0.0,1.0,0.50000142666922,0.5,0.5,0.5,1727073967880
144,0.84031750173026,0.0,0.0,1.0,0.49999718085097,0.5,0.5,0.5,1727073967897
144,0.97957577855043,0.0,0.0,1.0,0.49999603765142,0.5,0.5,0.5,1727073967913
144,1.0,0.0,0.0,1.0,0.5,0.5,0.5,0.5,1727073967930
144,1.0,0.0,0.0,1.0,0.5,0.5,0.5,0.5,1727073967947
144,1.0,0.0,0.0,1.0,0.5,0.5,0.5,0.5,1727073967963
144,1.0,0.0,0.0,1.0,0.5,0.5,0.5,0.5,1727073967980
144,1.0,0.0,0.0,1.0,0.5,0.5,0.5,0.5,1727073967997
144,1.0,0.0,0.0,1.0,0.5,0.5,0.5,0.5,1727073968013
144,1.0,0.0,0.0,1.0,0.5,0.5,0.5,0.5,1727073968030
144,1.0,0.0,0.0,1.0,0.5,0.5,0.5,0.5,1727073968047
144,1.0,0.0,0.0,1.0,0.5,0.5,0.5,0.5,1727073968063
144,1.0,0.0,0.0,1.0,0.5,0.5,0.5,0.5,1727073968080
144,1.0,0.0,0.0,1.0,0.5,0.5,0.5,0.5,1727073968097
144,1.0,0.0,0.0,1.0,0.5,0.5,0.5,0.5,1727073968113
144,1.0,0.0,0.0,1.0,0.5,0.5,0.5,0.5,1727073968130
144,1.0,0.0,0.0,1.0,0.5,0.5,0.5,0.5,1727073968147
144,1.0,0.0,0.0,1.0,0.5,0.5,0.5,0.5,1727073968163
144,1.0,0.0,0.0,1.0,0.5,0.5,0.5,0.5,1727073968180
144,1.0,0.0,0.0,1.0,0.5,0.5,0.5,0.5,1727073968244
144,1.0,0.0,0.0,1.0,0.5,0.5,0.5,0.5,1727073969181
144,0.99616963650988,0.0,0.0,1.0,0.50000017950731,0.5,0.5,0.5,1727073969276
144,0.98951760094986,0.0,0.0,1.0,0.49999756432302,0.5,0.5,0.5,1727073969284
144,0.97900877186214,0.0,0.0,1.0,0.49999703354013,0.5,0.5,0.5,1727073969297
144,0.94751276743496,0.0,0.0,1.0,0.49999525355636,0.5,0.5,0.5,1727073969313
144,0.91602097969957,0.0,0.0,1.0,0.49999537121622,0.5,0.5,0.5,1727073969330
144,0.8845291349275,0.0,0.0,1.0,0.49999546769053,0.5,0.5,0.5,1727073969347
144,0.8568578697592,0.0,0.0,1.0,0.49999817260844,0.5,0.5,0.5,1727073969363
144,0.82536222682225,0.0,0.0,1.0,0.49999640913314,0.5,0.5,0.5,1727073969380
144,0.79387444516573,0.0,0.0,1.0,0.49999869127497,0.5,0.5,0.5,1727073969397
144,0.77287597208243,0.0,0.0,1.0,0.49999948741502,0.5,0.5,0.5,1727073969413
144,0.75856345656101,0.0,0.0,1.0,0.49999684353933,0.5,0.5,0.5,1727073969430
144,0.75473754629028,0.0,0.0,1.0,0.49999949777645,0.5,0.5,0.5,1727073969447
144,0.75091916772788,0.0,0.0,1.0,0.49999784672558,0.5,0.5,0.5,1727073969468
144,0.74426584534293,0.0,0.0,1.0,0.50000238820079,0.5,0.5,0.5,1727073969480
144,0.73375421004771,0.0,0.0,1.0,0.5000002039383,0.5,0.5,0.5,1727073969496
144,0.72992908375949,0.0,0.0,1.0,0.49999472385413,0.5,0.5,0.5,1727073969513
144,0.72327462698147,0.0,0.0,1.0,0.49999869933494,0.5,0.5,0.5,1727073969530
144,0.71945378119867,0.0,0.0,1.0,0.49999558843448,0.5,0.5,0.5,1727073969547
144,0.71563052495443,0.0,0.0,1.0,0.49999986052987,0.5,0.5,0.5,1727073969636
144,0.70897983707206,0.0,0.0,1.0,0.49999725288905,0.5,0.5,0.5,1727073969647
144,0.70515648776697,0.0,0.0,1.0,0.50000152477312,0.5,0.5,0.5,1727073969796
144,0.69465043127723,0.0,0.0,1.0,0.49999351747119,0.5,0.5,0.5,1727073969814
144,0.69082803718587,0.0,0.0,1.0,0.49999839901028,0.5,0.5,0.5,1727073969847
144,0.68700720346953,0.0,0.0,1.0,0.49999518626044,0.5,0.5,0.5,1727073969863
144,0.68035537721359,0.0,0.0,1.0,0.50000090730621,0.5,0.5,0.5,1727073969880
144,0.66604929600172,-0.0,0.0,1.0,0.50000189112114,0.5,0.5,0.5,1727073969897
144,0.67272160470071,-0.0,0.0,1.0,0.49999912034254,0.5,0.5,0.5,1727073970213
144,0.68322665634441,-0.0,0.0,1.0,0.49999757019937,0.5,0.5,0.5,1727073970263
144,0.68989889021488,-0.0,0.0,1.0,0.4999948368322,0.5,0.5,0.5,1727073970313
144,0.69377123245176,-0.0,0.0,1.0,0.50000116933532,0.5,0.5,0.5,1727073970330
144,0.70043921072824,-0.0,0.0,1.0,0.49999597244503,0.5,0.5,0.5,1727073970347
144,0.70430799316704,-0.0,0.0,1.0,0.5000001738144,0.5,0.5,0.5,1727073970364
144,0.7109783539676,-0.0,0.0,1.0,0.49999640771947,0.5,0.5,0.5,1727073970380
144,0.72148784294577,-0.0,0.0,1.0,0.49999746621054,0.5,0.5,0.5,1727073970397
144,0.72816261919198,-0.0,0.0,1.0,0.49999627346457,0.5,0.5,0.5,1727073970413
144,0.73202596157757,-0.0,0.0,1.0,0.49999730088573,0.5,0.5,0.5,1727073970430
144,0.73869987069472,-0.0,0.0,1.0,0.49999563842671,0.5,0.5,0.5,1727073970484
144,0.74536427790738,-0.0,0.0,1.0,0.49999725662437,0.5,0.5,0.5,1727073970614
144,0.74922986447477,-0.0,0.0,1.0,0.49999950079733,0.5,0.5,0.5,1727073970668
144,0.75590479555866,-0.0,0.0,1.0,0.49999841231276,0.5,0.5,0.5,1727073970680
144,0.76257174725295,-0.0,0.0,1.0,0.50000137018398,0.5,0.5,0.5,1727073970772
144,0.76257174725295,-0.0,0.0,1.0,0.50000137018398,0.5,0.5,0.5,1727073971685
144,0.76257174725295,-0.0,0.0,1.0,0.50000137018398,0.5,0.5,0.5,1727073972502
144,0.76257174725295,0.0066881639844,0.0,1.0,0.50000137018398,0.49997585633965,0.5,0.5,1727073972588
144,0.76257174725295,0.02385944577967,0.0,1.0,0.50000137018398,0.5000042129548,0.5,0.5,1727073972596
144,0.76257174725295,0.05550233829987,0.0,1.0,0.50000137018398,0.49998189822864,0.5,0.5,1727073972613
144,0.76257174725295,0.0965521129411,0.0,1.0,0.50000137018398,0.50000275736632,0.5,0.5,1727073972630
144,0.76257174725295,0.148075134181,0.0,1.0,0.50000137018398,0.49998117021215,0.5,0.5,1727073972646
144,0.76257174725295,0.1995912538415,0.0,1.0,0.50000137018398,0.4999918593522,0.5,0.5,1727073972663
144,0.76257174725295,0.23779817683759,0.0,1.0,0.50000137018398,0.50000206061207,0.5,0.5,1727073972680
144,0.76257174725295,0.2693920041306,0.0,1.0,0.50000137018398,0.49999215694612,0.5,0.5,1727073972696
144,0.76257174725295,0.28655969822713,0.0,1.0,0.50000137018398,0.49999398685517,0.5,0.5,1727073972713
144,0.76257174725295,0.29324060119911,0.0,1.0,0.50000137018398,0.49999002167385,0.5,0.5,1727073972730
144,0.76257174725295,0.30375406658881,0.0,1.0,0.50000137018398,0.49999978053054,0.5,0.5,1727073972746
144,0.76257174725295,0.31042307374549,0.0,1.0,0.50000137018398,0.49999243566142,0.5,0.5,1727073972763
144,0.76257174725295,0.31431587608866,0.0,1.0,0.50000137018398,0.49999200457719,0.5,0.5,1727073972780
144,0.76257174725295,0.32098735929535,0.0,1.0,0.50000137018398,0.49999735056124,0.5,0.5,1727073972868
144,0.76257174725295,0.32486460535396,0.0,1.0,0.50000137018398,0.49999705867282,0.5,0.5,1727073972880
144,0.76257174725295,0.33154557956072,0.0,1.0,0.50000137018398,0.49999325183883,0.5,0.5,1727073972896
144,0.76257174725295,0.33821999286345,0.0,1.0,0.50000137018398,0.49999568077086,0.5,0.5,1727073972988
144,0.76257174725295,0.34210434110207,0.0,1.0,0.50000137018398,0.50000312042682,0.5,0.5,1727073972996
144,0.76257174725295,0.35927665559471,0.0,1.0,0.50000137018398,0.50000024204232,0.5,0.5,1727073973013
144,0.76257174725295,0.36315750876045,0.0,1.0,0.50000137018398,0.49999670672085,0.5,0.5,1727073973030
144,0.76257174725295,0.36982840010898,0.0,1.0,0.50000137018398,0.50000210730289,0.5,0.5,1727073973047
144,0.76257174725295,0.38034937482748,0.0,1.0,0.50000137018398,0.49999045482645,0.5,0.5,1727073973063
144,0.76257174725295,0.38701549152602,0.0,1.0,0.50000137018398,0.49999990747029,0.5,0.5,1727073973080
144,0.76257174725295,0.40418559718784,0.0,1.0,0.50000137018398,0.49999917256458,0.5,0.5,1727073973097
144,0.76257174725295,0.43186192252167,0.0,1.0,0.50000137018398,0.49999968946299,0.5,0.5,1727073973113
144,0.76257174725295,0.45571049227038,0.0,1.0,0.50000137018398,0.49999781256009,0.5,0.5,1727073973130
144,0.76257174725295,0.46239109340705,0.0,1.0,0.50000137018398,0.49999498658029,0.5,0.5,1727073973146
144,0.76257174725295,0.46906195350945,0.0,1.0,0.50000137018398,0.49999968176898,0.5,0.5,1727073973357
144,0.76257174725295,0.47294053754336,0.0,1.0,0.50000137018398,0.49999841679804,0.5,0.5,1727073973364
144,0.76257174725295,0.47960520022045,0.0,1.0,0.50000137018398,0.49999607043872,0.5,0.5,1727073974053
144,0.76257174725295,0.48627608581267,0.0,1.0,0.50000137018398,0.50000062694972,0.5,0.5,1727073974097
144,0.76257174725295,0.49295434837484,0.0,1.0,0.50000137018398,0.49999962731377,0.5,0.5,1727073974113
144,0.76257174725295,0.4968321938429,0.0,1.0,0.50000137018398,0.49999894831852,0.5,0.5,1727073974172
144,0.76257174725295,0.5035018154916,0.0,1.0,0.50000137018398,0.49999304326367,0.5,0.5,1727073974188
144,0.76257174725295,0.51016976202527,0.0,1.0,0.50000137018398,0.49999961469565,0.5,0.5,1727073974230
144,0.76257174725295,0.52068726246426,0.0,1.0,0.50000137018398,0.49999260349756,0.5,0.5,1727073974280
144,0.76257174725295,0.53119516011556,0.0,1.0,0.50000137018398,0.50000341575456,0.5,0.5,1727073974297
144,0.76257174725295,0.53786465143774,0.0,1.0,0.50000137018398,0.49999782161497,0.5,0.5,1727073974313
144,0.76257174725295,0.5445361992732,0.0,1.0,0.50000137018398,0.50000156978734,0.5,0.5,1727073974332
144,0.76257174725295,0.55120634596897,0.0,1.0,0.50000137018398,0.49999563319558,0.5,0.5,1727073974485
144,0.76257174725295,0.55788035211652,0.0,1.0,0.50000137018398,0.49999765989199,0.5,0.5,1727073974557
144,0.76257174725295,0.5617605359395,0.0,1.0,0.50000137018398,0.4999954564593,0.5,0.5,1727073974564
144,0.76257174725295,0.5684308873136,0.0,1.0,0.50000137018398,0.49998955677431,0.5,0.5,1727073974620
144,0.76257174725295,0.57510283523009,0.0,1.0,0.50000137018398,0.49999296557573,0.5,0.5,1727073974663
144,0.76257174725295,0.57897402376694,0.0,1.0,0.50000137018398,0.49999681230597,0.5,0.5,1727073974680
144,0.76257174725295,0.58564150816049,0.0,1.0,0.50000137018398,0.49999291482116,0.5,0.5,1727073974781
144,0.76257174725295,0.59231263305267,0.0,1.0,0.50000137018398,0.4999967660787,0.5,0.5,1727073974830
144,0.76257174725295,0.59898439653686,0.0,1.0,0.50000137018398,0.50000014211941,0.5,0.5,1727073974880
144,0.76257174725295,0.60565500945514,0.0,1.0,0.50000137018398,0.4999942940267,0.5,0.5,1727073974933
144,0.76257174725295,0.60565500945514,0.0,1.0,0.50000137018398,0.4999942940267,0.5,0.5,1727073975348
144,0.76257174725295,0.60565500945514,0.0,1.0,0.50000137018398,0.4999942940267,0.5,0.5,1727073981661
144,0.76924207075273,0.60565500945514,0.0,1.0,0.49999779136969,0.4999942940267,0.5,0.5,1727073981724
144,0.77590758380531,0.60565500945514,0.0,1.0,0.49999994169017,0.4999942940267,0.5,0.5,1727073981805
144,0.7825831439158,0.60565500945514,0.0,1.0,0.4999992143359,0.4999942940267,0.5,0.5,1727073981828
144,0.78924649157316,0.60565500945514,0.0,1.0,0.50000017916695,0.4999942940267,0.5,0.5,1727073981844
144,0.79591436636659,0.60565500945514,0.0,1.0,0.49999540843082,0.4999942940267,0.5,0.5,1727073981879
144,0.80258789897138,0.60565500945514,0.0,1.0,0.50000171988991,0.4999942940267,0.5,0.5,1727073981932
144,0.79876047126808,0.60565500945514,0.0,1.0,0.49999539516128,0.4999942940267,0.5,0.5,1727073983701
144,0.79210506253652,0.60565500945514,0.0,1.0,0.49999860871088,0.4999942940267,0.5,0.5,1727073983877
144,0.79210506253652,0.60565500945514,0.0,1.0,0.49999860871088,0.4999942940267,0.5,0.5,1727073984309
145,0.16666666666667,-0.0,1.0,0.16666666666667,0.5,0.5,0.5,0.5,1727073987702
145,0.16666666666667,-0.0,0.99738802561738,0.16666666666667,0.5,0.5,0.50000096485173,0.5,1727073987757
145,0.16666666666667,-0.0,0.9730762610904,0.16666666666667,0.5,0.5,0.49999839022467,0.5,1727073987764
145,0.16666666666667,-0.0,0.94614620016335,0.16666666666667,0.5,0.5,0.49999035816649,0.5,1727073987779
145,0.16666666666667,-0.0,0.86800180902463,0.16666666666667,0.5,0.5,0.49999437157996,0.5,1727073987796
145,0.16666666666667,-0.0,0.71437632419435,0.16666666666667,0.5,0.5,0.49998881959994,0.5,1727073987812
145,0.16666666666667,-0.0,0.614497975925,0.16666666666667,0.5,0.5,0.49999463750982,0.5,1727073987829
145,0.16666666666667,-0.0,0.53169048448615,0.16666666666667,0.5,0.5,0.49998124008563,0.5,1727073987846
145,0.16666666666667,-0.0,0.45613226109797,0.16666666666667,0.5,0.5,0.49999113361744,0.5,1727073987862
145,0.16666666666667,-0.0,0.39041312424959,0.16666666666667,0.5,0.5,0.50000715505388,0.5,1727073987879
145,0.16666666666667,-0.0,0.34178301021468,0.16666666666667,0.5,0.5,0.49998282565612,0.5,1727073987896
145,0.16666666666667,-0.0,0.29315086427521,0.16666666666667,0.5,0.5,0.49997376950499,0.5,1727073987912
145,0.16666666666667,-0.0,0.24918892030724,0.16666666666667,0.5,0.5,0.50000526420288,0.5,1727073987929
145,0.16666666666667,-0.0,0.21045494791337,0.16666666666667,0.5,0.5,0.49998179269237,0.5,1727073987946
145,0.16666666666667,-0.0,0.16904988556215,0.16666666666667,0.5,0.5,0.49998451423313,0.5,1727073987962
145,0.16666666666667,-0.0,0.13240997721788,0.16666666666667,0.5,0.5,0.49997547065155,0.5,1727073987979
145,0.16666666666667,-0.0,0.08940981909917,0.16666666666667,0.5,0.5,0.49995984300691,0.5,1727073987996
145,0.16666666666667,-0.0,0.00926814724984,0.16666666666667,0.5,0.5,0.49996563639085,0.5,1727073988012
145,0.16666666666667,-0.0,0.0,0.16666666666667,0.5,0.5,0.5,0.5,1727073988029
145,0.16666666666667,-0.0,0.0,0.16666666666667,0.5,0.5,0.5,0.5,1727073988046
145,0.16666666666667,-0.0,0.0,0.16666666666667,0.5,0.5,0.5,0.5,1727073988062
145,0.16666666666667,-0.0,0.0,0.16666666666667,0.5,0.5,0.5,0.5,1727073988079
145,0.16666666666667,-0.0,0.0,0.16666666666667,0.5,0.5,0.5,0.5,1727073988096
145,0.16666666666667,-0.0,0.0,0.16666666666667,0.5,0.5,0.5,0.5,1727073988112
145,0.16666666666667,-0.0,0.0,0.16666666666667,0.5,0.5,0.5,0.5,1727073988129
145,0.16666666666667,-0.0,0.0,0.16666666666667,0.5,0.5,0.5,0.5,1727073988146
145,0.16666666666667,-0.0,0.0,0.16666666666667,0.5,0.5,0.5,0.5,1727073988162
145,0.16666666666667,-0.0,0.0,0.16666666666667,0.5,0.5,0.5,0.5,1727073988179
145,0.16666666666667,-0.0,0.0,0.16666666666667,0.5,0.5,0.5,0.5,1727073988195
145,0.16666666666667,-0.0,0.0,0.16666666666667,0.5,0.5,0.5,0.5,1727073988212
145,0.16666666666667,-0.0,0.0,0.16666666666667,0.5,0.5,0.5,0.5,1727073988229
145,0.16666666666667,-0.0,0.0,0.16666666666667,0.5,0.5,0.5,0.5,1727073988246
145,0.16666666666667,-0.0,0.0,0.16666666666667,0.5,0.5,0.5,0.5,1727073988262
145,0.16666666666667,-0.0,0.0,0.16666666666667,0.5,0.5,0.5,0.5,1727073988279
145,0.16666666666667,-0.0,0.0,0.16666666666667,0.5,0.5,0.5,0.5,1727073988296
145,0.16666666666667,-0.0,0.00273392240402,0.16666666666667,0.5,0.5,0.50000233732556,0.5,1727073988308
145,0.16666666666667,-0.0,0.00273392240402,0.16666666666667,0.5,0.5,0.50000233732556,0.5,1727073988308
145,0.16666666666667,-0.0,0.00273392240402,0.16666666666667,0.5,0.5,0.50000233732556,0.5,1727073990941
145,0.16666666666667,-0.0,0.00273392240402,0.17334600501391,0.5,0.5,0.50000233732556,0.50000982393496,1727073990949
145,0.16666666666667,-0.0,0.00273392240402,0.19348269046042,0.5,0.5,0.50000233732556,0.50000716988146,1727073990962
145,0.16666666666667,-0.0,0.00273392240402,0.2408478136311,0.5,0.5,0.50000233732556,0.50000186429856,1727073990979
145,0.16666666666667,-0.0,0.00273392240402,0.32960959005358,0.5,0.5,0.50000233732556,0.49999448816116,1727073990995
145,0.16666666666667,-0.0,0.00273392240402,0.43895194261836,0.5,0.5,0.50000233732556,0.49999847670857,1727073991012
145,0.16666666666667,-0.0,0.00273392240402,0.61089050575144,0.5,0.5,0.50000233732556,0.49999884600606,1727073991029
145,0.16666666666667,-0.0,0.00273392240402,0.733236334835,0.5,0.5,0.50000233732556,0.49999449418884,1727073991045
145,0.16666666666667,-0.0,0.00273392240402,0.85532030176081,0.5,0.5,0.50000233732556,0.49999861576074,1727073991062
145,0.16666666666667,-0.0,0.00273392240402,0.97031687270139,0.5,0.5,0.50000233732556,0.49999719698249,1727073991079
145,0.16666666666667,-0.0,0.00273392240402,1.0,0.5,0.5,0.50000233732556,0.5,1727073991095
145,0.16666666666667,-0.0,0.00273392240402,1.0,0.5,0.5,0.50000233732556,0.5,1727073991112
145,0.16666666666667,-0.0,0.00273392240402,1.0,0.5,0.5,0.50000233732556,0.5,1727073991129
145,0.16666666666667,-0.0,0.00273392240402,1.0,0.5,0.5,0.50000233732556,0.5,1727073991145
145,0.16666666666667,-0.0,0.00273392240402,1.0,0.5,0.5,0.50000233732556,0.5,1727073991162
145,0.16666666666667,-0.0,0.00273392240402,1.0,0.5,0.5,0.50000233732556,0.5,1727073991179
145,0.16666666666667,-0.0,0.00273392240402,1.0,0.5,0.5,0.50000233732556,0.5,1727073991195
145,0.16666666666667,-0.0,0.00273392240402,1.0,0.5,0.5,0.50000233732556,0.5,1727073991212
145,0.16666666666667,-0.0,0.00273392240402,1.0,0.5,0.5,0.50000233732556,0.5,1727073991229
145,0.16666666666667,-0.0,0.00273392240402,1.0,0.5,0.5,0.50000233732556,0.5,1727073991309
145,0.16666666666667,-0.0,0.00273392240402,1.0,0.5,0.5,0.50000233732556,0.5,1727073993501
145,0.17334890797564,0.0,0.00273392240402,1.0,0.50001360437892,0.5,0.50000233732556,0.5,1727073993621
145,0.18003086096161,0.0,0.00273392240402,1.0,0.50000011760528,0.5,0.50000233732556,0.5,1727073993636
145,0.18670998268958,0.0,0.00273392240402,1.0,0.50000289151304,0.5,0.50000233732556,0.5,1727073993652
145,0.19338086532818,-0.0,0.00273392240402,1.0,0.49999533692689,0.5,0.50000233732556,0.5,1727073993662
145,0.21351630948026,-0.0,0.00273392240402,1.0,0.50001024965337,0.5,0.50000233732556,0.5,1727073993679
145,0.22690050478465,-0.0,0.00273392240402,1.0,0.50000947636012,0.5,0.50000233732556,0.5,1727073993695
145,0.2537857160478,-0.0,0.00273392240402,1.0,0.50000120453434,0.5,0.50000233732556,0.5,1727073993712
145,0.27388991235294,-0.0,0.00273392240402,1.0,0.49999747920162,0.5,0.50000233732556,0.5,1727073993729
145,0.29774792087672,-0.0,0.00273392240402,1.0,0.50000952115252,0.5,0.50000233732556,0.5,1727073993745
145,0.31112833615692,-0.0,0.00273392240402,1.0,0.50000516737946,0.5,0.50000233732556,0.5,1727073993762
145,0.32450234260125,-0.0,0.00273392240402,1.0,0.50000963010723,0.5,0.50000233732556,0.5,1727073993779
145,0.35505338880872,-0.0,0.00273392240402,1.0,0.50000659253559,0.5,0.50000233732556,0.5,1727073993795
145,0.37222358057522,-0.0,0.00273392240402,1.0,0.5000072621156,0.5,0.50000233732556,0.5,1727073993812
145,0.40581487495658,-0.0,0.00273392240402,1.0,0.49999957154121,0.5,0.50000233732556,0.5,1727073993829
145,0.43636537923084,-0.0,0.00273392240402,1.0,0.50000926401743,0.5,0.50000233732556,0.5,1727073993845
145,0.4631750450516,-0.0,0.00273392240402,1.0,0.50000449479771,0.5,0.50000233732556,0.5,1727073993862
145,0.5004323039511,-0.0,0.00273392240402,1.0,0.50000112753054,0.5,0.50000233732556,0.5,1727073993878
145,0.54441661454996,-0.0,0.00273392240402,1.0,0.50000085358023,0.5,0.50000233732556,0.5,1727073993895
145,0.58839551412059,-0.0,0.00273392240402,1.0,0.49999705008304,0.5,0.50000233732556,0.5,1727073993912
145,0.6391055822591,-0.0,0.00273392240402,1.0,0.49999869157131,0.5,0.50000233732556,0.5,1727073993929
145,0.66964616372442,-0.0,0.00273392240402,1.0,0.50000000592205,0.5,0.50000233732556,0.5,1727073993945
145,0.68969766776505,-0.0,0.00273392240402,1.0,0.50000314479885,0.5,0.50000233732556,0.5,1727073993962
145,0.70305686455222,-0.0,0.00273392240402,1.0,0.50000619596891,0.5,0.50000233732556,0.5,1727073993979
145,0.7135693763717,-0.0,0.00273392240402,1.0,0.50000008330986,0.5,0.50000233732556,0.5,1727073993995
145,0.73362265112972,-0.0,0.00273392240402,1.0,0.50000407293833,0.5,0.50000233732556,0.5,1727073994012
145,0.75745983451468,-0.0,0.00273392240402,1.0,0.49999906752076,0.5,0.50000233732556,0.5,1727073994029
145,0.77463271261919,-0.0,0.00273392240402,1.0,0.50000104568776,0.5,0.50000233732556,0.5,1727073994045
145,0.79468165515508,-0.0,0.00273392240402,1.0,0.500002497344,0.5,0.50000233732556,0.5,1727073994062
145,0.81472770999214,-0.0,0.00273392240402,1.0,0.50000239905748,0.5,0.50000233732556,0.5,1727073994079
145,0.82140019744808,-0.0,0.00273392240402,1.0,0.50000010160428,0.5,0.50000233732556,0.5,1727073994095
145,0.82806971375864,-0.0,0.00273392240402,1.0,0.50000418087235,0.5,0.50000233732556,0.5,1727073994112
145,0.83193005625908,-0.0,0.00273392240402,1.0,0.50000355651962,0.5,0.50000233732556,0.5,1727073994389
145,0.83860217314238,-0.0,0.00273392240402,1.0,0.50000110060021,0.5,0.50000233732556,0.5,1727073994396
145,0.85195453489404,-0.0,0.00273392240402,1.0,0.50000034458986,0.5,0.50000233732556,0.5,1727073994413
145,0.90260326577166,-0.0,0.00273392240402,1.0,0.50000156212768,0.5,0.50000233732556,0.5,1727073994429
145,0.9465398286605,-0.0,0.00273392240402,1.0,0.5000006299278,0.5,0.50000233732556,0.5,1727073994445
145,0.9934645223106,-0.0,0.00273392240402,1.0,0.5000013229823,0.5,0.50000233732556,0.5,1727073994462
145,1.0,-0.0,0.00273392240402,1.0,0.5,0.5,0.50000233732556,0.5,1727073994479
145,1.0,-0.0,0.00273392240402,1.0,0.5,0.5,0.50000233732556,0.5,1727073994495
145,1.0,-0.0,0.00273392240402,1.0,0.5,0.5,0.50000233732556,0.5,1727073994653
145,1.0,-0.0,0.00273392240402,1.0,0.5,0.5,0.50000233732556,0.5,1727073994668
145,1.0,-0.0,0.00273392240402,1.0,0.5,0.5,0.50000233732556,0.5,1727073994679
145,1.0,-0.0,0.00273392240402,1.0,0.5,0.5,0.50000233732556,0.5,1727073994695
145,1.0,-0.0,0.00273392240402,1.0,0.5,0.5,0.50000233732556,0.5,1727073994712
145,1.0,-0.0,0.00273392240402,1.0,0.5,0.5,0.50000233732556,0.5,1727073994729
145,1.0,-0.0,0.00273392240402,1.0,0.5,0.5,0.50000233732556,0.5,1727073994745
145,1.0,-0.0,0.00273392240402,1.0,0.5,0.5,0.50000233732556,0.5,1727073994762
145,1.0,-0.0,0.00273392240402,1.0,0.5,0.5,0.50000233732556,0.5,1727073994779
145,1.0,-0.0,0.00273392240402,1.0,0.5,0.5,0.50000233732556,0.5,1727073994795
145,1.0,-0.0,0.00273392240402,1.0,0.5,0.5,0.50000233732556,0.5,1727073994812
145,1.0,-0.0,0.00273392240402,1.0,0.5,0.5,0.50000233732556,0.5,1727073994828
145,1.0,-0.0,0.00273392240402,1.0,0.5,0.5,0.50000233732556,0.5,1727073994845
145,1.0,-0.0,0.00273392240402,1.0,0.5,0.5,0.50000233732556,0.5,1727073994862
145,1.0,-0.0,0.00273392240402,1.0,0.5,0.5,0.50000233732556,0.5,1727073994878
145,1.0,-0.0,0.00273392240402,1.0,0.5,0.5,0.50000233732556,0.5,1727073994896
145,1.0,-0.0,0.00273392240402,1.0,0.5,0.5,0.50000233732556,0.5,1727073994912
145,1.0,-0.0,0.00273392240402,1.0,0.5,0.5,0.50000233732556,0.5,1727073994929
145,1.0,-0.0,0.00273392240402,1.0,0.5,0.5,0.50000233732556,0.5,1727073994945
145,1.0,-0.0,0.00273392240402,1.0,0.5,0.5,0.50000233732556,0.5,1727073995093
145,1.0,-0.0,0.00273392240402,1.0,0.5,0.5,0.50000233732556,0.5,1727073997342
145,0.99334882105578,-0.0,0.00273392240402,1.0,0.50000459363713,0.5,0.50000233732556,0.5,1727073997525
145,0.98668740678447,-0.0,0.00273392240402,1.0,0.49999781511976,0.5,0.50000233732556,0.5,1727073997565
145,0.98003455140364,-0.0,0.00273392240402,1.0,0.5000016952533,0.5,0.50000233732556,0.5,1727073997621
145,0.98003455140364,-0.0,0.00273392240402,1.0,0.5000016952533,0.5,0.50000233732556,0.5,1727073997893
145,0.98003455140364,-0.0,0.00273392240402,1.0,0.5000016952533,0.5,0.50000233732556,0.5,1727073998630
145,0.98670511608823,-0.0,0.00273392240402,1.0,0.499998851509,0.5,0.50000233732556,0.5,1727073998773
145,0.99337044738143,-0.0,0.00273392240402,1.0,0.50000053946383,0.5,0.50000233732556,0.5,1727073998789
145,0.99337044738143,-0.0,0.00273392240402,1.0,0.50000053946383,0.5,0.50000233732556,0.5,1727073999101
145,0.99337044738143,-0.0,0.00273392240402,1.0,0.50000053946383,0.5,0.50000233732556,0.5,1727073999565
145,0.99337044738143,0.01052136505689,0.00273392240402,1.0,0.50000053946383,0.50000362274419,0.50000233732556,0.5,1727073999637
145,0.99337044738143,0.0172130836035,0.00273392240402,1.0,0.50000053946383,0.50000474758256,0.50000233732556,0.5,1727073999653
145,0.99337044738143,0.02113902655811,0.00273392240402,1.0,0.50000053946383,0.49999885110003,0.50000233732556,0.5,1727073999662
145,0.99337044738143,0.05548882968647,0.00273392240402,1.0,0.50000053946383,0.5000062769192,0.50000233732556,0.5,1727073999678
145,0.99337044738143,0.09370415149006,0.00273392240402,1.0,0.50000053946383,0.50000567976371,0.50000233732556,0.5,1727073999695
145,0.99337044738143,0.16361844988957,0.00273392240402,1.0,0.50000053946383,0.49999591417596,0.50000233732556,0.5,1727073999712
145,0.99337044738143,0.25722167744094,0.00273392240402,1.0,0.50000053946383,0.50000988242736,0.50000233732556,0.5,1727073999728
145,0.99337044738143,0.35479320374102,0.00273392240402,1.0,0.50000053946383,0.50000619547456,0.50000233732556,0.5,1727073999745
145,0.99337044738143,0.4589310117774,0.00273392240402,1.0,0.50000053946383,0.49999382915078,0.50000233732556,0.5,1727073999762
145,0.99337044738143,0.53145790301093,0.00273392240402,1.0,0.50000053946383,0.50000256486044,0.50000233732556,0.5,1727073999778
145,0.99337044738143,0.56965975568294,0.00273392240402,1.0,0.50000053946383,0.50000119915332,0.50000233732556,0.5,1727073999795
145,0.99337044738143,0.60785267628296,0.00273392240402,1.0,0.50000053946383,0.4999958081341,0.50000233732556,0.5,1727073999812
145,0.99337044738143,0.63279990759302,0.00273392240402,1.0,0.50000053946383,0.50000005771028,0.50000233732556,0.5,1727073999828
145,0.99337044738143,0.6472012025118,0.00273392240402,1.0,0.50000053946383,0.49999926105828,0.50000233732556,0.5,1727073999845
145,0.99337044738143,0.65387050803625,0.00273392240402,1.0,0.50000053946383,0.5000039129515,0.50000233732556,0.5,1727074000581
145,0.99337044738143,0.65774462028131,0.00273392240402,1.0,0.50000053946383,0.49999625942255,0.50000233732556,0.5,1727074000595
145,0.99337044738143,0.67491371926582,0.00273392240402,1.0,0.50000053946383,0.49999640741341,0.50000233732556,0.5,1727074000611
145,0.99337044738143,0.70926260925686,0.00273392240402,1.0,0.50000053946383,0.49999938456864,0.50000233732556,0.5,1727074000628
145,0.99337044738143,0.75410973350535,0.00273392240402,1.0,0.50000053946383,0.49999887923515,0.50000233732556,0.5,1727074000645
145,0.99337044738143,0.77127752890435,0.00273392240402,1.0,0.50000053946383,0.49999967294867,0.50000233732556,0.5,1727074000662
145,0.99337044738143,0.78178660281454,0.00273392240402,1.0,0.50000053946383,0.49999893802919,0.50000233732556,0.5,1727074000678
145,0.99337044738143,0.79230049095241,0.00273392240402,1.0,0.50000053946383,0.49999567143836,0.50000233732556,0.5,1727074000893
145,0.99337044738143,0.79896474898279,0.00273392240402,1.0,0.50000053946383,0.50000235559879,0.50000233732556,0.5,1727074000901
145,0.99337044738143,0.80563294936508,0.00273392240402,1.0,0.50000053946383,0.49999886137442,0.50000233732556,0.5,1727074000916
145,0.99337044738143,0.82666680339532,0.00273392240402,1.0,0.50000053946383,0.49999730398695,0.50000233732556,0.5,1727074000928
145,0.99337044738143,0.84383415774822,0.00273392240402,1.0,0.50000053946383,0.49999829207507,0.50000233732556,0.5,1727074000945
145,0.99337044738143,0.86767815711283,0.00273392240402,1.0,0.50000053946383,0.49999939127415,0.50000233732556,0.5,1727074000962
145,0.99337044738143,0.88484718336203,0.00273392240402,1.0,0.50000053946383,0.49999949984298,0.50000233732556,0.5,1727074000978
145,0.99337044738143,0.87818983886644,0.00273392240402,1.0,0.50000053946383,0.49999744736727,0.50000233732556,0.5,1727074001125
145,0.99337044738143,0.8610234665418,0.00273392240402,1.0,0.50000053946383,0.49999598946888,0.50000233732556,0.5,1727074001162
145,0.99337044738143,0.854368578736,0.00273392240402,1.0,0.50000053946383,0.50000032551161,0.50000233732556,0.5,1727074001178
145,0.99337044738143,0.84386323928541,0.00273392240402,1.0,0.50000053946383,0.49999914275107,0.50000233732556,0.5,1727074001195
145,0.99337044738143,0.82669645300327,0.00273392240402,1.0,0.50000053946383,0.49999787736989,0.50000233732556,0.5,1727074001212
145,0.99337044738143,0.80952503749878,0.00273392240402,1.0,0.50000053946383,0.49999897980539,0.50000233732556,0.5,1727074001228
145,0.99337044738143,0.78184492420191,0.00273392240402,1.0,0.50000053946383,0.50000065701588,0.50000233732556,0.5,1727074001245
145,0.99337044738143,0.77134784991094,0.00273392240402,1.0,0.50000053946383,0.4999949321153,0.50000233732556,0.5,1727074001261
145,0.99337044738143,0.75804694354183,0.00273392240402,1.0,0.50000053946383,0.49999956809354,0.50000233732556,0.5,1727074001278
145,0.99337044738143,0.74754905134786,0.00273392240402,1.0,0.50000053946383,0.50000265001226,0.50000233732556,0.5,1727074001300
145,0.99337044738143,0.74088986559132,0.00273392240402,1.0,0.50000053946383,0.50000135878007,0.50000233732556,0.5,1727074001373
145,0.99337044738143,0.73706750883866,0.00273392240402,1.0,0.50000053946383,0.49999666523505,0.50000233732556,0.5,1727074001381
145,0.99337044738143,0.73041832989289,0.00273392240402,1.0,0.50000053946383,0.4999983437521,0.50000233732556,0.5,1727074001404
145,0.99337044738143,0.72375948980155,0.00273392240402,1.0,0.50000053946383,0.49999680464927,0.50000233732556,0.5,1727074001412
145,0.99337044738143,0.71710595676411,0.00273392240402,1.0,0.50000053946383,0.50000098940094,0.50000233732556,0.5,1727074002349
145,0.99337044738143,0.71045233312522,0.00273392240402,1.0,0.50000053946383,0.49999645290934,0.50000233732556,0.5,1727074002605
145,0.99337044738143,0.7171202150878,0.00273392240402,1.0,0.50000053946383,0.50000163145511,0.50000233732556,0.5,1727074003517
145,0.99337044738143,0.7171202150878,0.00273392240402,1.0,0.50000053946383,0.50000163145511,0.50000233732556,0.5,1727074003869
146,0.5,0.66666666666667,0.66666666666667,1.0,0.5,0.5,0.5,0.5,1727074008086
146,0.5,0.66666666666667,0.66666666666667,0.99334499574395,0.5,0.5,0.5,0.50000289742036,1727074008093
146,0.5,0.66666666666667,0.66666666666667,0.97617901572264,0.5,0.5,0.5,0.50000439961888,1727074008108
146,0.5,0.66666666666667,0.66666666666667,0.94849785237252,0.5,0.5,0.5,0.50000255064291,1727074008117
146,0.5,0.66666666666667,0.66666666666667,0.92468074464892,0.5,0.5,0.5,0.50000179362938,1727074008128
146,0.5,0.66666666666667,0.66666666666667,0.84085188754964,0.5,0.5,0.5,0.50000289787614,1727074008144
146,0.5,0.66666666666667,0.66666666666667,0.69582071830047,0.5,0.5,0.5,0.50000310905852,1727074008161
146,0.5,0.66666666666667,0.66666666666667,0.50837030460136,0.5,0.5,0.5,0.50000078066688,1727074008178
146,0.5,0.66666666666667,0.66666666666667,0.24601763947095,0.5,0.5,0.5,0.50000250629403,1727074008195
146,0.5,0.66666666666667,0.66666666666667,0.0,0.5,0.5,0.5,0.5,1727074008211
146,0.5,0.66666666666667,0.66666666666667,0.0,0.5,0.5,0.5,0.5,1727074008228
146,0.5,0.66666666666667,0.66666666666667,0.0,0.5,0.5,0.5,0.5,1727074008245
146,0.5,0.66666666666667,0.66666666666667,0.0,0.5,0.5,0.5,0.5,1727074008261
146,0.5,0.66666666666667,0.66666666666667,0.0,0.5,0.5,0.5,0.5,1727074008278
146,0.5,0.66666666666667,0.66666666666667,0.0,0.5,0.5,0.5,0.5,1727074008294
146,0.5,0.66666666666667,0.66666666666667,0.0,0.5,0.5,0.5,0.5,1727074008349
146,0.5,0.66666666666667,0.66666666666667,0.0,0.5,0.5,0.5,0.5,1727074009374
146,0.5,0.66666666666667,0.66406576782156,0.0,0.5,0.5,0.49998536660569,0.5,1727074009381
146,0.5,0.66666666666667,0.65684216457803,0.0,0.5,0.5,0.50000588605435,0.5,1727074009405
146,0.5,0.66666666666667,0.64961500528009,0.0,0.5,0.5,0.49999972968793,0.5,1727074009412
146,0.5,0.66666666666667,0.63976684990078,0.0,0.5,0.5,0.50000219176083,0.5,1727074009428
146,0.5,0.66666666666667,0.58220489599778,0.0,0.5,0.5,0.49999050457238,0.5,1727074009445
146,0.5,0.66666666666667,0.53182683955184,0.0,0.5,0.5,0.50000008012055,0.5,1727074009461
146,0.5,0.66666666666667,0.49579993696052,0.0,0.5,0.5,0.50000284203904,0.5,1727074009478
146,0.5,0.66666666666667,0.45260453288806,0.0,0.5,0.5,0.4999878747347,0.5,1727074009494
146,0.5,0.66666666666667,0.41940826720452,0.0,0.5,0.5,0.50000377510911,0.5,1727074009511
146,0.5,0.66666666666667,0.39776517106388,0.0,0.5,0.5,0.49999869614455,0.5,1727074009528
146,0.5,0.66666666666667,0.37613084984299,0.0,0.5,0.5,0.49998833066093,0.5,1727074009544
146,0.5,0.66666666666667,0.36170089198588,0.0,0.5,0.5,0.49997150049594,0.5,1727074009561
146,0.5,0.66666666666667,0.35447950406119,0.0,0.5,0.5,0.49998288757745,0.5,1727074009578
146,0.5,0.66666666666667,0.34004801627289,0.0,0.5,0.5,0.49997891191689,0.5,1727074009594
146,0.5,0.66666666666667,0.33282065049461,0.0,0.5,0.5,0.49997093406138,0.5,1727074009661
146,0.5,0.66666666666667,0.32560100876647,0.0,0.5,0.5,0.49996696731373,0.5,1727074009678
146,0.5,0.66666666666667,0.31837801929859,0.0,0.5,0.5,0.49999380514316,0.5,1727074009694
146,0.5,0.66666666666667,0.31114887572637,0.0,0.5,0.5,0.50000233478657,0.5,1727074009711
146,0.5,0.66666666666667,0.30392997235691,0.0,0.5,0.5,0.49999162761833,0.5,1727074009728
146,0.5,0.66666666666667,0.29671096997936,0.0,0.5,0.5,0.49998158810497,0.5,1727074009744
146,0.5,0.66666666666667,0.28948928916635,0.0,0.5,0.5,0.49999733090009,0.5,1727074009761
146,0.5,0.66666666666667,0.28226328697158,0.0,0.5,0.5,0.49997540266108,0.5,1727074009781
146,0.5,0.66666666666667,0.2750417866977,0.0,0.5,0.5,0.49998968914501,0.5,1727074009794
146,0.5,0.66666666666667,0.27772572634637,0.0,0.5,0.5,0.50000030848316,0.5,1727074009811
146,0.5,0.66666666666667,0.26329404049102,0.0,0.5,0.5,0.49999825280957,0.5,1727074009828
146,0.5,0.66666666666667,0.25879340941528,0.0,0.5,0.5,0.49998112282857,0.5,1727074009844
146,0.5,0.66666666666667,0.25157305775688,0.0,0.5,0.5,0.49998414404027,0.5,1727074009861
146,0.5,0.66666666666667,0.24435130826916,0.0,0.5,0.5,0.50000209063925,0.5,1727074009893
146,0.5,0.66666666666667,0.23712573304326,0.0,0.5,0.5,0.49997360185041,0.5,1727074009928
146,0.5,0.66666666666667,0.22990555209657,0.0,0.5,0.5,0.49997477978932,0.5,1727074009944
146,0.5,0.66666666666667,0.23978361453404,0.0,0.5,0.5,0.50000120266148,0.5,1727074010741
146,0.5,0.66666666666667,0.24702185674864,0.0,0.5,0.5,0.49998182971448,0.5,1727074010756
146,0.5,0.66666666666667,0.24970722997981,0.0,0.5,0.5,0.4999780332563,0.5,1727074010764
146,0.5,0.66666666666667,0.25694407522959,0.0,0.5,0.5,0.49997382991815,0.5,1727074010778
146,0.5,0.66666666666667,0.26682231774047,0.0,0.5,0.5,0.49999706024539,0.5,1727074010796
146,0.5,0.66666666666667,0.27670112508228,0.0,0.5,0.5,0.50001379261709,0.5,1727074010811
146,0.5,0.66666666666667,0.28393863058881,0.0,0.5,0.5,0.50000282813801,0.5,1727074010828
146,0.5,0.66666666666667,0.30102384305565,0.0,0.5,0.5,0.49999258700321,0.5,1727074010844
146,0.5,0.66666666666667,0.30826109156366,0.0,0.5,0.5,0.49998479101372,0.5,1727074010909
146,0.5,0.66666666666667,0.31814121814452,0.0,0.5,0.5,0.49998833175544,0.5,1727074010944
146,0.5,0.66666666666667,0.32081912521221,0.0,0.5,0.5,0.49997836066582,0.5,1727074010965
146,0.5,0.66666666666667,0.32805411191369,0.0,0.5,0.5,0.49999154082642,0.5,1727074011011
146,0.5,0.66666666666667,0.33792709580167,0.0,0.5,0.5,0.49998553759491,0.5,1727074011028
146,0.5,0.66666666666667,0.3451606900111,0.0,0.5,0.5,0.50001052889527,0.5,1727074011044
146,0.5,0.66666666666667,0.35503607310911,0.0,0.5,0.5,0.49998357792458,0.5,1727074011061
146,0.5,0.66666666666667,0.36227199227876,0.0,0.5,0.5,0.49998796859993,0.5,1727074011117
146,0.5,0.66666666666667,0.36950729774292,0.0,0.5,0.5,0.49999745484244,0.5,1727074011128
146,0.5,0.66666666666667,0.37937993377638,0.0,0.5,0.5,0.49999465429919,0.5,1727074011144
146,0.5,0.66666666666667,0.38925955404762,0.0,0.5,0.5,0.5000018047127,0.5,1727074011161
146,0.5,0.66666666666667,0.39648925855073,0.0,0.5,0.5,0.49998975877881,0.5,1727074011178
146,0.5,0.66666666666667,0.40637006180644,0.0,0.5,0.5,0.49998733928622,0.5,1727074011194
146,0.5,0.66666666666667,0.39914364696555,0.0,0.5,0.5,0.49997258372489,0.5,1727074011765
146,0.5,0.66666666666667,0.39192161890225,0.0,0.5,0.5,0.4999885514037,0.5,1727074011789
146,0.5,0.66666666666667,0.38470074898274,0.0,0.5,0.5,0.49999530804875,0.5,1727074011804
146,0.5,0.66666666666667,0.37026256686802,0.0,0.5,0.5,0.49997919607163,0.5,1727074011844
146,0.5,0.66666666666667,0.36304087787368,0.0,0.5,0.5,0.49999309185471,0.5,1727074011861
146,0.5,0.66666666666667,0.35582041565876,0.0,0.5,0.5,0.49999669345751,0.5,1727074011878
146,0.5,0.66666666666667,0.34859197668141,0.0,0.5,0.5,0.49999854793279,0.5,1727074011928
146,0.5,0.66666666666667,0.34600579908528,0.0,0.5,0.5,0.49999332092513,0.5,1727074011944
146,0.5,0.66666666666667,0.33878694170466,0.0,0.5,0.5,0.49998272740423,0.5,1727074011961
146,0.5,0.66666666666667,0.33156533461614,0.0,0.5,0.5,0.49999668018378,0.5,1727074011978
146,0.5,0.66666666666667,0.33156533461614,0.0,0.5,0.5,0.49999668018378,0.5,1727074014485
146,0.5,0.66666666666667,0.33156533461614,0.0,0.5,0.5,0.49999668018378,0.5,1727074016446
146,0.50667019474167,0.66666666666667,0.33156533461614,0.0,0.4999950975588,0.5,0.49999668018378,0.5,1727074016533
146,0.52003261986095,0.66666666666667,0.33156533461614,0.0,0.50000132501595,0.5,0.49999668018378,0.5,1727074016557
146,0.53339179182814,0.66666666666667,0.33156533461614,0.0,0.4999942233117,0.5,0.49999668018378,0.5,1727074016565
146,0.55345362404468,0.66666666666667,0.33156533461614,0.0,0.49999456912789,0.5,0.49999668018378,0.5,1727074016578
146,0.59743097267844,0.66666666666667,0.33156533461614,0.0,0.50000013236068,0.5,0.49999668018378,0.5,1727074016594
146,0.66532953935316,0.66666666666667,0.33156533461614,0.0,0.49999462590651,0.5,0.49999668018378,0.5,1727074016611
146,0.74308988160684,0.66666666666667,0.33156533461614,0.0,0.49999865312135,0.5,0.49999668018378,0.5,1727074016628
146,0.85520286509686,0.66666666666667,0.33156533461614,0.0,0.50000142924894,0.5,0.49999668018378,0.5,1727074016644
146,0.99444366485816,0.66666666666667,0.33156533461614,0.0,0.49999889729724,0.5,0.49999668018378,0.5,1727074016661
146,1.0,0.66666666666667,0.33156533461614,0.0,0.5,0.5,0.49999668018378,0.5,1727074016678
146,1.0,0.66666666666667,0.33156533461614,0.0,0.5,0.5,0.49999668018378,0.5,1727074016694
146,1.0,0.66666666666667,0.33156533461614,0.0,0.5,0.5,0.49999668018378,0.5,1727074016711
146,1.0,0.66666666666667,0.33156533461614,0.0,0.5,0.5,0.49999668018378,0.5,1727074016728
146,1.0,0.66666666666667,0.33156533461614,0.0,0.5,0.5,0.49999668018378,0.5,1727074016744
146,1.0,0.66666666666667,0.33156533461614,0.0,0.5,0.5,0.49999668018378,0.5,1727074016761
146,1.0,0.66666666666667,0.33156533461614,0.0,0.5,0.5,0.49999668018378,0.5,1727074016778
146,1.0,0.66666666666667,0.33156533461614,0.0,0.5,0.5,0.49999668018378,0.5,1727074016794
146,1.0,0.66666666666667,0.33156533461614,0.0,0.5,0.5,0.49999668018378,0.5,1727074016811
146,1.0,0.66666666666667,0.33156533461614,0.0,0.5,0.5,0.49999668018378,0.5,1727074016828
146,1.0,0.66666666666667,0.33156533461614,0.0,0.5,0.5,0.49999668018378,0.5,1727074017101
146,1.0,0.66666666666667,0.33156533461614,0.0,0.5,0.5,0.49999668018378,0.5,1727074017870
146,1.0,0.66666666666667,0.33156533461614,0.0,0.5,0.5,0.49999668018378,0.5,1727074018958
146,1.0,0.66666666666667,0.33156533461614,0.0,0.5,0.5,0.49999668018378,0.5,1727074019799
146,1.0,0.66000459502907,0.33156533461614,0.0,0.5,0.50000653691475,0.49999668018378,0.5,1727074019886
146,1.0,0.64950522122152,0.33156533461614,0.0,0.5,0.50000151459021,0.49999668018378,0.5,1727074019894
146,1.0,0.61906000437204,0.33156533461614,0.0,0.5,0.50000097322175,0.49999668018378,0.5,1727074019911
146,1.0,0.57421043740817,0.33156533461614,0.0,0.5,0.50000330927744,0.49999668018378,0.5,1727074019928
146,1.0,0.53056324734297,0.33156533461614,0.0,0.5,0.50000422623024,0.49999668018378,0.5,1727074019945
146,1.0,0.47906623384141,0.33156533461614,0.0,0.5,0.49999644929953,0.49999668018378,0.5,1727074019961
146,1.0,0.43808797847139,0.33156533461614,0.0,0.5,0.50000346878183,0.49999668018378,0.5,1727074019978
146,1.0,0.40765453971038,0.33156533461614,0.0,0.5,0.50000586724547,0.49999668018378,0.5,1727074019994
146,1.0,0.37331755142982,0.33156533461614,0.0,0.5,0.50000488734604,0.49999668018378,0.5,1727074020011
146,1.0,0.33234485537655,0.33156533461614,0.0,0.5,0.5000085119462,0.49999668018378,0.5,1727074020028
146,1.0,0.3019262759427,0.33156533461614,0.0,0.5,0.49999680444587,0.49999668018378,0.5,1727074020044
146,1.0,0.28475596976356,0.33156533461614,0.0,0.5,0.49999781057774,0.49999668018378,0.5,1727074020061
146,1.0,0.27425448586089,0.33156533461614,0.0,0.5,0.50000741683932,0.49999668018378,0.5,1727074020078
146,1.0,0.27044650571248,0.33156533461614,0.0,0.5,0.49999962725462,0.49999668018378,0.5,1727074020094
146,1.0,0.25718406336572,0.33156533461614,0.0,0.5,0.50000060006626,0.49999668018378,0.5,1727074020111
146,1.0,0.24668357407843,0.33156533461614,0.0,0.5,0.50000969451797,0.49999668018378,0.5,1727074020127
146,1.0,0.22570569967911,0.33156533461614,0.0,0.5,0.50000230939947,0.49999668018378,0.5,1727074020144
146,1.0,0.19529263553164,0.33156533461614,0.0,0.5,0.49999959409321,0.49999668018378,0.5,1727074020161
146,1.0,0.17148848043982,0.33156533461614,0.0,0.5,0.50000500625333,0.49999668018378,0.5,1727074020177
146,1.0,0.14768888779716,0.33156533461614,0.0,0.5,0.50000474111753,0.49999668018378,0.5,1727074020194
146,1.0,0.1371941401863,0.33156533461614,0.0,0.5,0.50000834385754,0.49999668018378,0.5,1727074020211
146,1.0,0.14387111806166,0.33156533461614,0.0,0.5,0.50000812570505,0.49999668018378,0.5,1727074021254
146,1.0,0.15055243427625,0.33156533461614,0.0,0.5,0.50000194333958,0.49999668018378,0.5,1727074021294
146,1.0,0.15722796580045,0.33156533461614,0.0,0.5,0.50000379545133,0.49999668018378,0.5,1727074021311
146,1.0,0.16113408970607,0.33156533461614,0.0,0.5,0.50000586261727,0.49999668018378,0.5,1727074021327
146,1.0,0.16781051693942,0.33156533461614,0.0,0.5,0.5000064232361,0.49999668018378,0.5,1727074021437
146,1.0,0.16781051693942,0.33156533461614,0.0,0.5,0.5000064232361,0.49999668018378,0.5,1727074021949
146,1.0,0.16781051693942,0.33156533461614,0.0,0.5,0.5000064232361,0.49999668018378,0.5,1727074022847
146,1.0,0.17448865850616,0.33156533461614,0.0,0.5,0.5000047395957,0.49999668018378,0.5,1727074023038
146,1.0,0.1811712766089,0.33156533461614,0.0,0.5,0.49999738403338,0.49999668018378,0.5,1727074023109
146,1.0,0.1811712766089,0.33156533461614,0.0,0.5,0.49999738403338,0.49999668018378,0.5,1727074024165
147,0.0,0.83333333333333,1.0,0.5,0.5,0.5,0.5,0.5,1727074028262
147,0.0,0.83333333333333,0.99277346551892,0.5,0.5,0.5,0.49999111276524,0.5,1727074028357
147,0.0,0.83333333333333,0.9855528470734,0.5,0.5,0.5,0.49999353063346,0.5,1727074028365
147,0.0,0.83333333333333,0.97832420119477,0.5,0.5,0.5,0.49999529960374,0.5,1727074028381
147,0.0,0.83333333333333,0.97109501740001,0.5,0.5,0.5,0.49999940105108,0.5,1727074028394
147,0.0,0.83333333333333,0.9540136742175,0.5,0.5,0.5,0.49998717647445,0.5,1727074028410
147,0.0,0.83333333333333,0.95140103003255,0.5,0.5,0.5,0.49999289480411,0.5,1727074028429
147,0.0,0.83333333333333,0.94417890527256,0.5,0.5,0.5,0.50000202604144,0.5,1727074028453
147,0.0,0.83333333333333,0.9369523492363,0.5,0.5,0.5,0.49999466963247,0.5,1727074028517
147,0.0,0.83333333333333,0.93434229379585,0.5,0.5,0.5,0.49998901743901,0.5,1727074028527
147,0.0,0.83333333333333,0.9271207506536,0.5,0.5,0.5,0.4999956644779,0.5,1727074028605
147,0.0,0.83333333333333,0.91989218518497,0.5,0.5,0.5,0.49999717433319,0.5,1727074028644
147,0.0,0.83333333333333,0.90544545819329,0.5,0.5,0.5,0.49999017822532,0.5,1727074028660
147,0.0,0.83333333333333,0.8982253863298,0.5,0.5,0.5,0.4999902763032,0.5,1727074028677
147,0.0,0.83333333333333,0.86936068555704,0.5,0.5,0.5,0.49999436258334,0.5,1727074028694
147,0.0,0.83333333333333,0.86213241538642,0.5,0.5,0.5,0.49999454911675,0.5,1727074028710
147,0.0,0.83333333333333,0.85490468757276,0.5,0.5,0.5,0.49999216241387,0.5,1727074028727
147,0.0,0.83333333333333,0.84768358690612,0.5,0.5,0.5,0.49999719603823,0.5,1727074028744
147,0.0,0.83333333333333,0.84045830280257,0.5,0.5,0.5,0.4999830362898,0.5,1727074028760
147,0.0,0.83333333333333,0.83323593850044,0.5,0.5,0.5,0.49999419721595,0.5,1727074028789
147,0.0,0.83333333333333,0.82600648207948,0.5,0.5,0.5,0.50000017378721,0.5,1727074028827
147,0.0,0.83333333333333,0.81878151221084,0.5,0.5,0.5,0.49998420418882,0.5,1727074028844
147,0.0,0.83333333333333,0.81156070934641,0.5,0.5,0.5,0.4999878828962,0.5,1727074028933
147,0.0,0.83333333333333,0.81878887002317,0.5,0.5,0.5,0.49998827017965,0.5,1727074030182
147,0.0,0.83333333333333,0.82601674915259,0.5,0.5,0.5,0.49999002522762,0.5,1727074030227
147,0.0,0.83333333333333,0.83325099165769,0.5,0.5,0.5,0.50000058561438,0.5,1727074030245
147,0.0,0.83333333333333,0.83590425496168,0.5,0.5,0.5,0.49999572854315,0.5,1727074030261
147,0.0,0.83333333333333,0.84314111228213,0.5,0.5,0.5,0.49999360410362,0.5,1727074030278
147,0.0,0.83333333333333,0.8503675315589,0.5,0.5,0.5,0.50000224683202,0.5,1727074030301
147,0.0,0.83333333333333,0.85302165285873,0.5,0.5,0.5,0.49999337949503,0.5,1727074030310
147,0.0,0.83333333333333,0.86025771695837,0.5,0.5,0.5,0.49999505200133,0.5,1727074030333
147,0.0,0.83333333333333,0.86290997114209,0.5,0.5,0.5,0.49999508390049,0.5,1727074030390
147,0.0,0.83333333333333,0.87013736832391,0.5,0.5,0.5,0.49999898354847,0.5,1727074030397
147,0.0,0.83333333333333,0.87737525220374,0.5,0.5,0.5,0.49999212470014,0.5,1727074030421
147,0.0,0.83333333333333,0.88460276126238,0.5,0.5,0.5,0.49999547606176,0.5,1727074030437
147,0.0,0.83333333333333,0.87738107565477,0.5,0.5,0.5,0.50000312089853,0.5,1727074032518
147,0.0,0.83333333333333,0.88003430201161,0.5,0.5,0.5,0.49999861909838,0.5,1727074033230
147,0.0,0.83333333333333,0.87280827267657,0.5,0.5,0.5,0.49998835911314,0.5,1727074033243
147,0.0,0.83333333333333,0.86558097920254,0.5,0.5,0.5,0.4999839122386,0.5,1727074034062
147,0.0,0.83333333333333,0.85835777575259,0.5,0.5,0.5,0.49999879865799,0.5,1727074034118
147,0.0,0.83333333333333,0.86101065873913,0.5,0.5,0.5,0.49999585184849,0.5,1727074036486
147,0.0,0.83333333333333,0.86824013128443,0.5,0.5,0.5,0.49999001467625,0.5,1727074036750
147,0.0,0.83333333333333,0.86824013128443,0.5,0.5,0.5,0.49999001467625,0.5,1727074037421
147,0.0,0.83333333333333,0.86824013128443,0.5,0.5,0.5,0.49999001467625,0.5,1727074038767
147,0.00669699189423,0.83333333333333,0.86824013128443,0.5,0.50001006060872,0.5,0.49999001467625,0.5,1727074039118
147,0.01338376383721,0.83333333333333,0.86824013128443,0.5,0.49999821749479,0.5,0.49999001467625,0.5,1727074039127
147,0.03360665305133,0.83333333333333,0.86824013128443,0.5,0.50001293342397,0.5,0.49999001467625,0.5,1727074039143
147,0.05380353015917,0.83333333333333,0.86824013128443,0.5,0.50000640636062,0.5,0.49999001467625,0.5,1727074039160
147,0.08081404351993,0.83333333333333,0.86824013128443,0.5,0.49999776495238,0.5,0.49999001467625,0.5,1727074039176
147,0.09421964190794,0.83333333333333,0.86824013128443,0.5,0.50000681879625,0.5,0.49999001467625,0.5,1727074039193
147,0.10763561613062,0.83333333333333,0.86824013128443,0.5,0.50000747193454,0.5,0.49999001467625,0.5,1727074039210
147,0.11431156491389,0.83333333333333,0.86824013128443,0.5,0.50000586057679,0.5,0.49999001467625,0.5,1727074039227
147,0.11052602951441,0.83333333333333,0.86824013128443,0.5,0.50000451519869,0.5,0.49999001467625,0.5,1727074039742
147,0.10003302872451,0.83333333333333,0.86824013128443,0.5,0.5000035588724,0.5,0.49999001467625,0.5,1727074039749
147,0.082860379786,0.83333333333333,0.86824013128443,0.5,0.49999808084191,0.5,0.49999001467625,0.5,1727074039760
147,0.0514565907854,0.83333333333333,0.86824013128443,0.5,0.50001908783283,0.5,0.49999001467625,0.5,1727074039776
147,0.01331268238694,0.83333333333333,0.86824013128443,0.5,0.50001044828595,0.5,0.49999001467625,0.5,1727074039793
147,0.0,0.83333333333333,0.86824013128443,0.5,0.5,0.5,0.49999001467625,0.5,1727074039810
147,0.0,0.83333333333333,0.86824013128443,0.5,0.5,0.5,0.49999001467625,0.5,1727074039827
147,0.0,0.83333333333333,0.86824013128443,0.5,0.5,0.5,0.49999001467625,0.5,1727074041830
147,0.0,0.83333333333333,0.86824013128443,0.5,0.5,0.5,0.49999001467625,0.5,1727074042967
147,0.0,0.83333333333333,0.86824013128443,0.48948939546344,0.5,0.5,0.49999001467625,0.49999782877618,1727074043102
147,0.0,0.83333333333333,0.86824013128443,0.47899567427077,0.5,0.5,0.49999001467625,0.49999672851027,1727074043118
147,0.0,0.83333333333333,0.86824013128443,0.46848749913714,0.5,0.5,0.49999001467625,0.49999631016775,1727074043126
147,0.0,0.83333333333333,0.86824013128443,0.44749626033314,0.5,0.5,0.49999001467625,0.50000312432222,1727074043143
147,0.0,0.83333333333333,0.86824013128443,0.42948709676061,0.5,0.5,0.49999001467625,0.49999577189783,1727074043160
147,0.0,0.83333333333333,0.86824013128443,0.40849583785933,0.5,0.5,0.49999001467625,0.5000029556471,1727074043176
147,0.0,0.83333333333333,0.86824013128443,0.38375145121231,0.5,0.5,0.49999001467625,0.49999791653132,1727074043193
147,0.0,0.83333333333333,0.86824013128443,0.37324931813564,0.5,0.5,0.49999001467625,0.4999891898144,1727074043210
147,0.0,0.83333333333333,0.86824013128443,0.35225952301691,0.5,0.5,0.49999001467625,0.49999815499224,1727074043226
147,0.0,0.83333333333333,0.86824013128443,0.33798766414861,0.5,0.5,0.49999001467625,0.50000285868289,1727074043243
147,0.0,0.83333333333333,0.86824013128443,0.3341755761371,0.5,0.5,0.49999001467625,0.49999146898395,1727074043260
147,0.0,0.83333333333333,0.86824013128443,0.32090375276399,0.5,0.5,0.49999001467625,0.499996195529,1727074045310
147,0.0,0.83333333333333,0.86824013128443,0.31709597121293,0.5,0.5,0.49999001467625,0.49998860474985,1727074045494
147,0.0,0.83333333333333,0.86824013128443,0.31045069662677,0.5,0.5,0.49999001467625,0.500004468837,1727074045510
147,0.0,0.83333333333333,0.86824013128443,0.31045069662677,0.5,0.5,0.49999001467625,0.500004468837,1727074049214
147,0.0,0.83333333333333,0.86824013128443,0.31045069662677,0.5,0.5,0.49999001467625,0.500004468837,1727074050183
147,0.00669411176499,0.83333333333333,0.86824013128443,0.31045069662677,0.50000387479182,0.5,0.49999001467625,0.500004468837,1727074050262
147,0.02012530834916,0.83333333333333,0.86824013128443,0.31045069662677,0.50000455436022,0.5,0.49999001467625,0.500004468837,1727074050276
147,0.05753831630064,0.83333333333333,0.86824013128443,0.31045069662677,0.4999997396299,0.5,0.49999001467625,0.500004468837,1727074050293
147,0.094920681471,0.83333333333333,0.86824013128443,0.31045069662677,0.49999617105155,0.5,0.49999001467625,0.500004468837,1727074050309
147,0.15967857902019,0.83333333333333,0.86824013128443,0.31045069662677,0.50000222850002,0.5,0.49999001467625,0.500004468837,1727074050326
147,0.21420339787397,0.83333333333333,0.86824013128443,0.31045069662677,0.50000403560995,0.5,0.49999001467625,0.500004468837,1727074050342
147,0.2650805502797,0.83333333333333,0.86824013128443,0.31045069662677,0.50000388245942,0.5,0.49999001467625,0.500004468837,1727074050359
147,0.30237830555588,0.83333333333333,0.86824013128443,0.31045069662677,0.50000905752147,0.5,0.49999001467625,0.500004468837,1727074050376
147,0.33293498835668,0.83333333333333,0.86824013128443,0.31045069662677,0.499996715127,0.5,0.49999001467625,0.500004468837,1727074050392
147,0.35679057479162,0.83333333333333,0.86824013128443,0.31045069662677,0.50000541469836,0.5,0.49999001467625,0.500004468837,1727074050409
147,0.37396031795462,0.83333333333333,0.86824013128443,0.31045069662677,0.50000571844797,0.5,0.49999001467625,0.500004468837,1727074050426
147,0.38732672364492,0.83333333333333,0.86824013128443,0.31045069662677,0.50000315464762,0.5,0.49999001467625,0.500004468837,1727074050442
147,0.40449879975956,0.83333333333333,0.86824013128443,0.31045069662677,0.50000546870115,0.5,0.49999001467625,0.500004468837,1727074050459
147,0.42834188799736,0.83333333333333,0.86824013128443,0.31045069662677,0.50000278488506,0.5,0.49999001467625,0.500004468837,1727074050476
147,0.46868587474171,0.83333333333333,0.86824013128443,0.31045069662677,0.50000686711865,0.5,0.49999001467625,0.500004468837,1727074050492
147,0.48204961746427,0.83333333333333,0.86824013128443,0.31045069662677,0.5000026085544,0.5,0.49999001467625,0.500004468837,1727074050509
147,0.52307539981765,0.83333333333333,0.86824013128443,0.31045069662677,0.49999891366728,0.5,0.49999001467625,0.500004468837,1727074050526
147,0.536432310807,0.83333333333333,0.86824013128443,0.31045069662677,0.50000108072269,0.5,0.49999001467625,0.500004468837,1727074050542
147,0.54310860373855,0.83333333333333,0.86824013128443,0.31045069662677,0.50000063358045,0.5,0.49999001467625,0.500004468837,1727074050559
147,0.54977276007134,0.83333333333333,0.86824013128443,0.31045069662677,0.50000243294713,0.5,0.49999001467625,0.500004468837,1727074050870
147,0.55644817534031,0.83333333333333,0.86824013128443,0.31045069662677,0.50000138199539,0.5,0.49999001467625,0.500004468837,1727074050877
147,0.56696184548184,0.83333333333333,0.86824013128443,0.31045069662677,0.50000539835914,0.5,0.49999001467625,0.500004468837,1727074050893
147,0.58413056029965,0.83333333333333,0.86824013128443,0.31045069662677,0.50000494622281,0.5,0.49999001467625,0.500004468837,1727074050910
147,0.59080301383261,0.83333333333333,0.86824013128443,0.31045069662677,0.50000197622033,0.5,0.49999001467625,0.500004468837,1727074050926
147,0.60416051811397,0.83333333333333,0.86824013128443,0.31045069662677,0.50000430649693,0.5,0.49999001467625,0.500004468837,1727074050942
147,0.5975122439081,0.83333333333333,0.86824013128443,0.31045069662677,0.50000296093253,0.5,0.49999001467625,0.500004468837,1727074051246
147,0.59085164656215,0.83333333333333,0.86824013128443,0.31045069662677,0.50000360145542,0.5,0.49999001467625,0.500004468837,1727074051270
147,0.58703402562257,0.83333333333333,0.86824013128443,0.31045069662677,0.50000214488496,0.5,0.49999001467625,0.500004468837,1727074051342
147,0.58038255302322,0.83333333333333,0.86824013128443,0.31045069662677,0.49999863070354,0.5,0.49999001467625,0.500004468837,1727074051360
147,0.57373193755531,0.83333333333333,0.86824013128443,0.31045069662677,0.50000593046544,0.5,0.49999001467625,0.500004468837,1727074051390
147,0.5699140926415,0.83333333333333,0.86824013128443,0.31045069662677,0.50000430372448,0.5,0.49999001467625,0.500004468837,1727074051397
147,0.56325749745743,0.83333333333333,0.86824013128443,0.31045069662677,0.49999726049355,0.5,0.49999001467625,0.500004468837,1727074051409
147,0.55943598347457,0.83333333333333,0.86824013128443,0.31045069662677,0.50000355155961,0.5,0.49999001467625,0.500004468837,1727074051429
147,0.55278440912553,0.83333333333333,0.86824013128443,0.31045069662677,0.49999985834724,0.5,0.49999001467625,0.500004468837,1727074051442
147,0.54228766411836,0.83333333333333,0.86824013128443,0.31045069662677,0.5000074743473,0.5,0.49999001467625,0.500004468837,1727074051459
147,0.52511969015948,0.83333333333333,0.86824013128443,0.31045069662677,0.50000853383731,0.5,0.49999001467625,0.500004468837,1727074051476
147,0.53179019627339,0.83333333333333,0.86824013128443,0.31045069662677,0.50000393571264,0.5,0.49999001467625,0.500004468837,1727074051910
147,0.53845874980401,0.83333333333333,0.86824013128443,0.31045069662677,0.50000880768595,0.5,0.49999001467625,0.500004468837,1727074051966
147,0.54232992932012,0.83333333333333,0.86824013128443,0.31045069662677,0.50000476811351,0.5,0.49999001467625,0.500004468837,1727074051982
147,0.5490047260685,0.83333333333333,0.86824013128443,0.31045069662677,0.50000326107652,0.5,0.49999001467625,0.500004468837,1727074051992
147,0.56617101254412,0.83333333333333,0.86824013128443,0.31045069662677,0.50000120360019,0.5,0.49999001467625,0.500004468837,1727074052009
147,0.57284590305649,0.83333333333333,0.86824013128443,0.31045069662677,0.49999983196419,0.5,0.49999001467625,0.500004468837,1727074052026
147,0.57951105795329,0.83333333333333,0.86824013128443,0.31045069662677,0.50000223695199,0.5,0.49999001467625,0.500004468837,1727074052118
147,0.57286223511469,0.83333333333333,0.86824013128443,0.31045069662677,0.50000046676704,0.5,0.49999001467625,0.500004468837,1727074052726
147,0.5662085213192,0.83333333333333,0.86824013128443,0.31045069662677,0.50000575593266,0.5,0.49999001467625,0.500004468837,1727074052776
147,0.55955245435845,0.83333333333333,0.86824013128443,0.31045069662677,0.49999905214635,0.5,0.49999001467625,0.500004468837,1727074052805
147,0.55290027585271,0.83333333333333,0.86824013128443,0.31045069662677,0.50000547150114,0.5,0.49999001467625,0.500004468837,1727074052902
147,0.54624971177655,0.83333333333333,0.86824013128443,0.31045069662677,0.50000246353417,0.5,0.49999001467625,0.500004468837,1727074052966
147,0.53959977633697,0.83333333333333,0.86824013128443,0.31045069662677,0.49999984382988,0.5,0.49999001467625,0.500004468837,1727074053070
147,0.53578076883057,0.83333333333333,0.86824013128443,0.31045069662677,0.49999730113261,0.5,0.49999001467625,0.500004468837,1727074053230
147,0.52912237899757,0.83333333333333,0.86824013128443,0.31045069662677,0.49999950612822,0.5,0.49999001467625,0.500004468837,1727074053438
147,0.52912237899757,0.83333333333333,0.86824013128443,0.31045069662677,0.49999950612822,0.5,0.49999001467625,0.500004468837,1727074053758
147,0.52912237899757,0.83333333333333,0.86824013128443,0.31045069662677,0.49999950612822,0.5,0.49999001467625,0.500004468837,1727074054663
147,0.52912237899757,0.83720227662161,0.86824013128443,0.31045069662677,0.49999950612822,0.49999884550755,0.49999001467625,0.500004468837,1727074054734
147,0.52912237899757,0.84387183178005,0.86824013128443,0.31045069662677,0.49999950612822,0.49999481201102,0.49999001467625,0.500004468837,1727074054742
147,0.52912237899757,0.85054641101338,0.86824013128443,0.31045069662677,0.49999950612822,0.49999601764186,0.49999001467625,0.500004468837,1727074054759
147,0.52912237899757,0.87822580419492,0.86824013128443,0.31045069662677,0.49999950612822,0.49999490828305,0.49999001467625,0.500004468837,1727074054776
147,0.52912237899757,0.91923412308228,0.86824013128443,0.31045069662677,0.49999950612822,0.49999841855935,0.49999001467625,0.500004468837,1727074054792
147,0.52912237899757,0.96024970347002,0.86824013128443,0.31045069662677,0.49999950612822,0.49999838297068,0.49999001467625,0.500004468837,1727074054809
147,0.52912237899757,1.0000048471052,0.86824013128443,0.31045069662677,0.49999950612822,0.49999786213035,0.49999001467625,0.500004468837,1727074054826
147,0.52912237899757,1.0000048471052,0.86824013128443,0.31045069662677,0.49999950612822,0.49999786213035,0.49999001467625,0.500004468837,1727074054842
147,0.52912237899757,1.0000048471052,0.86824013128443,0.31045069662677,0.49999950612822,0.49999786213035,0.49999001467625,0.500004468837,1727074055550
147,0.52912237899757,1.0000048471052,0.86824013128443,0.31045069662677,0.49999950612822,0.49999786213035,0.49999001467625,0.500004468837,1727074055559
147,0.52912237899757,1.0000048471052,0.86824013128443,0.31045069662677,0.49999950612822,0.49999786213035,0.49999001467625,0.500004468837,1727074055582
147,0.52912237899757,1.0000048471052,0.86824013128443,0.31045069662677,0.49999950612822,0.49999786213035,0.49999001467625,0.500004468837,1727074055606
147,0.52912237899757,1.0000048471052,0.86824013128443,0.31045069662677,0.49999950612822,0.49999786213035,0.49999001467625,0.500004468837,1727074055613
147,0.52912237899757,1.0000048471052,0.86824013128443,0.31045069662677,0.49999950612822,0.49999786213035,0.49999001467625,0.500004468837,1727074055625
147,0.52912237899757,1.0000048471052,0.86824013128443,0.31045069662677,0.49999950612822,0.49999786213035,0.49999001467625,0.500004468837,1727074055642
147,0.52912237899757,1.0000048471052,0.86824013128443,0.31045069662677,0.49999950612822,0.49999786213035,0.49999001467625,0.500004468837,1727074055659
147,0.52912237899757,1.0000048471052,0.86824013128443,0.31045069662677,0.49999950612822,0.49999786213035,0.49999001467625,0.500004468837,1727074055675
147,0.52912237899757,1.0000048471052,0.86824013128443,0.31045069662677,0.49999950612822,0.49999786213035,0.49999001467625,0.500004468837,1727074055692
147,0.52912237899757,1.0000048471052,0.86824013128443,0.31045069662677,0.49999950612822,0.49999786213035,0.49999001467625,0.500004468837,1727074055709
147,0.52912237899757,1.0000048471052,0.86824013128443,0.31045069662677,0.49999950612822,0.49999786213035,0.49999001467625,0.500004468837,1727074055726
147,0.52912237899757,1.0000048471052,0.86824013128443,0.31045069662677,0.49999950612822,0.49999786213035,0.49999001467625,0.500004468837,1727074055742
147,0.52912237899757,1.0000048471052,0.86824013128443,0.31045069662677,0.49999950612822,0.49999786213035,0.49999001467625,0.500004468837,1727074055759
147,0.52912237899757,1.0000048471052,0.86824013128443,0.31045069662677,0.49999950612822,0.49999786213035,0.49999001467625,0.500004468837,1727074055776
147,0.52912237899757,1.0000048471052,0.86824013128443,0.31045069662677,0.49999950612822,0.49999786213035,0.49999001467625,0.500004468837,1727074055792
147,0.52912237899757,1.0000048471052,0.86824013128443,0.31045069662677,0.49999950612822,0.49999786213035,0.49999001467625,0.500004468837,1727074055809
147,0.52912237899757,1.0000048471052,0.86824013128443,0.31045069662677,0.49999950612822,0.49999786213035,0.49999001467625,0.500004468837,1727074055826
147,0.52912237899757,1.0000048471052,0.86824013128443,0.31045069662677,0.49999950612822,0.49999786213035,0.49999001467625,0.500004468837,1727074055842
147,0.52912237899757,1.0000048471052,0.86824013128443,0.31045069662677,0.49999950612822,0.49999786213035,0.49999001467625,0.500004468837,1727074055859
147,0.52912237899757,1.0000048471052,0.86824013128443,0.31045069662677,0.49999950612822,0.49999786213035,0.49999001467625,0.500004468837,1727074055875
147,0.52912237899757,1.0000048471052,0.86824013128443,0.31045069662677,0.49999950612822,0.49999786213035,0.49999001467625,0.500004468837,1727074055892
147,0.52912237899757,1.0000048471052,0.86824013128443,0.31045069662677,0.49999950612822,0.49999786213035,0.49999001467625,0.500004468837,1727074055909
147,0.52912237899757,1.0000048471052,0.86824013128443,0.31045069662677,0.49999950612822,0.49999786213035,0.49999001467625,0.500004468837,1727074055926
147,0.52912237899757,1.0000048471052,0.86824013128443,0.31045069662677,0.49999950612822,0.49999786213035,0.49999001467625,0.500004468837,1727074055942
147,0.52912237899757,1.0000048471052,0.86824013128443,0.31045069662677,0.49999950612822,0.49999786213035,0.49999001467625,0.500004468837,1727074055959
147,0.52912237899757,1.0000048471052,0.86824013128443,0.31045069662677,0.49999950612822,0.49999786213035,0.49999001467625,0.500004468837,1727074055975
147,0.52912237899757,1.0000048471052,0.86824013128443,0.31045069662677,0.49999950612822,0.49999786213035,0.49999001467625,0.500004468837,1727074056022
148,1.0,0.5,0.5,0.66666666666667,0.5,0.5,0.5,0.5,1727074066415
148,1.0,0.5,0.5,0.66666666666667,0.5,0.5,0.5,0.5,1727074067079
148,1.0,0.49335502751391,0.5,0.66666666666667,0.5,0.49999912381329,0.5,0.5,1727074067174
148,1.0,0.48670299046218,0.5,0.66666666666667,0.5,0.49999200531884,0.5,0.5,1727074067193
148,1.0,0.4800510761341,0.5,0.66666666666667,0.5,0.49999628273063,0.5,0.5,1727074067208
148,1.0,0.45357109893329,0.5,0.66666666666667,0.5,0.49999853607917,0.5,0.5,1727074067225
148,1.0,0.4205382827985,0.5,0.66666666666667,0.5,0.50000014696335,0.5,0.5,1727074067242
148,1.0,0.38351046808227,0.5,0.66666666666667,0.5,0.49999758431197,0.5,0.5,1727074067258
148,1.0,0.33992174578559,0.5,0.66666666666667,0.5,0.49998686595681,0.5,0.5,1727074067275
148,1.0,0.30290863985708,0.5,0.66666666666667,0.5,0.49999905515819,0.5,0.5,1727074067292
148,1.0,0.28963901912783,0.5,0.66666666666667,0.5,0.49999157141187,0.5,0.5,1727074067308
148,1.0,0.27636871655727,0.5,0.66666666666667,0.5,0.50000053859573,0.5,0.5,1727074067325
148,1.0,0.2486976509736,0.5,0.66666666666667,0.5,0.49999409281326,0.5,0.5,1727074067342
148,1.0,0.2420454360511,0.5,0.66666666666667,0.5,0.50000080427789,0.5,0.5,1727074067374
148,1.0,0.23539959931873,0.5,0.66666666666667,0.5,0.50000045510385,0.5,0.5,1727074067390
148,1.0,0.22875570712835,0.5,0.66666666666667,0.5,0.49999785692708,0.5,0.5,1727074067398
148,1.0,0.22495613359258,0.5,0.66666666666667,0.5,0.49999734474412,0.5,0.5,1727074067408
148,1.0,0.21169293450004,0.5,0.66666666666667,0.5,0.49999925150007,0.5,0.5,1727074067425
148,1.0,0.18402680362503,0.5,0.66666666666667,0.5,0.49998549489956,0.5,0.5,1727074067442
148,1.0,0.16022134406194,0.5,0.66666666666667,0.5,0.49999199064809,0.5,0.5,1727074067458
148,1.0,0.13641582508946,0.5,0.66666666666667,0.5,0.49999937154217,0.5,0.5,1727074067475
148,1.0,0.12317379866755,0.5,0.66666666666667,0.5,0.49999325137729,0.5,0.5,1727074067492
148,1.0,0.10894380034074,0.5,0.66666666666667,0.5,0.49999179975069,0.5,0.5,1727074067508
148,1.0,0.09570980469232,0.5,0.66666666666667,0.5,0.49999663122812,0.5,0.5,1727074067525
148,1.0,0.08906900640136,0.5,0.66666666666667,0.5,0.49998785711511,0.5,0.5,1727074067542
148,1.0,0.08529577617338,0.5,0.66666666666667,0.5,0.4999942967651,0.5,0.5,1727074067606
148,1.0,0.07864785904351,0.5,0.66666666666667,0.5,0.49999713941907,0.5,0.5,1727074067622
148,1.0,0.06816034530032,0.5,0.66666666666667,0.5,0.49998873789562,0.5,0.5,1727074067638
148,1.0,0.05765729321981,0.5,0.66666666666667,0.5,0.50000760758758,0.5,0.5,1727074067646
148,1.0,0.05102000782221,0.5,0.66666666666667,0.5,0.49999153245315,0.5,0.5,1727074067658
148,1.0,0.03385230134825,0.5,0.66666666666667,0.5,0.49998805969408,0.5,0.5,1727074067675
148,1.0,0.01007000585286,0.5,0.66666666666667,0.5,0.49998204986335,0.5,0.5,1727074067692
148,1.0,0.0,0.5,0.66666666666667,0.5,0.5,0.5,0.5,1727074067708
148,1.0,0.0,0.5,0.66666666666667,0.5,0.5,0.5,0.5,1727074067725
148,1.0,0.00669428819915,0.5,0.66666666666667,0.5,0.49999574626601,0.5,0.5,1727074068134
148,1.0,0.01338444377784,0.5,0.66666666666667,0.5,0.50000035921541,0.5,0.5,1727074068150
148,1.0,0.02681588764109,0.5,0.66666666666667,0.5,0.49999899813364,0.5,0.5,1727074068166
148,1.0,0.03349685199618,0.5,0.66666666666667,0.5,0.4999911625143,0.5,0.5,1727074068175
148,1.0,0.05370990735053,0.5,0.66666666666667,0.5,0.49999597900618,0.5,0.5,1727074068192
148,1.0,0.0875634181128,0.5,0.66666666666667,0.5,0.49998436657442,0.5,0.5,1727074068208
148,1.0,0.11524271356393,0.5,0.66666666666667,0.5,0.50000519306732,0.5,0.5,1727074068225
148,1.0,0.14583579004737,0.5,0.66666666666667,0.5,0.49999300690968,0.5,0.5,1727074068242
148,1.0,0.16969139311822,0.5,0.66666666666667,0.5,0.50000120143346,0.5,0.5,1727074068258
148,1.0,0.16304866977426,0.5,0.66666666666667,0.5,0.4999966417941,0.5,0.5,1727074068550
148,1.0,0.15640032976464,0.5,0.66666666666667,0.5,0.49999955263624,0.5,0.5,1727074068566
148,1.0,0.14975967529607,0.5,0.66666666666667,0.5,0.49999196075306,0.5,0.5,1727074068774
148,1.0,0.14975967529607,0.5,0.66666666666667,0.5,0.49999196075306,0.5,0.5,1727074069846
149,0.0,1.0,-0.0,0.16666666666667,0.5,0.5,0.5,0.5,1727074073111
149,0.0,1.0,0.00724680911735,0.16666666666667,0.5,0.5,0.49995313579745,0.5,1727074073142
149,0.0,1.0,0.02175321311175,0.16666666666667,0.5,0.5,0.49993937348051,0.5,1727074073158
149,0.0,1.0,0.05875871279221,0.16666666666667,0.5,0.5,0.50000321062269,0.5,1727074073175
149,0.0,1.0,0.10577479520333,0.16666666666667,0.5,0.5,0.49994404632551,0.5,1727074073191
149,0.0,1.0,0.15708353117181,0.16666666666667,0.5,0.5,0.49996404733888,0.5,1727074073208
149,0.0,1.0,0.21115801985307,0.16666666666667,0.5,0.5,0.49999231792506,0.5,1727074073225
149,0.0,1.0,0.26245911152057,0.16666666666667,0.5,0.5,0.49999782726169,0.5,1727074073241
149,0.0,1.0,0.30935043222867,0.16666666666667,0.5,0.5,0.49997914576952,0.5,1727074073258
149,0.0,1.0,0.36063363446169,0.16666666666667,0.5,0.5,0.49999791501736,0.5,1727074073274
149,0.0,1.0,0.40033827471112,0.16666666666667,0.5,0.5,0.49997687600084,0.5,1727074073291
149,0.0,1.0,0.43452236136434,0.16666666666667,0.5,0.5,0.49998245977569,0.5,1727074073308
149,0.0,1.0,0.46870765968015,0.16666666666667,0.5,0.5,0.4999786662924,0.5,1727074073324
149,0.0,1.0,0.49568792884252,0.16666666666667,0.5,0.5,0.49998457748304,0.5,1727074073341
149,0.0,1.0,0.52000009246454,0.16666666666667,0.5,0.5,0.49998646473288,0.5,1727074073358
149,0.0,1.0,0.52987089163343,0.16666666666667,0.5,0.5,0.49999670275635,0.5,1727074073374
149,0.0,1.0,0.56142028594646,0.16666666666667,0.5,0.5,0.49999284517025,0.5,1727074073391
149,0.0,1.0,0.58839348165246,0.16666666666667,0.5,0.5,0.49999068350918,0.5,1727074073408
149,0.0,1.0,0.6199501934354,0.16666666666667,0.5,0.5,0.49999254240963,0.5,1727074073425
149,0.0,1.0,0.63971200331522,0.16666666666667,0.5,0.5,0.49998771129781,0.5,1727074073441
149,0.0,1.0,0.66403044427342,0.16666666666667,0.5,0.5,0.50000017503247,0.5,1727074073458
149,0.0,1.0,0.6811235976574,0.16666666666667,0.5,0.5,0.4999955442235,0.5,1727074073474
149,0.0,1.0,0.68835252650521,0.16666666666667,0.5,0.5,0.49999163073718,0.5,1727074073491
149,0.0,1.0,0.69822249540757,0.16666666666667,0.5,0.5,0.50000459188632,0.5,1727074073508
149,0.0,1.0,0.70545252742629,0.16666666666667,0.5,0.5,0.49999462139429,0.5,1727074073524
149,0.0,1.0,0.6982318955588,0.16666666666667,0.5,0.5,0.49999787290289,0.5,1727074074814
149,0.0,1.0,0.69100709570111,0.16666666666667,0.5,0.5,0.49997876930345,0.5,1727074074838
149,0.0,1.0,0.68378431796976,0.16666666666667,0.5,0.5,0.49999400664852,0.5,1727074074846
149,0.0,1.0,0.67655728383258,0.16666666666667,0.5,0.5,0.49998722794002,0.5,1727074074870
149,0.0,1.0,0.67655728383258,0.16666666666667,0.5,0.5,0.49998722794002,0.5,1727074078062
149,0.0,1.0,0.67655728383258,0.16666666666667,0.5,0.5,0.49998722794002,0.5,1727074078999
149,0.0,1.0,0.67655728383258,0.17334679090497,0.5,0.5,0.49998722794002,0.50001084738443,1727074079046
149,0.0,1.0,0.67655728383258,0.18002991114247,0.5,0.5,0.49998722794002,0.49999889986953,1727074079070
149,0.0,1.0,0.67655728383258,0.18671014806461,0.5,0.5,0.49998722794002,0.50000310029081,1727074079078
149,0.0,1.0,0.67655728383258,0.1933831591817,0.5,0.5,0.49998722794002,0.49999818926993,1727074079102
149,0.0,1.0,0.67655728383258,0.20006141346115,0.5,0.5,0.49998722794002,0.49999984687342,1727074079142
149,0.0,1.0,0.67655728383258,0.21344743135952,0.5,0.5,0.49998722794002,0.50000151976177,1727074079191
149,0.0,1.0,0.67655728383258,0.21734610098863,0.5,0.5,0.49998722794002,0.50000901224626,1727074079207
149,0.0,1.0,0.67655728383258,0.22402349231781,0.5,0.5,0.49998722794002,0.5000094299079,1727074079224
149,0.0,1.0,0.67655728383258,0.23739995277591,0.5,0.5,0.49998722794002,0.49999994658188,1727074079241
149,0.0,1.0,0.67655728383258,0.24408057878368,0.5,0.5,0.49998722794002,0.50000407928252,1727074079257
149,0.0,1.0,0.67655728383258,0.25076107593848,0.5,0.5,0.49998722794002,0.50000795984299,1727074079274
149,0.0,1.0,0.67655728383258,0.25743201016033,0.5,0.5,0.49998722794002,0.5000013482792,1727074079350
149,0.0,1.0,0.67655728383258,0.26411444032318,0.5,0.5,0.49998722794002,0.50000723645845,1727074079374
149,0.0,1.0,0.67655728383258,0.27078926336332,0.5,0.5,0.49998722794002,0.50000492053374,1727074079391
149,0.0,1.0,0.67655728383258,0.27467698137024,0.5,0.5,0.49998722794002,0.5000000612545,1727074079407
149,0.0,1.0,0.67655728383258,0.28135429253298,0.5,0.5,0.49998722794002,0.50000046315927,1727074079430
149,0.0,1.0,0.67655728383258,0.28802443870374,0.5,0.5,0.49998722794002,0.49999351291671,1727074079446
149,0.0,1.0,0.67655728383258,0.29469997589805,0.5,0.5,0.49998722794002,0.50000776150849,1727074079470
149,0.0,1.0,0.67655728383258,0.30137668409753,0.5,0.5,0.49998722794002,0.50000745266559,1727074079478
149,0.0,1.0,0.67655728383258,0.30805236403151,0.5,0.5,0.49998722794002,0.50000613535305,1727074079494
149,0.0,1.0,0.67655728383258,0.31472319565299,0.5,0.5,0.49998722794002,0.50000011591386,1727074079566
149,0.0,1.0,0.67655728383258,0.31861535302698,0.5,0.5,0.49998722794002,0.49999996937187,1727074079574
149,0.0,1.0,0.67655728383258,0.33198975850112,0.5,0.5,0.49998722794002,0.50000487215546,1727074079591
149,0.0,1.0,0.67655728383258,0.33866099766251,0.5,0.5,0.49998722794002,0.49999949349761,1727074079607
149,0.0,1.0,0.67655728383258,0.34917776903941,0.5,0.5,0.49998722794002,0.50000785640617,1727074079624
149,0.0,1.0,0.67655728383258,0.36254230041506,0.5,0.5,0.49998722794002,0.50000345524118,1727074079641
149,0.0,1.0,0.67655728383258,0.36922384849706,0.5,0.5,0.49998722794002,0.50000753584009,1727074079657
149,0.0,1.0,0.67655728383258,0.37589590598296,0.5,0.5,0.49998722794002,0.50000316960011,1727074079758
149,0.0,1.0,0.67655728383258,0.38256616571791,0.5,0.5,0.49998722794002,0.49999732857549,1727074079774
149,0.0,1.0,0.67655728383258,0.39307960006997,0.5,0.5,0.49998722794002,0.50000229505422,1727074079791
149,0.0,1.0,0.67655728383258,0.39975417129663,0.5,0.5,0.49998722794002,0.50000027588986,1727074079807
149,0.0,1.0,0.67655728383258,0.40642327121341,0.5,0.5,0.49998722794002,0.49999370241479,1727074079838
149,0.0,1.0,0.67655728383258,0.41030952760681,0.5,0.5,0.49998722794002,0.50000153239189,1727074079874
149,0.0,1.0,0.67655728383258,0.41698539575259,0.5,0.5,0.49998722794002,0.50000064505061,1727074079934
149,0.0,1.0,0.67655728383258,0.42365597132294,0.5,0.5,0.49998722794002,0.5000080347325,1727074079974
149,0.0,1.0,0.67655728383258,0.43032350800179,0.5,0.5,0.49998722794002,0.50000034934277,1727074080974
149,0.0,1.0,0.67655728383258,0.43699620915246,0.5,0.5,0.49998722794002,0.49999695776236,1727074080998
149,0.0,1.0,0.67655728383258,0.44366408460101,0.5,0.5,0.49998722794002,0.50000202368754,1727074081022
149,0.0,1.0,0.67655728383258,0.45034320624488,0.5,0.5,0.49998722794002,0.50000373515558,1727074081030
149,0.0,1.0,0.67655728383258,0.45701696761796,0.5,0.5,0.49998722794002,0.50000123441836,1727074081046
149,0.0,1.0,0.67655728383258,0.4608920654106,0.5,0.5,0.49998722794002,0.49999981209955,1727074081062
149,0.0,1.0,0.67655728383258,0.46756281485737,0.5,0.5,0.49998722794002,0.49999507042055,1727074082758
149,0.0,1.0,0.67655728383258,0.47423786179116,0.5,0.5,0.49998722794002,0.50000539923045,1727074082902
149,0.0,1.0,0.67655728383258,0.48091384948764,0.5,0.5,0.49998722794002,0.50000464435918,1727074082941
149,0.0,1.0,0.67655728383258,0.48478492711073,0.5,0.5,0.49998722794002,0.50000023389646,1727074082958
149,0.0,1.0,0.67655728383258,0.49145591802293,0.5,0.5,0.49998722794002,0.50000726039254,1727074082974
149,0.0,1.0,0.67655728383258,0.49145591802293,0.5,0.5,0.49998722794002,0.50000726039254,1727074084038
149,0.0,1.0,0.67655728383258,0.49145591802293,0.5,0.5,0.49998722794002,0.50000726039254,1727074085375
149,0.01052232924862,1.0,0.67655728383258,0.49145591802293,0.49999841773728,0.5,0.49998722794002,0.50000726039254,1727074085390
149,0.03159262939325,1.0,0.67655728383258,0.49145591802293,0.49998556906034,0.5,0.49998722794002,0.50000726039254,1727074085407
149,0.07582624167995,1.0,0.67655728383258,0.49145591802293,0.49999233893696,0.5,0.49998722794002,0.50000726039254,1727074085424
149,0.15124197649811,1.0,0.67655728383258,0.49145591802293,0.49999426008046,0.5,0.49998722794002,0.50000726039254,1727074085440
149,0.26414880413521,1.0,0.67655728383258,0.49145591802293,0.49999459336461,0.5,0.49998722794002,0.50000726039254,1727074085457
149,0.4146254648415,1.0,0.67655728383258,0.49145591802293,0.49999559982713,0.5,0.49998722794002,0.50000726039254,1727074085474
149,0.57859051674381,1.0,0.67655728383258,0.49145591802293,0.49999369000367,0.5,0.49998722794002,0.50000726039254,1727074085490
149,0.75943287620869,1.0,0.67655728383258,0.49145591802293,0.50000115078224,0.5,0.49998722794002,0.50000726039254,1727074085507
149,0.91246031636596,1.0,0.67655728383258,0.49145591802293,0.49999942038731,0.5,0.49998722794002,0.50000726039254,1727074085524
149,1.0,1.0,0.67655728383258,0.49145591802293,0.5,0.5,0.49998722794002,0.50000726039254,1727074085540
149,1.0,1.0,0.67655728383258,0.49145591802293,0.5,0.5,0.49998722794002,0.50000726039254,1727074085557
149,1.0,1.0,0.67655728383258,0.49145591802293,0.5,0.5,0.49998722794002,0.50000726039254,1727074085574
149,1.0,1.0,0.67655728383258,0.49145591802293,0.5,0.5,0.49998722794002,0.50000726039254,1727074085590
149,1.0,1.0,0.67655728383258,0.49145591802293,0.5,0.5,0.49998722794002,0.50000726039254,1727074085607
149,1.0,1.0,0.67655728383258,0.49145591802293,0.5,0.5,0.49998722794002,0.50000726039254,1727074085624
149,1.0,1.0,0.67655728383258,0.49145591802293,0.5,0.5,0.49998722794002,0.50000726039254,1727074085640
149,1.0,1.0,0.67655728383258,0.49145591802293,0.5,0.5,0.49998722794002,0.50000726039254,1727074085657
149,1.0,1.0,0.67655728383258,0.49145591802293,0.5,0.5,0.49998722794002,0.50000726039254,1727074085674
149,1.0,1.0,0.67655728383258,0.49145591802293,0.5,0.5,0.49998722794002,0.50000726039254,1727074085690
149,1.0,1.0,0.67655728383258,0.49145591802293,0.5,0.5,0.49998722794002,0.50000726039254,1727074085707
149,1.0,1.0,0.67655728383258,0.49145591802293,0.5,0.5,0.49998722794002,0.50000726039254,1727074085724
149,1.0,1.0,0.67655728383258,0.49145591802293,0.5,0.5,0.49998722794002,0.50000726039254,1727074085740
149,1.0,1.0,0.67655728383258,0.49145591802293,0.5,0.5,0.49998722794002,0.50000726039254,1727074085757
149,1.0,1.0,0.67655728383258,0.49145591802293,0.5,0.5,0.49998722794002,0.50000726039254,1727074085870
149,1.0,1.0,0.67655728383258,0.49145591802293,0.5,0.5,0.49998722794002,0.50000726039254,1727074086671
149,1.0,1.0,0.67655728383258,0.49145591802293,0.5,0.5,0.49998722794002,0.50000726039254,1727074087567
149,1.0,0.99334116739114,0.67655728383258,0.49145591802293,0.5,0.49999880015695,0.49998722794002,0.50000726039254,1727074087614
149,1.0,0.97617323056841,0.67655728383258,0.49145591802293,0.5,0.49999820155621,0.49998722794002,0.50000726039254,1727074087624
149,1.0,0.95136919124371,0.67655728383258,0.49145591802293,0.5,0.50000001813891,0.49998722794002,0.50000726039254,1727074087640
149,1.0,0.8839229575588,0.67655728383258,0.49145591802293,0.5,0.50000005803651,0.49998722794002,0.50000726039254,1727074087657
149,1.0,0.78482635490667,0.67655728383258,0.49145591802293,0.5,0.50000235184014,0.49998722794002,0.50000726039254,1727074087674
149,1.0,0.66859731584958,0.67655728383258,0.49145591802293,0.5,0.50000161098923,0.49998722794002,0.50000726039254,1727074087690
149,1.0,0.56951851432107,0.67655728383258,0.49145591802293,0.5,0.50000306948117,0.49998722794002,0.50000726039254,1727074087707
149,1.0,0.49422367145608,0.67655728383258,0.49145591802293,0.5,0.50000525811612,0.49998722794002,0.50000726039254,1727074087724
149,1.0,0.44272454197856,0.67655728383258,0.49145591802293,0.5,0.49999883398512,0.49998722794002,0.50000726039254,1727074087740
149,1.0,0.40175043586039,0.67655728383258,0.49145591802293,0.5,0.50000288483882,0.49998722794002,0.50000726039254,1727074087757
149,1.0,0.37793979433466,0.67655728383258,0.49145591802293,0.5,0.49999882981011,0.49998722794002,0.50000726039254,1727074087774
149,1.0,0.34359835429951,0.67655728383258,0.49145591802293,0.5,0.50000152851277,0.49998722794002,0.50000726039254,1727074087790
149,1.0,0.32643287751226,0.67655728383258,0.49145591802293,0.5,0.49999798353655,0.49998722794002,0.50000726039254,1727074087807
149,1.0,0.30927393771737,0.67655728383258,0.49145591802293,0.5,0.50000294295218,0.49998722794002,0.50000726039254,1727074087823
149,1.0,0.29876346933525,0.67655728383258,0.49145591802293,0.5,0.50000578837837,0.49998722794002,0.50000726039254,1727074087840
149,1.0,0.28550281616747,0.67655728383258,0.49145591802293,0.5,0.50000502025573,0.49998722794002,0.50000726039254,1727074087857
149,1.0,0.26833119582193,0.67655728383258,0.49145591802293,0.5,0.5000077282804,0.49998722794002,0.50000726039254,1727074087874
149,1.0,0.26452669305337,0.67655728383258,0.49145591802293,0.5,0.49999612522567,0.49998722794002,0.50000726039254,1727074087890
149,1.0,0.27120282515787,0.67655728383258,0.49145591802293,0.5,0.49999701154773,0.49998722794002,0.50000726039254,1727074088902
149,1.0,0.27787758867361,0.67655728383258,0.49145591802293,0.5,0.49999930483392,0.49998722794002,0.50000726039254,1727074088950
149,1.0,0.28455312644832,0.67655728383258,0.49145591802293,0.5,0.50000074229206,0.49998722794002,0.50000726039254,1727074089110
149,1.0,0.29122974510265,0.67655728383258,0.49145591802293,0.5,0.50000104323828,0.49998722794002,0.50000726039254,1727074089157
149,1.0,0.29511540817894,0.67655728383258,0.49145591802293,0.5,0.50000775617441,0.49998722794002,0.50000726039254,1727074089174
149,1.0,0.30178948629018,0.67655728383258,0.49145591802293,0.5,0.50001050496711,0.49998722794002,0.50000726039254,1727074089327
149,1.0,0.30845894280621,0.67655728383258,0.49145591802293,0.5,0.50000256251767,0.49998722794002,0.50000726039254,1727074089638
149,1.0,0.31513752309047,0.67655728383258,0.49145591802293,0.5,0.50000091551809,0.49998722794002,0.50000726039254,1727074089694
149,1.0,0.31902087840911,0.67655728383258,0.49145591802293,0.5,0.50000958332427,0.49998722794002,0.50000726039254,1727074089710
149,1.0,0.31902087840911,0.67655728383258,0.49145591802293,0.5,0.50000958332427,0.49998722794002,0.50000726039254,1727074090198
149,1.0,0.31902087840911,0.67655728383258,0.49145591802293,0.5,0.50000958332427,0.49998722794002,0.50000726039254,1727074093479
149,1.0,0.32570456181823,0.67655728383258,0.49145591802293,0.5,0.50000299794549,0.49998722794002,0.50000726039254,1727074093638
149,1.0,0.33237652178093,0.67655728383258,0.49145591802293,0.5,0.50000766213565,0.49998722794002,0.50000726039254,1727074093673
149,1.0,0.33905189895986,0.67655728383258,0.49145591802293,0.5,0.49999462281325,0.49998722794002,0.50000726039254,1727074093690
149,1.0,0.33905189895986,0.67655728383258,0.49145591802293,0.5,0.49999462281325,0.49998722794002,0.50000726039254,1727074094830
150,0.16666666666667,0.0,0.66666666666667,0.16666666666667,0.5,0.5,0.5,0.5,1727074103480
150,0.1733426496336,0.0,0.66666666666667,0.16666666666667,0.50000545424393,0.5,0.5,0.5,1727074103590
150,0.18673333739959,0.0,0.66666666666667,0.16666666666667,0.49999353131282,0.5,0.5,0.5,1727074103606
150,0.22405523375959,0.0,0.66666666666667,0.16666666666667,0.4999926675801,0.5,0.5,0.5,1727074103623
150,0.26136087547474,0.0,0.66666666666667,0.16666666666667,0.49999099163028,0.5,0.5,0.5,1727074103639
150,0.30911188237518,0.0,0.66666666666667,0.16666666666667,0.49998896124639,0.5,0.5,0.5,1727074103656
150,0.36317597792348,0.0,0.66666666666667,0.16666666666667,0.49999223372532,0.5,0.5,0.5,1727074103673
150,0.42439108588087,0.0,0.66666666666667,0.16666666666667,0.49999271250413,0.5,0.5,0.5,1727074103689
150,0.47212007598263,0.0,0.66666666666667,0.16666666666667,0.49999770882108,0.5,0.5,0.5,1727074103706
150,0.51922197038115,0.0,0.66666666666667,0.16666666666667,0.49999369353783,0.5,0.5,0.5,1727074103723
150,0.54976336845796,0.0,0.66666666666667,0.16666666666667,0.49999595872265,0.5,0.5,0.5,1727074103739
150,0.58030428948189,0.0,0.66666666666667,0.16666666666667,0.49999774049409,0.5,0.5,0.5,1727074103756
150,0.60036168122957,0.0,0.66666666666667,0.16666666666667,0.49999510527621,0.5,0.5,0.5,1727074103773
150,0.63090160676352,0.0,0.66666666666667,0.16666666666667,0.49999619124296,0.5,0.5,0.5,1727074103789
150,0.68159960890063,0.0,0.66666666666667,0.16666666666667,0.49999976854391,0.5,0.5,0.5,1727074103806
150,0.71883759222548,0.0,0.66666666666667,0.16666666666667,0.49999512789772,0.5,0.5,0.5,1727074103823
150,0.78301962986537,0.0,0.66666666666667,0.16666666666667,0.50000226571436,0.5,0.5,0.5,1727074103839
150,0.86436260384279,0.0,0.66666666666667,0.16666666666667,0.49999672133681,0.5,0.5,0.5,1727074103856
150,0.97278937915952,0.0,0.66666666666667,0.16666666666667,0.50000214788018,0.5,0.5,0.5,1727074103873
150,1.0,0.0,0.66666666666667,0.16666666666667,0.5,0.5,0.5,0.5,1727074103889
150,1.0,0.0,0.66666666666667,0.16666666666667,0.5,0.5,0.5,0.5,1727074103906
150,1.0,0.0,0.66666666666667,0.16666666666667,0.5,0.5,0.5,0.5,1727074103923
150,1.0,0.0,0.66666666666667,0.16666666666667,0.5,0.5,0.5,0.5,1727074103939
150,1.0,0.0,0.66666666666667,0.16666666666667,0.5,0.5,0.5,0.5,1727074103956
150,1.0,0.0,0.66666666666667,0.16666666666667,0.5,0.5,0.5,0.5,1727074103973
150,1.0,0.0,0.66666666666667,0.16666666666667,0.5,0.5,0.5,0.5,1727074103989
150,1.0,0.0,0.66666666666667,0.16666666666667,0.5,0.5,0.5,0.5,1727074104006
150,1.0,0.0,0.66666666666667,0.16666666666667,0.5,0.5,0.5,0.5,1727074104023
150,1.0,0.0,0.66666666666667,0.16666666666667,0.5,0.5,0.5,0.5,1727074104039
150,1.0,0.0,0.66666666666667,0.16666666666667,0.5,0.5,0.5,0.5,1727074104056
150,1.0,0.0,0.66666666666667,0.16666666666667,0.5,0.5,0.5,0.5,1727074104073
150,1.0,0.0,0.66666666666667,0.16666666666667,0.5,0.5,0.5,0.5,1727074104089
150,1.0,0.0,0.66666666666667,0.16666666666667,0.5,0.5,0.5,0.5,1727074104262
150,1.0,0.0,0.66666666666667,0.16666666666667,0.5,0.5,0.5,0.5,1727074105831
150,1.0,0.00668533274752,0.66666666666667,0.16666666666667,0.5,0.50001498140147,0.5,0.5,1727074105975
150,1.0,0.01337436187939,0.66666666666667,0.16666666666667,0.5,0.50002146408764,0.5,0.5,1727074105998
150,1.0,0.01731015562984,0.66666666666667,0.16666666666667,0.5,0.49999491939018,0.5,0.5,1727074106006
150,1.0,0.0239969824928,0.66666666666667,0.16666666666667,0.5,0.50000607175299,0.5,0.5,1727074106022
150,1.0,0.03068501901514,0.66666666666667,0.16666666666667,0.5,0.50001431667327,0.5,0.5,1727074106046
150,1.0,0.03461219985924,0.66666666666667,0.16666666666667,0.5,0.50000616927637,0.5,0.5,1727074106056
150,1.0,0.03853196395073,0.66666666666667,0.16666666666667,0.5,0.50001241568267,0.5,0.5,1727074106073
150,1.0,0.04521703160888,0.66666666666667,0.16666666666667,0.5,0.49999692418063,0.5,0.5,1727074106089
150,1.0,0.05190269899244,0.66666666666667,0.16666666666667,0.5,0.50000911872118,0.5,0.5,1727074106106
150,1.0,0.06242354307564,0.66666666666667,0.16666666666667,0.5,0.50001275193099,0.5,0.5,1727074106156
150,1.0,0.0691061539614,0.66666666666667,0.16666666666667,0.5,0.50000265784727,0.5,0.5,1727074106174
150,1.0,0.07579219973825,0.66666666666667,0.16666666666667,0.5,0.50001320021434,0.5,0.5,1727074106198
150,1.0,0.07970400043518,0.66666666666667,0.16666666666667,0.5,0.50000617353672,0.5,0.5,1727074106254
150,1.0,0.0863899319685,0.66666666666667,0.16666666666667,0.5,0.50001650116087,0.5,0.5,1727074106294
150,1.0,0.09030067001431,0.66666666666667,0.16666666666667,0.5,0.50001137701724,0.5,0.5,1727074106342
150,1.0,0.09698155983887,0.66666666666667,0.16666666666667,0.5,0.50000485505092,0.5,0.5,1727074106389
150,1.0,0.10088837835187,0.66666666666667,0.16666666666667,0.5,0.50000617393767,0.5,0.5,1727074106406
150,1.0,0.10757765797117,0.66666666666667,0.16666666666667,0.5,0.50001072727967,0.5,0.5,1727074106423
150,1.0,0.1180931879391,0.66666666666667,0.16666666666667,0.5,0.49999868156936,0.5,0.5,1727074106439
150,1.0,0.12477896582076,0.66666666666667,0.16666666666667,0.5,0.50000831096696,0.5,0.5,1727074106494
150,1.0,0.1286877981654,0.66666666666667,0.16666666666667,0.5,0.50000656540144,0.5,0.5,1727074106506
150,1.0,0.13536387849824,0.66666666666667,0.16666666666667,0.5,0.5000076573561,0.5,0.5,1727074106614
150,1.0,0.1420432559061,0.66666666666667,0.16666666666667,0.5,0.50000407536668,0.5,0.5,1727074106871
150,1.0,0.1420432559061,0.66666666666667,0.16666666666667,0.5,0.50000407536668,0.5,0.5,1727074107094
151,0.83333333333333,0.66666666666667,0.5,0.0,0.5,0.5,0.5,0.5,1727074111487
151,0.83333333333333,0.66666666666667,0.5072383734621,0.0,0.5,0.5,0.49998465475838,0.5,1727074111494
151,0.83333333333333,0.66666666666667,0.51446603378375,0.0,0.5,0.5,0.49998866109688,0.5,1727074111506
151,0.83333333333333,0.66666666666667,0.53619034134162,0.0,0.5,0.5,0.49999759067064,0.5,1727074111523
151,0.83333333333333,0.66666666666667,0.57971472544098,0.0,0.5,0.5,0.50000079564925,0.5,1727074111539
151,0.83333333333333,0.66666666666667,0.65990022680902,0.0,0.5,0.5,0.49997881626319,0.5,1727074111556
151,0.83333333333333,0.66666666666667,0.77165156756902,0.0,0.5,0.5,0.50000012286656,0.5,1727074111572
151,0.83333333333333,0.66666666666667,0.95438052735902,0.0,0.5,0.5,0.49999378564304,0.5,1727074111589
151,0.83333333333333,0.66666666666667,1.0,0.0,0.5,0.5,0.5,0.5,1727074111606
151,0.83333333333333,0.66666666666667,1.0,0.0,0.5,0.5,0.5,0.5,1727074111822
151,0.83333333333333,0.66666666666667,1.0,0.0,0.5,0.5,0.5,0.5,1727074113344
151,0.83333333333333,0.66666666666667,1.0,0.00669659482005,0.5,0.5,0.5,0.50000920779976,1727074113383
151,0.83333333333333,0.66666666666667,1.0,0.01338616001657,0.5,0.5,0.5,0.50000323327329,1727074113398
151,0.83333333333333,0.66666666666667,1.0,0.02391062583198,0.5,0.5,0.5,0.5000059046042,1727074113406
151,0.83333333333333,0.66666666666667,1.0,0.04777116980286,0.5,0.5,0.5,0.50000359015304,1727074113422
151,0.83333333333333,0.66666666666667,1.0,0.14013152599529,0.5,0.5,0.5,0.49999019874986,1727074113439
151,0.83333333333333,0.66666666666667,1.0,0.22200057136872,0.5,0.5,0.5,0.50000066739762,1727074113455
151,0.83333333333333,0.66666666666667,1.0,0.31747759077363,0.5,0.5,0.5,0.50000064869597,1727074113472
151,0.83333333333333,0.66666666666667,1.0,0.39228107897215,0.5,0.5,0.5,0.50000356738312,1727074113489
151,0.83333333333333,0.66666666666667,1.0,0.46345746329823,0.5,0.5,0.5,0.50000873942962,1727074113506
151,0.83333333333333,0.66666666666667,1.0,0.50744963680456,0.5,0.5,0.5,0.50000253515751,1727074113522
151,0.83333333333333,0.66666666666667,1.0,0.53798974220929,0.5,0.5,0.5,0.50000358705627,1727074113539
151,0.83333333333333,0.66666666666667,1.0,0.54466344027966,0.5,0.5,0.5,0.50000131946026,1727074113555
151,0.83333333333333,0.66666666666667,1.0,0.55133036855609,0.5,0.5,0.5,0.50000501675971,1727074113572
151,0.83333333333333,0.66666666666667,1.0,0.55799934221367,0.5,0.5,0.5,0.4999995511671,1727074113662
151,0.83333333333333,0.66666666666667,1.0,0.56466674627808,0.5,0.5,0.5,0.50000352440643,1727074113672
151,0.83333333333333,0.66666666666667,1.0,0.5751856446586,0.5,0.5,0.5,0.50000068768568,1727074113689
151,0.83333333333333,0.66666666666667,1.0,0.59525001172223,0.5,0.5,0.5,0.50000251636431,1727074113705
151,0.83333333333333,0.66666666666667,1.0,0.61241963976452,0.5,0.5,0.5,0.50000272023577,1727074113722
151,0.83333333333333,0.66666666666667,1.0,0.62577593485078,0.5,0.5,0.5,0.50000422042787,1727074113739
151,0.83333333333333,0.66666666666667,1.0,0.6324416304925,0.5,0.5,0.5,0.49999717391202,1727074113755
151,0.83333333333333,0.66666666666667,1.0,0.63911597940806,0.5,0.5,0.5,0.50000513871181,1727074113871
151,0.83333333333333,0.66666666666667,1.0,0.64578450413444,0.5,0.5,0.5,0.49999993152882,1727074113886
151,0.83333333333333,0.66666666666667,1.0,0.65630067464942,0.5,0.5,0.5,0.50000508985399,1727074113894
151,0.83333333333333,0.66666666666667,1.0,0.66297324587765,0.5,0.5,0.5,0.50000242465339,1727074113905
151,0.83333333333333,0.66666666666667,1.0,0.66964336027076,0.5,0.5,0.5,0.50000754834826,1727074113922
151,0.83333333333333,0.66666666666667,1.0,0.66298974675095,0.5,0.5,0.5,0.50000309868529,1727074115799
151,0.83333333333333,0.66666666666667,1.0,0.65632421284746,0.5,0.5,0.5,0.50000069099755,1727074115975
151,0.83333333333333,0.66666666666667,1.0,0.65632421284746,0.5,0.5,0.5,0.50000069099755,1727074116286
151,0.83333333333333,0.66666666666667,1.0,0.65632421284746,0.5,0.5,0.5,0.50000069099755,1727074119160
151,0.83333333333333,0.66283816641567,1.0,0.65632421284746,0.5,0.50000172689357,0.5,0.50000069099755,1727074119471
151,0.83333333333333,0.64954632195575,1.0,0.65632421284746,0.5,0.50000146849659,0.5,0.50000069099755,1727074119489
151,0.83333333333333,0.63238148277134,1.0,0.65632421284746,0.5,0.49999875311638,0.5,0.50000069099755,1727074119505
151,0.83333333333333,0.61247596938826,1.0,0.65632421284746,0.5,0.49999733148539,0.5,0.50000069099755,1727074119522
151,0.83333333333333,0.57541857164363,1.0,0.65632421284746,0.5,0.50000472191964,0.5,0.50000069099755,1727074119538
151,0.83333333333333,0.53836329314743,1.0,0.65632421284746,0.5,0.5000005660523,0.5,0.50000069099755,1727074119555
151,0.83333333333333,0.51186352162997,1.0,0.65632421284746,0.5,0.50000598701134,0.5,0.50000069099755,1727074119572
151,0.83333333333333,0.49469828022575,1.0,0.65632421284746,0.5,0.50000317152245,0.5,0.50000069099755,1727074119588
151,0.83333333333333,0.48804776165317,1.0,0.65632421284746,0.5,0.50000646060382,0.5,0.50000069099755,1727074119605
151,0.83333333333333,0.48139968325132,1.0,0.65632421284746,0.5,0.49999637312928,0.5,0.50000069099755,1727074119622
151,0.83333333333333,0.47089294842261,1.0,0.65632421284746,0.5,0.50000735395455,0.5,0.50000069099755,1727074119672
151,0.83333333333333,0.46423721951784,1.0,0.65632421284746,0.5,0.50000293799801,0.5,0.50000069099755,1727074119688
151,0.83333333333333,0.44707044511425,1.0,0.65632421284746,0.5,0.50000106755433,0.5,0.50000069099755,1727074119705
151,0.83333333333333,0.44042221168141,1.0,0.65632421284746,0.5,0.5000027384666,0.5,0.50000069099755,1727074119722
151,0.83333333333333,0.42714472178335,1.0,0.65632421284746,0.5,0.50000325366731,0.5,0.50000069099755,1727074119738
151,0.83333333333333,0.41664063720549,1.0,0.65632421284746,0.5,0.50000032124616,0.5,0.50000069099755,1727074119755
151,0.83333333333333,0.42330819390717,1.0,0.65632421284746,0.5,0.50000798760819,0.5,0.50000069099755,1727074120463
151,0.83333333333333,0.42998667500368,1.0,0.65632421284746,0.5,0.5000066459198,0.5,0.50000069099755,1727074120519
151,0.83333333333333,0.43665963270571,1.0,0.65632421284746,0.5,0.49999741265115,0.5,0.50000069099755,1727074120559
151,0.83333333333333,0.44333144112918,1.0,0.65632421284746,0.5,0.50000150465881,0.5,0.50000069099755,1727074120574
151,0.83333333333333,0.44721185136027,1.0,0.65632421284746,0.5,0.49999873877408,0.5,0.50000069099755,1727074120588
151,0.83333333333333,0.45388169626515,1.0,0.65632421284746,0.5,0.50000429484486,0.5,0.50000069099755,1727074120606
151,0.83333333333333,0.45775602682952,1.0,0.65632421284746,0.5,0.50000629086025,0.5,0.50000069099755,1727074120622
151,0.83333333333333,0.47112360786218,1.0,0.65632421284746,0.5,0.50000743554263,0.5,0.50000069099755,1727074120638
151,0.83333333333333,0.47779335332889,1.0,0.65632421284746,0.5,0.5000011502914,0.5,0.50000069099755,1727074120719
151,0.83333333333333,0.48167549928888,1.0,0.65632421284746,0.5,0.4999972086663,0.5,0.50000069099755,1727074120726
151,0.83333333333333,0.48834280199007,1.0,0.65632421284746,0.5,0.50000441751891,0.5,0.50000069099755,1727074120742
151,0.83333333333333,0.49221608628719,1.0,0.65632421284746,0.5,0.50000709741385,0.5,0.50000069099755,1727074120758
151,0.83333333333333,0.49888973402328,1.0,0.65632421284746,0.5,0.4999981193643,0.5,0.50000069099755,1727074120772
151,0.83333333333333,0.50555865078757,1.0,0.65632421284746,0.5,0.50000397814982,0.5,0.50000069099755,1727074120798
151,0.83333333333333,0.51607645149011,1.0,0.65632421284746,0.5,0.49999664873443,0.5,0.50000069099755,1727074120838
151,0.83333333333333,0.52659021450872,1.0,0.65632421284746,0.5,0.50000330637567,0.5,0.50000069099755,1727074120855
151,0.83333333333333,0.52659021450872,1.0,0.65632421284746,0.5,0.50000330637567,0.5,0.50000069099755,1727074122687
152,1.0,1.0,0.66666666666667,0.66666666666667,0.5,0.5,0.5,0.5,1727074125568
152,1.0,1.0,0.66406525726851,0.66666666666667,0.5,0.5,0.49998829742965,0.5,1727074125631
152,1.0,1.0,0.6568431358179,0.66666666666667,0.5,0.5,0.50000026610681,0.5,1727074125646
152,1.0,1.0,0.6496148115817,0.66666666666667,0.5,0.5,0.50000085949706,0.5,1727074125655
152,1.0,1.0,0.64238722996394,0.66666666666667,0.5,0.5,0.49999709585903,0.5,1727074125671
152,1.0,1.0,0.6325474290686,0.66666666666667,0.5,0.5,0.49999854685696,0.5,1727074125688
152,1.0,1.0,0.61810106984839,0.66666666666667,0.5,0.5,0.49998703487093,0.5,1727074125705
152,1.0,1.0,0.59645847539252,0.66666666666667,0.5,0.5,0.49997961027205,0.5,1727074125722
152,1.0,1.0,0.57213591552983,0.66666666666667,0.5,0.5,0.49999180226766,0.5,1727074125738
152,1.0,1.0,0.54782259010823,0.66666666666667,0.5,0.5,0.49999784208181,0.5,1727074125755
152,1.0,1.0,0.52617928922324,0.66666666666667,0.5,0.5,0.49999482214315,0.5,1727074125772
152,1.0,1.0,0.50453697461005,0.66666666666667,0.5,0.5,0.49998477024229,0.5,1727074125788
152,1.0,1.0,0.48021546339371,0.66666666666667,0.5,0.5,0.49999113352732,0.5,1727074125805
152,1.0,1.0,0.45858060300393,0.66666666666667,0.5,0.5,0.49998573599661,0.5,1727074125822
152,1.0,1.0,0.42704097403809,0.66666666666667,0.5,0.5,0.49997760804133,0.5,1727074125838
152,1.0,1.0,0.3882936167156,0.66666666666667,0.5,0.5,0.50000173636601,0.5,1727074125855
152,1.0,1.0,0.35229383018028,0.66666666666667,0.5,0.5,0.49998296884157,0.5,1727074125872
152,1.0,1.0,0.3253845754497,0.66666666666667,0.5,0.5,0.49999976436983,0.5,1727074125888
152,1.0,1.0,0.30375822862462,0.66666666666667,0.5,0.5,0.49999009083694,0.5,1727074125905
152,1.0,1.0,0.29391778137075,0.66666666666667,0.5,0.5,0.49999855395419,0.5,1727074125921
152,1.0,1.0,0.28669898278354,0.66666666666667,0.5,0.5,0.49998642780178,0.5,1727074125943
152,1.0,1.0,0.27947821887652,0.66666666666667,0.5,0.5,0.4999934476033,0.5,1727074125966
152,1.0,1.0,0.27225240901781,0.66666666666667,0.5,0.5,0.49996911303443,0.5,1727074125982
152,1.0,1.0,0.26967323751723,0.66666666666667,0.5,0.5,0.49997488558919,0.5,1727074125990
152,1.0,1.0,0.26245243602098,0.66666666666667,0.5,0.5,0.49998236074614,0.5,1727074126005
152,1.0,1.0,0.25523219752179,0.66666666666667,0.5,0.5,0.49998420254214,0.5,1727074126126
152,1.0,1.0,0.24800388878115,0.66666666666667,0.5,0.5,0.49998487802154,0.5,1727074126223
152,1.0,1.0,0.24078425903094,0.66666666666667,0.5,0.5,0.49998030271652,0.5,1727074126239
152,1.0,1.0,0.2335638759429,0.66666666666667,0.5,0.5,0.49998376523998,0.5,1727074126535
152,1.0,1.0,0.21913946475517,0.66666666666667,0.5,0.5,0.49999120030015,0.5,1727074126571
152,1.0,1.0,0.2119201302502,0.66666666666667,0.5,0.5,0.49998308403632,0.5,1727074126588
152,1.0,1.0,0.20470052675069,0.66666666666667,0.5,0.5,0.49997781425283,0.5,1727074126735
152,1.0,1.0,0.19747179030546,0.66666666666667,0.5,0.5,0.49998347814706,0.5,1727074126750
152,1.0,1.0,0.19025213320977,0.66666666666667,0.5,0.5,0.49997868066056,0.5,1727074126766
152,1.0,1.0,0.18303325413167,0.66666666666667,0.5,0.5,0.49996429605041,0.5,1727074126782
152,1.0,1.0,0.17581222946717,0.66666666666667,0.5,0.5,0.49997586246857,0.5,1727074126821
152,1.0,1.0,0.1685923567495,0.66666666666667,0.5,0.5,0.4999733882694,0.5,1727074126838
152,1.0,1.0,0.16137358788299,0.66666666666667,0.5,0.5,0.49995674781813,0.5,1727074126919
152,1.0,1.0,0.15689636512086,0.66666666666667,0.5,0.5,0.49994969718848,0.5,1727074126955
152,1.0,1.0,0.14967535328538,0.66666666666667,0.5,0.5,0.49996158756021,0.5,1727074128615
152,1.0,1.0,0.15237352334712,0.66666666666667,0.5,0.5,0.50000363069985,0.5,1727074129639
152,1.0,1.0,0.15961187897842,0.66666666666667,0.5,0.5,0.49997862783281,0.5,1727074129695
152,1.0,1.0,0.16230538784334,0.66666666666667,0.5,0.5,0.49997468864486,0.5,1727074129710
152,1.0,1.0,0.16954223925994,0.66666666666667,0.5,0.5,0.49996959023308,0.5,1727074129726
152,1.0,1.0,0.17677903928732,0.66666666666667,0.5,0.5,0.49996529656274,0.5,1727074129750
152,1.0,1.0,0.18401206017603,0.66666666666667,0.5,0.5,0.50000683527963,0.5,1727074129799
152,1.0,1.0,0.18670636007766,0.66666666666667,0.5,0.5,0.49999343728198,0.5,1727074129903
152,1.0,1.0,0.1794862420435,0.66666666666667,0.5,0.5,0.49999431837096,0.5,1727074131135
152,1.0,1.0,0.17226629341718,0.66666666666667,0.5,0.5,0.4999931244635,0.5,1727074131183
152,1.0,1.0,0.17226629341718,0.66666666666667,0.5,0.5,0.4999931244635,0.5,1727074131671
152,1.0,1.0,0.17226629341718,0.66666666666667,0.5,0.5,0.4999931244635,0.5,1727074133096
152,1.0,1.0,0.17226629341718,0.66284764918045,0.5,0.5,0.4999931244635,0.50000090313073,1727074133191
152,1.0,1.0,0.17226629341718,0.65525051853571,0.5,0.5,0.4999931244635,0.50000265824484,1727074133207
152,1.0,1.0,0.17226629341718,0.64196031716165,0.5,0.5,0.4999931244635,0.50000399978475,1727074133221
152,1.0,1.0,0.17226629341718,0.62766617929414,0.5,0.5,0.4999931244635,0.50000291525739,1727074133238
152,1.0,1.0,0.17226629341718,0.6028907317834,0.5,0.5,0.4999931244635,0.50000892625285,1727074133255
152,1.0,1.0,0.17226629341718,0.58572214441526,0.5,0.5,0.4999931244635,0.50000953407971,1727074133271
152,1.0,1.0,0.17226629341718,0.57142166205999,0.5,0.5,0.4999931244635,0.50000421334424,1727074133288
152,1.0,1.0,0.17226629341718,0.55042308402341,0.5,0.5,0.4999931244635,0.50000530331947,1727074133304
152,1.0,1.0,0.17226629341718,0.52566396336603,0.5,0.5,0.4999931244635,0.50000172358047,1727074133321
152,1.0,1.0,0.17226629341718,0.49418334613245,0.5,0.5,0.4999931244635,0.49999905967314,1727074133338
152,1.0,1.0,0.17226629341718,0.46271084160542,0.5,0.5,0.4999931244635,0.500002436188,1727074133354
152,1.0,1.0,0.17226629341718,0.43795799388778,0.5,0.5,0.4999931244635,0.50000332398675,1727074133371
152,1.0,1.0,0.17226629341718,0.4274577899518,0.5,0.5,0.4999931244635,0.50000946967177,1727074133388
152,1.0,1.0,0.17226629341718,0.41316502412538,0.5,0.5,0.4999931244635,0.49999650276078,1727074133404
152,1.0,1.0,0.17226629341718,0.40266817036699,0.5,0.5,0.4999931244635,0.5000056021652,1727074133421
152,1.0,1.0,0.17226629341718,0.39601389058526,0.5,0.5,0.4999931244635,0.49999872494643,1727074133438
152,1.0,1.0,0.17226629341718,0.38846690705077,0.5,0.5,0.4999931244635,0.50000463587733,1727074133454
152,1.0,1.0,0.17226629341718,0.37796401031702,0.5,0.5,0.4999931244635,0.50000892373077,1727074133471
152,1.0,1.0,0.17226629341718,0.3674607958381,0.5,0.5,0.4999931244635,0.49999933691364,1727074133488
152,1.0,1.0,0.17226629341718,0.36081063020961,0.5,0.5,0.4999931244635,0.50000959499461,1727074133504
152,1.0,1.0,0.17226629341718,0.35030805604079,0.5,0.5,0.4999931244635,0.50000033405607,1727074133521
152,1.0,1.0,0.17226629341718,0.33603124524807,0.5,0.5,0.4999931244635,0.50000044782941,1727074133538
152,1.0,1.0,0.17226629341718,0.32553263093519,0.5,0.5,0.4999931244635,0.50000915219756,1727074133554
152,1.0,1.0,0.17226629341718,0.31125810987781,0.5,0.5,0.4999931244635,0.50001174447592,1727074133571
152,1.0,1.0,0.17226629341718,0.28358369034622,0.5,0.5,0.4999931244635,0.49999904419761,1727074133588
152,1.0,1.0,0.17226629341718,0.24541472181375,0.5,0.5,0.4999931244635,0.49999926239216,1727074133604
152,1.0,1.0,0.17226629341718,0.19678442045137,0.5,0.5,0.4999931244635,0.49999975945374,1727074133621
152,1.0,1.0,0.17226629341718,0.14815928494976,0.5,0.5,0.4999931244635,0.5000075310526,1727074133638
152,1.0,1.0,0.17226629341718,0.12049654798002,0.5,0.5,0.4999931244635,0.50000630987969,1727074133654
152,1.0,1.0,0.17226629341718,0.11670237267712,0.5,0.5,0.4999931244635,0.49999200203381,1727074133671
152,1.0,1.0,0.17226629341718,0.11006650166485,0.5,0.5,0.4999931244635,0.50000759957153,1727074133688
152,1.0,1.0,0.17226629341718,0.11674754097535,0.5,0.5,0.4999931244635,0.50001364899472,1727074134711
152,1.0,1.0,0.17226629341718,0.12342485082187,0.5,0.5,0.4999931244635,0.50001397596084,1727074134727
152,1.0,1.0,0.17226629341718,0.13010740985207,0.5,0.5,0.4999931244635,0.49999959031064,1727074134743
152,1.0,1.0,0.17226629341718,0.13678423734808,0.5,0.5,0.4999931244635,0.49999946114009,1727074134758
152,1.0,1.0,0.17226629341718,0.14069423729158,0.5,0.5,0.4999931244635,0.50000272295525,1727074134771
152,1.0,1.0,0.17226629341718,0.14737269870235,0.5,0.5,0.4999931244635,0.50000481152569,1727074134788
152,1.0,1.0,0.17226629341718,0.15404820520968,0.5,0.5,0.4999931244635,0.50000279910922,1727074134863
152,1.0,1.0,0.17226629341718,0.16073245099542,0.5,0.5,0.4999931244635,0.50001258283158,1727074134905
152,1.0,1.0,0.17226629341718,0.1712444250152,0.5,0.5,0.4999931244635,0.49999773728738,1727074134955
152,1.0,1.0,0.17226629341718,0.17514199951358,0.5,0.5,0.4999931244635,0.50000458807922,1727074134971
152,1.0,1.0,0.17226629341718,0.1818262020274,0.5,0.5,0.4999931244635,0.50001381094272,1727074135039
152,1.0,1.0,0.17226629341718,0.18850789144727,0.5,0.5,0.4999931244635,0.50000025037487,1727074135055
152,1.0,1.0,0.17226629341718,0.19518306324955,0.5,0.5,0.4999931244635,0.49999807778538,1727074135119
152,1.0,1.0,0.17226629341718,0.20186228814366,0.5,0.5,0.4999931244635,0.50000091470631,1727074135199
152,1.0,1.0,0.17226629341718,0.2057533781166,0.5,0.5,0.4999931244635,0.49999943381103,1727074135215
152,1.0,1.0,0.17226629341718,0.2057533781166,0.5,0.5,0.4999931244635,0.49999943381103,1727074138040
152,1.0,1.0,0.17226629341718,0.2057533781166,0.5,0.5,0.4999931244635,0.49999943381103,1727074139528
152,0.98948941754209,1.0,0.17226629341718,0.2057533781166,0.49999871445136,0.5,0.4999931244635,0.49999943381103,1727074139655
152,0.96181588614911,1.0,0.17226629341718,0.2057533781166,0.50000022817822,0.5,0.4999931244635,0.49999943381103,1727074139671
152,0.93032271293546,1.0,0.17226629341718,0.2057533781166,0.49999982998133,0.5,0.4999931244635,0.49999943381103,1727074139688
152,0.88834425846127,1.0,0.17226629341718,0.2057533781166,0.49999535643162,0.5,0.4999931244635,0.49999943381103,1727074139704
152,0.85685806526524,1.0,0.17226629341718,0.2057533781166,0.49999826999095,0.5,0.4999931244635,0.49999943381103,1727074139721
152,0.82251748343261,1.0,0.17226629341718,0.2057533781166,0.49999712465703,0.5,0.4999931244635,0.49999943381103,1727074139738
152,0.79484455613136,1.0,0.17226629341718,0.2057533781166,0.49999915694005,0.5,0.4999931244635,0.49999943381103,1727074139754
152,0.77384059040785,1.0,0.17226629341718,0.2057533781166,0.49999700413612,0.5,0.4999931244635,0.49999943381103,1727074139771
152,0.76333233956503,1.0,0.17226629341718,0.2057533781166,0.49999666918333,0.5,0.4999931244635,0.49999943381103,1727074139788
152,0.74233596727319,1.0,0.17226629341718,0.2057533781166,0.49999861421826,0.5,0.4999931244635,0.49999943381103,1727074139804
152,0.72133811231973,1.0,0.17226629341718,0.2057533781166,0.49999980178434,0.5,0.4999931244635,0.49999943381103,1727074139821
152,0.69655480266243,1.0,0.17226629341718,0.2057533781166,0.50000055712646,0.5,0.4999931244635,0.49999943381103,1727074139838
152,0.67555801321356,1.0,0.17226629341718,0.2057533781166,0.50000248219848,0.5,0.4999931244635,0.49999943381103,1727074139855
152,0.640315385859,1.0,0.17226629341718,0.2057533781166,0.49999523729225,0.5,0.4999931244635,0.49999943381103,1727074139871
152,0.61931518292883,1.0,0.17226629341718,0.2057533781166,0.49999499353763,0.5,0.4999931244635,0.49999943381103,1727074139888
152,0.6050148019823,1.0,0.17226629341718,0.2057533781166,0.49999962430769,0.5,0.4999931244635,0.49999943381103,1727074139904
152,0.59451748671878,1.0,0.17226629341718,0.2057533781166,0.49999635052603,0.5,0.4999931244635,0.49999943381103,1727074139921
152,0.58021283466221,1.0,0.17226629341718,0.2057533781166,0.4999983066227,0.5,0.4999931244635,0.49999943381103,1727074139938
152,0.57356396487078,1.0,0.17226629341718,0.2057533781166,0.49999647477891,0.5,0.4999931244635,0.49999943381103,1727074141176
152,0.56305713741334,1.0,0.17226629341718,0.2057533781166,0.49999701567438,0.5,0.4999931244635,0.49999943381103,1727074141221
152,0.55640923628482,1.0,0.17226629341718,0.2057533781166,0.49999579648093,0.5,0.4999931244635,0.49999943381103,1727074141238
152,0.54590811691805,1.0,0.17226629341718,0.2057533781166,0.50000029412935,0.5,0.4999931244635,0.49999943381103,1727074141311
152,0.53925229665324,1.0,0.17226629341718,0.2057533781166,0.50000429102664,0.5,0.4999931244635,0.49999943381103,1727074141399
152,0.5354313157762,1.0,0.17226629341718,0.2057533781166,0.50000038364428,0.5,0.4999931244635,0.49999943381103,1727074141407
152,0.53161091949318,1.0,0.17226629341718,0.2057533781166,0.49999685041087,0.5,0.4999931244635,0.49999943381103,1727074141423
152,0.52496173699627,1.0,0.17226629341718,0.2057533781166,0.49999466871719,0.5,0.4999931244635,0.49999943381103,1727074141438
152,0.51830429372539,1.0,0.17226629341718,0.2057533781166,0.49999756120331,0.5,0.4999931244635,0.49999943381103,1727074141455
152,0.51449742434613,1.0,0.17226629341718,0.2057533781166,0.50000368994824,0.5,0.4999931244635,0.49999943381103,1727074141504
152,0.50784396667234,1.0,0.17226629341718,0.2057533781166,0.4999984088378,0.5,0.4999931244635,0.49999943381103,1727074141521
152,0.50402346617146,1.0,0.17226629341718,0.2057533781166,0.49999466012091,0.5,0.4999931244635,0.49999943381103,1727074141538
152,0.50402346617146,1.0,0.17226629341718,0.2057533781166,0.49999466012091,0.5,0.4999931244635,0.49999943381103,1727074142015
152,0.50402346617146,1.0,0.17226629341718,0.2057533781166,0.49999466012091,0.5,0.4999931244635,0.49999943381103,1727074143313
152,0.50402346617146,0.99335225043124,0.17226629341718,0.2057533781166,0.49999466012091,0.5000007075776,0.4999931244635,0.49999943381103,1727074143399
152,0.50402346617146,0.98669153804985,0.17226629341718,0.2057533781166,0.49999466012091,0.50000034311403,0.4999931244635,0.49999943381103,1727074143438
152,0.50402346617146,0.97618727646543,0.17226629341718,0.2057533781166,0.49999466012091,0.49999880350237,0.4999931244635,0.49999943381103,1727074143454
152,0.50402346617146,0.96567730196044,0.17226629341718,0.2057533781166,0.49999466012091,0.49999982817038,0.4999931244635,0.49999943381103,1727074143471
152,0.50402346617146,0.96185747365457,0.17226629341718,0.2057533781166,0.49999466012091,0.50000184926599,0.4999931244635,0.49999943381103,1727074143488
152,0.50402346617146,0.95519855744329,0.17226629341718,0.2057533781166,0.49999466012091,0.50000065991069,0.4999931244635,0.49999943381103,1727074143575
152,0.50402346617146,0.94854162206684,0.17226629341718,0.2057533781166,0.49999466012091,0.49999854615828,0.4999931244635,0.49999943381103,1727074143599
152,0.50402346617146,0.94472266060733,0.17226629341718,0.2057533781166,0.49999466012091,0.5000001921173,0.4999931244635,0.49999943381103,1727074143607
152,0.50402346617146,0.93141427576586,0.17226629341718,0.2057533781166,0.49999466012091,0.50000051746532,0.4999931244635,0.49999943381103,1727074143631
152,0.50402346617146,0.9275936021399,0.17226629341718,0.2057533781166,0.49999466012091,0.49999579256243,0.4999931244635,0.49999943381103,1727074143639
152,0.50402346617146,0.92093452062955,0.17226629341718,0.2057533781166,0.49999466012091,0.50000185555907,0.4999931244635,0.49999943381103,1727074143654
152,0.50402346617146,0.91043195497895,0.17226629341718,0.2057533781166,0.49999466012091,0.49999943664328,0.4999931244635,0.49999943381103,1727074143671
152,0.50402346617146,0.89325991413104,0.17226629341718,0.2057533781166,0.49999466012091,0.50000078332192,0.4999931244635,0.49999943381103,1727074143688
152,0.50402346617146,0.86944503794324,0.17226629341718,0.2057533781166,0.49999466012091,0.50000054958454,0.4999931244635,0.49999943381103,1727074143704
152,0.50402346617146,0.86278593543281,0.17226629341718,0.2057533781166,0.49999466012091,0.49999934598334,0.4999931244635,0.49999943381103,1727074143721
152,0.50402346617146,0.85612481672841,0.17226629341718,0.2057533781166,0.49999466012091,0.49999913282417,0.4999931244635,0.49999943381103,1727074143738
152,0.50402346617146,0.84563031568471,0.17226629341718,0.2057533781166,0.49999466012091,0.50000022822762,0.4999931244635,0.49999943381103,1727074143754
152,0.50402346617146,0.83897113832523,0.17226629341718,0.2057533781166,0.49999466012091,0.49999903423484,0.4999931244635,0.49999943381103,1727074143920
152,0.50402346617146,0.82846780502115,0.17226629341718,0.2057533781166,0.49999466012091,0.499996796444,0.4999931244635,0.49999943381103,1727074143927
152,0.50402346617146,0.82181513497528,0.17226629341718,0.2057533781166,0.49999466012091,0.5000001284119,0.4999931244635,0.49999943381103,1727074143938
152,0.50402346617146,0.80464214207649,0.17226629341718,0.2057533781166,0.49999466012091,0.50000209720994,0.4999931244635,0.49999943381103,1727074143954
152,0.50402346617146,0.79798752464906,0.17226629341718,0.2057533781166,0.49999466012091,0.49999846948483,0.4999931244635,0.49999943381103,1727074143971
152,0.50402346617146,0.80465568290787,0.17226629341718,0.2057533781166,0.49999466012091,0.50000306103591,0.4999931244635,0.49999943381103,1727074145176
152,0.50402346617146,0.81132674681901,0.17226629341718,0.2057533781166,0.49999466012091,0.49999809359509,0.4999931244635,0.49999943381103,1727074145279
152,0.50402346617146,0.81799711176627,0.17226629341718,0.2057533781166,0.49999466012091,0.50000149098483,0.4999931244635,0.49999943381103,1727074145496
152,0.50402346617146,0.81133880241037,0.17226629341718,0.2057533781166,0.49999466012091,0.4999998229288,0.4999931244635,0.49999943381103,1727074147736
152,0.50402346617146,0.80467944556823,0.17226629341718,0.2057533781166,0.49999466012091,0.4999986813797,0.4999931244635,0.49999943381103,1727074147751
152,0.50402346617146,0.79802958281739,0.17226629341718,0.2057533781166,0.49999466012091,0.50000062412752,0.4999931244635,0.49999943381103,1727074147759
152,0.50402346617146,0.79137345250449,0.17226629341718,0.2057533781166,0.49999466012091,0.49999776491033,0.4999931244635,0.49999943381103,1727074147804
152,0.50402346617146,0.78471934266609,0.17226629341718,0.2057533781166,0.49999466012091,0.50000198972316,0.4999931244635,0.49999943381103,1727074147854
152,0.50402346617146,0.77806524606321,0.17226629341718,0.2057533781166,0.49999466012091,0.49999801169561,0.4999931244635,0.49999943381103,1727074147952
152,0.50402346617146,0.77806524606321,0.17226629341718,0.2057533781166,0.49999466012091,0.49999801169561,0.4999931244635,0.49999943381103,1727074149264
153,1.0,0.0,0.0,0.16666666666667,0.5,0.5,0.5,0.5,1727074156625
153,1.0,0.0,0.00724673233317,0.16666666666667,0.5,0.5,0.49995470191711,0.5,1727074156672
153,1.0,0.0,0.0363472349148,0.16666666666667,0.5,0.5,0.49997151831283,0.5,1727074156687
153,1.0,0.0,0.11197002901033,0.16666666666667,0.5,0.5,0.49996754779687,0.5,1727074156704
153,1.0,0.0,0.16784702235441,0.16666666666667,0.5,0.5,0.49997848880308,0.5,1727074156720
153,1.0,0.0,0.2164802578735,0.16666666666667,0.5,0.5,0.49997722963276,0.5,1727074156737
153,1.0,0.0,0.27770994069586,0.16666666666667,0.5,0.5,0.49999447847587,0.5,1727074156754
153,1.0,0.0,0.31911441766441,0.16666666666667,0.5,0.5,0.49999694882315,0.5,1727074156770
153,1.0,0.0,0.37040251377342,0.16666666666667,0.5,0.5,0.49997255988874,0.5,1727074156787
153,1.0,0.0,0.41181316995247,0.16666666666667,0.5,0.5,0.49999196632846,0.5,1727074156804
153,1.0,0.0,0.45589629070802,0.16666666666667,0.5,0.5,0.49998055212638,0.5,1727074156820
153,1.0,0.0,0.49997768348431,0.16666666666667,0.5,0.5,0.49998256942074,0.5,1727074156837
153,1.0,0.0,0.52429610368438,0.16666666666667,0.5,0.5,0.49999758452225,0.5,1727074156854
153,1.0,0.0,0.55126913724933,0.16666666666667,0.5,0.5,0.49999622496181,0.5,1727074156870
153,1.0,0.0,0.57558253700478,0.16666666666667,0.5,0.5,0.49998978555069,0.5,1727074156887
153,1.0,0.0,0.59267586442218,0.16666666666667,0.5,0.5,0.49998379583964,0.5,1727074156903
153,1.0,0.0,0.60254631326291,0.16666666666667,0.5,0.5,0.49999534817313,0.5,1727074156920
153,1.0,0.0,0.61241884524543,0.16666666666667,0.5,0.5,0.49999396158202,0.5,1727074157912
153,1.0,0.0,0.62229106237466,0.16666666666667,0.5,0.5,0.49999450036981,0.5,1727074157920
153,1.0,0.0,0.64400825648587,0.16666666666667,0.5,0.5,0.49999591601206,0.5,1727074157937
153,1.0,0.0,0.67098134678394,0.16666666666667,0.5,0.5,0.49999445880627,0.5,1727074157954
153,1.0,0.0,0.67820977024239,0.16666666666667,0.5,0.5,0.49999336801411,0.5,1727074157970
153,1.0,0.0,0.68808409410437,0.16666666666667,0.5,0.5,0.49998209119484,0.5,1727074157987
153,1.0,0.0,0.68808409410437,0.16666666666667,0.5,0.5,0.49998209119484,0.5,1727074160600
153,1.0,0.0,0.68808409410437,0.16666666666667,0.5,0.5,0.49998209119484,0.5,1727074162841
153,0.98949168201622,0.0,0.68808409410437,0.16666666666667,0.49999972169773,0.5,0.49998209119484,0.5,1727074162880
153,0.9828429061898,0.0,0.68808409410437,0.16666666666667,0.49999854764335,0.5,0.49998209119484,0.5,1727074162888
153,0.97234473453634,-0.0,0.68808409410437,0.16666666666667,0.5000028293835,0.5,0.49998209119484,0.5,1727074162903
153,0.95133722159144,-0.0,0.68808409410437,0.16666666666667,0.49999943095184,0.5,0.49998209119484,0.5,1727074162920
153,0.93033014601191,-0.0,0.68808409410437,0.16666666666667,0.50000330194827,0.5,0.49998209119484,0.5,1727074162937
153,0.90651285762727,-0.0,0.68808409410437,0.16666666666667,0.50000246239186,0.5,0.49998209119484,0.5,1727074162953
153,0.88934459783932,-0.0,0.68808409410437,0.16666666666667,0.50000296935356,0.5,0.49998209119484,0.5,1727074162970
153,0.86834179228225,0.0,0.68808409410437,0.16666666666667,0.50000164201531,0.5,0.49998209119484,0.5,1727074162987
153,0.84733973301888,0.0,0.68808409410437,0.16666666666667,0.50000063882111,0.5,0.49998209119484,0.5,1727074163003
153,0.82633560238086,0.0,0.68808409410437,0.16666666666667,0.49999853545966,0.5,0.49998209119484,0.5,1727074163020
153,0.81583547781423,0.0,0.68808409410437,0.16666666666667,0.50000243562563,0.5,0.49998209119484,0.5,1727074163037
153,0.80254322960946,0.0,0.68808409410437,0.16666666666667,0.50000249754426,0.5,0.49998209119484,0.5,1727074163053
153,0.79871425869464,0.0,0.68808409410437,0.16666666666667,0.50000345207003,0.5,0.49998209119484,0.5,1727074163070
153,0.78821105089138,0.0,0.68808409410437,0.16666666666667,0.50000586842621,0.5,0.49998209119484,0.5,1727074163087
153,0.77104385575592,0.0,0.68808409410437,0.16666666666667,0.5000070662626,0.5,0.49998209119484,0.5,1727074163103
153,0.74251455480663,0.0,0.68808409410437,0.16666666666667,0.50000381202426,0.5,0.49998209119484,0.5,1727074163120
153,0.70817574582111,0.0,0.68808409410437,0.16666666666667,0.50000374871968,0.5,0.49998209119484,0.5,1727074163136
153,0.67669501854262,0.0,0.68808409410437,0.16666666666667,0.50000161279527,0.5,0.49998209119484,0.5,1727074163153
153,0.64901587066236,0.0,0.68808409410437,0.16666666666667,0.50000029807225,0.5,0.49998209119484,0.5,1727074163170
153,0.62802081407175,0.0,0.68808409410437,0.16666666666667,0.50000340927349,0.5,0.49998209119484,0.5,1727074163186
153,0.61085327589339,0.0,0.68808409410437,0.16666666666667,0.50000456127088,0.5,0.49998209119484,0.5,1727074163203
153,0.58607806531775,0.0,0.68808409410437,0.16666666666667,0.50000075321945,0.5,0.49998209119484,0.5,1727074163220
153,0.56131207136355,0.0,0.68808409410437,0.16666666666667,0.50000297579427,0.5,0.49998209119484,0.5,1727074163237
153,0.53363623683499,0.0,0.68808409410437,0.16666666666667,0.5000038467398,0.5,0.49998209119484,0.5,1727074163253
153,0.48878770669695,0.0,0.68808409410437,0.16666666666667,0.50000230692608,0.5,0.49998209119484,0.5,1727074163270
153,0.46111453574632,0.0,0.68808409410437,0.16666666666667,0.50000530572678,0.5,0.49998209119484,0.5,1727074163286
153,0.43343221143417,0.0,0.68808409410437,0.16666666666667,0.50000116343385,0.5,0.49998209119484,0.5,1727074163303
153,0.41244984286699,0.0,0.68808409410437,0.16666666666667,0.50000307021272,0.5,0.49998209119484,0.5,1727074163320
153,0.38863287005786,0.0,0.68808409410437,0.16666666666667,0.50000181363365,0.5,0.49998209119484,0.5,1727074163336
153,0.3609559968882,0.0,0.68808409410437,0.16666666666667,0.50000194082929,0.5,0.49998209119484,0.5,1727074163353
153,0.31610639400076,0.0,0.68808409410437,0.16666666666667,0.49999873558327,0.5,0.49998209119484,0.5,1727074163370
153,0.28465791739744,0.0,0.68808409410437,0.16666666666667,0.50001213030191,0.5,0.49998209119484,0.5,1727074163387
153,0.25423280205745,0.0,0.68808409410437,0.16666666666667,0.50000222269415,0.5,0.49998209119484,0.5,1727074163403
153,0.22656410049665,0.0,0.68808409410437,0.16666666666667,0.50001186303205,0.5,0.49998209119484,0.5,1727074163420
153,0.21329974700026,-0.0,0.68808409410437,0.16666666666667,0.50000885278812,0.5,0.49998209119484,0.5,1727074163436
153,0.21997498964988,-0.0,0.68808409410437,0.16666666666667,0.5000067557442,0.5,0.49998209119484,0.5,1727074164440
153,0.22665588167739,-0.0,0.68808409410437,0.16666666666667,0.50001125175713,0.5,0.49998209119484,0.5,1727074164464
153,0.2333305265374,-0.0,0.68808409410437,0.16666666666667,0.50000849765715,0.5,0.49998209119484,0.5,1727074164479
153,0.23722510161238,-0.0,0.68808409410437,0.16666666666667,0.50001099541757,0.5,0.49998209119484,0.5,1727074164487
153,0.24774191436471,0.0,0.68808409410437,0.16666666666667,0.5000038245537,0.5,0.49998209119484,0.5,1727074164511
153,0.25163005549693,-0.0,0.68808409410437,0.16666666666667,0.499999215553,0.5,0.49998209119484,0.5,1727074164527
153,0.25831080217318,0.0,0.68808409410437,0.16666666666667,0.50000337304839,0.5,0.49998209119484,0.5,1727074164536
153,0.26498017246861,0.0,0.68808409410437,0.16666666666667,0.49999524348387,0.5,0.49998209119484,0.5,1727074164553
153,0.27550121134438,0.0,0.68808409410437,0.16666666666667,0.50000934122833,0.5,0.49998209119484,0.5,1727074164680
153,0.28217390034643,0.0,0.68808409410437,0.16666666666667,0.50000483764629,0.5,0.49998209119484,0.5,1727074164696
153,0.28606041120872,0.0,0.68808409410437,0.16666666666667,0.49999884063943,0.5,0.49998209119484,0.5,1727074164712
153,0.29273738583755,0.0,0.68808409410437,0.16666666666667,0.49999890727037,0.5,0.49998209119484,0.5,1727074164720
153,0.29941120412875,0.0,0.68808409410437,0.16666666666667,0.4999958049163,0.5,0.49998209119484,0.5,1727074164856
153,0.30609087325951,0.0,0.68808409410437,0.16666666666667,0.49999857785002,0.5,0.49998209119484,0.5,1727074164928
153,0.30996843838502,0.0,0.68808409410437,0.16666666666667,0.49999921984105,0.5,0.49998209119484,0.5,1727074164951
153,0.31664903322321,0.0,0.68808409410437,0.16666666666667,0.50000280152675,0.5,0.49998209119484,0.5,1727074165104
153,0.32053555709006,0.0,0.68808409410437,0.16666666666667,0.49999719332533,0.5,0.49998209119484,0.5,1727074165136
153,0.32720907476177,0.0,0.68808409410437,0.16666666666667,0.50000866785626,0.5,0.49998209119484,0.5,1727074165186
153,0.33388169437927,0.0,0.68808409410437,0.16666666666667,0.5000045052847,0.5,0.49998209119484,0.5,1727074165288
153,0.33776362231024,0.0,0.68808409410437,0.16666666666667,0.49999473919395,0.5,0.49998209119484,0.5,1727074165303
153,0.33111817972219,0.0,0.68808409410437,0.16666666666667,0.50000994977871,0.5,0.49998209119484,0.5,1727074166144
153,0.32446921485959,0.0,0.68808409410437,0.16666666666667,0.50000736716698,0.5,0.49998209119484,0.5,1727074166216
153,0.31782100318311,0.0,0.68808409410437,0.16666666666667,0.50000545536995,0.5,0.49998209119484,0.5,1727074166304
153,0.31117131816707,0.0,0.68808409410437,0.16666666666667,0.50000205078554,0.5,0.49998209119484,0.5,1727074166368
153,0.3073723820917,0.0,0.68808409410437,0.16666666666667,0.50000311715037,0.5,0.49998209119484,0.5,1727074166383
153,0.30071403152363,0.0,0.68808409410437,0.16666666666667,0.5000063462814,0.5,0.49998209119484,0.5,1727074166480
153,0.29691044338296,0.0,0.68808409410437,0.16666666666667,0.50000277329868,0.5,0.49998209119484,0.5,1727074166488
153,0.30358287512105,0.0,0.68808409410437,0.16666666666667,0.49999826682126,0.5,0.49998209119484,0.5,1727074166840
153,0.31026482638188,0.0,0.68808409410437,0.16666666666667,0.50000323547652,0.5,0.49998209119484,0.5,1727074166886
153,0.31693583883818,0.0,0.68808409410437,0.16666666666667,0.49999744949695,0.5,0.49998209119484,0.5,1727074166952
153,0.32361826598187,0.0,0.68808409410437,0.16666666666667,0.50000276940152,0.5,0.49998209119484,0.5,1727074167003
153,0.32749515007314,0.0,0.68808409410437,0.16666666666667,0.50000271359063,0.5,0.49998209119484,0.5,1727074167020
153,0.33416619554049,0.0,0.68808409410437,0.16666666666667,0.49999713538582,0.5,0.49998209119484,0.5,1727074167120
153,0.33416619554049,0.0,0.68808409410437,0.16666666666667,0.49999713538582,0.5,0.49998209119484,0.5,1727074167464
153,0.33416619554049,0.0,0.68808409410437,0.16666666666667,0.49999713538582,0.5,0.49998209119484,0.5,1727074168425
153,0.33416619554049,0.00669271492984,0.68808409410437,0.16666666666667,0.49999713538582,0.49999912532867,0.49998209119484,0.5,1727074168560
153,0.33416619554049,0.01338528942476,0.68808409410437,0.16666666666667,0.49999713538582,0.49999858907229,0.49998209119484,0.5,1727074168603
153,0.33416619554049,0.02390626769479,0.68808409410437,0.16666666666667,0.49999713538582,0.50000286751734,0.49998209119484,0.5,1727074168653
153,0.33416619554049,0.02783237394405,0.68808409410437,0.16666666666667,0.49999713538582,0.49999681561973,0.49998209119484,0.5,1727074168679
153,0.33416619554049,0.03452193464021,0.68808409410437,0.16666666666667,0.49999713538582,0.50000221344614,0.49998209119484,0.5,1727074168687
153,0.33416619554049,0.04120744936309,0.68808409410437,0.16666666666667,0.49999713538582,0.49998589654358,0.49998209119484,0.5,1727074168703
153,0.33416619554049,0.05172851002529,0.68808409410437,0.16666666666667,0.49999713538582,0.49999007247536,0.49998209119484,0.5,1727074168719
153,0.33416619554049,0.06890431706653,0.68808409410437,0.16666666666667,0.49999713538582,0.49997923805631,0.49998209119484,0.5,1727074168736
153,0.33416619554049,0.07942161771918,0.68808409410437,0.16666666666667,0.49999713538582,0.49998956814254,0.49998209119484,0.5,1727074168753
153,0.33416619554049,0.08994027411431,0.68808409410437,0.16666666666667,0.49999713538582,0.49999706029366,0.49998209119484,0.5,1727074168770
153,0.33416619554049,0.11099541470665,0.68808409410437,0.16666666666667,0.49999713538582,0.50000700288705,0.49998209119484,0.5,1727074168786
153,0.33416619554049,0.12817149039894,0.68808409410437,0.16666666666667,0.49999713538582,0.49999670573294,0.49998209119484,0.5,1727074168803
153,0.33416619554049,0.13869294560045,0.68808409410437,0.16666666666667,0.49999713538582,0.49999909518011,0.49998209119484,0.5,1727074168820
153,0.33416619554049,0.14536975039449,0.68808409410437,0.16666666666667,0.49999713538582,0.49999927540146,0.49998209119484,0.5,1727074168836
153,0.33416619554049,0.14926578487575,0.68808409410437,0.16666666666667,0.49999713538582,0.49999413632019,0.49998209119484,0.5,1727074168853
153,0.33416619554049,0.15595380361181,0.68808409410437,0.16666666666667,0.49999713538582,0.50000005777661,0.49998209119484,0.5,1727074168869
153,0.33416619554049,0.15595380361181,0.68808409410437,0.16666666666667,0.49999713538582,0.50000005777661,0.49998209119484,0.5,1727074169680
153,0.33416619554049,0.15595380361181,0.68808409410437,0.16666666666667,0.49999713538582,0.50000005777661,0.49998209119484,0.5,1727074172737
153,0.34084364767815,0.15595380361181,0.68808409410437,0.16666666666667,0.49999766143919,0.50000005777661,0.49998209119484,0.5,1727074172992
153,0.34084364767815,0.15595380361181,0.68808409410437,0.16666666666667,0.49999766143919,0.50000005777661,0.49998209119484,0.5,1727074173552
153,0.34084364767815,0.15595380361181,0.68808409410437,0.16666666666667,0.49999766143919,0.50000005777661,0.49998209119484,0.5,1727074175673
153,0.34084364767815,0.14930754159749,0.68808409410437,0.16666666666667,0.49999766143919,0.50000020808738,0.49998209119484,0.5,1727074175888
153,0.34084364767815,0.14266275872459,0.68808409410437,0.16666666666667,0.49999766143919,0.49999828665722,0.49998209119484,0.5,1727074175984
153,0.34084364767815,0.14656588888962,0.68808409410437,0.16666666666667,0.49999766143919,0.50000464608129,0.49998209119484,0.5,1727074176019
153,0.34084364767815,0.14656588888962,0.68808409410437,0.16666666666667,0.49999766143919,0.50000464608129,0.49998209119484,0.5,1727074177624
153,0.34084364767815,0.14656588888962,0.68808409410437,0.16666666666667,0.49999766143919,0.50000464608129,0.49998209119484,0.5,1727074179017
153,0.34084364767815,0.14656588888962,0.68808409410437,0.17334169987585,0.49999766143919,0.50000464608129,0.49998209119484,0.50000421736565,1727074179048
153,0.34084364767815,0.14656588888962,0.68808409410437,0.18002599613822,0.49999766143919,0.50000464608129,0.49998209119484,0.49999388048927,1727074179064
153,0.34084364767815,0.14656588888962,0.68808409410437,0.18670619378628,0.49999766143919,0.50000464608129,0.49998209119484,0.49999810815902,1727074179079
153,0.34084364767815,0.14656588888962,0.68808409410437,0.20387452904352,0.49999766143919,0.50000464608129,0.49998209119484,0.49999709192556,1727074179087
153,0.34084364767815,0.14656588888962,0.68808409410437,0.21054300118988,0.49999766143919,0.50000464608129,0.49998209119484,0.4999870171396,1727074179102
153,0.34084364767815,0.14656588888962,0.68808409410437,0.2374377655826,0.49999766143919,0.50000464608129,0.49998209119484,0.49999051221376,1727074179119
153,0.34084364767815,0.14656588888962,0.68808409410437,0.28474763249234,0.49999766143919,0.50000464608129,0.49998209119484,0.49999359365503,1727074179136
153,0.34084364767815,0.14656588888962,0.68808409410437,0.32204065604917,0.49999766143919,0.50000464608129,0.49998209119484,0.4999947012521,1727074179152
153,0.34084364767815,0.14656588888962,0.68808409410437,0.35932370458367,0.49999766143919,0.50000464608129,0.49998209119484,0.50000056792034,1727074179169
153,0.34084364767815,0.14656588888962,0.68808409410437,0.39970543605324,0.49999766143919,0.50000464608129,0.49998209119484,0.49999808538001,1727074179186
153,0.34084364767815,0.14656588888962,0.68808409410437,0.44371882777277,0.49999766143919,0.50000464608129,0.49998209119484,0.4999966230097,1727074179202
153,0.34084364767815,0.14656588888962,0.68808409410437,0.48474184014108,0.49999766143919,0.50000464608129,0.49998209119484,0.50000253520312,1727074179219
153,0.34084364767815,0.14656588888962,0.68808409410437,0.51154760263986,0.49999766143919,0.50000464608129,0.49998209119484,0.49999547994852,1727074179236
153,0.34084364767815,0.14656588888962,0.68808409410437,0.53833759915992,0.49999766143919,0.50000464608129,0.49998209119484,0.49999939689,1727074179252
153,0.34084364767815,0.14656588888962,0.68808409410437,0.56218763994335,0.49999766143919,0.50000464608129,0.49998209119484,0.50000205312847,1727074179269
153,0.34084364767815,0.14656588888962,0.68808409410437,0.58603317308969,0.49999766143919,0.50000464608129,0.49998209119484,0.5000015852436,1727074179286
153,0.34084364767815,0.14656588888962,0.68808409410437,0.60609250157325,0.49999766143919,0.50000464608129,0.49998209119484,0.50000012486057,1727074179302
153,0.34084364767815,0.14656588888962,0.68808409410437,0.63663170247947,0.49999766143919,0.50000464608129,0.49998209119484,0.50000058031637,1727074179319
153,0.34084364767815,0.14656588888962,0.68808409410437,0.67689068848371,0.49999766143919,0.50000464608129,0.49998209119484,0.49999903686941,1727074179336
153,0.34084364767815,0.14656588888962,0.68808409410437,0.70073449023728,0.49999766143919,0.50000464608129,0.49998209119484,0.49999769704939,1727074179352
153,0.34084364767815,0.14656588888962,0.68808409410437,0.71790470769904,0.49999766143919,0.50000464608129,0.49998209119484,0.49999829993403,1727074179369
153,0.34084364767815,0.14656588888962,0.68808409410437,0.7446743954176,0.49999766143919,0.50000464608129,0.49998209119484,0.49999859896645,1727074179386
153,0.34084364767815,0.14656588888962,0.68808409410437,0.75802204109376,0.49999766143919,0.50000464608129,0.49998209119484,0.4999952262144,1727074179402
153,0.34084364767815,0.14656588888962,0.68808409410437,0.78855253610629,0.49999766143919,0.50000464608129,0.49998209119484,0.49999930454433,1727074179419
153,0.34084364767815,0.14656588888962,0.68808409410437,0.81907937531297,0.49999766143919,0.50000464608129,0.49998209119484,0.50000126462831,1727074179436
153,0.34084364767815,0.14656588888962,0.68808409410437,0.83912581019912,0.49999766143919,0.50000464608129,0.49998209119484,0.50000138361743,1727074179452
153,0.34084364767815,0.14656588888962,0.68808409410437,0.85247409539484,0.49999766143919,0.50000464608129,0.49998209119484,0.49999858592279,1727074179469
153,0.34084364767815,0.14656588888962,0.68808409410437,0.88300166429029,0.49999766143919,0.50000464608129,0.49998209119484,0.50000080985858,1727074179486
153,0.34084364767815,0.14656588888962,0.68808409410437,0.9135284307672,0.49999766143919,0.50000464608129,0.49998209119484,0.49999524699026,1727074179503
153,0.34084364767815,0.14656588888962,0.68808409410437,0.95074836667279,0.49999766143919,0.50000464608129,0.49998209119484,0.49999748407024,1727074179519
153,0.34084364767815,0.14656588888962,0.68808409410437,0.97749472365897,0.49999766143919,0.50000464608129,0.49998209119484,0.50000108513038,1727074179536
153,0.34084364767815,0.14656588888962,0.68808409410437,1.0,0.49999766143919,0.50000464608129,0.49998209119484,0.5,1727074179552
153,0.34084364767815,0.14656588888962,0.68808409410437,1.0,0.49999766143919,0.50000464608129,0.49998209119484,0.5,1727074179569
153,0.34084364767815,0.14656588888962,0.68808409410437,1.0,0.49999766143919,0.50000464608129,0.49998209119484,0.5,1727074179586
153,0.34084364767815,0.14656588888962,0.68808409410437,1.0,0.49999766143919,0.50000464608129,0.49998209119484,0.5,1727074179602
153,0.34084364767815,0.14656588888962,0.68808409410437,1.0,0.49999766143919,0.50000464608129,0.49998209119484,0.5,1727074179619
153,0.34084364767815,0.14656588888962,0.68808409410437,1.0,0.49999766143919,0.50000464608129,0.49998209119484,0.5,1727074179636
153,0.34084364767815,0.14656588888962,0.68808409410437,1.0,0.49999766143919,0.50000464608129,0.49998209119484,0.5,1727074179686
153,0.34084364767815,0.14656588888962,0.68808409410437,1.0,0.49999766143919,0.50000464608129,0.49998209119484,0.5,1727074179702
153,0.34084364767815,0.14656588888962,0.68808409410437,1.0,0.49999766143919,0.50000464608129,0.49998209119484,0.5,1727074179719
153,0.34084364767815,0.14656588888962,0.68808409410437,1.0,0.49999766143919,0.50000464608129,0.49998209119484,0.5,1727074179736
153,0.34084364767815,0.14656588888962,0.68808409410437,1.0,0.49999766143919,0.50000464608129,0.49998209119484,0.5,1727074179752
153,0.34084364767815,0.14656588888962,0.68808409410437,1.0,0.49999766143919,0.50000464608129,0.49998209119484,0.5,1727074180008
154,0.0,0.0,0.16666666666667,0.66666666666667,0.5,0.5,0.5,0.5,1727074182953
154,0.0,0.0,0.17390489384175,0.66666666666667,0.5,0.5,0.49997577389039,0.5,1727074183008
154,0.0,0.0,0.19372186989586,0.66666666666667,0.5,0.5,0.49999209238387,0.5,1727074183024
154,0.0,0.0,0.21352521988156,0.66666666666667,0.5,0.5,0.49997593183872,0.5,1727074183040
154,0.0,0.0,0.22075915891353,0.66666666666667,0.5,0.5,0.50000383102863,0.5,1727074183052
154,0.0,0.0,0.24775576012306,0.66666666666667,0.5,0.5,0.50001174355522,0.5,1727074183069
154,0.0,0.0,0.27035970043307,0.66666666666667,0.5,0.5,0.49998661222801,0.5,1727074183085
154,0.0,0.0,0.29734908727459,0.66666666666667,0.5,0.5,0.4999853422544,0.5,1727074183102
154,0.0,0.0,0.33154285001545,0.66666666666667,0.5,0.5,0.49997797245614,0.5,1727074183119
154,0.0,0.0,0.3585209635845,0.66666666666667,0.5,0.5,0.50000383437773,0.5,1727074183136
154,0.0,0.0,0.40261406856761,0.66666666666667,0.5,0.5,0.49997622803926,0.5,1727074183152
154,0.0,0.0,0.45124471817972,0.66666666666667,0.5,0.5,0.4999948966141,0.5,1727074183169
154,0.0,0.0,0.51964023940851,0.66666666666667,0.5,0.5,0.49998420726445,0.5,1727074183186
154,0.0,0.0,0.59793764447203,0.66666666666667,0.5,0.5,0.49999507806833,0.5,1727074183202
154,0.0,0.0,0.68894875407135,0.66666666666667,0.5,0.5,0.49999917588301,0.5,1727074183219
154,0.0,0.0,0.78164815946777,0.66666666666667,0.5,0.5,0.49999245754252,0.5,1727074183235
154,0.0,0.0,0.88973673546546,0.66666666666667,0.5,0.5,0.49998922156551,0.5,1727074183252
154,0.0,0.0,1.0,0.66666666666667,0.5,0.5,0.5,0.5,1727074183269
154,0.0,0.0,1.0,0.66666666666667,0.5,0.5,0.5,0.5,1727074183285
154,0.0,0.0,1.0,0.66666666666667,0.5,0.5,0.5,0.5,1727074183302
154,0.0,0.0,1.0,0.66666666666667,0.5,0.5,0.5,0.5,1727074183319
154,0.0,0.0,1.0,0.66666666666667,0.5,0.5,0.5,0.5,1727074183336
154,0.0,0.0,1.0,0.66666666666667,0.5,0.5,0.5,0.5,1727074183352
154,0.0,0.0,1.0,0.66666666666667,0.5,0.5,0.5,0.5,1727074183369
154,0.0,0.0,1.0,0.66666666666667,0.5,0.5,0.5,0.5,1727074183385
154,0.0,0.0,1.0,0.66666666666667,0.5,0.5,0.5,0.5,1727074183402
154,0.0,0.0,1.0,0.66666666666667,0.5,0.5,0.5,0.5,1727074183419
154,0.0,0.0,1.0,0.66666666666667,0.5,0.5,0.5,0.5,1727074183435
154,0.0,0.0,1.0,0.66666666666667,0.5,0.5,0.5,0.5,1727074183452
154,0.0,0.0,1.0,0.66666666666667,0.5,0.5,0.5,0.5,1727074183469
154,0.0,0.0,1.0,0.66666666666667,0.5,0.5,0.5,0.5,1727074183486
154,0.0,0.0,1.0,0.66666666666667,0.5,0.5,0.5,0.5,1727074183502
154,0.0,0.0,1.0,0.66666666666667,0.5,0.5,0.5,0.5,1727074183519
154,0.0,0.0,1.0,0.66666666666667,0.5,0.5,0.5,0.5,1727074183616
154,0.0,0.0,1.0,0.66666666666667,0.5,0.5,0.5,0.5,1727074186561
154,0.00668705450101,0.0,1.0,0.66666666666667,0.4999887168208,0.5,0.5,0.5,1727074186864
154,0.0133754325448,0.0,1.0,0.66666666666667,0.49998077727172,0.5,0.5,0.5,1727074186902
154,0.02680600943915,0.0,1.0,0.66666666666667,0.4999813268696,0.5,0.5,0.5,1727074186919
154,0.03348947398803,0.0,1.0,0.66666666666667,0.49999448901714,0.5,0.5,0.5,1727074186936
154,0.04018006270366,0.0,1.0,0.66666666666667,0.49999135009091,0.5,0.5,0.5,1727074186952
154,0.04687375939275,0.0,1.0,0.66666666666667,0.49999412466237,0.5,0.5,0.5,1727074186969
154,0.05355957822304,0.0,1.0,0.66666666666667,0.50001041062668,0.5,0.5,0.5,1727074186985
154,0.0602395403586,0.0,1.0,0.66666666666667,0.49998824708236,0.5,0.5,0.5,1727074187002
154,0.06692380419764,0.0,1.0,0.66666666666667,0.50000126518524,0.5,0.5,0.5,1727074187019
154,0.0736126005095,0.0,1.0,0.66666666666667,0.49999525679702,0.5,0.5,0.5,1727074187035
154,0.08029195897006,0.0,1.0,0.66666666666667,0.49999941790673,0.5,0.5,0.5,1727074187052
154,0.08697618404207,0.0,1.0,0.66666666666667,0.49998620536892,0.5,0.5,0.5,1727074187144
154,0.09366451107748,0.0,1.0,0.66666666666667,0.50000476885626,0.5,0.5,0.5,1727074187168
154,0.10034637173873,0.0,1.0,0.66666666666667,0.49998823770972,0.5,0.5,0.5,1727074187184
154,0.10703068136791,0.0,1.0,0.66666666666667,0.49999986432154,0.5,0.5,0.5,1727074187192
154,0.11370826476464,0.0,1.0,0.66666666666667,0.50000086776128,0.5,0.5,0.5,1727074187216
154,0.12039045790096,0.0,1.0,0.66666666666667,0.49998579645513,0.5,0.5,0.5,1727074187252
154,0.12429592064049,0.0,1.0,0.66666666666667,0.5000053217773,0.5,0.5,0.5,1727074187269
154,0.13097703681421,0.0,1.0,0.66666666666667,0.49998903267572,0.5,0.5,0.5,1727074187285
154,0.13765588111107,0.0,1.0,0.66666666666667,0.49999195402807,0.5,0.5,0.5,1727074187302
154,0.14433247553637,0.0,1.0,0.66666666666667,0.49999163075718,0.5,0.5,0.5,1727074187408
154,0.15101568295304,0.0,1.0,0.66666666666667,0.50000041016381,0.5,0.5,0.5,1727074187544
154,0.16153553051252,0.0,1.0,0.66666666666667,0.49999607333738,0.5,0.5,0.5,1727074187800
154,0.15489585461142,0.0,1.0,0.66666666666667,0.50000482967676,0.5,0.5,0.5,1727074188449
154,0.14825339085973,0.0,1.0,0.66666666666667,0.50001001865328,0.5,0.5,0.5,1727074188488
154,0.13775303350442,0.0,1.0,0.66666666666667,0.49999884452931,0.5,0.5,0.5,1727074188568
154,0.13110974109421,0.0,1.0,0.66666666666667,0.50000296385557,0.5,0.5,0.5,1727074188656
154,0.12732124153351,0.0,1.0,0.66666666666667,0.49999731818944,0.5,0.5,0.5,1727074188856
154,0.12732124153351,0.0,1.0,0.66666666666667,0.49999731818944,0.5,0.5,0.5,1727074188872
154,0.12732124153351,0.0,1.0,0.66666666666667,0.49999731818944,0.5,0.5,0.5,1727074189377
154,0.12732124153351,0.00393077172472,1.0,0.66666666666667,0.49999731818944,0.50001669603827,0.5,0.5,1727074189400
154,0.12732124153351,0.01061893196054,1.0,0.66666666666667,0.49999731818944,0.49999249575042,0.5,0.5,1727074189408
154,0.12732124153351,0.01731550846715,1.0,0.66666666666667,0.49999731818944,0.49998387952278,0.5,0.5,1727074189419
154,0.12732124153351,0.0344821054655,1.0,0.66666666666667,0.49999731818944,0.49998995651456,0.5,0.5,1727074189435
154,0.12732124153351,0.0621687787442,1.0,0.66666666666667,0.49999731818944,0.50000079833262,0.5,0.5,1727074189452
154,0.12732124153351,0.08603106462982,1.0,0.66666666666667,0.49999731818944,0.49999951533624,0.5,0.5,1727074189469
154,0.12732124153351,0.12425325445779,1.0,0.66666666666667,0.49999731818944,0.49998953981026,0.5,0.5,1727074189485
154,0.12732124153351,0.16246353758027,1.0,0.66666666666667,0.49999731818944,0.49999732783397,0.5,0.5,1727074189502
154,0.12732124153351,0.20730763744799,1.0,0.66666666666667,0.49999731818944,0.50000006613865,0.5,0.5,1727074189518
154,0.12732124153351,0.24165056673223,1.0,0.66666666666667,0.49999731818944,0.49999505146912,0.5,0.5,1727074189535
154,0.12732124153351,0.26666046651465,1.0,0.66666666666667,0.49999731818944,0.50000114387595,0.5,0.5,1727074189552
154,0.12732124153351,0.27333235857864,1.0,0.66666666666667,0.49999731818944,0.50000642946022,0.5,0.5,1727074189568
154,0.12732124153351,0.28384975552351,1.0,0.66666666666667,0.49999731818944,0.49999628040183,0.5,0.5,1727074189585
154,0.12732124153351,0.29052550357262,1.0,0.66666666666667,0.49999731818944,0.49999752485115,0.5,0.5,1727074190432
154,0.12732124153351,0.29440982596711,1.0,0.66666666666667,0.49999731818944,0.50000562930439,0.5,0.5,1727074190440
154,0.12732124153351,0.30108945578436,1.0,0.66666666666667,0.49999731818944,0.49998746189483,0.5,0.5,1727074190496
154,0.12732124153351,0.30775971808226,1.0,0.66666666666667,0.49999731818944,0.49999419578349,0.5,0.5,1727074190512
154,0.12732124153351,0.31165175524985,1.0,0.66666666666667,0.49999731818944,0.49999450155618,0.5,0.5,1727074190520
154,0.12732124153351,0.32215755464259,1.0,0.66666666666667,0.49999731818944,0.49999642651787,0.5,0.5,1727074190535
154,0.12732124153351,0.33553886801968,1.0,0.66666666666667,0.49999731818944,0.49999961726735,0.5,0.5,1727074190552
154,0.12732124153351,0.36988334527493,1.0,0.66666666666667,0.49999731818944,0.49999428805872,0.5,0.5,1727074190568
154,0.12732124153351,0.38705046061746,1.0,0.66666666666667,0.49999731818944,0.49999627275235,0.5,0.5,1727074190585
154,0.12732124153351,0.39372476837856,1.0,0.66666666666667,0.49999731818944,0.49999855132511,0.5,0.5,1727074190602
154,0.12732124153351,0.40039725149721,1.0,0.66666666666667,0.49999731818944,0.50000232985307,0.5,0.5,1727074191048
154,0.12732124153351,0.40427550613088,1.0,0.66666666666667,0.49999731818944,0.50000119399785,0.5,0.5,1727074191085
154,0.12732124153351,0.41095095129766,1.0,0.66666666666667,0.49999731818944,0.50000241473131,0.5,0.5,1727074191104
154,0.12732124153351,0.41762414473063,1.0,0.66666666666667,0.49999731818944,0.49999276584864,0.5,0.5,1727074191118
154,0.12732124153351,0.4242939924352,1.0,0.66666666666667,0.49999731818944,0.4999986224895,0.5,0.5,1727074191168
154,0.12732124153351,0.43480417695899,1.0,0.66666666666667,0.49999731818944,0.49999663717605,0.5,0.5,1727074191185
154,0.12732124153351,0.43868107151517,1.0,0.66666666666667,0.49999731818944,0.49999667893935,0.5,0.5,1727074191202
154,0.12732124153351,0.44535469362887,1.0,0.66666666666667,0.49999731818944,0.49999932805893,0.5,0.5,1727074191218
154,0.12732124153351,0.45203747445722,1.0,0.66666666666667,0.49999731818944,0.49999473421379,0.5,0.5,1727074191272
154,0.12732124153351,0.45870615596442,1.0,0.66666666666667,0.49999731818944,0.50000119517903,0.5,0.5,1727074191384
154,0.12732124153351,0.4692121252981,1.0,0.66666666666667,0.49999731818944,0.50000249850777,0.5,0.5,1727074193240
154,0.12732124153351,0.47588500664941,1.0,0.66666666666667,0.49999731818944,0.50000554534477,0.5,0.5,1727074193285
154,0.12732124153351,0.47588500664941,1.0,0.66666666666667,0.49999731818944,0.50000554534477,0.5,0.5,1727074193688
154,0.12732124153351,0.47588500664941,1.0,0.66666666666667,0.49999731818944,0.50000554534477,0.5,0.5,1727074195841
154,0.12732124153351,0.47588500664941,1.0,0.6628496444607,0.49999731818944,0.50000554534477,0.5,0.50000210820636,1727074196057
154,0.12732124153351,0.47588500664941,1.0,0.65902851035756,0.49999731818944,0.50000554534477,0.5,0.49999862998508,1727074196068
154,0.12732124153351,0.47588500664941,1.0,0.64851884358951,0.49999731818944,0.50000554534477,0.5,0.49999740243521,1727074196085
154,0.12732124153351,0.47588500664941,1.0,0.63802315570184,0.49999731818944,0.50000554534477,0.5,0.50000482466952,1727074196104
154,0.12732124153351,0.47588500664941,1.0,0.62751059231807,0.49999731818944,0.50000554534477,0.5,0.50000182203917,1727074196118
154,0.12732124153351,0.47588500664941,1.0,0.61034612711802,0.49999731818944,0.50000554534477,0.5,0.50000491226624,1727074196135
154,0.12732124153351,0.47588500664941,1.0,0.58557423271524,0.49999731818944,0.50000554534477,0.5,0.50000330038252,1727074196151
154,0.12732124153351,0.47588500664941,1.0,0.55789944836547,0.49999731818944,0.50000554534477,0.5,0.50000487295001,1727074196168
154,0.12732124153351,0.47588500664941,1.0,0.54739739373412,0.49999731818944,0.50000554534477,0.5,0.49999819799952,1727074196185
154,0.12732124153351,0.47588500664941,1.0,0.53309873464875,0.49999731818944,0.50000554534477,0.5,0.50000452479589,1727074196201
154,0.12732124153351,0.47588500664941,1.0,0.51593310252078,0.49999731818944,0.50000554534477,0.5,0.50000721654365,1727074196218
154,0.12732124153351,0.47588500664941,1.0,0.5054292638913,0.49999731818944,0.50000554534477,0.5,0.49999890136975,1727074196235
154,0.12732124153351,0.47588500664941,1.0,0.49492844862833,0.49999731818944,0.50000554534477,0.5,0.50000397564727,1727074196256
154,0.12732124153351,0.47588500664941,1.0,0.49110775016737,0.49999731818944,0.50000554534477,0.5,0.50000004304325,1727074196272
154,0.12732124153351,0.47588500664941,1.0,0.48060656748968,0.49999731818944,0.50000554534477,0.5,0.50000495593877,1727074196285
154,0.12732124153351,0.47588500664941,1.0,0.46732440499378,0.49999731818944,0.50000554534477,0.5,0.50000102074253,1727074196302
154,0.12732124153351,0.47588500664941,1.0,0.46351147077222,0.49999731818944,0.50000554534477,0.5,0.50000291960944,1727074196318
154,0.12732124153351,0.47588500664941,1.0,0.45300980262591,0.49999731818944,0.50000554534477,0.5,0.50000768760032,1727074196335
154,0.12732124153351,0.47588500664941,1.0,0.44250328574034,0.49999731818944,0.50000554534477,0.5,0.49999649175595,1727074196352
154,0.12732124153351,0.47588500664941,1.0,0.42822366039119,0.49999731818944,0.50000554534477,0.5,0.50000672737519,1727074196368
154,0.12732124153351,0.47588500664941,1.0,0.41771430611312,0.49999731818944,0.50000554534477,0.5,0.5000054609823,1727074196385
154,0.12732124153351,0.47588500664941,1.0,0.40721683915616,0.49999731818944,0.50000554534477,0.5,0.50000122019101,1727074196402
154,0.12732124153351,0.47588500664941,1.0,0.39671742696507,0.49999731818944,0.50000554534477,0.5,0.50000829880908,1727074196418
154,0.12732124153351,0.47588500664941,1.0,0.38620835144052,0.49999731818944,0.50000554534477,0.5,0.50000723722094,1727074196435
154,0.12732124153351,0.47588500664941,1.0,0.37570877192566,0.49999731818944,0.50000554534477,0.5,0.50000095128028,1727074196451
154,0.12732124153351,0.47588500664941,1.0,0.36142948774107,0.49999731818944,0.50000554534477,0.5,0.49999884447414,1727074196468
154,0.12732124153351,0.47588500664941,1.0,0.35477921997895,0.49999731818944,0.50000554534477,0.5,0.50000910633934,1727074196488
154,0.12732124153351,0.47588500664941,1.0,0.35096952442402,0.49999731818944,0.50000554534477,0.5,0.50000026939863,1727074196501
154,0.12732124153351,0.47588500664941,1.0,0.3443197289399,0.49999731818944,0.50000554534477,0.5,0.49999689419431,1727074196632
154,0.12732124153351,0.47588500664941,1.0,0.34051006454082,0.49999731818944,0.50000554534477,0.5,0.50000221483067,1727074196672
154,0.12732124153351,0.47588500664941,1.0,0.33386749715683,0.49999731818944,0.50000554534477,0.5,0.50000562661098,1727074196718
154,0.12732124153351,0.47588500664941,1.0,0.33005031844067,0.49999731818944,0.50000554534477,0.5,0.50000395837825,1727074196735
154,0.12732124153351,0.47588500664941,1.0,0.31955608324763,0.49999731818944,0.50000554534477,0.5,0.50000216549987,1727074196752
154,0.12732124153351,0.47588500664941,1.0,0.30905556884094,0.49999731818944,0.50000554534477,0.5,0.5000092848446,1727074196768
154,0.12732124153351,0.47588500664941,1.0,0.30240043808065,0.49999731818944,0.50000554534477,0.5,0.50000043723081,1727074196785
154,0.12732124153351,0.47588500664941,1.0,0.30240043808065,0.49999731818944,0.50000554534477,0.5,0.50000043723081,1727074197640
154,0.12732124153351,0.47588500664941,1.0,0.30240043808065,0.49999731818944,0.50000554534477,0.5,0.50000043723081,1727074199249
154,0.12732124153351,0.47588500664941,1.0,0.30908126979572,0.49999731818944,0.50000554534477,0.5,0.50000428644049,1727074199545
154,0.12732124153351,0.47588500664941,1.0,0.3157518983427,0.49999731818944,0.50000554534477,0.5,0.49999810184429,1727074199681
154,0.12732124153351,0.47588500664941,1.0,0.32243194036233,0.49999731818944,0.50000554534477,0.5,0.50000112795675,1727074199718
154,0.12732124153351,0.47588500664941,1.0,0.32243194036233,0.49999731818944,0.50000554534477,0.5,0.50000112795675,1727074199984
154,0.12732124153351,0.47588500664941,1.0,0.32243194036233,0.49999731818944,0.50000554534477,0.5,0.50000112795675,1727074202706
154,0.12732124153351,0.48256315891091,1.0,0.32243194036233,0.49999731818944,0.49999299121013,0.5,0.50000112795675,1727074202993
154,0.12732124153351,0.48923601722321,1.0,0.32243194036233,0.49999731818944,0.49999608600445,0.5,0.50000112795675,1727074203081
154,0.12732124153351,0.49590295638778,1.0,0.32243194036233,0.49999731818944,0.50000350052535,0.5,0.50000112795675,1727074203200
154,0.12732124153351,0.50257598047672,1.0,0.32243194036233,0.49999731818944,0.49999505524574,0.5,0.50000112795675,1727074203224
154,0.12732124153351,0.50257598047672,1.0,0.32243194036233,0.49999731818944,0.49999505524574,0.5,0.50000112795675,1727074203464
154,0.12732124153351,0.50257598047672,1.0,0.32243194036233,0.49999731818944,0.49999505524574,0.5,0.50000112795675,1727074204969
154,0.13400441770387,0.50257598047672,1.0,0.32243194036233,0.50000634264339,0.49999505524574,0.5,0.50000112795675,1727074205097
154,0.1406867845976,0.50257598047672,1.0,0.32243194036233,0.49999220590761,0.49999505524574,0.5,0.50000112795675,1727074205160
154,0.1473649163436,0.50257598047672,1.0,0.32243194036233,0.49999401388564,0.49999505524574,0.5,0.50000112795675,1727074205256
154,0.1473649163436,0.50257598047672,1.0,0.32243194036233,0.49999401388564,0.49999505524574,0.5,0.50000112795675,1727074205544
155,0.66666666666667,0.33333333333333,0.16666666666667,0.0,0.5,0.5,0.5,0.5,1727074209594
155,0.66666666666667,0.33333333333333,0.14705363791561,0.0,0.5,0.5,0.49999041847821,0.5,1727074209632
155,0.66666666666667,0.33333333333333,0.12997251696611,0.0,0.5,0.5,0.49994821135308,0.5,1727074209648
155,0.66666666666667,0.33333333333333,0.11289489100505,0.0,0.5,0.5,0.49996985816946,0.5,1727074209656
155,0.66666666666667,0.33333333333333,0.09329674446336,0.0,0.5,0.5,0.49998194793805,0.5,1727074209668
155,0.66666666666667,0.33333333333333,0.05189318116964,0.0,0.5,0.5,0.49995969247984,0.5,1727074209684
155,0.66666666666667,0.33333333333333,0.0,0.0,0.5,0.5,0.5,0.5,1727074209701
155,0.66666666666667,0.33333333333333,0.0,0.0,0.5,0.5,0.5,0.5,1727074209718
155,0.66666666666667,0.33333333333333,0.0,0.0,0.5,0.5,0.5,0.5,1727074209734
155,0.66666666666667,0.33333333333333,0.0,0.0,0.5,0.5,0.5,0.5,1727074209751
155,0.66666666666667,0.33333333333333,0.0,0.0,0.5,0.5,0.5,0.5,1727074209767
155,0.66666666666667,0.33333333333333,0.0,0.0,0.5,0.5,0.5,0.5,1727074209784
155,0.66666666666667,0.33333333333333,0.0,0.0,0.5,0.5,0.5,0.5,1727074209801
155,0.66666666666667,0.33333333333333,0.0,0.0,0.5,0.5,0.5,0.5,1727074209817
155,0.66666666666667,0.33333333333333,0.0,0.0,0.5,0.5,0.5,0.5,1727074209834
155,0.66666666666667,0.33333333333333,0.0,0.0,0.5,0.5,0.5,0.5,1727074209851
155,0.66666666666667,0.33333333333333,0.0,0.0,0.5,0.5,0.5,0.5,1727074209867
155,0.66666666666667,0.33333333333333,0.0,0.0,0.5,0.5,0.5,0.5,1727074209884
155,0.66666666666667,0.33333333333333,0.0,0.0,0.5,0.5,0.5,0.5,1727074209901
155,0.66666666666667,0.33333333333333,0.0,0.0,0.5,0.5,0.5,0.5,1727074209917
155,0.66666666666667,0.33333333333333,0.0,0.0,0.5,0.5,0.5,0.5,1727074209920
155,0.66666666666667,0.33333333333333,0.0,0.0,0.5,0.5,0.5,0.5,1727074209920
155,0.66666666666667,0.33333333333333,0.0,0.0,0.5,0.5,0.5,0.5,1727074211001
155,0.66666666666667,0.33333333333333,0.0,0.01342538853139,0.5,0.5,0.5,0.49998873857554,1727074211017
155,0.66666666666667,0.33333333333333,0.0,0.04048750268154,0.5,0.5,0.5,0.49999088033534,1727074211034
155,0.66666666666667,0.33333333333333,0.0,0.07788529038237,0.5,0.5,0.5,0.49998820056999,1727074211051
155,0.66666666666667,0.33333333333333,0.0,0.11893461218899,0.5,0.5,0.5,0.49999424759507,1727074211067
155,0.66666666666667,0.33333333333333,0.0,0.14951962431215,0.5,0.5,0.5,0.49999523546088,1727074211084
155,0.66666666666667,0.33333333333333,0.0,0.18326005141114,0.5,0.5,0.5,0.49999810770845,1727074211101
155,0.66666666666667,0.33333333333333,0.0,0.22058175659661,0.5,0.5,0.5,0.4999966506691,1727074211117
155,0.66666666666667,0.33333333333333,0.0,0.26465768418588,0.5,0.5,0.5,0.49999587108826,1727074211134
155,0.66666666666667,0.33333333333333,0.0,0.30195491226873,0.5,0.5,0.5,0.5000010649054,1727074211151
155,0.66666666666667,0.33333333333333,0.0,0.32205638309476,0.5,0.5,0.5,0.49999503142175,1727074211167
155,0.66666666666667,0.33333333333333,0.0,0.3526068926732,0.5,0.5,0.5,0.49999223064962,1727074211184
155,0.66666666666667,0.33333333333333,0.0,0.36978718328246,0.5,0.5,0.5,0.50000228426037,1727074211201
155,0.66666666666667,0.33333333333333,0.0,0.38315338050592,0.5,0.5,0.5,0.49999959452925,1727074211217
155,0.66666666666667,0.33333333333333,0.0,0.40324057024963,0.5,0.5,0.5,0.4999952874904,1727074211234
155,0.66666666666667,0.33333333333333,0.0,0.44050889650556,0.5,0.5,0.5,0.50000096147762,1727074211251
155,0.66666666666667,0.33333333333333,0.0,0.47776960817424,0.5,0.5,0.5,0.50000028590678,1727074211267
155,0.66666666666667,0.33333333333333,0.0,0.49113629510804,0.5,0.5,0.5,0.4999983883986,1727074211284
155,0.66666666666667,0.33333333333333,0.0,0.5044969125489,0.5,0.5,0.5,0.49999212295432,1727074211301
155,0.66666666666667,0.33333333333333,0.0,0.51785978010735,0.5,0.5,0.5,0.49999873748845,1727074211317
155,0.66666666666667,0.33333333333333,0.0,0.5245368306598,0.5,0.5,0.5,0.49999883911153,1727074211334
155,0.66666666666667,0.33333333333333,0.0,0.53120335292309,0.5,0.5,0.5,0.50000236630077,1727074211351
155,0.66666666666667,0.33333333333333,0.0,0.53507456085764,0.5,0.5,0.5,0.4999983410997,1727074215257
155,0.66666666666667,0.33333333333333,0.0,0.54175126862593,0.5,0.5,0.5,0.49999820516062,1727074215280
155,0.66666666666667,0.33333333333333,0.0,0.54841773449318,0.5,0.5,0.5,0.50000162265292,1727074215425
155,0.66666666666667,0.33333333333333,0.0,0.55228780821965,0.5,0.5,0.5,0.4999969079779,1727074215480
155,0.66666666666667,0.33333333333333,0.0,0.55896449166301,0.5,0.5,0.5,0.49999677018112,1727074215777
155,0.66666666666667,0.33333333333333,0.0,0.56562896377121,0.5,0.5,0.5,0.4999987795892,1727074215817
155,0.66666666666667,0.33333333333333,0.0,0.57230448338389,0.5,0.5,0.5,0.49999784851768,1727074215985
155,0.66666666666667,0.33333333333333,0.0,0.57230448338389,0.5,0.5,0.5,0.49999784851768,1727074218793
155,0.66666666666667,0.33333333333333,0.0,0.57230448338389,0.5,0.5,0.5,0.49999784851768,1727074220529
155,0.66001400602238,0.33333333333333,0.0,0.57230448338389,0.49999916478389,0.5,0.5,0.49999784851768,1727074220681
155,0.64951081798422,0.33333333333333,0.0,0.57230448338389,0.50000191579107,0.5,0.5,0.49999784851768,1727074220717
155,0.64286056501297,0.33333333333333,0.0,0.57230448338389,0.49999939890899,0.5,0.5,0.49999784851768,1727074220736
155,0.63903303382228,0.33333333333333,0.0,0.57230448338389,0.50000140437322,0.5,0.5,0.49999784851768,1727074220750
155,0.63521409047089,0.33333333333333,0.0,0.57230448338389,0.49999919398096,0.5,0.5,0.49999784851768,1727074220768
155,0.62192723132559,0.33333333333333,0.0,0.57230448338389,0.50000262687098,0.5,0.5,0.49999784851768,1727074220784
155,0.61810774914969,0.33333333333333,0.0,0.57230448338389,0.50000003609992,0.5,0.5,0.49999784851768,1727074220800
155,0.60759721110703,0.33333333333333,0.0,0.57230448338389,0.49999820708593,0.5,0.5,0.49999784851768,1727074220817
155,0.61427044835473,0.33333333333333,0.0,0.57230448338389,0.49999586968881,0.5,0.5,0.49999784851768,1727074223769
155,0.61427044835473,0.33333333333333,0.0,0.57230448338389,0.49999586968881,0.5,0.5,0.49999784851768,1727074224025
155,0.61427044835473,0.33333333333333,0.0,0.57230448338389,0.49999586968881,0.5,0.5,0.49999784851768,1727074224762
155,0.61427044835473,0.33722236587154,0.0,0.57230448338389,0.49999586968881,0.50000788972983,0.5,0.49999784851768,1727074224801
155,0.61427044835473,0.38595652395335,0.0,0.57230448338389,0.49999586968881,0.49999767854066,0.5,0.49999784851768,1727074224817
155,0.61427044835473,0.47954176375412,0.0,0.57230448338389,0.49999586968881,0.49999750445336,0.5,0.49999784851768,1727074224833
155,0.61427044835473,0.6140937132856,0.0,0.57230448338389,0.49999586968881,0.49999910317141,0.5,0.49999784851768,1727074224850
155,0.61427044835473,0.78964273302386,0.0,0.57230448338389,0.49999586968881,0.50000181408396,0.5,0.49999784851768,1727074224866
155,0.61427044835473,1.0000046202225,0.0,0.57230448338389,0.49999586968881,0.49999796219906,0.5,0.49999784851768,1727074224883
155,0.61427044835473,1.0000046202225,0.0,0.57230448338389,0.49999586968881,0.49999796219906,0.5,0.49999784851768,1727074224900
155,0.61427044835473,1.0000046202225,0.0,0.57230448338389,0.49999586968881,0.49999796219906,0.5,0.49999784851768,1727074224917
155,0.61427044835473,1.0000046202225,0.0,0.57230448338389,0.49999586968881,0.49999796219906,0.5,0.49999784851768,1727074225441
155,0.61427044835473,1.0000046202225,0.0,0.57230448338389,0.49999586968881,0.49999796219906,0.5,0.49999784851768,1727074226794
155,0.61427044835473,0.99335339774722,0.0,0.57230448338389,0.49999586968881,0.50000019883293,0.5,0.49999784851768,1727074226841
155,0.61427044835473,0.98669675502152,0.0,0.57230448338389,0.49999586968881,0.49999801734771,0.5,0.49999784851768,1727074226905
155,0.61427044835473,0.98004387661076,0.0,0.57230448338389,0.49999586968881,0.5000010207002,0.5,0.49999784851768,1727074226929
155,0.61427044835473,0.97338292040858,0.0,0.57230448338389,0.49999586968881,0.50000076385692,0.5,0.49999784851768,1727074226936
155,0.61427044835473,0.96672401279729,0.0,0.57230448338389,0.49999586968881,0.49999957593146,0.5,0.49999784851768,1727074226961
155,0.61427044835473,0.96007464416361,0.0,0.57230448338389,0.49999586968881,0.50000103830878,0.5,0.49999784851768,1727074227000
155,0.61427044835473,0.95341102355548,0.0,0.57230448338389,0.49999586968881,0.50000199797059,0.5,0.49999784851768,1727074227017
155,0.61427044835473,0.94011729133565,0.0,0.57230448338389,0.49999586968881,0.50000268020989,0.5,0.49999784851768,1727074227033
155,0.61427044835473,0.93346160969417,0.0,0.57230448338389,0.49999586968881,0.49999996681552,0.5,0.49999784851768,1727074227050
155,0.61427044835473,0.92295686818059,0.0,0.57230448338389,0.49999586968881,0.49999857954713,0.5,0.49999784851768,1727074227066
155,0.61427044835473,0.90965919096389,0.0,0.57230448338389,0.49999586968881,0.50000111605522,0.5,0.49999784851768,1727074227083
155,0.61427044835473,0.90300540431009,0.0,0.57230448338389,0.49999586968881,0.49999741584042,0.5,0.49999784851768,1727074227100
155,0.61427044835473,0.89635375658526,0.0,0.57230448338389,0.49999586968881,0.50000004307722,0.5,0.49999784851768,1727074227153
155,0.61427044835473,0.88969115486812,0.0,0.57230448338389,0.49999586968881,0.50000055768212,0.5,0.49999784851768,1727074227166
155,0.61427044835473,0.88304210164277,0.0,0.57230448338389,0.49999586968881,0.50000197176976,0.5,0.49999784851768,1727074227241
155,0.61427044835473,0.87638457847127,0.0,0.57230448338389,0.49999586968881,0.50000001806792,0.5,0.49999784851768,1727074227265
155,0.61427044835473,0.87255913435572,0.0,0.57230448338389,0.49999586968881,0.49999740277716,0.5,0.49999784851768,1727074227273
155,0.61427044835473,0.86590593316059,0.0,0.57230448338389,0.49999586968881,0.50000086913139,0.5,0.49999784851768,1727074227288
155,0.61427044835473,0.85924435151261,0.0,0.57230448338389,0.49999586968881,0.50000089581599,0.5,0.49999784851768,1727074227333
155,0.61427044835473,0.85259158947114,0.0,0.57230448338389,0.49999586968881,0.49999651275106,0.5,0.49999784851768,1727074227361
155,0.61427044835473,0.85925977266767,0.0,0.57230448338389,0.49999586968881,0.50000087764243,0.5,0.49999784851768,1727074227777
155,0.61427044835473,0.86592758073584,0.0,0.57230448338389,0.49999586968881,0.49999777487318,0.5,0.49999784851768,1727074227816
155,0.61427044835473,0.87259414239559,0.0,0.57230448338389,0.49999586968881,0.50000287679158,0.5,0.49999784851768,1727074227873
155,0.61427044835473,0.87926577614795,0.0,0.57230448338389,0.49999586968881,0.49999793108267,0.5,0.49999784851768,1727074227929
155,0.61427044835473,0.8859338911497,0.0,0.57230448338389,0.49999586968881,0.50000221825326,0.5,0.49999784851768,1727074228025
155,0.61427044835473,0.89260174933431,0.0,0.57230448338389,0.49999586968881,0.49999915591033,0.5,0.49999784851768,1727074228066
155,0.61427044835473,0.89927068827662,0.0,0.57230448338389,0.49999586968881,0.50000299096528,0.5,0.49999784851768,1727074228929
155,0.61427044835473,0.90593897484356,0.0,0.57230448338389,0.49999586968881,0.4999997551775,0.5,0.49999784851768,1727074229065
155,0.61427044835473,0.89928378466827,0.0,0.57230448338389,0.49999586968881,0.49999670839364,0.5,0.49999784851768,1727074229737
155,0.61427044835473,0.89262900114602,0.0,0.57230448338389,0.49999586968881,0.50000085311725,0.5,0.49999784851768,1727074229841
155,0.61427044835473,0.88597244560013,0.0,0.57230448338389,0.49999586968881,0.49999843972596,0.5,0.49999784851768,1727074229929
155,0.61427044835473,0.88597244560013,0.0,0.57230448338389,0.49999586968881,0.49999843972596,0.5,0.49999784851768,1727074230257
155,0.61427044835473,0.88597244560013,0.0,0.57230448338389,0.49999586968881,0.49999843972596,0.5,0.49999784851768,1727074232977
155,0.61427044835473,0.88597244560013,0.0,0.57230448338389,0.49999586968881,0.49999843972596,0.5,0.49999784851768,1727074233489
155,0.60761937937734,0.88597244560013,0.0,0.57230448338389,0.50000256806925,0.49999843972596,0.5,0.49999784851768,1727074233777
155,0.60379882788137,0.88597244560013,0.0,0.57230448338389,0.49999924312026,0.49999843972596,0.5,0.49999784851768,1727074233816
155,0.59714578511715,0.88597244560013,0.0,0.57230448338389,0.50000476623363,0.49999843972596,0.5,0.49999784851768,1727074233833
155,0.59332475263499,0.88597244560013,0.0,0.57230448338389,0.50000109550691,0.49999843972596,0.5,0.49999784851768,1727074235049
155,0.59332475263499,0.88597244560013,0.0,0.57230448338389,0.50000109550691,0.49999843972596,0.5,0.49999784851768,1727074235057
156,0.5,0.0,0.0,0.66666666666667,0.5,0.5,0.5,0.5,1727074238210
156,0.5,0.0,0.00724637339192,0.66666666666667,0.5,0.5,0.49996202307711,0.5,1727074238273
156,0.5,0.0,0.00997095185446,0.66666666666667,0.5,0.5,0.49998974608906,0.5,1727074238297
156,0.5,0.0,0.01721646333817,0.66666666666667,0.5,0.5,0.49997202451181,0.5,1727074238305
156,0.5,0.0,0.02711212487085,0.66666666666667,0.5,0.5,0.49999558956097,0.5,1727074238316
156,0.5,0.0,0.03700959660022,0.66666666666667,0.5,0.5,0.49998443499564,0.5,1727074238333
156,0.5,0.0,0.04690608634796,0.66666666666667,0.5,0.5,0.49999137856244,0.5,1727074238349
156,0.5,0.0,0.0541421845446,0.66666666666667,0.5,0.5,0.49999694331652,0.5,1727074238366
156,0.5,0.0,0.07399671860552,0.66666666666667,0.5,0.5,0.49994003407762,0.5,1727074238383
156,0.5,0.0,0.08123112233406,0.66666666666667,0.5,0.5,0.49997310654783,0.5,1727074238401
156,0.5,0.0,0.08394036749205,0.66666666666667,0.5,0.5,0.49997827691383,0.5,1727074238577
156,0.5,0.0,0.09117835356712,0.66666666666667,0.5,0.5,0.49995448137072,0.5,1727074238584
156,0.5,0.0,0.09842218954939,0.66666666666667,0.5,0.5,0.49996685550855,0.5,1727074238713
156,0.5,0.0,0.10112378037797,0.66666666666667,0.5,0.5,0.49996387549609,0.5,1727074238729
156,0.5,0.0,0.10836128389433,0.66666666666667,0.5,0.5,0.49994857747169,0.5,1727074238744
156,0.5,0.0,0.11560291949639,0.66666666666667,0.5,0.5,0.499992066433,0.5,1727074238782
156,0.5,0.0,0.12548370165348,0.66666666666667,0.5,0.5,0.49998807111085,0.5,1727074238799
156,0.5,0.0,0.14257594361897,0.66666666666667,0.5,0.5,0.49998979686043,0.5,1727074238816
156,0.5,0.0,0.15246662065226,0.66666666666667,0.5,0.5,0.49996384590503,0.5,1727074238833
156,0.5,0.0,0.14524589995463,0.66666666666667,0.5,0.5,0.49997226329213,0.5,1727074239657
156,0.5,0.0,0.13802520188686,0.66666666666667,0.5,0.5,0.49998068804647,0.5,1727074239666
156,0.5,0.0,0.13802520188686,0.66666666666667,0.5,0.5,0.49998068804647,0.5,1727074241553
156,0.5,0.0,0.13802520188686,0.66666666666667,0.5,0.5,0.49998068804647,0.5,1727074242921
156,0.5,0.0,0.13802520188686,0.66284407031181,0.5,0.5,0.49998068804647,0.49999874161083,1727074243001
156,0.5,0.0,0.13802520188686,0.65233734208783,0.5,0.5,0.49998068804647,0.49999931601451,1727074243015
156,0.5,0.0,0.13802520188686,0.61710012732756,0.5,0.5,0.49998068804647,0.49999518994628,1727074243032
156,0.5,0.0,0.13802520188686,0.54749984883646,0.5,0.5,0.49998068804647,0.49999457762981,1727074243049
156,0.5,0.0,0.13802520188686,0.50555232343485,0.5,0.5,0.49998068804647,0.49999888886677,1727074243066
156,0.5,0.0,0.13802520188686,0.47033634682792,0.5,0.5,0.49998068804647,0.49999838144833,1727074243082
156,0.5,0.0,0.13802520188686,0.42469973332795,0.5,0.5,0.49998068804647,0.49999349633038,1727074243099
156,0.5,0.0,0.13802520188686,0.38652989433647,0.5,0.5,0.49998068804647,0.49999257952122,1727074243116
156,0.5,0.0,0.13802520188686,0.35506335962669,0.5,0.5,0.49998068804647,0.50000165943029,1727074243132
156,0.5,0.0,0.13802520188686,0.34456025662286,0.5,0.5,0.49998068804647,0.49999167835627,1727074243149
156,0.5,0.0,0.13802520188686,0.33702371590491,0.5,0.5,0.49998068804647,0.49999337554847,1727074243166
156,0.5,0.0,0.13802520188686,0.33037598390535,0.5,0.5,0.49998068804647,0.49999180049517,1727074243185
156,0.5,0.0,0.13802520188686,0.33037598390535,0.5,0.5,0.49998068804647,0.49999180049517,1727074244441
156,0.5,0.0,0.13802520188686,0.33037598390535,0.5,0.5,0.49998068804647,0.49999180049517,1727074245626
156,0.50388263016348,0.0,0.13802520188686,0.33037598390535,0.5000041736971,0.5,0.49998068804647,0.49999180049517,1727074245697
156,0.52772944951044,0.0,0.13802520188686,0.33037598390535,0.50000451749219,0.5,0.49998068804647,0.49999180049517,1727074245732
156,0.59262844108956,0.0,0.13802520188686,0.33037598390535,0.49999847670447,0.5,0.49998068804647,0.49999180049517,1727074245749
156,0.68084152390166,0.0,0.13802520188686,0.33037598390535,0.50000636988065,0.5,0.49998068804647,0.49999180049517,1727074245765
156,0.78259002599713,0.0,0.13802520188686,0.33037598390535,0.50000288887586,0.5,0.49998068804647,0.49999180049517,1727074245782
156,0.89831730033293,0.0,0.13802520188686,0.33037598390535,0.49999722654727,0.5,0.49998068804647,0.49999180049517,1727074245799
156,1.0,0.0,0.13802520188686,0.33037598390535,0.5,0.5,0.49998068804647,0.49999180049517,1727074245815
156,1.0,0.0,0.13802520188686,0.33037598390535,0.5,0.5,0.49998068804647,0.49999180049517,1727074245832
156,1.0,0.0,0.13802520188686,0.33037598390535,0.5,0.5,0.49998068804647,0.49999180049517,1727074245849
156,1.0,0.0,0.13802520188686,0.33037598390535,0.5,0.5,0.49998068804647,0.49999180049517,1727074245865
156,1.0,0.0,0.13802520188686,0.33037598390535,0.5,0.5,0.49998068804647,0.49999180049517,1727074245882
156,1.0,0.0,0.13802520188686,0.33037598390535,0.5,0.5,0.49998068804647,0.49999180049517,1727074245899
156,1.0,0.0,0.13802520188686,0.33037598390535,0.5,0.5,0.49998068804647,0.49999180049517,1727074245915
156,1.0,0.0,0.13802520188686,0.33037598390535,0.5,0.5,0.49998068804647,0.49999180049517,1727074245969
156,1.0,0.0,0.13802520188686,0.33037598390535,0.5,0.5,0.49998068804647,0.49999180049517,1727074245982
156,1.0,0.0,0.13802520188686,0.33037598390535,0.5,0.5,0.49998068804647,0.49999180049517,1727074245999
156,1.0,0.0,0.13802520188686,0.33037598390535,0.5,0.5,0.49998068804647,0.49999180049517,1727074246016
156,1.0,0.0,0.13802520188686,0.33037598390535,0.5,0.5,0.49998068804647,0.49999180049517,1727074246032
156,1.0,0.0,0.13802520188686,0.33037598390535,0.5,0.5,0.49998068804647,0.49999180049517,1727074246049
156,0.99335014302939,0.0,0.13802520188686,0.33037598390535,0.50000517982279,0.5,0.49998068804647,0.49999180049517,1727074246329
156,0.99335014302939,0.0,0.13802520188686,0.33037598390535,0.50000517982279,0.5,0.49998068804647,0.49999180049517,1727074246329
156,0.99335014302939,0.0,0.13802520188686,0.33037598390535,0.50000517982279,0.5,0.49998068804647,0.49999180049517,1727074247386
156,0.98669102105116,0.0,0.13802520188686,0.33037598390535,0.49999942640274,0.5,0.49998068804647,0.49999180049517,1727074247441
156,0.98003157192333,0.0,0.13802520188686,0.33037598390535,0.50000035978552,0.5,0.49998068804647,0.49999180049517,1727074247513
156,0.96953054732722,0.0,0.13802520188686,0.33037598390535,0.50000337723844,0.5,0.49998068804647,0.49999180049517,1727074247549
156,0.96287823313517,0.0,0.13802520188686,0.33037598390535,0.50000059550319,0.5,0.49998068804647,0.49999180049517,1727074247565
156,0.95904846639009,0.0,0.13802520188686,0.33037598390535,0.50000105452503,0.5,0.49998068804647,0.49999180049517,1727074247582
156,0.94854619768534,0.0,0.13802520188686,0.33037598390535,0.50000355860856,0.5,0.49998068804647,0.49999180049517,1727074247683
156,0.94471870291853,0.0,0.13802520188686,0.33037598390535,0.50000508107769,0.5,0.49998068804647,0.49999180049517,1727074247699
156,0.93805743875049,0.0,0.13802520188686,0.33037598390535,0.4999980974906,0.5,0.49998068804647,0.49999180049517,1727074247865
156,0.93805743875049,0.0,0.13802520188686,0.33037598390535,0.4999980974906,0.5,0.49998068804647,0.49999180049517,1727074248113
156,0.93805743875049,0.0,0.13802520188686,0.33037598390535,0.4999980974906,0.5,0.49998068804647,0.49999180049517,1727074248570
156,0.93805743875049,0.00393625631056,0.13802520188686,0.33037598390535,0.4999980974906,0.50000478784571,0.49998068804647,0.49999180049517,1727074248649
156,0.93805743875049,0.03162548913914,0.13802520188686,0.33037598390535,0.4999980974906,0.49998021882649,0.49998068804647,0.49999180049517,1727074248665
156,0.93805743875049,0.0738466042141,0.13802520188686,0.33037598390535,0.4999980974906,0.49999923327646,0.49998068804647,0.49999180049517,1727074248682
156,0.93805743875049,0.13586578148042,0.13802520188686,0.33037598390535,0.4999980974906,0.49999393754322,0.49998068804647,0.49999180049517,1727074248699
156,0.93805743875049,0.20839923506533,0.13802520188686,0.33037598390535,0.4999980974906,0.50000092000732,0.49998068804647,0.49999180049517,1727074248715
156,0.93805743875049,0.27709245435502,0.13802520188686,0.33037598390535,0.4999980974906,0.49999984659342,0.49998068804647,0.49999180049517,1727074248732
156,0.93805743875049,0.33911237937878,0.13802520188686,0.33037598390535,0.4999980974906,0.49999561354602,0.49998068804647,0.49999180049517,1727074248749
156,0.93805743875049,0.42216276244213,0.13802520188686,0.33037598390535,0.4999980974906,0.50000530553238,0.49998068804647,0.49999180049517,1727074248765
156,0.93805743875049,0.52902451929795,0.13802520188686,0.33037598390535,0.4999980974906,0.50000442318961,0.49998068804647,0.49999180049517,1727074248782
156,0.93805743875049,0.6215898249625,0.13802520188686,0.33037598390535,0.4999980974906,0.49999670465637,0.49998068804647,0.49999180049517,1727074248799
156,0.93805743875049,0.69800124015089,0.13802520188686,0.33037598390535,0.4999980974906,0.49999927876585,0.49998068804647,0.49999180049517,1727074248815
156,0.93805743875049,0.74950972828729,0.13802520188686,0.33037598390535,0.4999980974906,0.49999887695538,0.49998068804647,0.49999180049517,1727074248832
156,0.93805743875049,0.80102585615282,0.13802520188686,0.33037598390535,0.4999980974906,0.50000257721912,0.49998068804647,0.49999180049517,1727074248849
156,0.93805743875049,0.86690693486246,0.13802520188686,0.33037598390535,0.4999980974906,0.50000037389099,0.49998068804647,0.49999180049517,1727074248865
156,0.93805743875049,0.88793263900907,0.13802520188686,0.33037598390535,0.4999980974906,0.5000028210206,0.49998068804647,0.49999180049517,1727074248882
156,0.93805743875049,0.91846149029061,0.13802520188686,0.33037598390535,0.4999980974906,0.50000002272904,0.49998068804647,0.49999180049517,1727074248898
156,0.93805743875049,0.94614127168117,0.13802520188686,0.33037598390535,0.4999980974906,0.49999870474135,0.49998068804647,0.49999180049517,1727074248915
156,0.93805743875049,0.99098665460647,0.13802520188686,0.33037598390535,0.4999980974906,0.49999909404214,0.49998068804647,0.49999180049517,1727074248932
156,0.93805743875049,1.00000396862142,0.13802520188686,0.33037598390535,0.4999980974906,0.49999824959393,0.49998068804647,0.49999180049517,1727074248949
156,0.93805743875049,1.00000396862142,0.13802520188686,0.33037598390535,0.4999980974906,0.49999824959393,0.49998068804647,0.49999180049517,1727074248965
156,0.93805743875049,1.00000396862142,0.13802520188686,0.33037598390535,0.4999980974906,0.49999824959393,0.49998068804647,0.49999180049517,1727074248982
156,0.93805743875049,1.00000396862142,0.13802520188686,0.33037598390535,0.4999980974906,0.49999824959393,0.49998068804647,0.49999180049517,1727074248999
156,0.93805743875049,1.00000396862142,0.13802520188686,0.33037598390535,0.4999980974906,0.49999824959393,0.49998068804647,0.49999180049517,1727074249015
156,0.93805743875049,1.00000396862142,0.13802520188686,0.33037598390535,0.4999980974906,0.49999824959393,0.49998068804647,0.49999180049517,1727074249032
156,0.93805743875049,1.00000396862142,0.13802520188686,0.33037598390535,0.4999980974906,0.49999824959393,0.49998068804647,0.49999180049517,1727074249049
156,0.93805743875049,1.00000396862142,0.13802520188686,0.33037598390535,0.4999980974906,0.49999824959393,0.49998068804647,0.49999180049517,1727074249065
156,0.93805743875049,1.00000396862142,0.13802520188686,0.33037598390535,0.4999980974906,0.49999824959393,0.49998068804647,0.49999180049517,1727074249097
156,0.93805743875049,1.00000396862142,0.13802520188686,0.33037598390535,0.4999980974906,0.49999824959393,0.49998068804647,0.49999180049517,1727074249105
156,0.93805743875049,1.00000396862142,0.13802520188686,0.33037598390535,0.4999980974906,0.49999824959393,0.49998068804647,0.49999180049517,1727074249129
156,0.93805743875049,1.00000396862142,0.13802520188686,0.33037598390535,0.4999980974906,0.49999824959393,0.49998068804647,0.49999180049517,1727074249137
156,0.93805743875049,1.00000396862142,0.13802520188686,0.33037598390535,0.4999980974906,0.49999824959393,0.49998068804647,0.49999180049517,1727074249149
156,0.93805743875049,1.00000396862142,0.13802520188686,0.33037598390535,0.4999980974906,0.49999824959393,0.49998068804647,0.49999180049517,1727074249165
156,0.93805743875049,1.00000396862142,0.13802520188686,0.33037598390535,0.4999980974906,0.49999824959393,0.49998068804647,0.49999180049517,1727074249182
156,0.93805743875049,1.00000396862142,0.13802520188686,0.33037598390535,0.4999980974906,0.49999824959393,0.49998068804647,0.49999180049517,1727074249199
156,0.93805743875049,1.00000396862142,0.13802520188686,0.33037598390535,0.4999980974906,0.49999824959393,0.49998068804647,0.49999180049517,1727074249217
156,0.93805743875049,0.99335253970795,0.13802520188686,0.33037598390535,0.4999980974906,0.50000057930593,0.49998068804647,0.49999180049517,1727074249409
156,0.93805743875049,0.98005249181518,0.13802520188686,0.33037598390535,0.4999980974906,0.49999715922488,0.49998068804647,0.49999180049517,1727074249449
156,0.93805743875049,0.95623242483234,0.13802520188686,0.33037598390535,0.4999980974906,0.49999924327952,0.49998068804647,0.49999180049517,1727074249465
156,0.93805743875049,0.93240725411165,0.13802520188686,0.33037598390535,0.4999980974906,0.49999661758052,0.49998068804647,0.49999180049517,1727074249482
156,0.93805743875049,0.89806857132985,0.13802520188686,0.33037598390535,0.4999980974906,0.49999662265855,0.49998068804647,0.49999180049517,1727074249499
156,0.93805743875049,0.8676122156592,0.13802520188686,0.33037598390535,0.4999980974906,0.50000156327743,0.49998068804647,0.49999180049517,1727074249515
156,0.93805743875049,0.84378840737078,0.13802520188686,0.33037598390535,0.4999980974906,0.49999808863362,0.49998068804647,0.49999180049517,1727074249532
156,0.93805743875049,0.8266174594279,0.13802520188686,0.33037598390535,0.4999980974906,0.49999893750214,0.49998068804647,0.49999180049517,1727074249549
156,0.93805743875049,0.81332119467512,0.13802520188686,0.33037598390535,0.4999980974906,0.50000097594027,0.49998068804647,0.49999180049517,1727074249565
156,0.93805743875049,0.80666759653926,0.13802520188686,0.33037598390535,0.4999980974906,0.50000486623914,0.49998068804647,0.49999180049517,1727074249582
156,0.93805743875049,0.80001796078793,0.13802520188686,0.33037598390535,0.4999980974906,0.4999986473395,0.49998068804647,0.49999180049517,1727074249769
156,0.93805743875049,0.8066865150672,0.13802520188686,0.33037598390535,0.4999980974906,0.49999499536208,0.49998068804647,0.49999180049517,1727074250313
156,0.93805743875049,0.81335453386906,0.13802520188686,0.33037598390535,0.4999980974906,0.49999964343286,0.49998068804647,0.49999180049517,1727074250441
156,0.93805743875049,0.82002108814034,0.13802520188686,0.33037598390535,0.4999980974906,0.49999706125855,0.49998068804647,0.49999180049517,1727074250482
156,0.93805743875049,0.82668676077799,0.13802520188686,0.33037598390535,0.4999980974906,0.5000028403588,0.49998068804647,0.49999180049517,1727074250569
156,0.93805743875049,0.83335506575768,0.13802520188686,0.33037598390535,0.4999980974906,0.49999937933299,0.49998068804647,0.49999180049517,1727074250615
156,0.93805743875049,0.83335506575768,0.13802520188686,0.33037598390535,0.4999980974906,0.49999937933299,0.49998068804647,0.49999180049517,1727074251129
156,0.93805743875049,0.83335506575768,0.13802520188686,0.33037598390535,0.4999980974906,0.49999937933299,0.49998068804647,0.49999180049517,1727074255762
156,0.93805743875049,0.83335506575768,0.14072855684154,0.33037598390535,0.4999980974906,0.49999937933299,0.49995422428003,0.49999180049517,1727074256257
156,0.93805743875049,0.83335506575768,0.14796110964581,0.33037598390535,0.4999980974906,0.49999937933299,0.50000589848037,0.49999180049517,1727074256361
156,0.93805743875049,0.83335506575768,0.14796110964581,0.33037598390535,0.4999980974906,0.49999937933299,0.50000589848037,0.49999180049517,1727074258233
157,0.5,0.16666666666667,0.66666666666667,0.0,0.5,0.5,0.5,0.5,1727074261594
157,0.5,0.16666666666667,0.66932856066313,0.0,0.5,0.5,0.49998998305001,0.5,1727074261689
157,0.5,0.16666666666667,0.67655575899931,0.0,0.5,0.5,0.49999586329056,0.5,1727074261698
157,0.5,0.16666666666667,0.70811228143748,0.0,0.5,0.5,0.49999841753101,0.5,1727074261715
157,0.5,0.16666666666667,0.73707442438494,0.0,0.5,0.5,0.4999977432714,0.5,1727074261731
157,0.5,0.16666666666667,0.76404833839464,0.0,0.5,0.5,0.49999210885516,0.5,1727074261748
157,0.5,0.16666666666667,0.7811413426909,0.0,0.5,0.5,0.49998881964698,0.5,1727074261764
157,0.5,0.16666666666667,0.79822454047674,0.0,0.5,0.5,0.49999374964996,0.5,1727074261781
157,0.5,0.16666666666667,0.80545973661608,0.0,0.5,0.5,0.49999982156238,0.5,1727074261798
157,0.5,0.16666666666667,0.81992592822566,0.0,0.5,0.5,0.49999217378204,0.5,1727074261814
157,0.5,0.16666666666667,0.82258608550454,0.0,0.5,0.5,0.49999359798155,0.5,1727074261905
157,0.5,0.16666666666667,0.82981262143068,0.0,0.5,0.5,0.50000183841864,0.5,1727074261915
157,0.5,0.16666666666667,0.83705003220778,0.0,0.5,0.5,0.49999698979791,0.5,1727074261937
157,0.5,0.16666666666667,0.84427815303263,0.0,0.5,0.5,0.49999749900716,0.5,1727074261961
157,0.5,0.16666666666667,0.85150755197972,0.0,0.5,0.5,0.49999191293902,0.5,1727074261969
157,0.5,0.16666666666667,0.85416811738356,0.0,0.5,0.5,0.49999135753834,0.5,1727074261981
157,0.5,0.16666666666667,0.8613981943699,0.0,0.5,0.5,0.49998265999931,0.5,1727074261998
157,0.5,0.16666666666667,0.86862443872762,0.0,0.5,0.5,0.49999205274183,0.5,1727074262025
157,0.5,0.16666666666667,0.87128523968006,0.0,0.5,0.5,0.49999040320367,0.5,1727074262105
157,0.5,0.16666666666667,0.87851396477666,0.0,0.5,0.5,0.49998812948905,0.5,1727074262115
157,0.5,0.16666666666667,0.88838361888167,0.0,0.5,0.5,0.50000040686155,0.5,1727074262164
157,0.5,0.16666666666667,0.89103591756145,0.0,0.5,0.5,0.50000022090301,0.5,1727074262449
157,0.5,0.16666666666667,0.88380920398302,0.0,0.5,0.5,0.49999323730762,0.5,1727074262464
157,0.5,0.16666666666667,0.87925919982237,0.0,0.5,0.5,0.49998669407011,0.5,1727074262481
157,0.5,0.16666666666667,0.87202736211898,0.0,0.5,0.5,0.5000035133912,0.5,1727074262498
157,0.5,0.16666666666667,0.87468160558055,0.0,0.5,0.5,0.49999424387049,0.5,1727074262515
157,0.5,0.16666666666667,0.87013021870242,0.0,0.5,0.5,0.49999412868946,0.5,1727074262531
157,0.5,0.16666666666667,0.86290289916302,0.0,0.5,0.5,0.49998983144,0.5,1727074262585
157,0.5,0.16666666666667,0.85568108479633,0.0,0.5,0.5,0.49999820043982,0.5,1727074262609
157,0.5,0.16666666666667,0.84845359400894,0.0,0.5,0.5,0.49999469147033,0.5,1727074262649
157,0.5,0.16666666666667,0.84122636213019,0.0,0.5,0.5,0.49998989106229,0.5,1727074262698
157,0.5,0.16666666666667,0.83400556823521,0.0,0.5,0.5,0.49999348809409,0.5,1727074262721
157,0.5,0.16666666666667,0.82677648804019,0.0,0.5,0.5,0.49999762222401,0.5,1727074262785
157,0.5,0.16666666666667,0.82943499782801,0.0,0.5,0.5,0.50000703270314,0.5,1727074262801
157,0.5,0.16666666666667,0.82221023007442,0.0,0.5,0.5,0.49999017111222,0.5,1727074262825
157,0.5,0.16666666666667,0.82486089921827,0.0,0.5,0.5,0.4999979540093,0.5,1727074263049
157,0.5,0.16666666666667,0.81764158397532,0.0,0.5,0.5,0.49999439342308,0.5,1727074263064
157,0.5,0.16666666666667,0.81041515834795,0.0,0.5,0.5,0.49998546197674,0.5,1727074263081
157,0.5,0.16666666666667,0.80318323210917,0.0,0.5,0.5,0.50000381337198,0.5,1727074263105
157,0.5,0.16666666666667,0.80584586812655,0.0,0.5,0.5,0.49999291213473,0.5,1727074263129
157,0.5,0.16666666666667,0.79861710804649,0.0,0.5,0.5,0.4999955514587,0.5,1727074263385
157,0.5,0.16666666666667,0.80127792358707,0.0,0.5,0.5,0.4999937103957,0.5,1727074263401
157,0.5,0.16666666666667,0.79405040733038,0.0,0.5,0.5,0.49999011552784,0.5,1727074263641
157,0.5,0.16666666666667,0.79670289785227,0.0,0.5,0.5,0.49998897717024,0.5,1727074263649
157,0.5,0.16666666666667,0.78948171331985,0.0,0.5,0.5,0.49999469383219,0.5,1727074263681
157,0.5,0.16666666666667,0.78948171331985,0.0,0.5,0.5,0.49999469383219,0.5,1727074264225
157,0.5,0.16666666666667,0.78948171331985,0.0,0.5,0.5,0.49999469383219,0.5,1727074265682
157,0.5,0.16666666666667,0.7822549586773,0.0,0.5,0.5,0.49998719329344,0.5,1727074265761
157,0.5,0.16666666666667,0.78491552506668,0.0,0.5,0.5,0.49998660786814,0.5,1727074265769
157,0.5,0.16666666666667,0.77768653972314,0.0,0.5,0.5,0.49999040673749,0.5,1727074265781
157,0.5,0.16666666666667,0.76593771495322,0.0,0.5,0.5,0.50000031247132,0.5,1727074265798
157,0.5,0.16666666666667,0.76138773400269,0.0,0.5,0.5,0.49999291799789,0.5,1727074265814
157,0.5,0.16666666666667,0.76404808047436,0.0,0.5,0.5,0.49999344347412,0.5,1727074265831
157,0.5,0.16666666666667,0.75681950321047,0.0,0.5,0.5,0.49999524339957,0.5,1727074265848
157,0.5,0.16666666666667,0.75947949987137,0.0,0.5,0.5,0.49999758344046,0.5,1727074265864
157,0.5,0.16666666666667,0.75225267111468,0.0,0.5,0.5,0.49999026719738,0.5,1727074265914
157,0.5,0.16666666666667,0.74502191377677,0.0,0.5,0.5,0.50000356204758,0.5,1727074265931
157,0.5,0.16666666666667,0.74768640502197,0.0,0.5,0.5,0.49998226868047,0.5,1727074265948
157,0.5,0.16666666666667,0.74045592814539,0.0,0.5,0.5,0.49999408044462,0.5,1727074265964
157,0.5,0.16666666666667,0.74045592814539,0.0,0.5,0.5,0.49999408044462,0.5,1727074266457
157,0.5,0.16666666666667,0.74045592814539,0.0,0.5,0.5,0.49999408044462,0.5,1727074268930
157,0.5,0.16666666666667,0.73323430940532,0.0,0.5,0.5,0.50000247893155,0.5,1727074269290
157,0.5,0.16666666666667,0.73588825692072,0.0,0.5,0.5,0.49999348238767,0.5,1727074269361
157,0.5,0.16666666666667,0.72866755333337,0.0,0.5,0.5,0.49999700890433,0.5,1727074269409
157,0.5,0.16666666666667,0.72143982530841,0.0,0.5,0.5,0.49999431372927,0.5,1727074269447
157,0.5,0.16666666666667,0.71422126111275,0.0,0.5,0.5,0.49998625687974,0.5,1727074269473
157,0.5,0.16666666666667,0.70698997833208,0.0,0.5,0.5,0.50000293077404,0.5,1727074269514
157,0.5,0.16666666666667,0.70965403567623,0.0,0.5,0.5,0.49998316777776,0.5,1727074269531
157,0.5,0.16666666666667,0.70242353018522,0.0,0.5,0.5,0.49999561570481,0.5,1727074269610
157,0.5,0.16666666666667,0.69520418148878,0.0,0.5,0.5,0.49999176176659,0.5,1727074271130
157,0.5,0.16666666666667,0.68797701934024,0.0,0.5,0.5,0.49998576442695,0.5,1727074271202
157,0.5,0.16666666666667,0.68075713497697,0.0,0.5,0.5,0.4999847941427,0.5,1727074271426
157,0.5,0.16666666666667,0.68075713497697,0.0,0.5,0.5,0.4999847941427,0.5,1727074272769
157,0.5,0.16666666666667,0.68075713497697,0.0,0.5,0.5,0.4999847941427,0.5,1727074273482
157,0.5,0.16666666666667,0.67815261762485,0.0,0.5,0.5,0.49999252376109,0.5,1727074273513
157,0.5,0.16666666666667,0.67554925395768,0.0,0.5,0.5,0.49999375631182,0.5,1727074273531
157,0.5,0.16666666666667,0.66832136370108,0.0,0.5,0.5,0.49999180663391,0.5,1727074273564
157,0.5,0.16666666666667,0.66109382120438,0.0,0.5,0.5,0.49998782319688,0.5,1727074273581
157,0.5,0.16666666666667,0.65387090638085,0.0,0.5,0.5,0.50000443325282,0.5,1727074273641
157,0.5,0.16666666666667,0.65387090638085,0.0,0.5,0.5,0.50000443325282,0.5,1727074274529
157,0.5,0.16666666666667,0.65387090638085,0.0,0.5,0.5,0.50000443325282,0.5,1727074275139
157,0.5,0.16666666666667,0.66110225318387,0.0,0.5,0.5,0.49998640657214,0.5,1727074275290
157,0.5,0.16666666666667,0.66110225318387,0.0,0.5,0.5,0.49998640657214,0.5,1727074275769
157,0.5,0.16666666666667,0.66110225318387,0.0,0.5,0.5,0.49998640657214,0.5,1727074277282
157,0.5,0.16666666666667,0.663761508548,0.0,0.5,0.5,0.49999327427528,0.5,1727074277458
157,0.5,0.16666666666667,0.66642261127212,0.0,0.5,0.5,0.49998952456776,0.5,1727074277570
157,0.5,0.16666666666667,0.66908264468464,0.0,0.5,0.5,0.49999190147322,0.5,1727074277882
157,0.5,0.16666666666667,0.66908264468464,0.0,0.5,0.5,0.49999190147322,0.5,1727074278153
157,0.5,0.16666666666667,0.66908264468464,0.0,0.5,0.5,0.49999190147322,0.5,1727074281331
157,0.5,0.16666666666667,0.66908264468464,0.0,0.5,0.5,0.49999190147322,0.5,1727074282410
157,0.4894938398769,0.16666666666667,0.66908264468464,0.0,0.50000114231829,0.5,0.49999190147322,0.5,1727074282466
157,0.47899542398319,0.16666666666667,0.66908264468464,0.0,0.49999653921975,0.5,0.49999190147322,0.5,1727074282480
157,0.43334730886377,0.16666666666667,0.66908264468464,0.0,0.49999472566497,0.5,0.49999190147322,0.5,1727074282497
157,0.37423083038848,0.16666666666667,0.66908264468464,0.0,0.50000005401529,0.5,0.49999190147322,0.5,1727074282513
157,0.31512546920427,0.16666666666667,0.66908264468464,0.0,0.50000233387615,0.5,0.49999190147322,0.5,1727074282530
157,0.2351643094023,0.16666666666667,0.66908264468464,0.0,0.49999440746906,0.5,0.49999190147322,0.5,1727074282547
157,0.1388156977409,0.16666666666667,0.66908264468464,0.0,0.50000044400246,0.5,0.49999190147322,0.5,1727074282563
157,0.05900260992025,0.16666666666667,0.66908264468464,0.0,0.49997720696557,0.5,0.49999190147322,0.5,1727074282580
157,0.0,0.16666666666667,0.66908264468464,0.0,0.5,0.5,0.49999190147322,0.5,1727074282597
157,0.0,0.16666666666667,0.66908264468464,0.0,0.5,0.5,0.49999190147322,0.5,1727074282613
157,0.0,0.16666666666667,0.66908264468464,0.0,0.5,0.5,0.49999190147322,0.5,1727074282630
157,0.0,0.16666666666667,0.66908264468464,0.0,0.5,0.5,0.49999190147322,0.5,1727074282647
157,0.0,0.16666666666667,0.66908264468464,0.0,0.5,0.5,0.49999190147322,0.5,1727074282663
157,0.0,0.16666666666667,0.66908264468464,0.0,0.5,0.5,0.49999190147322,0.5,1727074282680
157,0.0,0.16666666666667,0.66908264468464,0.0,0.5,0.5,0.49999190147322,0.5,1727074282697
157,0.0,0.16666666666667,0.66908264468464,0.0,0.5,0.5,0.49999190147322,0.5,1727074282713
157,0.0,0.16666666666667,0.66908264468464,0.0,0.5,0.5,0.49999190147322,0.5,1727074282730
157,0.0,0.16666666666667,0.66908264468464,0.0,0.5,0.5,0.49999190147322,0.5,1727074282747
157,0.0,0.16666666666667,0.66908264468464,0.0,0.5,0.5,0.49999190147322,0.5,1727074282763
157,0.0,0.16666666666667,0.66908264468464,0.0,0.5,0.5,0.49999190147322,0.5,1727074282780
157,0.0,0.16666666666667,0.66908264468464,0.0,0.5,0.5,0.49999190147322,0.5,1727074282797
157,0.0,0.16666666666667,0.66908264468464,0.0,0.5,0.5,0.49999190147322,0.5,1727074282813
157,0.0,0.16666666666667,0.66908264468464,0.0,0.5,0.5,0.49999190147322,0.5,1727074282873
157,0.0,0.16666666666667,0.66908264468464,0.0,0.5,0.5,0.49999190147322,0.5,1727074285979
157,0.0,0.16666666666667,0.66908264468464,0.00669317667738,0.5,0.5,0.49999190147322,0.50000186641628,1727074286074
157,0.0,0.16666666666667,0.66908264468464,0.01338555048205,0.5,0.5,0.49999190147322,0.50000195738137,1727074286081
157,0.0,0.16666666666667,0.66908264468464,0.02681166583274,0.5,0.5,0.49999190147322,0.4999925932425,1727074286097
157,0.0,0.16666666666667,0.66908264468464,0.06762081530844,0.5,0.5,0.49999190147322,0.50000942661591,1727074286113
157,0.0,0.16666666666667,0.66908264468464,0.12218791614383,0.5,0.5,0.49999190147322,0.50000488946894,1727074286130
157,0.0,0.16666666666667,0.66908264468464,0.16281048764767,0.5,0.5,0.49999190147322,0.50001400671465,1727074286147
157,0.0,0.16666666666667,0.66908264468464,0.19652963609599,0.5,0.5,0.49999190147322,0.50000809857262,1727074286163
157,0.0,0.16666666666667,0.66908264468464,0.22343207280365,0.5,0.5,0.49999190147322,0.50000151805749,1727074286180
157,0.0,0.16666666666667,0.66908264468464,0.23681975885582,0.5,0.5,0.49999190147322,0.50000495386942,1727074286196
157,0.0,0.16666666666667,0.66908264468464,0.24349082218742,0.5,0.5,0.49999190147322,0.49999834039019,1727074286213
157,0.0,0.16666666666667,0.66908264468464,0.25016743399504,0.5,0.5,0.49999190147322,0.49999801943501,1727074286230
157,0.0,0.16666666666667,0.66908264468464,0.25684306230544,0.5,0.5,0.49999190147322,0.50001337198913,1727074286247
157,0.0,0.16666666666667,0.66908264468464,0.27021838262287,0.5,0.5,0.49999190147322,0.50000317729366,1727074286263
157,0.0,0.16666666666667,0.66908264468464,0.283601997434,0.5,0.5,0.49999190147322,0.50000206378979,1727074286280
157,0.0,0.16666666666667,0.66908264468464,0.29028217244718,0.5,0.5,0.49999190147322,0.50000535669135,1727074286296
157,0.0,0.16666666666667,0.66908264468464,0.29695105530966,0.5,0.5,0.49999190147322,0.4999971868153,1727074286313
157,0.0,0.16666666666667,0.66908264468464,0.31032614238675,0.5,0.5,0.49999190147322,0.50000301623821,1727074286330
157,0.0,0.16666666666667,0.66908264468464,0.31700401938398,0.5,0.5,0.49999190147322,0.50000390826144,1727074286353
157,0.0,0.16666666666667,0.66908264468464,0.32088237088929,0.5,0.5,0.49999190147322,0.50000526120918,1727074286434
157,0.0,0.16666666666667,0.66908264468464,0.32756006683359,0.5,0.5,0.49999190147322,0.50000593814311,1727074286447
157,0.0,0.16666666666667,0.66908264468464,0.36117534902939,0.5,0.5,0.49999190147322,0.50000551914932,1727074286463
157,0.0,0.16666666666667,0.66908264468464,0.37454508995674,0.5,0.5,0.49999190147322,0.50000585135018,1727074286480
157,0.0,0.16666666666667,0.66908264468464,0.38121828499875,0.5,0.5,0.49999190147322,0.5000025332978,1727074286496
157,0.0,0.16666666666667,0.66908264468464,0.38509796765745,0.5,0.5,0.49999190147322,0.50000491341161,1727074286513
157,0.0,0.16666666666667,0.66908264468464,0.37844419671925,0.5,0.5,0.49999190147322,0.49999828302784,1727074287626
157,0.0,0.16666666666667,0.66908264468464,0.37180376638435,0.5,0.5,0.49999190147322,0.50000333950115,1727074287682
157,0.0,0.16666666666667,0.66908264468464,0.36514749128466,0.5,0.5,0.49999190147322,0.50000809293359,1727074287698
157,0.0,0.16666666666667,0.66908264468464,0.35849982143033,0.5,0.5,0.49999190147322,0.5000068077791,1727074287721
157,0.0,0.16666666666667,0.66908264468464,0.35849982143033,0.5,0.5,0.49999190147322,0.5000068077791,1727074289154
158,0.66666666666667,0.5,0.83333333333333,0.0,0.5,0.5,0.5,0.5,1727074291355
158,0.66666666666667,0.5,0.81624899100214,0.0,0.5,0.5,0.49999918867378,0.5,1727074291426
158,0.66666666666667,0.5,0.79916326584154,0.0,0.5,0.5,0.50000707232727,0.5,1727074291434
158,0.66666666666667,0.5,0.77484466967526,0.0,0.5,0.5,0.49999721024017,0.5,1727074291446
158,0.66666666666667,0.5,0.71636571614266,0.0,0.5,0.5,0.49998776690022,0.5,1727074291463
158,0.66666666666667,0.5,0.64079912133071,0.0,0.5,0.5,0.49999725536504,0.5,1727074291480
158,0.66666666666667,0.5,0.55798862767149,0.0,0.5,0.5,0.50000405928784,0.5,1727074291496
158,0.66666666666667,0.5,0.48968473983387,0.0,0.5,0.5,0.50000476620509,0.5,1727074291513
158,0.66666666666667,0.5,0.39964806185642,0.0,0.5,0.5,0.49999777320706,0.5,1727074291530
158,0.66666666666667,0.5,0.3339329689379,0.0,0.5,0.5,0.49997975262408,0.5,1727074291546
158,0.66666666666667,0.5,0.25377507448144,0.0,0.5,0.5,0.49998434527375,0.5,1727074291563
158,0.66666666666667,0.5,0.17822561740711,0.0,0.5,0.5,0.49999409670774,0.5,1727074291580
158,0.66666666666667,0.5,0.12516438864831,0.0,0.5,0.5,0.49998889557593,0.5,1727074291596
158,0.66666666666667,0.5,0.08927639078608,0.0,0.5,0.5,0.49999775810869,0.5,1727074291613
158,0.66666666666667,0.5,0.04064631343757,0.0,0.5,0.5,0.49994598832664,0.5,1727074291630
158,0.66666666666667,0.5,0.0,0.0,0.5,0.5,0.5,0.5,1727074291646
158,0.66666666666667,0.5,0.0,0.0,0.5,0.5,0.5,0.5,1727074291663
158,0.66666666666667,0.5,0.0,0.0,0.5,0.5,0.5,0.5,1727074291680
158,0.66666666666667,0.5,0.0,0.0,0.5,0.5,0.5,0.5,1727074291696
158,0.66666666666667,0.5,0.0,0.0,0.5,0.5,0.5,0.5,1727074291713
158,0.66666666666667,0.5,0.0,0.0,0.5,0.5,0.5,0.5,1727074291730
158,0.66666666666667,0.5,0.0,0.0,0.5,0.5,0.5,0.5,1727074291746
158,0.66666666666667,0.5,0.0,0.0,0.5,0.5,0.5,0.5,1727074291763
158,0.66666666666667,0.5,0.0,0.0,0.5,0.5,0.5,0.5,1727074291780
158,0.66666666666667,0.5,0.0,0.0,0.5,0.5,0.5,0.5,1727074291796
158,0.66666666666667,0.5,0.0,0.0,0.5,0.5,0.5,0.5,1727074291813
158,0.66666666666667,0.5,0.0,0.0,0.5,0.5,0.5,0.5,1727074291829
158,0.66666666666667,0.5,0.0,0.0,0.5,0.5,0.5,0.5,1727074291882
158,0.66666666666667,0.5,0.0,0.0,0.5,0.5,0.5,0.5,1727074292811
158,0.66284639469421,0.5,0.0,0.0,0.50000014546418,0.5,0.5,0.5,1727074292866
158,0.65902657605166,0.5,0.0,0.0,0.49999745681519,0.5,0.5,0.5,1727074292881
158,0.65520483194054,0.5,0.0,0.0,0.5000029429649,0.5,0.5,0.5,1727074292896
158,0.62302647922393,0.5,0.0,0.0,0.49999729079621,0.5,0.5,0.5,1727074292913
158,0.53892819364709,0.5,0.0,0.0,0.50000357573066,0.5,0.5,0.5,1727074292930
158,0.48652251207461,0.5,0.0,0.0,0.49999957717877,0.5,0.5,0.5,1727074292946
158,0.40264167320392,0.5,0.0,0.0,0.50000921127008,0.5,0.5,0.5,1727074292963
158,0.31548630021029,0.5,0.0,0.0,0.50000914234407,0.5,0.5,0.5,1727074292979
158,0.20788808247958,0.5,0.0,0.0,0.50001343663747,0.5,0.5,0.5,1727074292996
158,0.08672773692541,0.5,0.0,0.0,0.5000076298674,0.5,0.5,0.5,1727074293013
158,0.0,0.5,0.0,0.0,0.5,0.5,0.5,0.5,1727074293029
158,0.0,0.5,0.0,0.0,0.5,0.5,0.5,0.5,1727074293046
158,0.0,0.5,0.0,0.0,0.5,0.5,0.5,0.5,1727074293063
158,0.0,0.5,0.0,0.0,0.5,0.5,0.5,0.5,1727074293079
158,0.0,0.5,0.0,0.0,0.5,0.5,0.5,0.5,1727074293096
158,0.0,0.5,0.0,0.0,0.5,0.5,0.5,0.5,1727074293113
158,0.0,0.5,0.0,0.0,0.5,0.5,0.5,0.5,1727074293130
158,0.0,0.5,0.0,0.0,0.5,0.5,0.5,0.5,1727074293146
158,0.0,0.5,0.0,0.0,0.5,0.5,0.5,0.5,1727074293163
158,0.0,0.5,0.0,0.0,0.5,0.5,0.5,0.5,1727074293179
158,0.0,0.5,0.0,0.0,0.5,0.5,0.5,0.5,1727074293257
158,0.0,0.5,0.0,0.0,0.5,0.5,0.5,0.5,1727074294082
158,0.0,0.50667096026487,0.0,0.0,0.5,0.50000434465586,0.5,0.5,1727074294138
158,0.0,0.51718719451261,0.0,0.0,0.5,0.49999814654498,0.5,0.5,1727074294154
158,0.0,0.52386016866905,0.0,0.0,0.5,0.50000097589515,0.5,0.5,1727074294163
158,0.0,0.56870904801377,0.0,0.0,0.5,0.49999908705081,0.5,0.5,1727074294179
158,0.0,0.61355651444384,0.0,0.0,0.5,0.49999829645819,0.5,0.5,1727074294196
158,0.0,0.70324768034393,0.0,0.0,0.5,0.49999911712122,0.5,0.5,1727074294213
158,0.0,0.81677899127057,0.0,0.0,0.5,0.50000290663698,0.5,0.5,1727074294229
158,0.0,0.93699106303279,0.0,0.0,0.5,0.49999700522466,0.5,0.5,1727074294246
158,0.0,1.0,0.0,0.0,0.5,0.5,0.5,0.5,1727074294263
158,0.0,1.0,0.0,0.0,0.5,0.5,0.5,0.5,1727074294279
158,0.0,1.0,0.0,0.0,0.5,0.5,0.5,0.5,1727074294296
158,0.0,1.0,0.0,0.0,0.5,0.5,0.5,0.5,1727074294313
158,0.0,0.99334912906582,0.0,0.0,0.5,0.49999526978581,0.5,0.5,1727074294674
158,0.0,0.98669011781728,0.0,0.0,0.5,0.50000097626861,0.5,0.5,1727074294689
158,0.0,0.98003242817239,0.0,0.0,0.5,0.49999925642428,0.5,0.5,1727074294697
158,0.0,0.97338130183897,0.0,0.0,0.5,0.5000014932828,0.5,0.5,1727074294713
158,0.0,0.95345171353862,0.0,0.0,0.5,0.49999745297902,0.5,0.5,1727074294730
158,0.0,0.91527870263418,0.0,0.0,0.5,0.49999915803739,0.5,0.5,1727074294746
158,0.0,0.90197866358086,0.0,0.0,0.5,0.49999548552876,0.5,0.5,1727074294763
158,0.0,0.89147199766373,0.0,0.0,0.5,0.49999494823212,0.5,0.5,1727074294779
158,0.0,0.8848184821232,0.0,0.0,0.5,0.49999849513834,0.5,0.5,1727074294796
158,0.0,0.87431094733195,0.0,0.0,0.5,0.49999840383294,0.5,0.5,1727074294813
158,0.0,0.85048793971609,0.0,0.0,0.5,0.5000021882958,0.5,0.5,1727074294829
158,0.0,0.82667257814107,0.0,0.0,0.5,0.49999434695002,0.5,0.5,1727074294846
158,0.0,0.81617021198836,0.0,0.0,0.5,0.49999949260039,0.5,0.5,1727074294863
158,0.0,0.80951444269987,0.0,0.0,0.5,0.49999648736989,0.5,0.5,1727074294879
158,0.0,0.80286228378578,0.0,0.0,0.5,0.4999996097127,0.5,0.5,1727074294946
158,0.0,0.80952427595816,0.0,0.0,0.5,0.49999937607603,0.5,0.5,1727074296202
158,0.0,0.81618964942236,0.0,0.0,0.5,0.49999739689059,0.5,0.5,1727074296246
158,0.0,0.81618964942236,0.0,0.0,0.5,0.49999739689059,0.5,0.5,1727074297602
158,0.0,0.81618964942236,0.0,0.0,0.5,0.49999739689059,0.5,0.5,1727074298899
158,0.0,0.81618964942236,0.0,0.00669026496862,0.5,0.49999739689059,0.5,0.49999561255641,1727074298912
158,0.0,0.81618964942236,0.0,0.0133768638071,0.5,0.49999739689059,0.5,0.49998377348119,1727074298945
158,0.0,0.81618964942236,0.0,0.02006774379962,0.5,0.49999739689059,0.5,0.49998126088865,1727074298962
158,0.0,0.81618964942236,0.0,0.02674923079212,0.5,0.49999739689059,0.5,0.49999080543293,1727074298979
158,0.0,0.81618964942236,0.0,0.04018391533043,0.5,0.49999739689059,0.5,0.4999986699461,1727074298996
158,0.0,0.81618964942236,0.0,0.06038125914288,0.5,0.49999739689059,0.5,0.4999940383114,1727074299012
158,0.0,0.81618964942236,0.0,0.09422160648129,0.5,0.49999739689059,0.5,0.49998532424797,1727074299029
158,0.0,0.81618964942236,0.0,0.12803064619549,0.5,0.49999739689059,0.5,0.49999982056235,1727074299046
158,0.0,0.81618964942236,0.0,0.15496950285536,0.5,0.49999739689059,0.5,0.50000037042036,1727074299062
158,0.0,0.81618964942236,0.0,0.18188106838562,0.5,0.49999739689059,0.5,0.49998565211147,1727074299079
158,0.0,0.81618964942236,0.0,0.19527606922986,0.5,0.49999739689059,0.5,0.4999989427892,1727074299096
158,0.0,0.81618964942236,0.0,0.20866300020467,0.5,0.49999739689059,0.5,0.50000175706517,1727074299113
158,0.0,0.81618964942236,0.0,0.21533994913997,0.5,0.49999739689059,0.5,0.5000017624906,1727074299129
158,0.0,0.81618964942236,0.0,0.22201566187722,0.5,0.49999739689059,0.5,0.50000032385033,1727074299153
158,0.0,0.81618964942236,0.0,0.22868914845945,0.5,0.49999739689059,0.5,0.49999636135826,1727074299169
158,0.0,0.81618964942236,0.0,0.23536817896264,0.5,0.49999739689059,0.5,0.49999880525415,1727074299185
158,0.0,0.81618964942236,0.0,0.24205090641701,0.5,0.49999739689059,0.5,0.50000532511044,1727074299196
158,0.0,0.81618964942236,0.0,0.2487208668376,0.5,0.49999739689059,0.5,0.49999755677983,1727074299213
158,0.0,0.81618964942236,0.0,0.25539943849922,0.5,0.49999739689059,0.5,0.49999938747122,1727074299229
158,0.0,0.81618964942236,0.0,0.26878201140887,0.5,0.49999739689059,0.5,0.49999723265607,1727074299246
158,0.0,0.81618964942236,0.0,0.27545474657262,0.5,0.49999739689059,0.5,0.49999287365327,1727074299298
158,0.0,0.81618964942236,0.0,0.28213527105404,0.5,0.49999739689059,0.5,0.49999669443453,1727074299314
158,0.0,0.81618964942236,0.0,0.28880978468473,0.5,0.49999739689059,0.5,0.49999426994644,1727074299330
158,0.0,0.81618964942236,0.0,0.29548545223095,0.5,0.49999739689059,0.5,0.4999930710859,1727074299346
158,0.0,0.81618964942236,0.0,0.30215849944827,0.5,0.49999739689059,0.5,0.49998928476783,1727074299402
158,0.0,0.81618964942236,0.0,0.30883274524293,0.5,0.49999739689059,0.5,0.50000194947763,1727074299426
158,0.0,0.81618964942236,0.0,0.3155092774957,0.5,0.49999739689059,0.5,0.5000015454381,1727074299474
158,0.0,0.81618964942236,0.0,0.32218394117831,0.5,0.49999739689059,0.5,0.49999935036721,1727074299512
158,0.0,0.81618964942236,0.0,0.32885919975042,0.5,0.49999739689059,0.5,0.49999777251551,1727074299537
158,0.0,0.81618964942236,0.0,0.33553526108954,0.5,0.49999739689059,0.5,0.49999698651522,1727074299642
158,0.0,0.81618964942236,0.0,0.34220656835495,0.5,0.49999739689059,0.5,0.49999179227071,1727074300210
158,0.0,0.81618964942236,0.0,0.34887851974334,0.5,0.49999739689059,0.5,0.50000146989394,1727074300225
158,0.0,0.81618964942236,0.0,0.3555550929293,0.5,0.49999739689059,0.5,0.50000113512897,1727074300266
158,0.0,0.81618964942236,0.0,0.36222586390405,0.5,0.49999739689059,0.5,0.49999558259116,1727074300314
158,0.0,0.81618964942236,0.0,0.3689021963154,0.5,0.49999739689059,0.5,0.49999510406669,1727074300370
158,0.0,0.81618964942236,0.0,0.37558122219126,0.5,0.49999739689059,0.5,0.49999700955343,1727074300394
158,0.0,0.81618964942236,0.0,0.38224863824686,0.5,0.49999739689059,0.5,0.50000216642781,1727074300401
158,0.0,0.81618964942236,0.0,0.388921796118,0.5,0.49999739689059,0.5,0.4999988947863,1727074300418
158,0.0,0.81618964942236,0.0,0.39559634884625,0.5,0.49999739689059,0.5,0.4999968819705,1727074300429
158,0.0,0.81618964942236,0.0,0.4224167350953,0.5,0.49999739689059,0.5,0.50000110728704,1727074300446
158,0.0,0.81618964942236,0.0,0.43577892938524,0.5,0.49999739689059,0.5,0.49999542875997,1727074300463
158,0.0,0.81618964942236,0.0,0.44915163600491,0.5,0.49999739689059,0.5,0.49999825714547,1727074300479
158,0.0,0.81618964942236,0.0,0.46251761376878,0.5,0.49999739689059,0.5,0.49999577273793,1727074300496
158,0.0,0.81618964942236,0.0,0.46251761376878,0.5,0.49999739689059,0.5,0.49999577273793,1727074303482
159,0.16666666666667,0.66666666666667,0.0,0.0,0.5,0.5,0.5,0.5,1727074306451
159,0.16666666666667,0.66666666666667,0.0,0.0,0.5,0.5,0.5,0.5,1727074306458
159,0.16666666666667,0.66666666666667,0.00724619972272,0.0,0.5,0.5,0.4999655653614,0.5,1727074306466
159,0.16666666666667,0.66666666666667,0.02175288040077,0.0,0.5,0.5,0.49994579721491,0.5,1727074306482
159,0.16666666666667,0.66666666666667,0.03884357836552,0.0,0.5,0.5,0.49997869154716,0.5,1727074306496
159,0.16666666666667,0.66666666666667,0.07304267559908,0.0,0.5,0.5,0.50001244593356,0.5,1727074306512
159,0.16666666666667,0.66666666666667,0.13430790345126,0.0,0.5,0.5,0.49999227360021,0.5,1727074306529
159,0.16666666666667,0.66666666666667,0.23272887679254,0.0,0.5,0.5,0.49998405127582,0.5,1727074306546
159,0.16666666666667,0.66666666666667,0.40889243729905,0.0,0.5,0.5,0.49997868535066,0.5,1727074306562
159,0.16666666666667,0.66666666666667,0.56443306735327,0.0,0.5,0.5,0.49999068293639,0.5,1727074306579
159,0.16666666666667,0.66666666666667,0.73402878790083,0.0,0.5,0.5,0.50000014046713,0.5,1727074306595
159,0.16666666666667,0.66666666666667,0.92238790913713,0.0,0.5,0.5,0.50000165975538,0.5,1727074306612
159,0.16666666666667,0.66666666666667,1.0,0.0,0.5,0.5,0.5,0.5,1727074306629
159,0.16666666666667,0.66666666666667,1.0,0.0,0.5,0.5,0.5,0.5,1727074306646
159,0.16666666666667,0.66666666666667,1.0,0.0,0.5,0.5,0.5,0.5,1727074306662
159,0.16666666666667,0.66666666666667,1.0,0.0,0.5,0.5,0.5,0.5,1727074306679
159,0.16666666666667,0.66666666666667,1.0,0.0,0.5,0.5,0.5,0.5,1727074306695
159,0.16666666666667,0.66666666666667,1.0,0.0,0.5,0.5,0.5,0.5,1727074306712
159,0.16666666666667,0.66666666666667,1.0,0.0,0.5,0.5,0.5,0.5,1727074306729
159,0.16666666666667,0.66666666666667,1.0,0.0,0.5,0.5,0.5,0.5,1727074306946
159,0.16666666666667,0.66666666666667,1.0,0.0,0.5,0.5,0.5,0.5,1727074308403
159,0.16666666666667,0.66666666666667,1.0,0.00669669441807,0.5,0.5,0.5,0.50000942170997,1727074308490
159,0.16666666666667,0.66666666666667,1.0,0.02691745396376,0.5,0.5,0.5,0.49998880492938,1727074308498
159,0.16666666666667,0.66666666666667,1.0,0.05079517760575,0.5,0.5,0.5,0.50001935943147,1727074308512
159,0.16666666666667,0.66666666666667,1.0,0.11566499847239,0.5,0.5,0.5,0.50000521679933,1727074308529
159,0.16666666666667,0.66666666666667,1.0,0.17348625025855,0.5,0.5,0.5,0.4999921139206,1727074308545
159,0.16666666666667,0.66666666666667,1.0,0.26217165992876,0.5,0.5,0.5,0.50000261487487,1727074308562
159,0.16666666666667,0.66666666666667,1.0,0.30992418295322,0.5,0.5,0.5,0.5000010890513,1727074308579
159,0.16666666666667,0.66666666666667,1.0,0.35034362538136,0.5,0.5,0.5,0.50000474223697,1727074308595
159,0.16666666666667,0.66666666666667,1.0,0.37418730390064,0.5,0.5,0.5,0.50000237469662,1727074308612
159,0.16666666666667,0.66666666666667,1.0,0.39803882015842,0.5,0.5,0.5,0.5000068494351,1727074308629
159,0.16666666666667,0.66666666666667,1.0,0.4114067573706,0.5,0.5,0.5,0.50000563273242,1727074308645
159,0.16666666666667,0.66666666666667,1.0,0.41807798159793,0.5,0.5,0.5,0.50000087354034,1727074308662
159,0.16666666666667,0.66666666666667,1.0,0.43524691537996,0.5,0.5,0.5,0.50000061270686,1727074308679
159,0.16666666666667,0.66666666666667,1.0,0.44192047811342,0.5,0.5,0.5,0.49999792924218,1727074308697
159,0.16666666666667,0.66666666666667,1.0,0.44859576443603,0.5,0.5,0.5,0.50000879876203,1727074308713
159,0.16666666666667,0.66666666666667,1.0,0.45526935432496,0.5,0.5,0.5,0.50000610986899,1727074308729
159,0.16666666666667,0.66666666666667,1.0,0.46193939274534,0.5,0.5,0.5,0.50000072113036,1727074308745
159,0.16666666666667,0.66666666666667,1.0,0.47245153105993,0.5,0.5,0.5,0.50000410354121,1727074308762
159,0.16666666666667,0.66666666666667,1.0,0.47245153105993,0.5,0.5,0.5,0.50000410354121,1727074311555
159,0.16666666666667,0.66666666666667,1.0,0.47245153105993,0.5,0.5,0.5,0.50000410354121,1727074312659
159,0.17334484858972,0.66666666666667,1.0,0.47245153105993,0.50000831794003,0.5,0.5,0.50000410354121,1727074312698
159,0.18002452122859,0.66666666666667,1.0,0.47245153105993,0.49999198949757,0.5,0.5,0.50000410354121,1727074312722
159,0.18670770887324,0.66666666666667,1.0,0.47245153105993,0.50000002091344,0.5,0.5,0.50000410354121,1727074312729
159,0.19337337363534,0.66666666666667,1.0,0.47245153105993,0.49998602097525,0.5,0.5,0.50000410354121,1727074312746
159,0.21055332098157,0.66666666666667,1.0,0.47245153105993,0.49999937131562,0.5,0.5,0.50000410354121,1727074312762
159,0.2374418837217,0.66666666666667,1.0,0.47245153105993,0.49999517020083,0.5,0.5,0.50000410354121,1727074312778
159,0.27110298938465,0.66666666666667,1.0,0.47245153105993,0.49999502428257,0.5,0.5,0.50000410354121,1727074312795
159,0.30474566730244,0.66666666666667,1.0,0.47245153105993,0.49999187150356,0.5,0.5,0.50000410354121,1727074312812
159,0.33836794361811,0.66666666666667,1.0,0.47245153105993,0.49999879387747,0.5,0.5,0.50000410354121,1727074312828
159,0.38916543501928,0.66666666666667,1.0,0.47245153105993,0.49999672587312,0.5,0.5,0.50000410354121,1727074312845
159,0.43317863647335,0.66666666666667,1.0,0.47245153105993,0.49999517497892,0.5,0.5,0.50000410354121,1727074312862
159,0.48762820842511,0.66666666666667,1.0,0.47245153105993,0.49999808596395,0.5,0.5,0.50000410354121,1727074312878
159,0.52489059363921,0.66666666666667,1.0,0.47245153105993,0.49999878046354,0.5,0.5,0.50000410354121,1727074312895
159,0.55843040239027,0.66666666666667,1.0,0.47245153105993,0.49999974982418,0.5,0.5,0.50000410354121,1727074312912
159,0.59195168142712,0.66666666666667,1.0,0.47245153105993,0.49999858248766,0.5,0.5,0.50000410354121,1727074312928
159,0.62547071033838,0.66666666666667,1.0,0.47245153105993,0.49999608751466,0.5,0.5,0.50000410354121,1727074312945
159,0.65898335567886,0.66666666666667,1.0,0.47245153105993,0.49999923594607,0.5,0.5,0.50000410354121,1727074312962
159,0.67904531045247,0.66666666666667,1.0,0.47245153105993,0.4999994994998,0.5,0.5,0.50000410354121,1727074312978
159,0.68570787317896,0.66666666666667,1.0,0.47245153105993,0.5000001065712,0.5,0.5,0.50000410354121,1727074312995
159,0.692379953947,0.66666666666667,1.0,0.47245153105993,0.49999727287564,0.5,0.5,0.50000410354121,1727074313058
159,0.69905514708443,0.66666666666667,1.0,0.47245153105993,0.49999628709163,0.5,0.5,0.50000410354121,1727074313066
159,0.70572450505352,0.66666666666667,1.0,0.47245153105993,0.50000082384554,0.5,0.5,0.50000410354121,1727074313078
159,0.71238694021902,0.66666666666667,1.0,0.47245153105993,0.49999251834101,0.5,0.5,0.50000410354121,1727074313095
159,0.72574492029422,0.66666666666667,1.0,0.47245153105993,0.49999495657959,0.5,0.5,0.50000410354121,1727074313112
159,0.73241394813857,0.66666666666667,1.0,0.47245153105993,0.49999919385164,0.5,0.5,0.50000410354121,1727074313128
159,0.76294544959535,0.66666666666667,1.0,0.47245153105993,0.4999954298904,0.5,0.5,0.50000410354121,1727074313145
159,0.79347027660558,0.66666666666667,1.0,0.47245153105993,0.49999648826069,0.5,0.5,0.50000410354121,1727074313162
159,0.8068209572093,0.66666666666667,1.0,0.47245153105993,0.49999488119604,0.5,0.5,0.50000410354121,1727074313178
159,0.82017486747764,0.66666666666667,1.0,0.47245153105993,0.49999497810018,0.5,0.5,0.50000410354121,1727074313195
159,0.83068775200239,0.66666666666667,1.0,0.47245153105993,0.49999767584555,0.5,0.5,0.50000410354121,1727074313212
159,0.83735301927829,0.66666666666667,1.0,0.47245153105993,0.49999958074296,0.5,0.5,0.50000410354121,1727074313314
159,0.85740140002756,0.66666666666667,1.0,0.47245153105993,0.50000069701509,0.5,0.5,0.50000410354121,1727074313328
159,0.9118062532662,0.66666666666667,1.0,0.47245153105993,0.49999566676182,0.5,0.5,0.50000410354121,1727074313345
159,1.0,0.66666666666667,1.0,0.47245153105993,0.5,0.5,0.5,0.50000410354121,1727074313362
159,1.0,0.66666666666667,1.0,0.47245153105993,0.5,0.5,0.5,0.50000410354121,1727074313378
159,1.0,0.66666666666667,1.0,0.47245153105993,0.5,0.5,0.5,0.50000410354121,1727074313395
159,0.98282911728754,0.66666666666667,1.0,0.47245153105993,0.49999926124048,0.5,0.5,0.50000410354121,1727074314186
159,0.97899604050844,0.66666666666667,1.0,0.47245153105993,0.49999822376701,0.5,0.5,0.50000410354121,1727074314195
159,0.96182594068817,0.66666666666667,1.0,0.47245153105993,0.49999780321849,0.5,0.5,0.50000410354121,1727074314212
159,0.93415274346095,0.66666666666667,1.0,0.47245153105993,0.49999948659787,0.5,0.5,0.50000410354121,1727074314228
159,0.91315260227354,0.66666666666667,1.0,0.47245153105993,0.49999941040646,0.5,0.5,0.50000410354121,1727074314245
159,0.89214931022838,0.66666666666667,1.0,0.47245153105993,0.499997810454,0.5,0.5,0.50000410354121,1727074314262
159,0.87497676075083,0.66666666666667,1.0,0.47245153105993,0.49999615059458,0.5,0.5,0.50000410354121,1727074314278
159,0.85781134030086,0.66666666666667,1.0,0.47245153105993,0.49999798724859,0.5,0.5,0.50000410354121,1727074314295
159,0.84730992825351,0.66666666666667,1.0,0.47245153105993,0.50000112342109,0.5,0.5,0.50000410354121,1727074314312
159,0.83680171373779,0.66666666666667,1.0,0.47245153105993,0.50000086937007,0.5,0.5,0.50000410354121,1727074314328
159,0.83014533096743,0.66666666666667,1.0,0.47245153105993,0.49999565366405,0.5,0.5,0.50000410354121,1727074314474
159,0.82631640978538,0.66666666666667,1.0,0.47245153105993,0.49999658484304,0.5,0.5,0.50000410354121,1727074314482
159,0.81582166623026,0.66666666666667,1.0,0.47245153105993,0.50000324935443,0.5,0.5,0.50000410354121,1727074314495
159,0.80531457186838,0.66666666666667,1.0,0.47245153105993,0.49999555669101,0.5,0.5,0.50000410354121,1727074314512
159,0.78431586457394,0.66666666666667,1.0,0.47245153105993,0.4999961555447,0.5,0.5,0.50000410354121,1727074314528
159,0.76714443239551,0.66666666666667,1.0,0.47245153105993,0.49999489739624,0.5,0.5,0.50000410354121,1727074314545
159,0.74614811633736,0.66666666666667,1.0,0.47245153105993,0.49999682876839,0.5,0.5,0.50000410354121,1727074314562
159,0.74231971356264,0.66666666666667,1.0,0.47245153105993,0.49999813132921,0.5,0.5,0.50000410354121,1727074314578
159,0.73566617598545,0.66666666666667,1.0,0.47245153105993,0.49999398864142,0.5,0.5,0.50000410354121,1727074314595
159,0.73184820811354,0.66666666666667,1.0,0.47245153105993,0.50000115351497,0.5,0.5,0.50000410354121,1727074314612
159,0.73851243072284,0.66666666666667,1.0,0.47245153105993,0.49999406222096,0.5,0.5,0.50000410354121,1727074315658
159,0.74517732954143,0.66666666666667,1.0,0.47245153105993,0.49999596363317,0.5,0.5,0.50000410354121,1727074315674
159,0.75185207285539,0.66666666666667,1.0,0.47245153105993,0.49999479097709,0.5,0.5,0.50000410354121,1727074315712
159,0.75852220778908,0.66666666666667,1.0,0.47245153105993,0.49999952487039,0.5,0.5,0.50000410354121,1727074315728
159,0.76519456631361,0.66666666666667,1.0,0.47245153105993,0.49999704908683,0.5,0.5,0.50000410354121,1727074315745
159,0.77185961757963,0.66666666666667,1.0,0.47245153105993,0.49999896361688,0.5,0.5,0.50000410354121,1727074315762
159,0.7823682461133,0.66666666666667,1.0,0.47245153105993,0.49999947415148,0.5,0.5,0.50000410354121,1727074315778
159,0.78904256458721,0.66666666666667,1.0,0.47245153105993,0.49999809549355,0.5,0.5,0.50000410354121,1727074315795
159,0.7957101006565,0.66666666666667,1.0,0.47245153105993,0.50000126975133,0.5,0.5,0.50000410354121,1727074315845
159,0.80237263892584,0.66666666666667,1.0,0.47245153105993,0.49999372562528,0.5,0.5,0.50000410354121,1727074315866
159,0.81289229100592,0.66666666666667,1.0,0.47245153105993,0.49999999134466,0.5,0.5,0.50000410354121,1727074315912
159,0.81289229100592,0.66666666666667,1.0,0.47245153105993,0.49999999134466,0.5,0.5,0.50000410354121,1727074316329
159,0.81289229100592,0.66666666666667,1.0,0.47245153105993,0.49999999134466,0.5,0.5,0.50000410354121,1727074317706
159,0.81289229100592,0.67333141522037,1.0,0.47245153105993,0.49999999134466,0.5000042074207,0.5,0.50000410354121,1727074317721
159,0.81289229100592,0.68384439094243,1.0,0.47245153105993,0.49999999134466,0.50000104079444,0.5,0.50000410354121,1727074317761
159,0.81289229100592,0.69435941178916,1.0,0.47245153105993,0.49999999134466,0.50000573245396,0.5,0.50000410354121,1727074317777
159,0.81289229100592,0.71153083711463,1.0,0.47245153105993,0.49999999134466,0.50000437174824,0.5,0.50000410354121,1727074317794
159,0.81289229100592,0.72203944273322,1.0,0.47245153105993,0.49999999134466,0.50000380646562,0.5,0.50000410354121,1727074317811
159,0.81289229100592,0.74971655579465,1.0,0.47245153105993,0.49999999134466,0.50000359630982,0.5,0.50000410354121,1727074317827
159,0.81289229100592,0.77356327293106,1.0,0.47245153105993,0.49999999134466,0.50000320911428,0.5,0.50000410354121,1727074317844
159,0.81289229100592,0.80408926402352,1.0,0.47245153105993,0.49999999134466,0.50000159195568,0.5,0.50000410354121,1727074317861
159,0.81289229100592,0.83842722310792,1.0,0.47245153105993,0.49999999134466,0.50000179624416,0.5,0.50000410354121,1727074317877
159,0.81289229100592,0.87944260063584,1.0,0.47245153105993,0.49999999134466,0.50000173447379,0.5,0.50000410354121,1727074317894
159,0.81289229100592,0.91378864795953,1.0,0.47245153105993,0.49999999134466,0.50000537788208,0.5,0.50000410354121,1727074317911
159,0.81289229100592,0.94431333297134,1.0,0.47245153105993,0.49999999134466,0.50000449809052,0.5,0.50000410354121,1727074317927
159,0.81289229100592,0.96148288371207,1.0,0.47245153105993,0.49999999134466,0.50000428872701,0.5,0.50000410354121,1727074317944
159,0.81289229100592,0.96815438390001,1.0,0.47245153105993,0.49999999134466,0.49999975661955,0.5,0.50000410354121,1727074317961
159,0.81289229100592,0.9786611286949,1.0,0.47245153105993,0.49999999134466,0.50000018387188,0.5,0.50000410354121,1727074317977
159,0.81289229100592,0.98533297853427,1.0,0.47245153105993,0.49999999134466,0.50000244706561,0.5,0.50000410354121,1727074318097
159,0.81289229100592,0.9919958833276,1.0,0.47245153105993,0.49999999134466,0.50000182741484,0.5,0.50000410354121,1727074318111
159,0.81289229100592,1.0000005083669,1.0,0.47245153105993,0.49999999134466,0.49999977577822,0.5,0.50000410354121,1727074318127
159,0.81289229100592,1.0000005083669,1.0,0.47245153105993,0.49999999134466,0.49999977577822,0.5,0.50000410354121,1727074318144
159,0.81289229100592,1.0000005083669,1.0,0.47245153105993,0.49999999134466,0.49999977577822,0.5,0.50000410354121,1727074318161
159,0.81289229100592,1.0000005083669,1.0,0.47245153105993,0.49999999134466,0.49999977577822,0.5,0.50000410354121,1727074318177
159,0.81289229100592,1.0000005083669,1.0,0.47245153105993,0.49999999134466,0.49999977577822,0.5,0.50000410354121,1727074318194
159,0.81289229100592,1.0000005083669,1.0,0.47245153105993,0.49999999134466,0.49999977577822,0.5,0.50000410354121,1727074318211
159,0.81289229100592,1.0000005083669,1.0,0.47245153105993,0.49999999134466,0.49999977577822,0.5,0.50000410354121,1727074318227
159,0.81289229100592,1.0000005083669,1.0,0.47245153105993,0.49999999134466,0.49999977577822,0.5,0.50000410354121,1727074318244
159,0.81289229100592,1.0000005083669,1.0,0.47245153105993,0.49999999134466,0.49999977577822,0.5,0.50000410354121,1727074318261
159,0.81289229100592,1.0000005083669,1.0,0.47245153105993,0.49999999134466,0.49999977577822,0.5,0.50000410354121,1727074318277
159,0.81289229100592,1.0000005083669,1.0,0.47245153105993,0.49999999134466,0.49999977577822,0.5,0.50000410354121,1727074318294
159,0.81289229100592,0.99334381676244,1.0,0.47245153105993,0.49999999134466,0.49999762536511,0.5,0.50000410354121,1727074319042
159,0.81289229100592,0.98668120490856,1.0,0.47245153105993,0.49999999134466,0.5000049497758,0.5,0.50000410354121,1727074319077
159,0.81289229100592,0.98002941877556,1.0,0.47245153105993,0.49999999134466,0.50000060530677,0.5,0.50000410354121,1727074319097
159,0.81289229100592,0.97337790070724,1.0,0.47245153105993,0.49999999134466,0.50000302604703,0.5,0.50000410354121,1727074319113
159,0.81289229100592,0.96671549936753,1.0,0.47245153105993,0.49999999134466,0.50000343361263,0.5,0.50000410354121,1727074319137
159,0.81289229100592,0.97057579042242,1.0,0.47245153105993,0.49999999134466,0.50000398620269,0.5,0.50000410354121,1727074319153
159,0.81289229100592,0.96392691561815,1.0,0.47245153105993,0.49999999134466,0.5000052438162,0.5,0.50000410354121,1727074319169
159,0.81289229100592,0.95727225069719,1.0,0.47245153105993,0.49999999134466,0.50000213375206,0.5,0.50000410354121,1727074319185
159,0.81289229100592,0.95061144646666,1.0,0.47245153105993,0.49999999134466,0.50000180842552,0.5,0.50000410354121,1727074319201
159,0.81289229100592,0.94395913039633,1.0,0.47245153105993,0.49999999134466,0.50000466400833,0.5,0.50000410354121,1727074319217
159,0.81289229100592,0.9373020482906,1.0,0.47245153105993,0.49999999134466,0.50000262082608,0.5,0.50000410354121,1727074319233
159,0.81289229100592,0.93064905931358,1.0,0.47245153105993,0.49999999134466,0.4999986432315,0.5,0.50000410354121,1727074319249
159,0.81289229100592,0.92399275942304,1.0,0.47245153105993,0.49999999134466,0.50000340031347,0.5,0.50000410354121,1727074319265
159,0.81289229100592,0.91733448074811,1.0,0.47245153105993,0.49999999134466,0.50000188011751,0.5,0.50000410354121,1727074319289
159,0.81289229100592,0.91068333986191,1.0,0.47245153105993,0.49999999134466,0.50000425975822,0.5,0.50000410354121,1727074319305
159,0.81289229100592,0.90402554331756,1.0,0.47245153105993,0.49999999134466,0.5000024966511,0.5,0.50000410354121,1727074319313
159,0.81289229100592,0.89736667564067,1.0,0.47245153105993,0.49999999134466,0.50000122778249,0.5,0.50000410354121,1727074319327
159,0.81289229100592,0.88798067327895,1.0,0.47245153105993,0.49999999134466,0.50000190987251,0.5,0.50000410354121,1727074319344
159,0.81289229100592,0.88132903131503,1.0,0.47245153105993,0.49999999134466,0.50000459562315,0.5,0.50000410354121,1727074319361
159,0.81289229100592,0.87467388551535,1.0,0.47245153105993,0.49999999134466,0.50000148905052,0.5,0.50000410354121,1727074321674
159,0.81289229100592,0.86802264774477,1.0,0.47245153105993,0.49999999134466,0.50000400494152,0.5,0.50000410354121,1727074321745
159,0.81289229100592,0.86136037125356,1.0,0.47245153105993,0.49999999134466,0.50000439507616,0.5,0.50000410354121,1727074321817
159,0.81289229100592,0.85470461384839,1.0,0.47245153105993,0.49999999134466,0.50000153637847,0.5,0.50000410354121,1727074321889
159,0.81289229100592,0.84805277122769,1.0,0.47245153105993,0.49999999134466,0.50000440200683,0.5,0.50000410354121,1727074321929
159,0.81289229100592,0.85472607738869,1.0,0.47245153105993,0.49999999134466,0.49999850257665,0.5,0.50000410354121,1727074323412
159,0.81289229100592,0.84806448062136,1.0,0.47245153105993,0.49999999134466,0.50000624726361,0.5,0.50000410354121,1727074326578
159,0.81289229100592,0.84140903968457,1.0,0.47245153105993,0.49999999134466,0.50000320516597,0.5,0.50000410354121,1727074326674
159,0.81289229100592,0.83476229494254,1.0,0.47245153105993,0.49999999134466,0.50000352512785,0.5,0.50000410354121,1727074326802
159,0.81289229100592,0.83476229494254,1.0,0.47245153105993,0.49999999134466,0.50000352512785,0.5,0.50000410354121,1727074327145
160,0.5,0.5,0.66666666666667,0.66666666666667,0.5,0.5,0.5,0.5,1727074331163
160,0.5,0.5,0.65944032544002,0.66666666666667,0.5,0.5,0.49998738117108,0.5,1727074331226
160,0.5,0.5,0.64959132081804,0.66666666666667,0.5,0.5,0.49999463467443,0.5,1727074331233
160,0.5,0.5,0.63515139868871,0.66666666666667,0.5,0.5,0.4999936481845,0.5,1727074331243
160,0.5,0.5,0.60361996175805,0.66666666666667,0.5,0.5,0.49998745668538,0.5,1727074331260
160,0.5,0.5,0.56039568264946,0.66666666666667,0.5,0.5,0.50000161252796,0.5,1727074331277
160,0.5,0.5,0.51444799434773,0.66666666666667,0.5,0.5,0.50000010652435,0.5,1727074331293
160,0.5,0.5,0.46581565162043,0.66666666666667,0.5,0.5,0.49999585126576,0.5,1727074331310
160,0.5,0.5,0.43427690219223,0.66666666666667,0.5,0.5,0.49998153089565,0.5,1727074331327
160,0.5,0.5,0.41263997728505,0.66666666666667,0.5,0.5,0.4999917937225,0.5,1727074331343
160,0.5,0.5,0.38110762839049,0.66666666666667,0.5,0.5,0.49999090894448,0.5,1727074331360
160,0.5,0.5,0.35947313313817,0.66666666666667,0.5,0.5,0.49998148215535,0.5,1727074331377
160,0.5,0.5,0.33064814583016,0.66666666666667,0.5,0.5,0.49999991653631,0.5,1727074331393
160,0.5,0.5,0.31621884670435,0.66666666666667,0.5,0.5,0.4999759249985,0.5,1727074331410
160,0.5,0.5,0.30178636302824,0.66666666666667,0.5,0.5,0.49998096178256,0.5,1727074331427
160,0.5,0.5,0.29456601303368,0.66666666666667,0.5,0.5,0.49998372630441,0.5,1727074331443
160,0.5,0.5,0.28734641167714,0.66666666666667,0.5,0.5,0.49997925473028,0.5,1727074331465
160,0.5,0.5,0.28012754795521,0.66666666666667,0.5,0.5,0.49996736049542,0.5,1727074331481
160,0.5,0.5,0.27289739457173,0.66666666666667,0.5,0.5,0.49998628132111,0.5,1727074331505
160,0.5,0.5,0.26567722567386,0.66666666666667,0.5,0.5,0.49998743249854,0.5,1727074331521
160,0.5,0.5,0.25845717906592,0.66666666666667,0.5,0.5,0.49998735436033,0.5,1727074331537
160,0.5,0.5,0.25123582935929,0.66666666666667,0.5,0.5,0.50000091559204,0.5,1727074331545
160,0.5,0.5,0.24401704079133,0.66666666666667,0.5,0.5,0.49998766982141,0.5,1727074331560
160,0.5,0.5,0.23678807672014,0.66666666666667,0.5,0.5,0.49999547634059,0.5,1727074331577
160,0.5,0.5,0.22236616144587,0.66666666666667,0.5,0.5,0.49997549286981,0.5,1727074331593
160,0.5,0.5,0.2151440259944,0.66666666666667,0.5,0.5,0.4999987858479,0.5,1727074331610
160,0.5,0.5,0.21065145471355,0.66666666666667,0.5,0.5,0.49998130824952,0.5,1727074331626
160,0.5,0.5,0.20343303205386,0.66666666666667,0.5,0.5,0.4999623310131,0.5,1727074333386
160,0.5,0.5,0.20085877984218,0.66666666666667,0.5,0.5,0.50000696476473,0.5,1727074333602
160,0.5,0.5,0.19828403104328,0.66666666666667,0.5,0.5,0.49996210656484,0.5,1727074333643
160,0.5,0.5,0.19106337769363,0.66666666666667,0.5,0.5,0.49996881986501,0.5,1727074333745
160,0.5,0.5,0.18384199311199,0.66666666666667,0.5,0.5,0.49998460061737,0.5,1727074334161
160,0.5,0.5,0.18384199311199,0.66666666666667,0.5,0.5,0.49998460061737,0.5,1727074336305
160,0.5,0.5,0.18384199311199,0.66666666666667,0.5,0.5,0.49998460061737,0.5,1727074337714
160,0.5,0.5,0.18384199311199,0.65616753042893,0.5,0.5,0.49998460061737,0.49999896548156,1727074337842
160,0.5,0.5,0.18384199311199,0.65234491575546,0.5,0.5,0.49998460061737,0.50000394349439,1727074337850
160,0.5,0.5,0.18384199311199,0.64475470456096,0.5,0.5,0.49998460061737,0.50000052893221,1727074337860
160,0.5,0.5,0.18384199311199,0.63424931995037,0.5,0.5,0.49998460061737,0.5000019740628,1727074337876
160,0.5,0.5,0.18384199311199,0.61324943695814,0.5,0.5,0.49998460061737,0.50000209681379,1727074337893
160,0.5,0.5,0.18384199311199,0.59224883709472,0.5,0.5,0.49998460061737,0.50000175643069,1727074337910
160,0.5,0.5,0.18384199311199,0.58095241222651,0.5,0.5,0.49998460061737,0.49999904860276,1727074337926
160,0.5,0.5,0.18384199311199,0.57045142421293,0.5,0.5,0.49998460061737,0.50000354158975,1727074337943
160,0.5,0.5,0.18384199311199,0.54945147182809,0.5,0.5,0.49998460061737,0.50000366745698,1727074337960
160,0.5,0.5,0.18384199311199,0.54188073210051,0.5,0.5,0.49998460061737,0.50000265194362,1727074337976
160,0.5,0.5,0.18384199311199,0.53137115495118,0.5,0.5,0.49998460061737,0.50000135768601,1727074337993
160,0.5,0.5,0.18384199311199,0.51708026047038,0.5,0.5,0.49998460061737,0.50000239870617,1727074338010
160,0.5,0.5,0.18384199311199,0.49608230357811,0.5,0.5,0.49998460061737,0.5000039759986,1727074338026
160,0.5,0.5,0.18384199311199,0.48558688234479,0.5,0.5,0.49998460061737,0.50000169910593,1727074338043
160,0.5,0.5,0.18384199311199,0.48176497933168,0.5,0.5,0.49998460061737,0.49999679686411,1727074338060
160,0.5,0.5,0.18384199311199,0.47126710656631,0.5,0.5,0.49998460061737,0.50000425619451,1727074338076
160,0.5,0.5,0.18384199311199,0.46744894695122,0.5,0.5,0.49998460061737,0.50000214638059,1727074338097
160,0.5,0.5,0.18384199311199,0.45694397408613,0.5,0.5,0.49998460061737,0.50000429909998,1727074338110
160,0.5,0.5,0.18384199311199,0.44265039446045,0.5,0.5,0.49998460061737,0.50000337539809,1727074338126
160,0.5,0.5,0.18384199311199,0.43215357582565,0.5,0.5,0.49998460061737,0.4999997815158,1727074338143
160,0.5,0.5,0.18384199311199,0.41786628044077,0.5,0.5,0.49998460061737,0.50000391453667,1727074338160
160,0.5,0.5,0.18384199311199,0.40069261587376,0.5,0.5,0.49998460061737,0.5000002611207,1727074338176
160,0.5,0.5,0.18384199311199,0.39688102265968,0.5,0.5,0.49998460061737,0.50000349402128,1727074338194
160,0.5,0.5,0.18384199311199,0.39307234963374,0.5,0.5,0.49998460061737,0.49999607901915,1727074338210
160,0.5,0.5,0.18384199311199,0.38642071462642,0.5,0.5,0.49998460061737,0.50000461736224,1727074338226
160,0.5,0.5,0.18384199311199,0.38261390635326,0.5,0.5,0.49998460061737,0.49999871168035,1727074338243
160,0.5,0.5,0.18384199311199,0.37880078524602,0.5,0.5,0.49998460061737,0.500000688499,1727074338260
160,0.5,0.5,0.18384199311199,0.37499068779199,0.5,0.5,0.49998460061737,0.50000535670096,1727074338281
160,0.5,0.5,0.18384199311199,0.37117831138753,0.5,0.5,0.49998460061737,0.49999440485673,1727074338326
160,0.5,0.5,0.18384199311199,0.3645299941781,0.5,0.5,0.49998460061737,0.50000620584097,1727074338514
160,0.5,0.5,0.18384199311199,0.36072250648854,0.5,0.5,0.49998460061737,0.49999948504099,1727074338526
160,0.5,0.5,0.18384199311199,0.3569159254291,0.5,0.5,0.49998460061737,0.50000747903834,1727074338543
160,0.5,0.5,0.18384199311199,0.34263210174136,0.5,0.5,0.49998460061737,0.50000123964144,1727074338560
160,0.5,0.5,0.18384199311199,0.33598664264111,0.5,0.5,0.49998460061737,0.50000190735485,1727074338576
160,0.5,0.5,0.18384199311199,0.32171573892033,0.5,0.5,0.49998460061737,0.50000775965978,1727074338593
160,0.5,0.5,0.18384199311199,0.31120451226075,0.5,0.5,0.49998460061737,0.50000443285172,1727074338609
160,0.5,0.5,0.18384199311199,0.30367316665643,0.5,0.5,0.49998460061737,0.49999625948016,1727074338626
160,0.5,0.5,0.18384199311199,0.29317268988241,0.5,0.5,0.49998460061737,0.50000351105105,1727074338643
160,0.5,0.5,0.18384199311199,0.28937347071011,0.5,0.5,0.49998460061737,0.50000433391519,1727074338660
160,0.5,0.5,0.18384199311199,0.27887430353132,0.5,0.5,0.49998460061737,0.50001330698704,1727074338676
160,0.5,0.5,0.18384199311199,0.27506327584576,0.5,0.5,0.49998460061737,0.50000182429369,1727074338693
160,0.5,0.5,0.18384199311199,0.26456515453317,0.5,0.5,0.49998460061737,0.4999956325264,1727074338709
160,0.5,0.5,0.18384199311199,0.25705143629067,0.5,0.5,0.49998460061737,0.50000574371567,1727074338726
160,0.5,0.5,0.18384199311199,0.25325129716773,0.5,0.5,0.49998460061737,0.50000563467389,1727074338743
160,0.5,0.5,0.18384199311199,0.25992601813697,0.5,0.5,0.49998460061737,0.50000318001943,1727074339746
160,0.5,0.5,0.18384199311199,0.26659674284214,0.5,0.5,0.49998460061737,0.49999652385131,1727074339760
160,0.5,0.5,0.18384199311199,0.27328138097919,0.5,0.5,0.49998460061737,0.50000469683599,1727074339777
160,0.5,0.5,0.18384199311199,0.2799532971219,0.5,0.5,0.49998460061737,0.49999942882283,1727074339801
160,0.5,0.5,0.18384199311199,0.29332882709181,0.5,0.5,0.49998460061737,0.50000583482494,1727074339817
160,0.5,0.5,0.18384199311199,0.29721647828234,0.5,0.5,0.49998460061737,0.5000011018856,1727074339826
160,0.5,0.5,0.18384199311199,0.31731899591355,0.5,0.5,0.49998460061737,0.49999603401051,1727074339843
160,0.5,0.5,0.18384199311199,0.33448835449645,0.5,0.5,0.49998460061737,0.49999627107448,1727074339859
160,0.5,0.5,0.18384199311199,0.34116017366937,0.5,0.5,0.49998460061737,0.50000590116872,1727074339876
160,0.5,0.5,0.18384199311199,0.35167847683903,0.5,0.5,0.49998460061737,0.50000142373978,1727074339893
160,0.5,0.5,0.18384199311199,0.35555971542049,0.5,0.5,0.49998460061737,0.50000534363668,1727074339909
160,0.5,0.5,0.18384199311199,0.37273010308564,0.5,0.5,0.49998460061737,0.50000622054266,1727074339970
160,0.5,0.5,0.18384199311199,0.37940558008087,0.5,0.5,0.49998460061737,0.50000488787415,1727074339985
160,0.5,0.5,0.18384199311199,0.38607730899108,0.5,0.5,0.49998460061737,0.50000033449643,1727074339994
160,0.5,0.5,0.18384199311199,0.39659126738393,0.5,0.5,0.49998460061737,0.5000056719497,1727074340010
160,0.5,0.5,0.18384199311199,0.40326536603095,0.5,0.5,0.49998460061737,0.50000323030681,1727074340026
160,0.5,0.5,0.18384199311199,0.42044050960201,0.5,0.5,0.49998460061737,0.50000800986078,1727074340170
160,0.5,0.5,0.18384199311199,0.4271129901469,0.5,0.5,0.49998460061737,0.5000043136789,1727074340177
160,0.5,0.5,0.18384199311199,0.44427703229927,0.5,0.5,0.49998460061737,0.50000008673404,1727074340193
160,0.5,0.5,0.18384199311199,0.48827704584493,0.5,0.5,0.49998460061737,0.50000009168047,1727074340209
160,0.5,0.5,0.18384199311199,0.51882158773258,0.5,0.5,0.49998460061737,0.50000444830526,1727074340226
160,0.5,0.5,0.18384199311199,0.53888928395534,0.5,0.5,0.49998460061737,0.49999788680783,1727074340243
160,0.5,0.5,0.18384199311199,0.54556567076726,0.5,0.5,0.49998460061737,0.50000819446477,1727074340259
160,0.5,0.5,0.18384199311199,0.53891078973059,0.5,0.5,0.49998460061737,0.50000216462707,1727074341274
160,0.5,0.5,0.18384199311199,0.52562366772802,0.5,0.5,0.49998460061737,0.50000588779248,1727074341309
160,0.5,0.5,0.18384199311199,0.51897478448337,0.5,0.5,0.49998460061737,0.5000039818203,1727074341326
160,0.5,0.5,0.18384199311199,0.51232181939863,0.5,0.5,0.49998460061737,0.49999909052876,1727074341343
160,0.5,0.5,0.18384199311199,0.50566633483443,0.5,0.5,0.49998460061737,0.50000349939652,1727074341359
160,0.5,0.5,0.18384199311199,0.50184696099761,0.5,0.5,0.49998460061737,0.50000059188352,1727074341376
160,0.5,0.5,0.18384199311199,0.49520405162207,0.5,0.5,0.49998460061737,0.50000299753374,1727074341393
160,0.5,0.5,0.18384199311199,0.48854738847808,0.5,0.5,0.49998460061737,0.50000666398655,1727074341409
160,0.5,0.5,0.18384199311199,0.4818970476736,0.5,0.5,0.49998460061737,0.50000357056482,1727074341433
160,0.5,0.5,0.18384199311199,0.48856941375772,0.5,0.5,0.49998460061737,0.50000013659763,1727074341826
160,0.5,0.5,0.18384199311199,0.49523632931411,0.5,0.5,0.49998460061737,0.50000411336739,1727074341946
160,0.5,0.5,0.18384199311199,0.50190854429222,0.5,0.5,0.49998460061737,0.50000062470841,1727074342138
160,0.5,0.5,0.18384199311199,0.50858220338382,0.5,0.5,0.49998460061737,0.49999824698444,1727074342202
160,0.5,0.5,0.18384199311199,0.50858220338382,0.5,0.5,0.49998460061737,0.49999824698444,1727074344418
160,0.5,0.5,0.18384199311199,0.50858220338382,0.5,0.5,0.49998460061737,0.49999824698444,1727074345659
160,0.50666915258983,0.5,0.18384199311199,0.50858220338382,0.49999433821056,0.5,0.49998460061737,0.49999824698444,1727074345706
160,0.51333937174889,0.5,0.18384199311199,0.50858220338382,0.50000065740774,0.5,0.49998460061737,0.49999824698444,1727074345742
160,0.52001546329867,0.5,0.18384199311199,0.50858220338382,0.50000005633701,0.5,0.49998460061737,0.49999824698444,1727074345759
160,0.5333732719929,0.5,0.18384199311199,0.50858220338382,0.50000284416329,0.5,0.49998460061737,0.49999824698444,1727074345776
160,0.53625944173417,0.5,0.18384199311199,0.50858220338382,0.49999852976406,0.5,0.49998460061737,0.49999824698444,1727074345792
160,0.54961793577138,0.5,0.18384199311199,0.50858220338382,0.50000175899661,0.5,0.49998460061737,0.49999824698444,1727074345809
160,0.5794873238963,0.5,0.18384199311199,0.50858220338382,0.49999668745573,0.5,0.49998460061737,0.49999824698444,1727074345826
160,0.5890838010275,0.5,0.18384199311199,0.50858220338382,0.49999441059636,0.5,0.49998460061737,0.49999824698444,1727074345842
160,0.60914500657268,0.5,0.18384199311199,0.50858220338382,0.49999432747113,0.5,0.49998460061737,0.49999824698444,1727074345859
160,0.62921062462452,0.5,0.18384199311199,0.50858220338382,0.49999701513739,0.5,0.49998460061737,0.49999824698444,1727074345876
160,0.63208880649368,0.5,0.18384199311199,0.50858220338382,0.49999781165652,0.5,0.49998460061737,0.49999824698444,1727074345893
160,0.63875681990249,0.5,0.18384199311199,0.50858220338382,0.5000018447258,0.5,0.49998460061737,0.49999824698444,1727074345909
160,0.65211515722783,0.5,0.18384199311199,0.50858220338382,0.49999515986046,0.5,0.49998460061737,0.49999824698444,1727074345926
160,0.65877823007564,0.5,0.18384199311199,0.50858220338382,0.49999612621718,0.5,0.49998460061737,0.49999824698444,1727074345978
160,0.65496309750881,0.5,0.18384199311199,0.50858220338382,0.49999626344159,0.5,0.49998460061737,0.49999824698444,1727074345993
160,0.66163313933015,0.5,0.18384199311199,0.50858220338382,0.50000143336571,0.5,0.49998460061737,0.49999824698444,1727074346009
160,0.67121793517138,0.5,0.18384199311199,0.50858220338382,0.49999231907682,0.5,0.49998460061737,0.49999824698444,1727074346026
160,0.67788656465936,0.5,0.18384199311199,0.50858220338382,0.49999658761816,0.5,0.49998460061737,0.49999824698444,1727074346138
160,0.69124859801986,0.5,0.18384199311199,0.50858220338382,0.50000143165472,0.5,0.49998460061737,0.49999824698444,1727074346176
160,0.69791704183528,0.5,0.18384199311199,0.50858220338382,0.49999648985972,0.5,0.49998460061737,0.49999824698444,1727074346192
160,0.70750270280884,0.5,0.18384199311199,0.50858220338382,0.49999712705009,0.5,0.49998460061737,0.49999824698444,1727074346209
160,0.71416826531099,0.5,0.18384199311199,0.50858220338382,0.49999944793342,0.5,0.49998460061737,0.49999824698444,1727074346226
160,0.72084435578783,0.5,0.18384199311199,0.50858220338382,0.49999897890755,0.5,0.49998460061737,0.49999824698444,1727074346282
160,0.72750137360331,0.5,0.18384199311199,0.50858220338382,0.4999964361298,0.5,0.49998460061737,0.49999824698444,1727074346346
160,0.73417709854263,0.5,0.18384199311199,0.50858220338382,0.49999578911411,0.5,0.49998460061737,0.49999824698444,1727074346370
160,0.74084718148927,0.5,0.18384199311199,0.50858220338382,0.50000057180286,0.5,0.49998460061737,0.49999824698444,1727074346409
160,0.74752010745781,0.5,0.18384199311199,0.50858220338382,0.4999983587771,0.5,0.49998460061737,0.49999824698444,1727074346898
160,0.7541820395012,0.5,0.18384199311199,0.50858220338382,0.49999858575487,0.5,0.49998460061737,0.49999824698444,1727074346942
160,0.76085990547632,0.5,0.18384199311199,0.50858220338382,0.49999910936009,0.5,0.49998460061737,0.49999824698444,1727074347122
160,0.76751926961693,0.5,0.18384199311199,0.50858220338382,0.49999793706196,0.5,0.49998460061737,0.49999824698444,1727074347250
160,0.77419420425765,0.5,0.18384199311199,0.50858220338382,0.49999688011979,0.5,0.49998460061737,0.49999824698444,1727074347292
160,0.78085751503464,0.5,0.18384199311199,0.50858220338382,0.49999784816723,0.5,0.49998460061737,0.49999824698444,1727074347362
160,0.78753331727112,0.5,0.18384199311199,0.50858220338382,0.4999972664149,0.5,0.49998460061737,0.49999824698444,1727074347754
160,0.79419958434605,0.5,0.18384199311199,0.50858220338382,0.49999978053805,0.5,0.49998460061737,0.49999824698444,1727074347842
160,0.80086653453802,0.5,0.18384199311199,0.50858220338382,0.49999454972548,0.5,0.49998460061737,0.49999824698444,1727074347954
160,0.8075359424384,0.5,0.18384199311199,0.50858220338382,0.49999868670827,0.5,0.49998460061737,0.49999824698444,1727074348474
160,0.8075359424384,0.5,0.18384199311199,0.50858220338382,0.49999868670827,0.5,0.49998460061737,0.49999824698444,1727074349130
160,0.8075359424384,0.5,0.18384199311199,0.50858220338382,0.49999868670827,0.5,0.49998460061737,0.49999824698444,1727074350211
160,0.8075359424384,0.49334892240121,0.18384199311199,0.50858220338382,0.49999868670827,0.50000365186528,0.49998460061737,0.49999824698444,1727074350306
160,0.8075359424384,0.48669837679006,0.18384199311199,0.50858220338382,0.49999868670827,0.49999545802672,0.49998460061737,0.49999824698444,1727074350342
160,0.8075359424384,0.48004592002355,0.18384199311199,0.50858220338382,0.49999868670827,0.5000001765823,0.49998460061737,0.49999824698444,1727074350360
160,0.8075359424384,0.46676451822779,0.18384199311199,0.50858220338382,0.49999868670827,0.5000036248489,0.49998460061737,0.49999824698444,1727074350376
160,0.8075359424384,0.46011300452085,0.18384199311199,0.50858220338382,0.49999868670827,0.49999587562407,0.49998460061737,0.49999824698444,1727074350402
160,0.8075359424384,0.45345994231956,0.18384199311199,0.50858220338382,0.49999868670827,0.50000125095902,0.49998460061737,0.49999824698444,1727074350450
160,0.8075359424384,0.44681143456599,0.18384199311199,0.50858220338382,0.49999868670827,0.50000312534829,0.49998460061737,0.49999824698444,1727074350465
160,0.8075359424384,0.44299450913224,0.18384199311199,0.50858220338382,0.49999868670827,0.50000436840128,0.49998460061737,0.49999824698444,1727074350476
160,0.8075359424384,0.42971177240178,0.18384199311199,0.50858220338382,0.49999868670827,0.49999669055096,0.49998460061737,0.49999824698444,1727074350492
160,0.8075359424384,0.41643462989297,0.18384199311199,0.50858220338382,0.49999868670827,0.49999680614956,0.49998460061737,0.49999824698444,1727074350509
160,0.8075359424384,0.39926729480664,0.18384199311199,0.50858220338382,0.49999868670827,0.49999511197513,0.49998460061737,0.49999824698444,1727074350526
160,0.8075359424384,0.3926171172583,0.18384199311199,0.50858220338382,0.49999868670827,0.49999851349172,0.49998460061737,0.49999824698444,1727074350542
160,0.8075359424384,0.38596323769022,0.18384199311199,0.50858220338382,0.49999868670827,0.50000519552482,0.49998460061737,0.49999824698444,1727074350559
160,0.8075359424384,0.36880195727305,0.18384199311199,0.50858220338382,0.49999868670827,0.49999825614538,0.49998460061737,0.49999824698444,1727074350576
160,0.8075359424384,0.36214754284828,0.18384199311199,0.50858220338382,0.49999868670827,0.50000567706355,0.49998460061737,0.49999824698444,1727074350592
160,0.8075359424384,0.35549199243674,0.18384199311199,0.50858220338382,0.49999868670827,0.50000028705507,0.49998460061737,0.49999824698444,1727074350609
160,0.8075359424384,0.344998885578,0.18384199311199,0.50858220338382,0.49999868670827,0.50000103262919,0.49998460061737,0.49999824698444,1727074350626
160,0.8075359424384,0.33834787167251,0.18384199311199,0.50858220338382,0.49999868670827,0.5000055985752,0.49998460061737,0.49999824698444,1727074350642
160,0.8075359424384,0.32784530885857,0.18384199311199,0.50858220338382,0.49999868670827,0.50000080621258,0.49998460061737,0.49999824698444,1727074350659
160,0.8075359424384,0.32120233910417,0.18384199311199,0.50858220338382,0.49999868670827,0.49999774228017,0.49998460061737,0.49999824698444,1727074350676
160,0.8075359424384,0.30792927719069,0.18384199311199,0.50858220338382,0.49999868670827,0.4999938730938,0.49998460061737,0.49999824698444,1727074350692
160,0.8075359424384,0.29742455856944,0.18384199311199,0.50858220338382,0.49999868670827,0.50000625496871,0.49998460061737,0.49999824698444,1727074350709
160,0.8075359424384,0.30410213562202,0.18384199311199,0.50858220338382,0.49999868670827,0.50000552888409,0.49998460061737,0.49999824698444,1727074351930
160,0.8075359424384,0.3107786331964,0.18384199311199,0.50858220338382,0.49999868670827,0.50000588139226,0.49998460061737,0.49999824698444,1727074351975
160,0.8075359424384,0.31745334846506,0.18384199311199,0.50858220338382,0.49999868670827,0.49999300983434,0.49998460061737,0.49999824698444,1727074351993
160,0.8075359424384,0.3241200243801,0.18384199311199,0.50858220338382,0.49999868670827,0.50000293136723,0.49998460061737,0.49999824698444,1727074352050
160,0.8075359424384,0.33464411445941,0.18384199311199,0.50858220338382,0.49999868670827,0.50000192317603,0.49998460061737,0.49999824698444,1727074352065
160,0.8075359424384,0.34132350610252,0.18384199311199,0.50858220338382,0.49999868670827,0.49999959984843,0.49998460061737,0.49999824698444,1727074352090
160,0.8075359424384,0.34799065899278,0.18384199311199,0.50858220338382,0.49999868670827,0.49999442798957,0.49998460061737,0.49999824698444,1727074352178
160,0.8075359424384,0.35187006908807,0.18384199311199,0.50858220338382,0.49999868670827,0.50000627844687,0.49998460061737,0.49999824698444,1727074352192
160,0.8075359424384,0.35854395413585,0.18384199311199,0.50858220338382,0.49999868670827,0.50000896199876,0.49998460061737,0.49999824698444,1727074352274
160,0.8075359424384,0.35854395413585,0.18384199311199,0.50858220338382,0.49999868670827,0.50000896199876,0.49998460061737,0.49999824698444,1727074352714
160,0.8075359424384,0.35854395413585,0.18384199311199,0.50858220338382,0.49999868670827,0.50000896199876,0.49998460061737,0.49999824698444,1727074354211
160,0.81420320299425,0.35854395413585,0.18384199311199,0.50858220338382,0.50000165936578,0.50000896199876,0.49998460061737,0.49999824698444,1727074354394
160,0.82087439468074,0.35854395413585,0.18384199311199,0.50858220338382,0.49999869828019,0.50000896199876,0.49998460061737,0.49999824698444,1727074354450
160,0.82754479871542,0.35854395413585,0.18384199311199,0.50858220338382,0.50000324243161,0.50000896199876,0.49998460061737,0.49999824698444,1727074354570
160,0.83140740390986,0.35854395413585,0.18384199311199,0.50858220338382,0.49999593122912,0.50000896199876,0.49998460061737,0.49999824698444,1727074354618
160,0.83140740390986,0.35854395413585,0.18384199311199,0.50858220338382,0.49999593122912,0.50000896199876,0.49998460061737,0.49999824698444,1727074355218
160,0.83140740390986,0.35854395413585,0.18384199311199,0.50858220338382,0.49999593122912,0.50000896199876,0.49998460061737,0.49999824698444,1727074357539
160,0.824751874107,0.35854395413585,0.18384199311199,0.50858220338382,0.49999898837415,0.50000896199876,0.49998460061737,0.49999824698444,1727074357706
160,0.81809648299111,0.35854395413585,0.18384199311199,0.50858220338382,0.4999942139769,0.50000896199876,0.49998460061737,0.49999824698444,1727074357794
160,0.81144204601098,0.35854395413585,0.18384199311199,0.50858220338382,0.49999786632751,0.50000896199876,0.49998460061737,0.49999824698444,1727074357978
160,0.80478397226609,0.35854395413585,0.18384199311199,0.50858220338382,0.49999966384598,0.50000896199876,0.49998460061737,0.49999824698444,1727074358066
160,0.80095948492503,0.35854395413585,0.18384199311199,0.50858220338382,0.49999488736351,0.50000896199876,0.49998460061737,0.49999824698444,1727074358082
160,0.80095948492503,0.35854395413585,0.18384199311199,0.50858220338382,0.49999488736351,0.50000896199876,0.49998460061737,0.49999824698444,1727074358378
161,0.0,0.83333333333333,0.66666666666667,0.16666666666667,0.5,0.5,0.5,0.5,1727074362163
161,0.0,0.83333333333333,0.65944000080027,0.16666666666667,0.5,0.5,0.49998925424492,0.5,1727074362194
161,0.0,0.83333333333333,0.6568415625805,0.16666666666667,0.5,0.5,0.50000936945983,0.5,1727074362208
161,0.0,0.83333333333333,0.62530324842584,0.16666666666667,0.5,0.5,0.49999605182321,0.5,1727074362225
161,0.0,0.83333333333333,0.58131129172929,0.16666666666667,0.5,0.5,0.49999890283885,0.5,1727074362242
161,0.0,0.83333333333333,0.48867980527997,0.16666666666667,0.5,0.5,0.49999098221392,0.5,1727074362258
161,0.0,0.83333333333333,0.40331544266911,0.16666666666667,0.5,0.5,0.49999729987337,0.5,1727074362275
161,0.0,0.83333333333333,0.31328020620736,0.16666666666667,0.5,0.5,0.49997461308584,0.5,1727074362292
161,0.0,0.83333333333333,0.22551870314239,0.16666666666667,0.5,0.5,0.49996530181889,0.5,1727074362308
161,0.0,0.83333333333333,0.13291523036437,0.16666666666667,0.5,0.5,0.50000671642728,0.5,1727074362325
161,0.0,0.83333333333333,0.0549613549548,0.16666666666667,0.5,0.5,0.49998710743578,0.5,1727074362342
161,0.0,0.83333333333333,0.0,0.16666666666667,0.5,0.5,0.5,0.5,1727074362358
161,0.0,0.83333333333333,0.0,0.16666666666667,0.5,0.5,0.5,0.5,1727074362375
161,0.0,0.83333333333333,0.0,0.16666666666667,0.5,0.5,0.5,0.5,1727074362392
161,0.0,0.83333333333333,0.0,0.16666666666667,0.5,0.5,0.5,0.5,1727074362408
161,0.0,0.83333333333333,0.0,0.16666666666667,0.5,0.5,0.5,0.5,1727074362425
161,0.0,0.83333333333333,0.0,0.16666666666667,0.5,0.5,0.5,0.5,1727074362441
161,0.0,0.83333333333333,0.0,0.16666666666667,0.5,0.5,0.5,0.5,1727074362458
161,0.0,0.83333333333333,0.0,0.16666666666667,0.5,0.5,0.5,0.5,1727074362475
161,0.0,0.83333333333333,0.0,0.16666666666667,0.5,0.5,0.5,0.5,1727074362492
161,0.0,0.83333333333333,0.0,0.16666666666667,0.5,0.5,0.5,0.5,1727074362508
161,0.0,0.83333333333333,0.0,0.16666666666667,0.5,0.5,0.5,0.5,1727074362525
161,0.0,0.83333333333333,0.0,0.16666666666667,0.5,0.5,0.5,0.5,1727074362594
161,0.0,0.83333333333333,0.0,0.16666666666667,0.5,0.5,0.5,0.5,1727074366491
161,0.0,0.83333333333333,0.0,0.16666666666667,0.5,0.5,0.5,0.5,1727074367411
161,0.01343238375454,0.83333333333333,0.0,0.16666666666667,0.50000337897976,0.5,0.5,0.5,1727074367506
161,0.02012914114114,0.83333333333333,0.0,0.16666666666667,0.50001237691774,0.5,0.5,0.5,1727074367514
161,0.04399880794165,0.83333333333333,0.0,0.16666666666667,0.49999776456016,0.5,0.5,0.5,1727074367525
161,0.08139400885525,0.83333333333333,0.0,0.16666666666667,0.50001562752253,0.5,0.5,0.5,1727074367541
161,0.12898440261222,0.83333333333333,0.0,0.16666666666667,0.49999969046848,0.5,0.5,0.5,1727074367558
161,0.17311687130211,0.83333333333333,0.0,0.16666666666667,0.50001196035171,0.5,0.5,0.5,1727074367575
161,0.20746007241393,0.83333333333333,0.0,0.16666666666667,0.4999982331248,0.5,0.5,0.5,1727074367591
161,0.22758874074877,0.83333333333333,0.0,0.16666666666667,0.50000476231735,0.5,0.5,0.5,1727074367608
161,0.23809925089221,0.83333333333333,0.0,0.16666666666667,0.50000784262142,0.5,0.5,0.5,1727074367625
161,0.24861969644059,0.83333333333333,0.0,0.16666666666667,0.50000476762237,0.5,0.5,0.5,1727074367641
161,0.25528953641612,0.83333333333333,0.0,0.16666666666667,0.49999697621671,0.5,0.5,0.5,1727074367658
161,0.2591863055068,0.83333333333333,0.0,0.16666666666667,0.50000183000337,0.5,0.5,0.5,1727074367708
161,0.26586524535326,0.83333333333333,0.0,0.16666666666667,0.50000396172087,0.5,0.5,0.5,1727074367738
161,0.27254058728901,0.83333333333333,0.0,0.16666666666667,0.50000224286288,0.5,0.5,0.5,1727074367754
161,0.2792109799023,0.83333333333333,0.0,0.16666666666667,0.49999541118936,0.5,0.5,0.5,1727074367762
161,0.28588765110017,0.83333333333333,0.0,0.16666666666667,0.50001103710723,0.5,0.5,0.5,1727074367775
161,0.30599022710357,0.83333333333333,0.0,0.16666666666667,0.50000556466184,0.5,0.5,0.5,1727074367791
161,0.316511512497,0.83333333333333,0.0,0.16666666666667,0.50000371780335,0.5,0.5,0.5,1727074367808
161,0.30985698465701,0.83333333333333,0.0,0.16666666666667,0.49999551555574,0.5,0.5,0.5,1727074368418
161,0.3032117392072,0.83333333333333,0.0,0.16666666666667,0.50001169921167,0.5,0.5,0.5,1727074368458
161,0.29271014133589,0.83333333333333,0.0,0.16666666666667,0.50000248791927,0.5,0.5,0.5,1727074368474
161,0.2860600854662,0.83333333333333,0.0,0.16666666666667,0.49999850561774,0.5,0.5,0.5,1727074368491
161,0.27556005595335,0.83333333333333,0.0,0.16666666666667,0.50000651426051,0.5,0.5,0.5,1727074368508
161,0.26891247173999,0.83333333333333,0.0,0.16666666666667,0.50000507799536,0.5,0.5,0.5,1727074368525
161,0.26511090709316,0.83333333333333,0.0,0.16666666666667,0.50000344081682,0.5,0.5,0.5,1727074368541
161,0.25461309785416,0.83333333333333,0.0,0.16666666666667,0.49999750153428,0.5,0.5,0.5,1727074368558
161,0.24796091138865,0.83333333333333,0.0,0.16666666666667,0.50000782241891,0.5,0.5,0.5,1727074368574
161,0.2337040750637,0.83333333333333,0.0,0.16666666666667,0.50001341246829,0.5,0.5,0.5,1727074368591
161,0.22705416168543,0.83333333333333,0.0,0.16666666666667,0.50000925459037,0.5,0.5,0.5,1727074368608
161,0.21655588217382,0.83333333333333,0.0,0.16666666666667,0.50000240596227,0.5,0.5,0.5,1727074368624
161,0.20991219381404,0.83333333333333,0.0,0.16666666666667,0.50000539626148,0.5,0.5,0.5,1727074368641
161,0.19941251375073,0.83333333333333,0.0,0.16666666666667,0.49999647808586,0.5,0.5,0.5,1727074368691
161,0.19277221734162,0.83333333333333,0.0,0.16666666666667,0.50000371880102,0.5,0.5,0.5,1727074368708
161,0.18897487346048,0.83333333333333,0.0,0.16666666666667,0.5000070869024,0.5,0.5,0.5,1727074368725
161,0.17847805726206,0.83333333333333,0.0,0.16666666666667,0.50000145937177,0.5,0.5,0.5,1727074368741
161,0.16131176710405,0.83333333333333,0.0,0.16666666666667,0.50000546191338,0.5,0.5,0.5,1727074368758
161,0.1546607773479,0.83333333333333,0.0,0.16666666666667,0.49999896302254,0.5,0.5,0.5,1727074368834
161,0.1508703677184,0.83333333333333,0.0,0.16666666666667,0.5000121430941,0.5,0.5,0.5,1727074368850
161,0.14422818087451,0.83333333333333,0.0,0.16666666666667,0.49999638017469,0.5,0.5,0.5,1727074368858
161,0.15090993636149,0.83333333333333,0.0,0.16666666666667,0.50000308600628,0.5,0.5,0.5,1727074369082
161,0.15090993636149,0.83333333333333,0.0,0.16666666666667,0.50000308600628,0.5,0.5,0.5,1727074369522
161,0.15090993636149,0.83333333333333,0.0,0.16666666666667,0.50000308600628,0.5,0.5,0.5,1727074370507
161,0.15090993636149,0.83333333333333,0.0,0.16666666666667,0.50000308600628,0.5,0.5,0.5,1727074371403
161,0.15090993636149,0.82667835747144,0.0,0.16666666666667,0.50000308600628,0.49999926549745,0.5,0.5,1727074371514
161,0.15090993636149,0.80950541461666,0.0,0.16666666666667,0.50000308600628,0.50000118522967,0.5,0.5,1727074371530
161,0.15090993636149,0.78850916617646,0.0,0.16666666666667,0.50000308600628,0.49999921754538,0.5,0.5,1727074371541
161,0.15090993636149,0.73428128119697,0.0,0.16666666666667,0.50000308600628,0.49999755887282,0.5,0.5,1727074371558
161,0.15090993636149,0.68942562091889,0.0,0.16666666666667,0.50000308600628,0.50000302143732,0.5,0.5,1727074371575
161,0.15090993636149,0.64844951986381,0.0,0.16666666666667,0.50000308600628,0.49999793446193,0.5,0.5,1727074371591
161,0.15090993636149,0.61027760541286,0.0,0.16666666666667,0.50000308600628,0.49999956270918,0.5,0.5,1727074371608
161,0.15090993636149,0.59036832454282,0.0,0.16666666666667,0.50000308600628,0.50000059453557,0.5,0.5,1727074371624
161,0.15090993636149,0.56937435424904,0.0,0.16666666666667,0.50000308600628,0.50000690438049,0.5,0.5,1727074371641
161,0.15090993636149,0.55608858193649,0.0,0.16666666666667,0.50000308600628,0.50000254825395,0.5,0.5,1727074371658
161,0.15090993636149,0.52841142758362,0.0,0.16666666666667,0.50000308600628,0.50000280266667,0.5,0.5,1727074371674
161,0.15090993636149,0.50459305807298,0.0,0.16666666666667,0.50000308600628,0.50000507199306,0.5,0.5,1727074371691
161,0.15090993636149,0.48078307102889,0.0,0.16666666666667,0.50000308600628,0.50000116511764,0.5,0.5,1727074371708
161,0.15090993636149,0.45310700003782,0.0,0.16666666666667,0.50000308600628,0.50000054283119,0.5,0.5,1727074371724
161,0.15090993636149,0.43593387776901,0.0,0.16666666666667,0.50000308600628,0.50000368427255,0.5,0.5,1727074371741
161,0.15090993636149,0.40160191667376,0.0,0.16666666666667,0.50000308600628,0.49999837827799,0.5,0.5,1727074371758
161,0.15090993636149,0.36726086481346,0.0,0.16666666666667,0.50000308600628,0.50000060169328,0.5,0.5,1727074371774
161,0.15090993636149,0.3567673610705,0.0,0.16666666666667,0.50000308600628,0.50000169887092,0.5,0.5,1727074371791
161,0.15090993636149,0.34348948541518,0.0,0.16666666666667,0.50000308600628,0.50000262178893,0.5,0.5,1727074371808
161,0.15090993636149,0.3292131050507,0.0,0.16666666666667,0.50000308600628,0.50000216982428,0.5,0.5,1727074371824
161,0.15090993636149,0.3159382119815,0.0,0.16666666666667,0.50000308600628,0.50000024311481,0.5,0.5,1727074371841
161,0.15090993636149,0.30929310336742,0.0,0.16666666666667,0.50000308600628,0.49999921565526,0.5,0.5,1727074371858
161,0.15090993636149,0.29212674747328,0.0,0.16666666666667,0.50000308600628,0.49999626714945,0.5,0.5,1727074371874
161,0.15090993636149,0.27495639945618,0.0,0.16666666666667,0.50000308600628,0.49999731842832,0.5,0.5,1727074371891
161,0.15090993636149,0.25114866871586,0.0,0.16666666666667,0.50000308600628,0.50000569586679,0.5,0.5,1727074371908
161,0.15090993636149,0.23016837391095,0.0,0.16666666666667,0.50000308600628,0.50000098384407,0.5,0.5,1727074371924
161,0.15090993636149,0.22352510500335,0.0,0.16666666666667,0.50000308600628,0.49999763869224,0.5,0.5,1727074371941
161,0.15090993636149,0.21302658465731,0.0,0.16666666666667,0.50000308600628,0.50000498260748,0.5,0.5,1727074371958
161,0.15090993636149,0.20637605288602,0.0,0.16666666666667,0.50000308600628,0.50001034403007,0.5,0.5,1727074372018
161,0.15090993636149,0.199730594247,0.0,0.16666666666667,0.50000308600628,0.5000096446135,0.5,0.5,1727074372034
161,0.15090993636149,0.18256017692606,0.0,0.16666666666667,0.50000308600628,0.50001153981116,0.5,0.5,1727074372050
161,0.15090993636149,0.17591847811332,0.0,0.16666666666667,0.50000308600628,0.50000595292604,0.5,0.5,1727074372058
161,0.15090993636149,0.15211569042077,0.0,0.16666666666667,0.50000308600628,0.50001012744522,0.5,0.5,1727074372074
161,0.15090993636149,0.13887027624949,0.0,0.16666666666667,0.50000308600628,0.50000942370408,0.5,0.5,1727074372091
161,0.15090993636149,0.1455493025933,0.0,0.16666666666667,0.50000308600628,0.50000633296775,0.5,0.5,1727074372562
161,0.15090993636149,0.15222611030964,0.0,0.16666666666667,0.50000308600628,0.50000638596717,0.5,0.5,1727074372586
161,0.15090993636149,0.15222611030964,0.0,0.16666666666667,0.50000308600628,0.50000638596717,0.5,0.5,1727074373770
162,0.16666666666667,0.83333333333333,0.0,0.0,0.5,0.5,0.5,0.5,1727074377852
162,0.16666666666667,0.83333333333333,0.0,0.0,0.5,0.5,0.5,0.5,1727074378555
162,0.16666666666667,0.83333333333333,0.00724682635254,0.0,0.5,0.5,0.49995278426327,0.5,1727074378618
162,0.16666666666667,0.83333333333333,0.01714427131348,0.0,0.5,0.5,0.49994291253881,0.5,1727074378626
162,0.16666666666667,0.83333333333333,0.03423637051738,0.0,0.5,0.5,0.49995064671377,0.5,1727074378641
162,0.16666666666667,0.83333333333333,0.06125638897304,0.0,0.5,0.5,0.49998714573871,0.5,1727074378658
162,0.16666666666667,0.83333333333333,0.12968398936055,0.0,0.5,0.5,0.49997606240961,0.5,1727074378674
162,0.16666666666667,0.83333333333333,0.17108831250896,0.0,0.5,0.5,0.49998312860225,0.5,1727074378691
162,0.16666666666667,0.83333333333333,0.21249473608202,0.0,0.5,0.5,0.49996509984997,0.5,1727074378708
162,0.16666666666667,0.83333333333333,0.25660622180132,0.0,0.5,0.5,0.49999689037842,0.5,1727074378724
162,0.16666666666667,0.83333333333333,0.30070484300624,0.0,0.5,0.5,0.49999016938274,0.5,1727074378741
162,0.16666666666667,0.83333333333333,0.32501879782164,0.0,0.5,0.5,0.49997611515076,0.5,1727074378757
162,0.16666666666667,0.83333333333333,0.34933904585641,0.0,0.5,0.5,0.49997977259416,0.5,1727074378774
162,0.16666666666667,0.83333333333333,0.3565740106457,0.0,0.5,0.5,0.49999250578118,0.5,1727074378875
162,0.16666666666667,0.83333333333333,0.36644703648524,0.0,0.5,0.5,0.49998640773511,0.5,1727074378891
162,0.16666666666667,0.83333333333333,0.3763278418476,0.0,0.5,0.5,0.49998390741842,0.5,1727074378908
162,0.16666666666667,0.83333333333333,0.39080050839179,0.0,0.5,0.5,0.49998550865294,0.5,1727074378924
162,0.16666666666667,0.83333333333333,0.40789352219304,0.0,0.5,0.5,0.49998044908004,0.5,1727074378941
162,0.16666666666667,0.83333333333333,0.42237238935923,0.0,0.5,0.5,0.49999754356717,0.5,1727074378957
162,0.16666666666667,0.83333333333333,0.43224451060844,0.0,0.5,0.5,0.49999891804431,0.5,1727074378974
162,0.16666666666667,0.83333333333333,0.43491426007014,0.0,0.5,0.5,0.49999034903091,0.5,1727074379915
162,0.16666666666667,0.83333333333333,0.44215136447294,0.0,0.5,0.5,0.49998517697207,0.5,1727074379924
162,0.16666666666667,0.83333333333333,0.4448171886194,0.0,0.5,0.5,0.50000642679432,0.5,1727074379954
162,0.16666666666667,0.83333333333333,0.45204792365996,0.0,0.5,0.5,0.49998758404325,0.5,1727074380066
162,0.16666666666667,0.83333333333333,0.45928530556703,0.0,0.5,0.5,0.49998051223761,0.5,1727074380082
162,0.16666666666667,0.83333333333333,0.46195076094513,0.0,0.5,0.5,0.5000039859244,0.5,1727074380098
162,0.16666666666667,0.83333333333333,0.46918238816893,0.0,0.5,0.5,0.49997910731602,0.5,1727074380107
162,0.16666666666667,0.83333333333333,0.47641646192143,0.0,0.5,0.5,0.49999618275846,0.5,1727074380675
162,0.16666666666667,0.83333333333333,0.47908620393839,0.0,0.5,0.5,0.49998819652509,0.5,1727074380691
162,0.16666666666667,0.83333333333333,0.48631662331765,0.0,0.5,0.5,0.49997265964083,0.5,1727074380722
162,0.16666666666667,0.83333333333333,0.48898300908475,0.0,0.5,0.5,0.49998869640679,0.5,1727074380730
162,0.16666666666667,0.83333333333333,0.49622085742557,0.0,0.5,0.5,0.49997868405101,0.5,1727074380826
162,0.16666666666667,0.83333333333333,0.49887893130806,0.0,0.5,0.5,0.49999536951971,0.5,1727074380874
162,0.16666666666667,0.83333333333333,0.50611586992672,0.0,0.5,0.5,0.49999173740217,0.5,1727074380906
162,0.16666666666667,0.83333333333333,0.50877606824385,0.0,0.5,0.5,0.49999346834746,0.5,1727074381034
162,0.16666666666667,0.83333333333333,0.51601388518274,0.0,0.5,0.5,0.49998388464547,0.5,1727074381339
162,0.16666666666667,0.83333333333333,0.51867999892441,0.0,0.5,0.5,0.50000112009621,0.5,1727074382355
162,0.16666666666667,0.83333333333333,0.52134340876263,0.0,0.5,0.5,0.49998094341613,0.5,1727074383403
162,0.16666666666667,0.83333333333333,0.52400981943343,0.0,0.5,0.5,0.49999605726645,0.5,1727074383442
162,0.16666666666667,0.83333333333333,0.51678219191455,0.0,0.5,0.5,0.499991945991,0.5,1727074383466
162,0.16666666666667,0.83333333333333,0.50956238195387,0.0,0.5,0.5,0.49999030177768,0.5,1727074383482
162,0.16666666666667,0.83333333333333,0.50233580651529,0.0,0.5,0.5,0.49997871858559,0.5,1727074383491
162,0.16666666666667,0.83333333333333,0.50500152358289,0.0,0.5,0.5,0.49999904129263,0.5,1727074383514
162,0.16666666666667,0.83333333333333,0.49777477427726,0.0,0.5,0.5,0.49998869180276,0.5,1727074383524
162,0.16666666666667,0.83333333333333,0.50044481036665,0.0,0.5,0.5,0.49997890343622,0.5,1727074385571
162,0.16666666666667,0.83333333333333,0.51031774682419,0.0,0.5,0.5,0.49997475285068,0.5,1727074385683
162,0.16666666666667,0.83333333333333,0.52018819051191,0.0,0.5,0.5,0.49998769134898,0.5,1727074385706
162,0.16666666666667,0.83333333333333,0.52742311583644,0.0,0.5,0.5,0.49999781901518,0.5,1727074385787
162,0.16666666666667,0.83333333333333,0.52019669376783,0.0,0.5,0.5,0.4999855299676,0.5,1727074387667
162,0.16666666666667,0.83333333333333,0.51297653418685,0.0,0.5,0.5,0.4999862368347,0.5,1727074387674
162,0.16666666666667,0.83333333333333,0.50575007130243,0.0,0.5,0.5,0.49997388571936,0.5,1727074387947
162,0.16666666666667,0.83333333333333,0.50841513759693,0.0,0.5,0.5,0.49999863629934,0.5,1727074389203
162,0.16666666666667,0.83333333333333,0.50841513759693,0.0,0.5,0.5,0.49999863629934,0.5,1727074389555
162,0.16666666666667,0.83333333333333,0.50841513759693,0.0,0.5,0.5,0.49999863629934,0.5,1727074391011
162,0.16666666666667,0.83333333333333,0.50841513759693,0.00394156316872,0.5,0.5,0.49999863629934,0.50000673389136,1727074391040
162,0.16666666666667,0.83333333333333,0.50841513759693,0.01062901261314,0.5,0.5,0.49999863629934,0.49999628408549,1727074391057
162,0.16666666666667,0.83333333333333,0.50841513759693,0.02780161623743,0.5,0.5,0.49999863629934,0.50000320760388,1727074391074
162,0.16666666666667,0.83333333333333,0.50841513759693,0.0961032427334,0.5,0.5,0.49999863629934,0.50001741900004,1727074391090
162,0.16666666666667,0.83333333333333,0.50841513759693,0.15746460170137,0.5,0.5,0.49999863629934,0.50000414477858,1727074391107
162,0.16666666666667,0.83333333333333,0.50841513759693,0.23929479858019,0.5,0.5,0.49999863629934,0.50000280668693,1727074391124
162,0.16666666666667,0.83333333333333,0.50841513759693,0.3347368592758,0.5,0.5,0.49999863629934,0.49999848927928,1727074391140
162,0.16666666666667,0.83333333333333,0.50841513759693,0.41969559234346,0.5,0.5,0.49999863629934,0.50000270409666,1727074391157
162,0.16666666666667,0.83333333333333,0.50841513759693,0.49442005704406,0.5,0.5,0.49999863629934,0.50000346046863,1727074391174
162,0.16666666666667,0.83333333333333,0.50841513759693,0.5519283744578,0.5,0.5,0.49999863629934,0.50000364207182,1727074391190
162,0.16666666666667,0.83333333333333,0.50841513759693,0.58246182312036,0.5,0.5,0.49999863629934,0.50000018852589,1727074391207
162,0.16666666666667,0.83333333333333,0.50841513759693,0.60630943198854,0.5,0.5,0.49999863629934,0.50000112008108,1727074391224
162,0.16666666666667,0.83333333333333,0.50841513759693,0.62347992585266,0.5,0.5,0.49999863629934,0.50000189531095,1727074391240
162,0.16666666666667,0.83333333333333,0.50841513759693,0.63399468413295,0.5,0.5,0.49999863629934,0.50000627965465,1727074391257
162,0.16666666666667,0.83333333333333,0.50841513759693,0.65783842271707,0.5,0.5,0.49999863629934,0.50000464794405,1727074391273
162,0.16666666666667,0.83333333333333,0.50841513759693,0.67119533114972,0.5,0.5,0.49999863629934,0.50000641329724,1727074391290
162,0.16666666666667,0.83333333333333,0.50841513759693,0.67786766462861,0.5,0.5,0.49999863629934,0.50000364009796,1727074391307
162,0.16666666666667,0.83333333333333,0.50841513759693,0.68453525595866,0.5,0.5,0.49999863629934,0.50000718500411,1727074391339
162,0.16666666666667,0.83333333333333,0.50841513759693,0.69119746548668,0.5,0.5,0.49999863629934,0.49999851534759,1727074391346
162,0.16666666666667,0.83333333333333,0.50841513759693,0.69507169457386,0.5,0.5,0.49999863629934,0.49999694983195,1727074391357
162,0.16666666666667,0.83333333333333,0.50841513759693,0.70174387194967,0.5,0.5,0.49999863629934,0.5000031341554,1727074391374
162,0.16666666666667,0.83333333333333,0.50841513759693,0.72558222174085,0.5,0.5,0.49999863629934,0.49999864728416,1727074391390
162,0.16666666666667,0.83333333333333,0.50841513759693,0.74942959096976,0.5,0.5,0.49999863629934,0.49999935001976,1727074391407
162,0.16666666666667,0.83333333333333,0.50841513759693,0.76660153817401,0.5,0.5,0.49999863629934,0.50000083419073,1727074391423
162,0.16666666666667,0.83333333333333,0.50841513759693,0.77327070037576,0.5,0.5,0.49999863629934,0.50000493634825,1727074391440
162,0.16666666666667,0.83333333333333,0.50841513759693,0.78377921394121,0.5,0.5,0.49999863629934,0.50000532415651,1727074391457
162,0.16666666666667,0.83333333333333,0.50841513759693,0.79045125368977,0.5,0.5,0.49999863629934,0.50000270237444,1727074391474
162,0.16666666666667,0.83333333333333,0.50841513759693,0.79711600406657,0.5,0.5,0.49999863629934,0.50000437631244,1727074391490
162,0.16666666666667,0.83333333333333,0.50841513759693,0.80098679141031,0.5,0.5,0.49999863629934,0.5000011415038,1727074391514
162,0.16666666666667,0.83333333333333,0.50841513759693,0.80765272189582,0.5,0.5,0.49999863629934,0.50000342376257,1727074391594
162,0.16666666666667,0.83333333333333,0.50841513759693,0.81432945031858,0.5,0.5,0.49999863629934,0.50000330145296,1727074392579
162,0.16666666666667,0.83333333333333,0.50841513759693,0.82098622360998,0.5,0.5,0.49999863629934,0.50000082789198,1727074392603
162,0.16666666666667,0.83333333333333,0.50841513759693,0.82098622360998,0.5,0.5,0.49999863629934,0.50000082789198,1727074393595
162,0.16666666666667,0.83333333333333,0.50841513759693,0.82098622360998,0.5,0.5,0.49999863629934,0.50000082789198,1727074394508
162,0.17334222763106,0.83333333333333,0.50841513759693,0.82098622360998,0.50000490466688,0.5,0.49999863629934,0.50000082789198,1727074394643
162,0.19051887048128,0.83333333333333,0.50841513759693,0.82098622360998,0.49999473544327,0.5,0.49999863629934,0.50000082789198,1727074394659
162,0.20103349311696,0.83333333333333,0.50841513759693,0.82098622360998,0.50000332958797,0.5,0.49999863629934,0.50000082789198,1727074394673
162,0.22489134425942,0.83333333333333,0.50841513759693,0.82098622360998,0.4999988814946,0.5,0.49999863629934,0.50000082789198,1727074394690
162,0.24873553967837,0.83333333333333,0.50841513759693,0.82098622360998,0.49999677001673,0.5,0.49999863629934,0.50000082789198,1727074394707
162,0.27642394595706,0.83333333333333,0.50841513759693,0.82098622360998,0.49999285390391,0.5,0.49999863629934,0.50000082789198,1727074394723
162,0.30697795927118,0.83333333333333,0.50841513759693,0.82098622360998,0.49999341138211,0.5,0.49999863629934,0.50000082789198,1727074394740
162,0.33466352409693,0.83333333333333,0.50841513759693,0.82098622360998,0.50000187242322,0.5,0.49999863629934,0.50000082789198,1727074394757
162,0.36522196210709,0.83333333333333,0.50841513759693,0.82098622360998,0.50000589438449,0.5,0.49999863629934,0.50000082789198,1727074394773
162,0.39576784239755,0.83333333333333,0.50841513759693,0.82098622360998,0.4999988146673,0.5,0.49999863629934,0.50000082789198,1727074394790
162,0.41293883614387,0.83333333333333,0.50841513759693,0.82098622360998,0.50000031153816,0.5,0.49999863629934,0.50000082789198,1727074394807
162,0.43011090409407,0.83333333333333,0.50841513759693,0.82098622360998,0.50000260361843,0.5,0.49999863629934,0.50000082789198,1727074394824
162,0.46066091909978,0.83333333333333,0.50841513759693,0.82098622360998,0.49999951950063,0.5,0.49999863629934,0.50000082789198,1727074394840
162,0.48450155194511,0.83333333333333,0.50841513759693,0.82098622360998,0.49999539093683,0.5,0.49999863629934,0.50000082789198,1727074394857
162,0.52176261795644,0.83333333333333,0.50841513759693,0.82098622360998,0.49999527595676,0.5,0.49999863629934,0.50000082789198,1727074394873
162,0.55901272826845,0.83333333333333,0.50841513759693,0.82098622360998,0.49999818974216,0.5,0.49999863629934,0.50000082789198,1727074394890
162,0.60299462668865,0.83333333333333,0.50841513759693,0.82098622360998,0.49999652698294,0.5,0.49999863629934,0.50000082789198,1727074394907
162,0.61635039978215,0.83333333333333,0.50841513759693,0.82098622360998,0.49999780679325,0.5,0.49999863629934,0.50000082789198,1727074394923
162,0.62301975296695,0.83333333333333,0.50841513759693,0.82098622360998,0.50000275869642,0.5,0.49999863629934,0.50000082789198,1727074394973
162,0.62969058135027,0.83333333333333,0.50841513759693,0.82098622360998,0.49999891804845,0.5,0.49999863629934,0.50000082789198,1727074394990
162,0.64685929816163,0.83333333333333,0.50841513759693,0.82098622360998,0.49999862281341,0.5,0.49999863629934,0.50000082789198,1727074395007
162,0.66020951765409,0.83333333333333,0.50841513759693,0.82098622360998,0.49999644628115,0.5,0.49999863629934,0.50000082789198,1727074395023
162,0.67072688637684,0.83333333333333,0.50841513759693,0.82098622360998,0.50000228108952,0.5,0.49999863629934,0.50000082789198,1727074395040
162,0.68407957135335,0.83333333333333,0.50841513759693,0.82098622360998,0.49999248251663,0.5,0.49999863629934,0.50000082789198,1727074395057
162,0.70413601526112,0.83333333333333,0.50841513759693,0.82098622360998,0.49999858646576,0.5,0.49999863629934,0.50000082789198,1727074395073
162,0.72419237061509,0.83333333333333,0.50841513759693,0.82098622360998,0.49999568226363,0.5,0.49999863629934,0.50000082789198,1727074395090
162,0.73469804881253,0.83333333333333,0.50841513759693,0.82098622360998,0.49999460063292,0.5,0.49999863629934,0.50000082789198,1727074395107
162,0.74136913972342,0.83333333333333,0.50841513759693,0.82098622360998,0.49999994936678,0.5,0.49999863629934,0.50000082789198,1727074395123
162,0.74803791687188,0.83333333333333,0.50841513759693,0.82098622360998,0.49999544978394,0.5,0.49999863629934,0.50000082789198,1727074395140
162,0.7413842223992,0.83333333333333,0.50841513759693,0.82098622360998,0.4999997814528,0.5,0.49999863629934,0.50000082789198,1727074397435
162,0.73473547703967,0.83333333333333,0.50841513759693,0.82098622360998,0.49999832905255,0.5,0.49999863629934,0.50000082789198,1727074397491
162,0.72807766482518,0.83333333333333,0.50841513759693,0.82098622360998,0.50000041811323,0.5,0.49999863629934,0.50000082789198,1727074397675
162,0.72425317332356,0.83333333333333,0.50841513759693,0.82098622360998,0.49999526616999,0.5,0.49999863629934,0.50000082789198,1727074397690
162,0.71760107243392,0.83333333333333,0.50841513759693,0.82098622360998,0.50000061106144,0.5,0.49999863629934,0.50000082789198,1727074397706
162,0.71094913493678,0.83333333333333,0.50841513759693,0.82098622360998,0.49999729701382,0.5,0.49999863629934,0.50000082789198,1727074397723
162,0.70044176026859,0.83333333333333,0.50841513759693,0.82098622360998,0.49999745138713,0.5,0.49999863629934,0.50000082789198,1727074397851
162,0.68994016233075,0.83333333333333,0.50841513759693,0.82098622360998,0.50000099761206,0.5,0.49999863629934,0.50000082789198,1727074397890
162,0.68328877495774,0.83333333333333,0.50841513759693,0.82098622360998,0.49999791307908,0.5,0.49999863629934,0.50000082789198,1727074397914
162,0.68328877495774,0.83333333333333,0.50841513759693,0.82098622360998,0.49999791307908,0.5,0.49999863629934,0.50000082789198,1727074399499
163,0.33333333333333,0.16666666666667,0.33333333333333,0.16666666666667,0.5,0.5,0.5,0.5,1727074403708
163,0.33333333333333,0.16666666666667,0.34781430025606,0.16666666666667,0.5,0.5,0.49999861673033,0.5,1727074403763
163,0.33333333333333,0.16666666666667,0.35768707158693,0.16666666666667,0.5,0.5,0.49999452906755,0.5,1727074403773
163,0.33333333333333,0.16666666666667,0.38200987138295,0.16666666666667,0.5,0.5,0.49997610323607,0.5,1727074403789
163,0.33333333333333,0.16666666666667,0.40898884407819,0.16666666666667,0.5,0.5,0.49999322012683,0.5,1727074403806
163,0.33333333333333,0.16666666666667,0.43596323685836,0.16666666666667,0.5,0.5,0.4999814065149,0.5,1727074403823
163,0.33333333333333,0.16666666666667,0.47285645495104,0.16666666666667,0.5,0.5,0.49998966293943,0.5,1727074403840
163,0.33333333333333,0.16666666666667,0.5097484442312,0.16666666666667,0.5,0.5,0.50000560454508,0.5,1727074403856
163,0.33333333333333,0.16666666666667,0.53944846600411,0.16666666666667,0.5,0.5,0.49999691279276,0.5,1727074403873
163,0.33333333333333,0.16666666666667,0.56642282463152,0.16666666666667,0.5,0.5,0.4999870843594,0.5,1727074403889
163,0.33333333333333,0.16666666666667,0.58619199291736,0.16666666666667,0.5,0.5,0.49998726629799,0.5,1727074403906
163,0.33333333333333,0.16666666666667,0.60327622179019,0.16666666666667,0.5,0.5,0.49998701309833,0.5,1727074403923
163,0.33333333333333,0.16666666666667,0.61314920061139,0.16666666666667,0.5,0.5,0.499983006657,0.5,1727074403954
163,0.33333333333333,0.16666666666667,0.6230202744283,0.16666666666667,0.5,0.5,0.49999054060344,0.5,1727074403989
163,0.33333333333333,0.16666666666667,0.6328941363954,0.16666666666667,0.5,0.5,0.49998133563448,0.5,1727074404006
163,0.33333333333333,0.16666666666667,0.64276558064866,0.16666666666667,0.5,0.5,0.49998654418981,0.5,1727074404023
163,0.33333333333333,0.16666666666667,0.65263449055475,0.16666666666667,0.5,0.5,0.50000637176343,0.5,1727074404039
163,0.33333333333333,0.16666666666667,0.67239798074021,0.16666666666667,0.5,0.5,0.49999185665549,0.5,1727074404056
163,0.33333333333333,0.16666666666667,0.69937041631245,0.16666666666667,0.5,0.5,0.49999417707546,0.5,1727074404073
163,0.33333333333333,0.16666666666667,0.7164551060647,0.16666666666667,0.5,0.5,0.49999132908042,0.5,1727074404090
163,0.33333333333333,0.16666666666667,0.71911401284072,0.16666666666667,0.5,0.5,0.49999967849439,0.5,1727074404106
163,0.33333333333333,0.16666666666667,0.72177702052999,0.16666666666667,0.5,0.5,0.49998583871868,0.5,1727074405099
163,0.33333333333333,0.16666666666667,0.72714543654626,0.16666666666667,0.5,0.5,0.49999444799035,0.5,1727074405139
163,0.33333333333333,0.16666666666667,0.71991635577254,0.16666666666667,0.5,0.5,0.49999904788937,0.5,1727074405156
163,0.33333333333333,0.16666666666667,0.72257788663816,0.16666666666667,0.5,0.5,0.49999318894831,0.5,1727074405173
163,0.33333333333333,0.16666666666667,0.71535095719111,0.16666666666667,0.5,0.5,0.49998610748885,0.5,1727074405195
163,0.33333333333333,0.16666666666667,0.70813003405963,0.16666666666667,0.5,0.5,0.4999908563152,0.5,1727074405219
163,0.33333333333333,0.16666666666667,0.71078248562599,0.16666666666667,0.5,0.5,0.49998982686208,0.5,1727074405226
163,0.33333333333333,0.16666666666667,0.70356126485525,0.16666666666667,0.5,0.5,0.4999962644798,0.5,1727074405251
163,0.33333333333333,0.16666666666667,0.70621444826939,0.16666666666667,0.5,0.5,0.49999119907397,0.5,1727074405259
163,0.33333333333333,0.16666666666667,0.69899618973827,0.16666666666667,0.5,0.5,0.49998129924382,0.5,1727074405282
163,0.33333333333333,0.16666666666667,0.70165447892474,0.16666666666667,0.5,0.5,0.49999323499404,0.5,1727074405291
163,0.33333333333333,0.16666666666667,0.70430582442656,0.16666666666667,0.5,0.5,0.49999827363791,0.5,1727074405306
163,0.33333333333333,0.16666666666667,0.69708719308233,0.16666666666667,0.5,0.5,0.49999047319362,0.5,1727074405323
163,0.33333333333333,0.16666666666667,0.69974620654987,0.16666666666667,0.5,0.5,0.49999840579793,0.5,1727074405339
163,0.33333333333333,0.16666666666667,0.69252029681588,0.16666666666667,0.5,0.5,0.49998551579759,0.5,1727074405356
163,0.33333333333333,0.16666666666667,0.68529232737048,0.16666666666667,0.5,0.5,0.49998398210143,0.5,1727074405373
163,0.33333333333333,0.16666666666667,0.68795261919004,0.16666666666667,0.5,0.5,0.49998488128565,0.5,1727074405389
163,0.33333333333333,0.16666666666667,0.68073114827463,0.16666666666667,0.5,0.5,0.49999284864638,0.5,1727074405406
163,0.33333333333333,0.16666666666667,0.68338356061306,0.16666666666667,0.5,0.5,0.49999200383845,0.5,1727074405423
163,0.33333333333333,0.16666666666667,0.68604469782392,0.16666666666667,0.5,0.5,0.49998814303018,0.5,1727074405439
163,0.33333333333333,0.16666666666667,0.67882360892647,0.16666666666667,0.5,0.5,0.4999939939994,0.5,1727074405456
163,0.33333333333333,0.16666666666667,0.68148496770863,0.16666666666667,0.5,0.5,0.49998886044752,0.5,1727074405474
163,0.33333333333333,0.16666666666667,0.67425764395189,0.16666666666667,0.5,0.5,0.49998366889973,0.5,1727074405489
163,0.33333333333333,0.16666666666667,0.66702894431543,0.16666666666667,0.5,0.5,0.49998626819511,0.5,1727074405506
163,0.33333333333333,0.16666666666667,0.66968899988452,0.16666666666667,0.5,0.5,0.49998852652845,0.5,1727074407403
163,0.33333333333333,0.16666666666667,0.67234786429434,0.16666666666667,0.5,0.5,0.49999754835439,0.5,1727074407443
163,0.33333333333333,0.16666666666667,0.6822206509451,0.16666666666667,0.5,0.5,0.4999948088119,0.5,1727074407489
163,0.33333333333333,0.16666666666667,0.68488211964105,0.16666666666667,0.5,0.5,0.49998907467599,0.5,1727074407539
163,0.33333333333333,0.16666666666667,0.69210958605567,0.16666666666667,0.5,0.5,0.49999337168838,0.5,1727074407563
163,0.33333333333333,0.16666666666667,0.69210958605567,0.16666666666667,0.5,0.5,0.49999337168838,0.5,1727074408371
163,0.33333333333333,0.16666666666667,0.69210958605567,0.16666666666667,0.5,0.5,0.49999337168838,0.5,1727074410028
163,0.33333333333333,0.16666666666667,0.69477157229281,0.16666666666667,0.5,0.5,0.49998482725246,0.5,1727074410107
163,0.33333333333333,0.16666666666667,0.69743005319171,0.16666666666667,0.5,0.5,0.49999574460344,0.5,1727074410131
163,0.33333333333333,0.16666666666667,0.70008232740457,0.16666666666667,0.5,0.5,0.49999566941571,0.5,1727074410146
163,0.33333333333333,0.16666666666667,0.6928627201073,0.16666666666667,0.5,0.5,0.49999324548746,0.5,1727074410156
163,0.33333333333333,0.16666666666667,0.69552309753599,0.16666666666667,0.5,0.5,0.49999363632739,0.5,1727074410173
163,0.33333333333333,0.16666666666667,0.6981751334446,0.16666666666667,0.5,0.5,0.49999488567289,0.5,1727074410195
163,0.33333333333333,0.16666666666667,0.69095564809516,0.16666666666667,0.5,0.5,0.4999917707803,0.5,1727074410210
163,0.33333333333333,0.16666666666667,0.68372747479785,0.16666666666667,0.5,0.5,0.49999142849522,0.5,1727074410267
163,0.33333333333333,0.16666666666667,0.68638846633615,0.16666666666667,0.5,0.5,0.49998838704131,0.5,1727074410283
163,0.33333333333333,0.16666666666667,0.68904695569331,0.16666666666667,0.5,0.5,0.49999934456895,0.5,1727074410347
163,0.33333333333333,0.16666666666667,0.68181928194204,0.16666666666667,0.5,0.5,0.49999624727761,0.5,1727074410356
163,0.33333333333333,0.16666666666667,0.67459923271621,0.16666666666667,0.5,0.5,0.49999628799763,0.5,1727074410372
163,0.33333333333333,0.16666666666667,0.66737130581199,0.16666666666667,0.5,0.5,0.49999456586007,0.5,1727074410394
163,0.33333333333333,0.16666666666667,0.67003312743326,0.16666666666667,0.5,0.5,0.49998672705389,0.5,1727074410418
163,0.33333333333333,0.16666666666667,0.66280428106099,0.16666666666667,0.5,0.5,0.49999020611184,0.5,1727074410456
163,0.33333333333333,0.16666666666667,0.6654635175953,0.16666666666667,0.5,0.5,0.49999715797647,0.5,1727074410579
163,0.33333333333333,0.16666666666667,0.658245022146,0.16666666666667,0.5,0.5,0.49998822997904,0.5,1727074410819
163,0.33333333333333,0.16666666666667,0.66090477903958,0.16666666666667,0.5,0.5,0.49999222487202,0.5,1727074410856
163,0.33333333333333,0.16666666666667,0.65367744720576,0.16666666666667,0.5,0.5,0.49998698887455,0.5,1727074410872
163,0.33333333333333,0.16666666666667,0.65633733714573,0.16666666666667,0.5,0.5,0.49999023726733,0.5,1727074412315
163,0.33333333333333,0.16666666666667,0.6635750591677,0.16666666666667,0.5,0.5,0.49998277231576,0.5,1727074412363
163,0.33333333333333,0.16666666666667,0.66622734023071,0.16666666666667,0.5,0.5,0.49998269267283,0.5,1727074412378
163,0.33333333333333,0.16666666666667,0.67346073082134,0.16666666666667,0.5,0.5,0.4999999784177,0.5,1727074412459
163,0.33333333333333,0.16666666666667,0.67612406142567,0.16666666666667,0.5,0.5,0.49998362600068,0.5,1727074413043
163,0.33333333333333,0.16666666666667,0.67612406142567,0.16666666666667,0.5,0.5,0.49998362600068,0.5,1727074413419
163,0.33333333333333,0.16666666666667,0.67612406142567,0.16666666666667,0.5,0.5,0.49998362600068,0.5,1727074414980
163,0.32667900158305,0.16666666666667,0.67612406142567,0.16666666666667,0.50000198713634,0.5,0.49998362600068,0.5,1727074415035
163,0.29234703798183,0.16666666666667,0.67612406142567,0.16666666666667,0.49999307906268,0.5,0.49998362600068,0.5,1727074415072
163,0.2580107651606,0.16666666666667,0.67612406142567,0.16666666666667,0.49999498663619,0.5,0.49998362600068,0.5,1727074415089
163,0.21611721212282,0.16666666666667,0.67612406142567,0.16666666666667,0.49999306303105,0.5,0.49998362600068,0.5,1727074415106
163,0.17126998124223,0.16666666666667,0.67612406142567,0.16666666666667,0.49999091498382,0.5,0.49998362600068,0.5,1727074415122
163,0.08460249889562,0.16666666666667,0.67612406142567,0.16666666666667,0.49997876789554,0.5,0.49998362600068,0.5,1727074415139
163,0.02927313464024,0.16666666666667,0.67612406142567,0.16666666666667,0.49999252101591,0.5,0.49998362600068,0.5,1727074415155
163,0.0,0.16666666666667,0.67612406142567,0.16666666666667,0.5,0.5,0.49998362600068,0.5,1727074415172
163,0.0,0.16666666666667,0.67612406142567,0.16666666666667,0.5,0.5,0.49998362600068,0.5,1727074415189
163,0.0,0.16666666666667,0.67612406142567,0.16666666666667,0.5,0.5,0.49998362600068,0.5,1727074415205
163,0.0,0.16666666666667,0.67612406142567,0.16666666666667,0.5,0.5,0.49998362600068,0.5,1727074415222
163,0.0,0.16666666666667,0.67612406142567,0.16666666666667,0.5,0.5,0.49998362600068,0.5,1727074415239
163,0.0,0.16666666666667,0.67612406142567,0.16666666666667,0.5,0.5,0.49998362600068,0.5,1727074415256
163,0.0,0.16666666666667,0.67612406142567,0.16666666666667,0.5,0.5,0.49998362600068,0.5,1727074415272
163,0.0,0.16666666666667,0.67612406142567,0.16666666666667,0.5,0.5,0.49998362600068,0.5,1727074415289
163,0.0,0.16666666666667,0.67612406142567,0.16666666666667,0.5,0.5,0.49998362600068,0.5,1727074415305
163,0.0,0.16666666666667,0.67612406142567,0.16666666666667,0.5,0.5,0.49998362600068,0.5,1727074415322
163,0.0,0.16666666666667,0.67612406142567,0.16666666666667,0.5,0.5,0.49998362600068,0.5,1727074415339
163,0.0,0.16666666666667,0.67612406142567,0.16666666666667,0.5,0.5,0.49998362600068,0.5,1727074415387
163,0.0,0.16666666666667,0.67612406142567,0.16666666666667,0.5,0.5,0.49998362600068,0.5,1727074416228
163,0.0,0.17334237830216,0.67612406142567,0.16666666666667,0.5,0.49999489911288,0.49998362600068,0.5,1727074416371
163,0.0,0.18673205353272,0.67612406142567,0.16666666666667,0.5,0.50000808946211,0.49998362600068,0.5,1727074416379
163,0.0,0.20390384491774,0.67612406142567,0.16666666666667,0.5,0.50000467319302,0.49998362600068,0.5,1727074416389
163,0.0,0.23447539017922,0.67612406142567,0.16666666666667,0.5,0.50000174442547,0.49998362600068,0.5,1727074416405
163,0.0,0.27854624111881,0.67612406142567,0.16666666666667,0.5,0.50000793286437,0.49998362600068,0.5,1727074416422
163,0.0,0.32938423268635,0.67612406142567,0.16666666666667,0.5,0.50000036416704,0.49998362600068,0.5,1727074416439
163,0.0,0.37340946365535,0.67612406142567,0.16666666666667,0.5,0.50000523636832,0.49998362600068,0.5,1727074416456
163,0.0,0.43778227303126,0.67612406142567,0.16666666666667,0.5,0.50000187764047,0.49998362600068,0.5,1727074416472
163,0.0,0.46832981093949,0.67612406142567,0.16666666666667,0.5,0.50000663947768,0.49998362600068,0.5,1727074416489
163,0.0,0.50558763240908,0.67612406142567,0.16666666666667,0.5,0.49999779857212,0.49998362600068,0.5,1727074416505
163,0.0,0.53612933739661,0.67612406142567,0.16666666666667,0.5,0.50000639896332,0.49998362600068,0.5,1727074416522
163,0.0,0.58010735221709,0.67612406142567,0.16666666666667,0.5,0.50000022587656,0.49998362600068,0.5,1727074416539
163,0.0,0.6068903706617,0.67612406142567,0.16666666666667,0.5,0.50000124629865,0.49998362600068,0.5,1727074416555
163,0.0,0.63456862320298,0.67612406142567,0.16666666666667,0.5,0.50000037868047,0.49998362600068,0.5,1727074416572
163,0.0,0.65841879099521,0.67612406142567,0.16666666666667,0.5,0.49999793263361,0.49998362600068,0.5,1727074416589
163,0.0,0.68225568902782,0.67612406142567,0.16666666666667,0.5,0.50000345931404,0.49998362600068,0.5,1727074416605
163,0.0,0.70994277652142,0.67612406142567,0.16666666666667,0.5,0.49999752175544,0.49998362600068,0.5,1727074416622
163,0.0,0.73670758749841,0.67612406142567,0.16666666666667,0.5,0.50000005856282,0.49998362600068,0.5,1727074416639
163,0.0,0.75387919490083,0.67612406142567,0.16666666666667,0.5,0.49999875231829,0.49998362600068,0.5,1727074416655
163,0.0,0.76439314495207,0.67612406142567,0.16666666666667,0.5,0.50000372576475,0.49998362600068,0.5,1727074416672
163,0.0,0.77105692658601,0.67612406142567,0.16666666666667,0.5,0.50000249022568,0.49998362600068,0.5,1727074416689
163,0.0,0.77772517016893,0.67612406142567,0.16666666666667,0.5,0.50000713024464,0.49998362600068,0.5,1727074416705
163,0.0,0.78824249848979,0.67612406142567,0.16666666666667,0.5,0.50000194107332,0.49998362600068,0.5,1727074416722
163,0.0,0.80828789940832,0.67612406142567,0.16666666666667,0.5,0.50000229655464,0.49998362600068,0.5,1727074416739
163,0.0,0.82268010180928,0.67612406142567,0.16666666666667,0.5,0.50000627350947,0.49998362600068,0.5,1727074416755
163,0.0,0.82934748234787,0.67612406142567,0.16666666666667,0.5,0.50000325062469,0.49998362600068,0.5,1727074416778
163,0.0,0.83602342943554,0.67612406142567,0.16666666666667,0.5,0.50000372611275,0.49998362600068,0.5,1727074416794
163,0.0,0.84269238761497,0.67612406142567,0.16666666666667,0.5,0.4999999596742,0.49998362600068,0.5,1727074416810
163,0.0,0.84655601771732,0.67612406142567,0.16666666666667,0.5,0.49999890817678,0.49998362600068,0.5,1727074416822
163,0.0,0.85322916160594,0.67612406142567,0.16666666666667,0.5,0.50000080339628,0.49998362600068,0.5,1727074416839
163,0.0,0.85989140484514,0.67612406142567,0.16666666666667,0.5,0.50000044848152,0.49998362600068,0.5,1727074416855
163,0.0,0.86656026949878,0.67612406142567,0.16666666666667,0.5,0.50000442485204,0.49998362600068,0.5,1727074416872
163,0.0,0.87043308600155,0.67612406142567,0.16666666666667,0.5,0.49999885999242,0.49998362600068,0.5,1727074416947
163,0.0,0.87709305352843,0.67612406142567,0.16666666666667,0.5,0.49999963516684,0.49998362600068,0.5,1727074416963
163,0.0,0.88096119368708,0.67612406142567,0.16666666666667,0.5,0.50000391797782,0.49998362600068,0.5,1727074417859
163,0.0,0.8981336658582,0.67612406142567,0.16666666666667,0.5,0.50000230286681,0.49998362600068,0.5,1727074417872
163,0.0,0.90479468220178,0.67612406142567,0.16666666666667,0.5,0.50000253885658,0.49998362600068,0.5,1727074417889
163,0.0,0.92196919519531,0.67612406142567,0.16666666666667,0.5,0.50000001673505,0.49998362600068,0.5,1727074417905
163,0.0,0.94580747707364,0.67612406142567,0.16666666666667,0.5,0.50000364578842,0.49998362600068,0.5,1727074417922
163,0.0,0.956320289859,0.67612406142567,0.16666666666667,0.5,0.50000127378237,0.49998362600068,0.5,1727074417939
163,0.0,0.9801659557147,0.67612406142567,0.16666666666667,0.5,0.50000146779627,0.49998362600068,0.5,1727074417955
163,0.0,0.99350870893584,0.67612406142567,0.16666666666667,0.5,0.49999954926219,0.49998362600068,0.5,1727074417972
163,0.0,1.0,0.67612406142567,0.16666666666667,0.5,0.5,0.49998362600068,0.5,1727074417989
163,0.0,1.0,0.67612406142567,0.16666666666667,0.5,0.5,0.49998362600068,0.5,1727074418005
163,0.0,1.0,0.67612406142567,0.16666666666667,0.5,0.5,0.49998362600068,0.5,1727074418022
163,0.0,1.0,0.67612406142567,0.16666666666667,0.5,0.5,0.49998362600068,0.5,1727074418039
163,0.0,1.0,0.67612406142567,0.16666666666667,0.5,0.5,0.49998362600068,0.5,1727074418055
163,0.0,1.0,0.67612406142567,0.16666666666667,0.5,0.5,0.49998362600068,0.5,1727074418072
163,0.0,1.0,0.67612406142567,0.16666666666667,0.5,0.5,0.49998362600068,0.5,1727074418089
163,0.0,1.0,0.67612406142567,0.16666666666667,0.5,0.5,0.49998362600068,0.5,1727074418105
163,0.0,1.0,0.67612406142567,0.16666666666667,0.5,0.5,0.49998362600068,0.5,1727074418122
163,0.0,1.0,0.67612406142567,0.16666666666667,0.5,0.5,0.49998362600068,0.5,1727074418139
163,0.0,1.0,0.67612406142567,0.16666666666667,0.5,0.5,0.49998362600068,0.5,1727074418155
163,0.0,1.0,0.67612406142567,0.16666666666667,0.5,0.5,0.49998362600068,0.5,1727074418172
163,0.0,1.0,0.67612406142567,0.16666666666667,0.5,0.5,0.49998362600068,0.5,1727074418194
163,0.0,1.0,0.67612406142567,0.16666666666667,0.5,0.5,0.49998362600068,0.5,1727074418210
163,0.0,1.0,0.67612406142567,0.16666666666667,0.5,0.5,0.49998362600068,0.5,1727074418222
163,0.0,1.0,0.67612406142567,0.16666666666667,0.5,0.5,0.49998362600068,0.5,1727074418239
163,0.0,1.0,0.67612406142567,0.16666666666667,0.5,0.5,0.49998362600068,0.5,1727074418255
163,0.0,1.0,0.67612406142567,0.16666666666667,0.5,0.5,0.49998362600068,0.5,1727074418272
163,0.0,1.0,0.67612406142567,0.16666666666667,0.5,0.5,0.49998362600068,0.5,1727074418289
163,0.0,1.0,0.67612406142567,0.16666666666667,0.5,0.5,0.49998362600068,0.5,1727074418305
163,0.0,1.0,0.67612406142567,0.16666666666667,0.5,0.5,0.49998362600068,0.5,1727074418467
163,0.0,1.0,0.67612406142567,0.16666666666667,0.5,0.5,0.49998362600068,0.5,1727074419788
163,0.0,1.0,0.67612406142567,0.17335243616712,0.5,0.5,0.49998362600068,0.50001819896034,1727074419899
163,0.0,1.0,0.67612406142567,0.17724945248469,0.5,0.5,0.49998362600068,0.50000425660564,1727074419907
163,0.0,1.0,0.67612406142567,0.1839222582193,0.5,0.5,0.49998362600068,0.49999895977869,1727074419931
163,0.0,1.0,0.67612406142567,0.20405858558992,0.5,0.5,0.49998362600068,0.49999641454809,1727074419939
163,0.0,1.0,0.67612406142567,0.25856179191804,0.5,0.5,0.49998362600068,0.5000086139346,1727074419955
163,0.0,1.0,0.67612406142567,0.34025053371977,0.5,0.5,0.49998362600068,0.50000409105586,1727074419972
163,0.0,1.0,0.67612406142567,0.44262881339894,0.5,0.5,0.49998362600068,0.49999844316743,1727074419989
163,0.0,1.0,0.67612406142567,0.54461542891647,0.5,0.5,0.49998362600068,0.50000003073745,1727074420005
163,0.0,1.0,0.67612406142567,0.65332644305844,0.5,0.5,0.49998362600068,0.50000205445829,1727074420022
163,0.0,1.0,0.67612406142567,0.73472604162637,0.5,0.5,0.49998362600068,0.50000165987872,1727074420039
163,0.0,1.0,0.67612406142567,0.81609106396732,0.5,0.5,0.49998362600068,0.49999935680758,1727074420055
163,0.0,1.0,0.67612406142567,0.88024319534675,0.5,0.5,0.49998362600068,0.50000606140723,1727074420072
163,0.0,1.0,0.67612406142567,0.92125409301383,0.5,0.5,0.49998362600068,0.50000373709479,1727074420089
163,0.0,1.0,0.67612406142567,0.94799836654733,0.5,0.5,0.49998362600068,0.49999924827123,1727074420105
163,0.0,1.0,0.67612406142567,0.96517683518033,0.5,0.5,0.49998362600068,0.50000345013755,1727074420122
163,0.0,1.0,0.67612406142567,0.98520778672506,0.5,0.5,0.49998362600068,0.50000347556263,1727074420138
163,0.0,1.0,0.67612406142567,1.0,0.5,0.5,0.49998362600068,0.5,1727074420155
163,0.0,1.0,0.67612406142567,1.0,0.5,0.5,0.49998362600068,0.5,1727074420172
163,0.0,1.0,0.67612406142567,1.0,0.5,0.5,0.49998362600068,0.5,1727074420189
163,0.0,1.0,0.67612406142567,1.0,0.5,0.5,0.49998362600068,0.5,1727074420205
163,0.0,1.0,0.67612406142567,1.0,0.5,0.5,0.49998362600068,0.5,1727074420222
163,0.0,1.0,0.67612406142567,1.0,0.5,0.5,0.49998362600068,0.5,1727074420238
163,0.0,1.0,0.67612406142567,1.0,0.5,0.5,0.49998362600068,0.5,1727074420255
163,0.0,1.0,0.67612406142567,1.0,0.5,0.5,0.49998362600068,0.5,1727074420272
163,0.0,1.0,0.67612406142567,1.0,0.5,0.5,0.49998362600068,0.5,1727074420288
163,0.0,1.0,0.67612406142567,1.0,0.5,0.5,0.49998362600068,0.5,1727074420305
163,0.0,1.0,0.67612406142567,0.99617455793984,0.5,0.5,0.49998362600068,0.5000023568295,1727074421347
163,0.0,1.0,0.67612406142567,0.99234473090349,0.5,0.5,0.49998362600068,0.50000278222227,1727074421459
163,0.0,1.0,0.67612406142567,0.98569498315551,0.5,0.5,0.49998362600068,0.50000119370853,1727074421531
163,0.0,1.0,0.67612406142567,0.98186177219288,0.5,0.5,0.49998362600068,0.50000010460821,1727074421539
163,0.0,1.0,0.67612406142567,0.97520009010263,0.5,0.5,0.49998362600068,0.50000004054538,1727074421555
163,0.0,1.0,0.67612406142567,0.9685541861975,0.5,0.5,0.49998362600068,0.50000015385108,1727074421605
163,0.0,1.0,0.67612406142567,0.96472244236799,0.5,0.5,0.49998362600068,0.49999971199295,1727074421622
163,0.0,1.0,0.67612406142567,0.95806755124308,0.5,0.5,0.49998362600068,0.50000274406629,1727074421651
163,0.0,1.0,0.67612406142567,0.95424111549998,0.5,0.5,0.49998362600068,0.50000473674995,1727074421659
163,0.0,1.0,0.67612406142567,0.94758729371924,0.5,0.5,0.49998362600068,0.50000123301471,1727074421756
163,0.0,1.0,0.67612406142567,0.94376142255006,0.5,0.5,0.49998362600068,0.50000349909259,1727074421779
163,0.0,1.0,0.67612406142567,0.94376142255006,0.5,0.5,0.49998362600068,0.50000349909259,1727074422547
163,0.0,1.0,0.67612406142567,0.94376142255006,0.5,0.5,0.49998362600068,0.50000349909259,1727074425845
163,0.0,1.0,0.66889249149239,0.94376142255006,0.5,0.5,0.50000261020844,0.50000349909259,1727074426019
163,0.0,1.0,0.66167236076267,0.94376142255006,0.5,0.5,0.50000317101074,0.50000349909259,1727074426055
163,0.0,1.0,0.66167236076267,0.94376142255006,0.5,0.5,0.50000317101074,0.50000349909259,1727074427787
164,0.83333333333333,1.0,0.5,0.0,0.5,0.5,0.5,0.5,1727074430268
164,0.83333333333333,1.0,0.50723753562749,0.0,0.5,0.5,0.49999046043202,0.5,1727074430331
164,0.83333333333333,1.0,0.51711147675241,0.0,0.5,0.5,0.49997932572208,0.5,1727074430347
164,0.83333333333333,1.0,0.53419249375375,0.0,0.5,0.5,0.5000007145263,0.5,1727074430355
164,0.83333333333333,1.0,0.56837749188306,0.0,0.5,0.5,0.49999854515457,0.5,1727074430371
164,0.83333333333333,1.0,0.61702124665939,0.0,0.5,0.5,0.49998262167463,0.5,1727074430388
164,0.83333333333333,1.0,0.70250679660824,0.0,0.5,0.5,0.4999878673472,0.5,1727074430405
164,0.83333333333333,1.0,0.78353189837249,0.0,0.5,0.5,0.49998758294169,0.5,1727074430421
164,0.83333333333333,1.0,0.87356826493727,0.0,0.5,0.5,0.49999445754152,0.5,1727074430438
164,0.83333333333333,1.0,0.9446479561221,0.0,0.5,0.5,0.49999126483742,0.5,1727074430455
164,0.83333333333333,1.0,1.0,0.0,0.5,0.5,0.5,0.5,1727074430471
164,0.83333333333333,1.0,1.0,0.0,0.5,0.5,0.5,0.5,1727074430488
164,0.83333333333333,1.0,1.0,0.0,0.5,0.5,0.5,0.5,1727074430505
164,0.83333333333333,1.0,1.0,0.0,0.5,0.5,0.5,0.5,1727074430521
164,0.83333333333333,1.0,1.0,0.0,0.5,0.5,0.5,0.5,1727074430538
164,0.83333333333333,1.0,1.0,0.0,0.5,0.5,0.5,0.5,1727074430555
164,0.83333333333333,1.0,1.0,0.0,0.5,0.5,0.5,0.5,1727074430571
164,0.83333333333333,1.0,1.0,0.0,0.5,0.5,0.5,0.5,1727074430588
164,0.83333333333333,1.0,1.0,0.0,0.5,0.5,0.5,0.5,1727074430605
164,0.83333333333333,1.0,1.0,0.0,0.5,0.5,0.5,0.5,1727074430621
164,0.83333333333333,1.0,1.0,0.0,0.5,0.5,0.5,0.5,1727074430638
164,0.83333333333333,1.0,1.0,0.0,0.5,0.5,0.5,0.5,1727074430655
164,0.83333333333333,1.0,1.0,0.0,0.5,0.5,0.5,0.5,1727074430671
164,0.83333333333333,1.0,0.99277357697805,0.0,0.5,0.5,0.49999064216448,0.5,1727074430755
164,0.83333333333333,1.0,0.99277357697805,0.0,0.5,0.5,0.49999064216448,0.5,1727074430755
164,0.83333333333333,1.0,0.99277357697805,0.0,0.5,0.5,0.49999064216448,0.5,1727074432580
164,0.83333333333333,1.0,0.99277357697805,0.00669206494505,0.5,0.5,0.49999064216448,0.49999947862193,1727074432708
164,0.83333333333333,1.0,0.99277357697805,0.01338137385715,0.5,0.5,0.49999064216448,0.49999321458679,1727074432723
164,0.83333333333333,1.0,0.99277357697805,0.02007166035087,0.5,0.5,0.49999064216448,0.49998925654627,1727074432738
164,0.83333333333333,1.0,0.99277357697805,0.04711318075361,0.5,0.5,0.49999064216448,0.50001018443374,1727074432755
164,0.83333333333333,1.0,0.99277357697805,0.08451033755562,0.5,0.5,0.49999064216448,0.50000435980457,1727074432771
164,0.83333333333333,1.0,0.99277357697805,0.11511011587604,0.5,0.5,0.49999064216448,0.50000365966798,1727074432788
164,0.83333333333333,1.0,0.99277357697805,0.12179059002896,0.5,0.5,0.49999064216448,0.5000088597865,1727074432804
164,0.83333333333333,1.0,0.99277357697805,0.12846572283587,0.5,0.5,0.49999064216448,0.50000609556443,1727074432883
164,0.83333333333333,1.0,0.99277357697805,0.13237841336332,0.5,0.5,0.49999064216448,0.50001323978817,1727074432891
164,0.83333333333333,1.0,0.99277357697805,0.13627738608981,0.5,0.5,0.49999064216448,0.50000066085242,1727074432907
164,0.83333333333333,1.0,0.99277357697805,0.14295463496083,0.5,0.5,0.49999064216448,0.50000110672291,1727074432921
164,0.83333333333333,1.0,0.99277357697805,0.14963491517403,0.5,0.5,0.49999064216448,0.50000571965641,1727074432938
164,0.83333333333333,1.0,0.99277357697805,0.15631526631377,0.5,0.5,0.49999064216448,0.50001027713159,1727074432955
164,0.83333333333333,1.0,0.99277357697805,0.16683122528384,0.5,0.5,0.49999064216448,0.50000060320614,1727074432971
164,0.83333333333333,1.0,0.99277357697805,0.17351238650706,0.5,0.5,0.49999064216448,0.50000611090267,1727074432988
164,0.83333333333333,1.0,0.99277357697805,0.18019192132421,0.5,0.5,0.49999064216448,0.50000936317954,1727074433163
164,0.83333333333333,1.0,0.99277357697805,0.18686994304834,0.5,0.5,0.49999064216448,0.50001060653591,1727074433205
164,0.83333333333333,1.0,0.99277357697805,0.19077093670309,0.5,0.5,0.49999064216448,0.5000021338294,1727074433221
164,0.83333333333333,1.0,0.99277357697805,0.19744914737363,0.5,0.5,0.49999064216448,0.50000368850037,1727074433271
164,0.83333333333333,1.0,0.99277357697805,0.20412622299439,0.5,0.5,0.49999064216448,0.50000381946241,1727074433371
164,0.83333333333333,1.0,0.99277357697805,0.21080035790137,0.5,0.5,0.49999064216448,0.50000042821441,1727074433403
164,0.83333333333333,1.0,0.99277357697805,0.21080035790137,0.5,0.5,0.49999064216448,0.50000042821441,1727074434964
164,0.83333333333333,1.0,0.99277357697805,0.21080035790137,0.5,0.5,0.49999064216448,0.50000042821441,1727074436332
164,0.8466796440285,1.0,0.99277357697805,0.21080035790137,0.50000136789136,0.5,0.49999064216448,0.50000042821441,1727074436515
164,0.85335082469335,1.0,0.99277357697805,0.21080035790137,0.49999849021795,0.5,0.49999064216448,0.50000042821441,1727074436531
164,0.87339744551581,1.0,0.99277357697805,0.21080035790137,0.49999874633732,0.5,0.49999064216448,0.50000042821441,1727074436538
164,0.88390381938143,1.0,0.99277357697805,0.21080035790137,0.49999811689731,0.5,0.49999064216448,0.50000042821441,1727074436554
164,0.93830664517118,1.0,0.99277357697805,0.21080035790137,0.4999995141686,0.5,0.49999064216448,0.50000042821441,1727074436570
164,0.97264544510029,1.0,0.99277357697805,0.21080035790137,0.49999968040437,0.5,0.49999064216448,0.50000042821441,1727074436587
164,0.99648577824559,1.0,0.99277357697805,0.21080035790137,0.49999711198006,0.5,0.49999064216448,0.50000042821441,1727074436604
164,1.0,1.0,0.99277357697805,0.21080035790137,0.5,0.5,0.49999064216448,0.50000042821441,1727074436620
164,1.0,1.0,0.99277357697805,0.21080035790137,0.5,0.5,0.49999064216448,0.50000042821441,1727074436637
164,1.0,1.0,0.99277357697805,0.21080035790137,0.5,0.5,0.49999064216448,0.50000042821441,1727074436654
164,1.0,1.0,0.99277357697805,0.21080035790137,0.5,0.5,0.49999064216448,0.50000042821441,1727074436670
164,1.0,1.0,0.99277357697805,0.21080035790137,0.5,0.5,0.49999064216448,0.50000042821441,1727074436687
164,1.0,1.0,0.99277357697805,0.21080035790137,0.5,0.5,0.49999064216448,0.50000042821441,1727074436704
164,1.0,1.0,0.99277357697805,0.21080035790137,0.5,0.5,0.49999064216448,0.50000042821441,1727074436721
164,1.0,1.0,0.99277357697805,0.21080035790137,0.5,0.5,0.49999064216448,0.50000042821441,1727074436737
164,1.0,1.0,0.99277357697805,0.21080035790137,0.5,0.5,0.49999064216448,0.50000042821441,1727074436754
164,1.0,1.0,0.99277357697805,0.21080035790137,0.5,0.5,0.49999064216448,0.50000042821441,1727074437355
164,1.0,1.0,0.99277357697805,0.21080035790137,0.5,0.5,0.49999064216448,0.50000042821441,1727074438636
164,1.0,1.0,0.99277357697805,0.21080035790137,0.5,0.5,0.49999064216448,0.50000042821441,1727074439475
164,1.0,0.98669842715007,0.99277357697805,0.21080035790137,0.5,0.50000413047786,0.49999064216448,0.50000042821441,1727074439563
164,1.0,0.98004466031481,0.99277357697805,0.21080035790137,0.5,0.50000066942866,0.49999064216448,0.50000042821441,1727074439571
164,1.0,0.9601136527159,0.99277357697805,0.21080035790137,0.5,0.49999728443478,0.49999064216448,0.50000042821441,1727074439587
164,1.0,0.93356328339006,0.99277357697805,0.21080035790137,0.5,0.50000277041779,0.49999064216448,0.50000042821441,1727074439604
164,1.0,0.90974586799727,0.99277357697805,0.21080035790137,0.5,0.50000379272166,0.49999064216448,0.50000042821441,1727074439620
164,1.0,0.87928637644536,0.99277357697805,0.21080035790137,0.5,0.50000289569659,0.49999064216448,0.50000042821441,1727074439637
164,1.0,0.83830174641121,0.99277357697805,0.21080035790137,0.5,0.50000301216785,0.49999064216448,0.50000042821441,1727074439654
164,1.0,0.79731599104793,0.99277357697805,0.21080035790137,0.5,0.50000373015607,0.49999064216448,0.50000042821441,1727074439670
164,1.0,0.76298130951268,0.99277357697805,0.21080035790137,0.5,0.50000179926686,0.49999064216448,0.50000042821441,1727074439687
164,1.0,0.74968096682376,0.99277357697805,0.21080035790137,0.5,0.50000625455579,0.49999064216448,0.50000042821441,1727074439704
164,1.0,0.73251219474205,0.99277357697805,0.21080035790137,0.5,0.5000061064605,0.49999064216448,0.50000042821441,1727074439720
164,1.0,0.72585644218232,0.99277357697805,0.21080035790137,0.5,0.5000028792436,0.49999064216448,0.50000042821441,1727074439737
164,1.0,0.70486076501389,0.99277357697805,0.21080035790137,0.5,0.50000044658247,0.49999064216448,0.50000042821441,1727074439754
164,1.0,0.68768898222991,0.99277357697805,0.21080035790137,0.5,0.50000195525873,0.49999064216448,0.50000042821441,1727074439770
164,1.0,0.65620414684948,0.99277357697805,0.21080035790137,0.5,0.50000683700013,0.49999064216448,0.50000042821441,1727074439787
164,1.0,0.64291458545157,0.99277357697805,0.21080035790137,0.5,0.50000524305581,0.49999064216448,0.50000042821441,1727074439804
164,1.0,0.62191934172497,0.99277357697805,0.21080035790137,0.5,0.50000236182873,0.49999064216448,0.50000042821441,1727074439820
164,1.0,0.61141564722213,0.99277357697805,0.21080035790137,0.5,0.49999983192476,0.49999064216448,0.50000042821441,1727074439837
164,1.0,0.60476664545681,0.99277357697805,0.21080035790137,0.5,0.5000016675407,0.49999064216448,0.50000042821441,1727074439854
164,1.0,0.58377005647712,0.99277357697805,0.21080035790137,0.5,0.49999945400227,0.49999064216448,0.50000042821441,1727074439871
164,1.0,0.5771165145103,0.99277357697805,0.21080035790137,0.5,0.50000437429617,0.49999064216448,0.50000042821441,1727074439887
164,1.0,0.57329215246594,0.99277357697805,0.21080035790137,0.5,0.50000010394947,0.49999064216448,0.50000042821441,1727074439979
164,1.0,0.56664096306393,0.99277357697805,0.21080035790137,0.5,0.50000350439342,0.49999064216448,0.50000042821441,1727074439994
164,1.0,0.56282225648667,0.99277357697805,0.21080035790137,0.5,0.500005774116,0.49999064216448,0.50000042821441,1727074440011
164,1.0,0.56669642173086,0.99277357697805,0.21080035790137,0.5,0.49999722273002,0.49999064216448,0.50000042821441,1727074441179
164,1.0,0.57336781239651,0.99277357697805,0.21080035790137,0.5,0.50000094974575,0.49999064216448,0.50000042821441,1727074441220
164,1.0,0.58778000880237,0.99277357697805,0.21080035790137,0.5,0.50000303151687,0.49999064216448,0.50000042821441,1727074441237
164,1.0,0.59444435375985,0.99277357697805,0.21080035790137,0.5,0.50000117525798,0.49999064216448,0.50000042821441,1727074441254
164,1.0,0.60111643325264,0.99277357697805,0.21080035790137,0.5,0.50000430358539,0.49999064216448,0.50000042821441,1727074441274
164,1.0,0.60498382135542,0.99277357697805,0.21080035790137,0.5,0.50000051202292,0.49999064216448,0.50000042821441,1727074441290
164,1.0,0.61165836998945,0.99277357697805,0.21080035790137,0.5,0.50000202733629,0.49999064216448,0.50000042821441,1727074441337
164,1.0,0.61553274689949,0.99277357697805,0.21080035790137,0.5,0.50000364012695,0.49999064216448,0.50000042821441,1727074441354
164,1.0,0.62220028917851,0.99277357697805,0.21080035790137,0.5,0.4999998172066,0.49999064216448,0.50000042821441,1727074441404
164,1.0,0.62887030624091,0.99277357697805,0.21080035790137,0.5,0.5000041508485,0.49999064216448,0.50000042821441,1727074441420
164,1.0,0.62887030624091,0.99277357697805,0.21080035790137,0.5,0.5000041508485,0.49999064216448,0.50000042821441,1727074443243
165,0.66666666666667,0.0,0.66666666666667,0.0,0.5,0.5,0.5,0.5,1727074447924
165,0.66666666666667,0.0,0.66666666666667,0.00393704172509,0.5,0.5,0.5,0.49999691740587,1727074448043
165,0.66666666666667,0.0,0.66666666666667,0.01063074507576,0.5,0.5,0.5,0.49999994890324,1727074448054
165,0.66666666666667,0.0,0.66666666666667,0.01731460845219,0.5,0.5,0.5,0.50001426429298,1727074448075
165,0.66666666666667,0.0,0.66666666666667,0.02400510798802,0.5,0.5,0.5,0.5000102778108,1727074448087
165,0.66666666666667,0.0,0.66666666666667,0.03069516369568,0.5,0.5,0.5,0.50000560962461,1727074448103
165,0.66666666666667,0.0,0.66666666666667,0.04786065775981,0.5,0.5,0.5,0.49999836985344,1727074448120
165,0.66666666666667,0.0,0.66666666666667,0.06128619775483,0.5,0.5,0.5,0.50001642659562,1727074448137
165,0.66666666666667,0.0,0.66666666666667,0.08515546225413,0.5,0.5,0.5,0.50000265847399,1727074448153
165,0.66666666666667,0.0,0.66666666666667,0.09855670520892,0.5,0.5,0.5,0.50000452229874,1727074448170
165,0.66666666666667,0.0,0.66666666666667,0.11573331252269,0.5,0.5,0.5,0.50001542970048,1727074448187
165,0.66666666666667,0.0,0.66666666666667,0.12241186336376,0.5,0.5,0.5,0.50001756276092,1727074448203
165,0.66666666666667,0.0,0.66666666666667,0.12909088458072,0.5,0.5,0.5,0.49999793030372,1727074448220
165,0.66666666666667,0.0,0.66666666666667,0.13577364180336,0.5,0.5,0.5,0.50000630402308,1727074448243
165,0.66666666666667,0.0,0.66666666666667,0.14244732967323,0.5,0.5,0.5,0.50000165185769,1727074448253
165,0.66666666666667,0.0,0.66666666666667,0.14912619914609,0.5,0.5,0.5,0.50000431284523,1727074448270
165,0.66666666666667,0.0,0.66666666666667,0.15581709357303,0.5,0.5,0.5,0.5000023217284,1727074448491
165,0.66666666666667,0.0,0.66666666666667,0.1624942263058,0.5,0.5,0.5,0.50000256436611,1727074448507
165,0.66666666666667,0.0,0.66666666666667,0.16917648211942,0.5,0.5,0.5,0.50000953743247,1727074448520
165,0.66666666666667,0.0,0.66666666666667,0.17306735246362,0.5,0.5,0.5,0.50000757661859,1727074448537
165,0.66666666666667,0.0,0.66666666666667,0.17975201461782,0.5,0.5,0.5,0.49999765032069,1727074448586
165,0.66666666666667,0.0,0.66666666666667,0.17975201461782,0.5,0.5,0.5,0.49999765032069,1727074450059
165,0.66666666666667,0.0,0.66666666666667,0.17975201461782,0.5,0.5,0.5,0.49999765032069,1727074451228
165,0.66666666666667,0.0,0.66932879399707,0.17975201461782,0.5,0.5,0.49998865126203,0.49999765032069,1727074451267
165,0.66666666666667,0.0,0.6620983388598,0.17975201461782,0.5,0.5,0.50000140342359,0.49999765032069,1727074451303
165,0.66666666666667,0.0,0.64317571542368,0.17975201461782,0.5,0.5,0.49998164124867,0.49999765032069,1727074451320
165,0.66666666666667,0.0,0.6215297273257,0.17975201461782,0.5,0.5,0.49999472822208,0.49999765032069,1727074451336
165,0.66666666666667,0.0,0.61255903613504,0.17975201461782,0.5,0.5,0.49998770172222,0.49999765032069,1727074451353
165,0.66666666666667,0.0,0.590905520635,0.17975201461782,0.5,0.5,0.4999973117438,0.49999765032069,1727074451370
165,0.66666666666667,0.0,0.57917635163909,0.17975201461782,0.5,0.5,0.49998876569019,0.49999765032069,1727074451386
165,0.66666666666667,0.0,0.56744575843982,0.17975201461782,0.5,0.5,0.49998911641538,0.49999765032069,1727074451403
165,0.66666666666667,0.0,0.56290928619201,0.17975201461782,0.5,0.5,0.49999833615023,0.49999765032069,1727074451420
165,0.66666666666667,0.0,0.55568386451894,0.17975201461782,0.5,0.5,0.49998007774671,0.49999765032069,1727074451508
165,0.66666666666667,0.0,0.54846356320614,0.17975201461782,0.5,0.5,0.49998163528648,0.49999765032069,1727074451520
165,0.66666666666667,0.0,0.54123295614407,0.17975201461782,0.5,0.5,0.49999727869778,0.49999765032069,1727074451539
165,0.66666666666667,0.0,0.53670084859399,0.17975201461782,0.5,0.5,0.49997774056444,0.49999765032069,1727074453035
165,0.66666666666667,0.0,0.52947949112955,0.17975201461782,0.5,0.5,0.49998642397274,0.49999765032069,1727074453268
165,0.66666666666667,0.0,0.5222499476217,0.17975201461782,0.5,0.5,0.49999527025092,0.49999765032069,1727074453275
165,0.66666666666667,0.0,0.51502877200652,0.17975201461782,0.5,0.5,0.50000303607721,0.49999765032069,1727074454715
165,0.66666666666667,0.0,0.51769221901317,0.17975201461782,0.5,0.5,0.49998250268879,0.49999765032069,1727074454723
165,0.66666666666667,0.0,0.5104696851003,0.17975201461782,0.5,0.5,0.49999956594297,0.49999765032069,1727074454736
165,0.66666666666667,0.0,0.50324897661761,0.17975201461782,0.5,0.5,0.50000424027536,0.49999765032069,1727074454755
165,0.66666666666667,0.0,0.49602226781748,0.17975201461782,0.5,0.5,0.49999363185685,0.49999765032069,1727074454771
165,0.66666666666667,0.0,0.48880216131457,0.17975201461782,0.5,0.5,0.49999406406039,0.49999765032069,1727074454963
165,0.66666666666667,0.0,0.49146168344202,0.17975201461782,0.5,0.5,0.50000061243408,0.49999765032069,1727074455851
165,0.66666666666667,0.0,0.49146168344202,0.17975201461782,0.5,0.5,0.50000061243408,0.49999765032069,1727074456587
165,0.66666666666667,0.0,0.49146168344202,0.17975201461782,0.5,0.5,0.50000061243408,0.49999765032069,1727074460420
165,0.66666666666667,0.0066833903263,0.49146168344202,0.17975201461782,0.5,0.50003016868314,0.50000061243408,0.49999765032069,1727074460555
165,0.66666666666667,0.01720808607393,0.49146168344202,0.17975201461782,0.5,0.50002564023309,0.50000061243408,0.49999765032069,1727074460569
165,0.66666666666667,0.04108004638652,0.49146168344202,0.17975201461782,0.5,0.50000379743685,0.50000061243408,0.49999765032069,1727074460586
165,0.66666666666667,0.07929722768668,0.49146168344202,0.17975201461782,0.5,0.50000034859884,0.50000061243408,0.49999765032069,1727074460603
165,0.66666666666667,0.13386752985946,0.49146168344202,0.17975201461782,0.5,0.49999876024177,0.50000061243408,0.49999765032069,1727074460619
165,0.66666666666667,0.16820350990587,0.49146168344202,0.17975201461782,0.5,0.50000213344869,0.50000061243408,0.49999765032069,1727074460636
165,0.66666666666667,0.1987867837444,0.49146168344202,0.17975201461782,0.5,0.50000363613668,0.50000061243408,0.49999765032069,1727074460653
165,0.66666666666667,0.23312495787652,0.49146168344202,0.17975201461782,0.5,0.50000370567842,0.50000061243408,0.49999765032069,1727074460669
165,0.66666666666667,0.23980703371432,0.49146168344202,0.17975201461782,0.5,0.49999785515215,0.50000061243408,0.49999765032069,1727074460686
165,0.66666666666667,0.25697779866169,0.49146168344202,0.17975201461782,0.5,0.4999962594084,0.50000061243408,0.49999765032069,1727074460703
165,0.66666666666667,0.26365279096453,0.49146168344202,0.17975201461782,0.5,0.49999838040979,0.50000061243408,0.49999765032069,1727074460719
165,0.66666666666667,0.26754924693421,0.49146168344202,0.17975201461782,0.5,0.49999397358423,0.50000061243408,0.49999765032069,1727074460736
165,0.66666666666667,0.27421659186388,0.49146168344202,0.17975201461782,0.5,0.50000412375229,0.50000061243408,0.49999765032069,1727074460752
165,0.66666666666667,0.28089399334299,0.49146168344202,0.17975201461782,0.5,0.50000357506736,0.50000061243408,0.49999765032069,1727074460827
165,0.66666666666667,0.29140827494121,0.49146168344202,0.17975201461782,0.5,0.50001246216989,0.50000061243408,0.49999765032069,1727074460843
165,0.66666666666667,0.30479098830021,0.49146168344202,0.17975201461782,0.5,0.49999876305747,0.50000061243408,0.49999765032069,1727074460859
165,0.66666666666667,0.30867562336368,0.49146168344202,0.17975201461782,0.5,0.50000634340171,0.50000061243408,0.49999765032069,1727074460869
165,0.66666666666667,0.31255420470586,0.49146168344202,0.17975201461782,0.5,0.5000046744852,0.50000061243408,0.49999765032069,1727074461019
165,0.66666666666667,0.31923180004195,0.49146168344202,0.17975201461782,0.5,0.50000396853157,0.50000061243408,0.49999765032069,1727074461036
165,0.66666666666667,0.33366576628388,0.49146168344202,0.17975201461782,0.5,0.50000085049911,0.50000061243408,0.49999765032069,1727074461053
165,0.66666666666667,0.37469511884558,0.49146168344202,0.17975201461782,0.5,0.50000204493103,0.50000061243408,0.49999765032069,1727074461069
165,0.66666666666667,0.4023748480186,0.49146168344202,0.17975201461782,0.5,0.49999958670354,0.50000061243408,0.49999765032069,1727074461086
165,0.66666666666667,0.41954150057207,0.49146168344202,0.17975201461782,0.5,0.50000172031339,0.50000061243408,0.49999765032069,1727074461103
165,0.66666666666667,0.42621462334612,0.49146168344202,0.17975201461782,0.5,0.50000480179229,0.50000061243408,0.49999765032069,1727074461119
165,0.66666666666667,0.41956831124269,0.49146168344202,0.17975201461782,0.5,0.50000497976714,0.50000061243408,0.49999765032069,1727074461459
165,0.66666666666667,0.41291706410438,0.49146168344202,0.17975201461782,0.5,0.49999647073174,0.50000061243408,0.49999765032069,1727074461475
165,0.66666666666667,0.40626614818962,0.49146168344202,0.17975201461782,0.5,0.5000004355724,0.50000061243408,0.49999765032069,1727074461539
165,0.66666666666667,0.41014246707528,0.49146168344202,0.17975201461782,0.5,0.50000093761523,0.50000061243408,0.49999765032069,1727074461553
165,0.66666666666667,0.40349363365716,0.49146168344202,0.17975201461782,0.5,0.50000320781549,0.50000061243408,0.49999765032069,1727074461571
165,0.66666666666667,0.40076279524426,0.49146168344202,0.17975201461782,0.5,0.49999676293357,0.50000061243408,0.49999765032069,1727074461651
165,0.66666666666667,0.39411446024439,0.49146168344202,0.17975201461782,0.5,0.49999859647466,0.50000061243408,0.49999765032069,1727074461667
165,0.66666666666667,0.39798933780762,0.49146168344202,0.17975201461782,0.5,0.50000034525166,0.50000061243408,0.49999765032069,1727074461747
165,0.66666666666667,0.39133965992191,0.49146168344202,0.17975201461782,0.5,0.50000337828236,0.50000061243408,0.49999765032069,1727074461755
165,0.66666666666667,0.38469881774806,0.49146168344202,0.17975201461782,0.5,0.49999879966069,0.50000061243408,0.49999765032069,1727074461779
165,0.66666666666667,0.38856876201728,0.49146168344202,0.17975201461782,0.5,0.50000483232011,0.50000061243408,0.49999765032069,1727074462051
165,0.66666666666667,0.39524879158224,0.49146168344202,0.17975201461782,0.5,0.50000212796744,0.50000061243408,0.49999765032069,1727074462115
165,0.66666666666667,0.39912857127344,0.49146168344202,0.17975201461782,0.5,0.49999968901929,0.50000061243408,0.49999765032069,1727074462131
165,0.66666666666667,0.41249819922471,0.49146168344202,0.17975201461782,0.5,0.49999936476161,0.50000061243408,0.49999765032069,1727074462169
165,0.66666666666667,0.41917269296243,0.49146168344202,0.17975201461782,0.5,0.50000137262166,0.50000061243408,0.49999765032069,1727074462227
165,0.66666666666667,0.42583912101065,0.49146168344202,0.17975201461782,0.5,0.50000992063497,0.50000061243408,0.49999765032069,1727074462299
165,0.66666666666667,0.42972425914549,0.49146168344202,0.17975201461782,0.5,0.50000320061609,0.50000061243408,0.49999765032069,1727074462307
165,0.66666666666667,0.43638734996299,0.49146168344202,0.17975201461782,0.5,0.50000192264092,0.50000061243408,0.49999765032069,1727074462443
165,0.66666666666667,0.44690763484757,0.49146168344202,0.17975201461782,0.5,0.50000410242408,0.50000061243408,0.49999765032069,1727074462486
165,0.66666666666667,0.45357505473666,0.49146168344202,0.17975201461782,0.5,0.49999945479331,0.50000061243408,0.49999765032069,1727074463708
165,0.66666666666667,0.46025007430221,0.49146168344202,0.17975201461782,0.5,0.5000009375108,0.50000061243408,0.49999765032069,1727074464787
165,0.66666666666667,0.46692267998109,0.49146168344202,0.17975201461782,0.5,0.50000424896195,0.50000061243408,0.49999765032069,1727074465019
165,0.66666666666667,0.47080292601499,0.49146168344202,0.17975201461782,0.5,0.50000168441557,0.50000061243408,0.49999765032069,1727074465036
165,0.66666666666667,0.47080292601499,0.49146168344202,0.17975201461782,0.5,0.50000168441557,0.50000061243408,0.49999765032069,1727074467035
166,1.0,0.66666666666667,0.83333333333333,0.83333333333333,0.5,0.5,0.5,0.5,1727074469388
166,1.0,0.66666666666667,0.82610744457263,0.83333333333333,0.5,0.5,0.49998685851196,0.5,1727074469515
166,1.0,0.66666666666667,0.81888423146045,0.83333333333333,0.5,0.5,0.50000236209702,0.5,1727074469531
166,1.0,0.66666666666667,0.81165893345536,0.83333333333333,0.5,0.5,0.49998792200212,0.5,1727074469539
166,1.0,0.66666666666667,0.80443897662959,0.83333333333333,0.5,0.5,0.49998744089321,0.5,1727074469555
166,1.0,0.66666666666667,0.78999140560681,0.83333333333333,0.5,0.5,0.49998379147492,0.5,1727074469569
166,1.0,0.66666666666667,0.76386131266481,0.83333333333333,0.5,0.5,0.49998562834916,0.5,1727074469585
166,1.0,0.66666666666667,0.73773624595379,0.83333333333333,0.5,0.5,0.50000434839327,0.5,1727074469602
166,1.0,0.66666666666667,0.72874135978837,0.83333333333333,0.5,0.5,0.49999629817973,0.5,1727074469619
166,1.0,0.66666666666667,0.69545001334656,0.83333333333333,0.5,0.5,0.4999903632504,0.5,1727074469635
166,1.0,0.66666666666667,0.67652583187391,0.83333333333333,0.5,0.5,0.49997991070827,0.5,1727074469652
166,1.0,0.66666666666667,0.66478377280046,0.83333333333333,0.5,0.5,0.49999892382483,0.5,1727074469669
166,1.0,0.66666666666667,0.65755484569227,0.83333333333333,0.5,0.5,0.50000298701898,0.5,1727074469685
166,1.0,0.66666666666667,0.64581628439967,0.83333333333333,0.5,0.5,0.50000221701683,0.5,1727074469702
166,1.0,0.66666666666667,0.63407826010837,0.83333333333333,0.5,0.5,0.49999823928843,0.5,1727074469719
166,1.0,0.66666666666667,0.61963791724119,0.83333333333333,0.5,0.5,0.49999983372565,0.5,1727074469735
166,1.0,0.66666666666667,0.61509501721498,0.83333333333333,0.5,0.5,0.49999788905894,0.5,1727074469752
166,1.0,0.66666666666667,0.60787480487355,0.83333333333333,0.5,0.5,0.49999894447763,0.5,1727074469769
166,1.0,0.66666666666667,0.60064844885174,0.83333333333333,0.5,0.5,0.49998741981646,0.5,1727074469785
166,1.0,0.66666666666667,0.58620728765574,0.83333333333333,0.5,0.5,0.4999940261633,0.5,1727074469802
166,1.0,0.66666666666667,0.5844135675569,0.83333333333333,0.5,0.5,0.50000023807794,0.5,1727074469819
166,1.0,0.66666666666667,0.56997468111536,0.83333333333333,0.5,0.5,0.49999264416547,0.5,1727074469835
166,1.0,0.66666666666667,0.56544212457895,0.83333333333333,0.5,0.5,0.49997665811585,0.5,1727074469852
166,1.0,0.66666666666667,0.55821248011709,0.83333333333333,0.5,0.5,0.49998567871206,0.5,1727074469869
166,1.0,0.66666666666667,0.5509909788632,0.83333333333333,0.5,0.5,0.49999514253707,0.5,1727074469885
166,1.0,0.66666666666667,0.55365275846442,0.83333333333333,0.5,0.5,0.49998644100597,0.5,1727074469902
166,1.0,0.66666666666667,0.53921278497243,0.83333333333333,0.5,0.5,0.49998552618414,0.5,1727074469919
166,1.0,0.66666666666667,0.53199033148678,0.83333333333333,0.5,0.5,0.50000160816322,0.5,1727074469935
166,1.0,0.66666666666667,0.53465270551823,0.83333333333333,0.5,0.5,0.49998869876598,0.5,1727074469952
166,1.0,0.66666666666667,0.52022099742155,0.83333333333333,0.5,0.5,0.49998726282856,0.5,1727074469969
166,1.0,0.66666666666667,0.52287903492761,0.83333333333333,0.5,0.5,0.50000364782515,0.5,1727074469987
166,1.0,0.66666666666667,0.51565951199216,0.83333333333333,0.5,0.5,0.50000015994593,0.5,1727074470035
166,1.0,0.66666666666667,0.50843259542757,0.83333333333333,0.5,0.5,0.49999112371601,0.5,1727074470052
166,1.0,0.66666666666667,0.50121412604291,0.83333333333333,0.5,0.5,0.49998008951176,0.5,1727074470069
166,1.0,0.66666666666667,0.50387249814648,0.83333333333333,0.5,0.5,0.49999458380132,0.5,1727074470085
166,1.0,0.66666666666667,0.49665405356262,0.83333333333333,0.5,0.5,0.4999833413138,0.5,1727074470102
166,1.0,0.66666666666667,0.48942590281929,0.83333333333333,0.5,0.5,0.49998266664106,0.5,1727074470119
166,1.0,0.66666666666667,0.4822044172275,0.83333333333333,0.5,0.5,0.4999928775538,0.5,1727074470139
166,1.0,0.66666666666667,0.48487282165971,0.83333333333333,0.5,0.5,0.49999451700537,0.5,1727074470163
166,1.0,0.66666666666667,0.47764462317511,0.83333333333333,0.5,0.5,0.49999428668917,0.5,1727074470171
166,1.0,0.66666666666667,0.47042411970804,0.83333333333333,0.5,0.5,0.49999762779851,0.5,1727074470235
166,1.0,0.66666666666667,0.46319715167347,0.83333333333333,0.5,0.5,0.49998837149543,0.5,1727074470269
166,1.0,0.66666666666667,0.45597883621154,0.83333333333333,0.5,0.5,0.49997545817864,0.5,1727074470285
166,1.0,0.66666666666667,0.44875489593196,0.83333333333333,0.5,0.5,0.50000451653538,0.5,1727074470315
166,1.0,0.66666666666667,0.45141871721788,0.83333333333333,0.5,0.5,0.49997923751488,0.5,1727074470331
166,1.0,0.66666666666667,0.44689256799267,0.83333333333333,0.5,0.5,0.49997383743145,0.5,1727074470369
166,1.0,0.66666666666667,0.43966874776233,0.83333333333333,0.5,0.5,0.5000023481988,0.5,1727074470385
166,1.0,0.66666666666667,0.43244927966781,0.83333333333333,0.5,0.5,0.49999799964002,0.5,1727074470402
166,1.0,0.66666666666667,0.42522083760766,0.83333333333333,0.5,0.5,0.49999968159999,0.5,1727074470427
166,1.0,0.66666666666667,0.42789273444705,0.83333333333333,0.5,0.5,0.49997439923933,0.5,1727074470451
166,1.0,0.66666666666667,0.42067226292975,0.83333333333333,0.5,0.5,0.4999775240258,0.5,1727074470459
166,1.0,0.66666666666667,0.41344455269215,0.83333333333333,0.5,0.5,0.4999732248199,0.5,1727074470469
166,1.0,0.66666666666667,0.40622213077687,0.83333333333333,0.5,0.5,0.49999200086108,0.5,1727074470491
166,1.0,0.66666666666667,0.40889102763586,0.83333333333333,0.5,0.5,0.4999899113678,0.5,1727074470539
166,1.0,0.66666666666667,0.40167170921682,0.83333333333333,0.5,0.5,0.499984014571,0.5,1727074470585
166,1.0,0.66666666666667,0.4043406778816,0.83333333333333,0.5,0.5,0.49998136733677,0.5,1727074470659
166,1.0,0.66666666666667,0.3971220486178,0.83333333333333,0.5,0.5,0.4999697459507,0.5,1727074471059
166,1.0,0.66666666666667,0.38989787786117,0.83333333333333,0.5,0.5,0.50000330232542,0.5,1727074471069
166,1.0,0.66666666666667,0.39256778714973,0.83333333333333,0.5,0.5,0.49999284517103,0.5,1727074471086
166,1.0,0.66666666666667,0.39523688380851,0.83333333333333,0.5,0.5,0.49998908314958,0.5,1727074471102
166,1.0,0.66666666666667,0.38801834441053,0.83333333333333,0.5,0.5,0.49997664404531,0.5,1727074471119
166,1.0,0.66666666666667,0.37631237444125,0.83333333333333,0.5,0.5,0.49997632876694,0.5,1727074471135
166,1.0,0.66666666666667,0.36908893905157,0.83333333333333,0.5,0.5,0.5000048573288,0.5,1727074471152
166,1.0,0.66666666666667,0.36457160499385,0.83333333333333,0.5,0.5,0.49999355027017,0.5,1727074471169
166,1.0,0.66666666666667,0.35735052908582,0.83333333333333,0.5,0.5,0.50000245033667,0.5,1727074471187
166,1.0,0.66666666666667,0.36002162618015,0.83333333333333,0.5,0.5,0.49998122192045,0.5,1727074471323
166,1.0,0.66666666666667,0.35280022429033,0.83333333333333,0.5,0.5,0.4999928789096,0.5,1727074471339
166,1.0,0.66666666666667,0.3455794014994,0.83333333333333,0.5,0.5,0.49999971666689,0.5,1727074471385
166,1.0,0.66666666666667,0.34825826841529,0.83333333333333,0.5,0.5,0.49998173316927,0.5,1727074471571
166,1.0,0.66666666666667,0.35092699275195,0.83333333333333,0.5,0.5,0.49998099418074,0.5,1727074471595
166,1.0,0.66666666666667,0.34370822200317,0.83333333333333,0.5,0.5,0.49996957314833,0.5,1727074471603
166,1.0,0.66666666666667,0.34638397619631,0.83333333333333,0.5,0.5,0.49997905513431,0.5,1727074471627
166,1.0,0.66666666666667,0.34186600803029,0.83333333333333,0.5,0.5,0.49997273935723,0.5,1727074471635
166,1.0,0.66666666666667,0.34454137791193,0.83333333333333,0.5,0.5,0.49998562827821,0.5,1727074471667
166,1.0,0.66666666666667,0.33732067635338,0.83333333333333,0.5,0.5,0.49999138986087,0.5,1727074471675
166,1.0,0.66666666666667,0.33009156692573,0.83333333333333,0.5,0.5,0.49999930198321,0.5,1727074471723
166,1.0,0.66666666666667,0.33276853484967,0.83333333333333,0.5,0.5,0.4999979408304,0.5,1727074472331
166,1.0,0.66666666666667,0.34000674105535,0.83333333333333,0.5,0.5,0.49998198135059,0.5,1727074472347
166,1.0,0.66666666666667,0.34268126789528,0.83333333333333,0.5,0.5,0.50000233299409,0.5,1727074472363
166,1.0,0.66666666666667,0.34991233271301,0.83333333333333,0.5,0.5,0.49997744737077,0.5,1727074472371
166,1.0,0.66666666666667,0.35258994007654,0.83333333333333,0.5,0.5,0.4999706601773,0.5,1727074472386
166,1.0,0.66666666666667,0.35982331212041,0.83333333333333,0.5,0.5,0.4999971381576,0.5,1727074472403
166,1.0,0.66666666666667,0.3624918152966,0.83333333333333,0.5,0.5,0.49999824068543,0.5,1727074472419
166,1.0,0.66666666666667,0.36973081760441,0.83333333333333,0.5,0.5,0.49997630271009,0.5,1727074472491
166,1.0,0.66666666666667,0.37696471599218,0.83333333333333,0.5,0.5,0.49999758672737,0.5,1727074472535
166,1.0,0.66666666666667,0.37963453461938,0.83333333333333,0.5,0.5,0.49998769464552,0.5,1727074473116
166,1.0,0.66666666666667,0.38231017352831,0.83333333333333,0.5,0.5,0.49999751812473,0.5,1727074473636
166,1.0,0.66666666666667,0.38498022138594,0.83333333333333,0.5,0.5,0.49998581535237,0.5,1727074473652
166,1.0,0.66666666666667,0.38046227618621,0.83333333333333,0.5,0.5,0.4999797434648,0.5,1727074473669
166,1.0,0.66666666666667,0.37324041390118,0.83333333333333,0.5,0.5,0.49999487717161,0.5,1727074473868
166,1.0,0.66666666666667,0.37591154958168,0.83333333333333,0.5,0.5,0.49997389674053,0.5,1727074473886
166,1.0,0.66666666666667,0.37857701758433,0.83333333333333,0.5,0.5,0.50000040642346,0.5,1727074474123
166,1.0,0.66666666666667,0.37135792853775,0.83333333333333,0.5,0.5,0.49999240678384,0.5,1727074474168
166,1.0,0.66666666666667,0.37403480662859,0.83333333333333,0.5,0.5,0.49999192059866,0.5,1727074474218
166,1.0,0.66666666666667,0.36680698438824,0.83333333333333,0.5,0.5,0.49998841773898,0.5,1727074475980
166,1.0,0.66666666666667,0.36948490697623,0.83333333333333,0.5,0.5,0.49997909812585,0.5,1727074475987
166,1.0,0.66666666666667,0.3622655634865,0.83333333333333,0.5,0.5,0.49997290925933,0.5,1727074476002
166,1.0,0.66666666666667,0.35503343342725,0.83333333333333,0.5,0.5,0.50000647095366,0.5,1727074476404
166,1.0,0.66666666666667,0.34781448725741,0.83333333333333,0.5,0.5,0.49999697533851,0.5,1727074476452
166,1.0,0.66666666666667,0.34781448725741,0.83333333333333,0.5,0.5,0.49999697533851,0.5,1727074477204
166,1.0,0.66666666666667,0.34781448725741,0.83333333333333,0.5,0.5,0.49999697533851,0.5,1727074479228
166,1.0,0.66666666666667,0.34781448725741,0.82282909374713,0.5,0.5,0.49999697533851,0.49999913896555,1727074479332
166,1.0,0.66666666666667,0.34781448725741,0.81232377842874,0.5,0.5,0.49999697533851,0.50000036407008,1727074479339
166,1.0,0.66666666666667,0.34781448725741,0.78464350202159,0.5,0.5,0.49999697533851,0.49999858692574,1727074479352
166,1.0,0.66666666666667,0.34781448725741,0.73892954795054,0.5,0.5,0.49999697533851,0.49999503066125,1727074479368
166,1.0,0.66666666666667,0.34781448725741,0.69027138242108,0.5,0.5,0.49999697533851,0.49999675122872,1727074479385
166,1.0,0.66666666666667,0.34781448725741,0.63783588290383,0.5,0.5,0.49999697533851,0.4999936219314,1727074479402
166,1.0,0.66666666666667,0.34781448725741,0.57496987609114,0.5,0.5,0.49999697533851,0.50000043126972,1727074479418
166,1.0,0.66666666666667,0.34781448725741,0.53973691625168,0.5,0.5,0.49999697533851,0.49999892120841,1727074479435
166,1.0,0.66666666666667,0.34781448725741,0.49407345740401,0.5,0.5,0.49999697533851,0.49999743207196,1727074479452
166,1.0,0.66666666666667,0.34781448725741,0.46931810238215,0.5,0.5,0.49999697533851,0.49999618720657,1727074479468
166,1.0,0.66666666666667,0.34781448725741,0.45502659580106,0.5,0.5,0.49999697533851,0.49999673638602,1727074479485
166,1.0,0.66666666666667,0.34781448725741,0.42658838672476,0.5,0.5,0.49999697533851,0.50000307313416,1727074479502
166,1.0,0.66666666666667,0.34781448725741,0.40184359880494,0.5,0.5,0.49999697533851,0.49999783894643,1727074479518
166,1.0,0.66666666666667,0.34781448725741,0.38701349010317,0.5,0.5,0.49999697533851,0.49999836031752,1727074479535
166,1.0,0.66666666666667,0.34781448725741,0.36602326356724,0.5,0.5,0.49999697533851,0.49999328256277,1727074479551
166,1.0,0.66666666666667,0.34781448725741,0.35552195798385,0.5,0.5,0.49999697533851,0.49999898120334,1727074479568
166,1.0,0.66666666666667,0.34781448725741,0.34798105002886,0.5,0.5,0.49999697533851,0.49999671279623,1727074479585
166,1.0,0.66666666666667,0.34781448725741,0.3404397766346,0.5,0.5,0.49999697533851,0.49999404520585,1727074479601
166,1.0,0.66666666666667,0.34781448725741,0.32246064033177,0.5,0.5,0.49999697533851,0.49999913502351,1727074479618
166,1.0,0.66666666666667,0.34781448725741,0.31492786886258,0.5,0.5,0.49999697533851,0.49998966227929,1727074479635
166,1.0,0.66666666666667,0.34781448725741,0.29336300283143,0.5,0.5,0.49999697533851,0.49999368074632,1727074479652
166,1.0,0.66666666666667,0.34781448725741,0.28955361861696,0.5,0.5,0.49999697533851,0.49999976749731,1727074479668
166,1.0,0.66666666666667,0.34781448725741,0.28575045700979,0.5,0.5,0.49999697533851,0.49999651230339,1727074479685
166,1.0,0.66666666666667,0.34781448725741,0.28194859398558,0.5,0.5,0.49999697533851,0.49999455647236,1727074479702
166,1.0,0.66666666666667,0.34781448725741,0.27144849035215,0.5,0.5,0.49999697533851,0.50000247039227,1727074479844
166,1.0,0.66666666666667,0.34781448725741,0.26094366506347,0.5,0.5,0.49999697533851,0.49998901415488,1727074479867
166,1.0,0.66666666666667,0.34781448725741,0.24377995766786,0.5,0.5,0.49999697533851,0.49999479942865,1727074479902
166,1.0,0.66666666666667,0.34781448725741,0.23998201752426,0.5,0.5,0.49999697533851,0.49999707687901,1727074479923
166,1.0,0.66666666666667,0.34781448725741,0.22948043052923,0.5,0.5,0.49999697533851,0.5000040330268,1727074480043
166,1.0,0.66666666666667,0.34781448725741,0.22282995622427,0.5,0.5,0.49999697533851,0.49999905201844,1727074480059
166,1.0,0.66666666666667,0.34781448725741,0.21903201645,0.5,0.5,0.49999697533851,0.50000146605702,1727074480068
166,1.0,0.66666666666667,0.34781448725741,0.21238439126901,0.5,0.5,0.49999697533851,0.49999973277346,1727074480085
166,1.0,0.66666666666667,0.34781448725741,0.20573830934909,0.5,0.5,0.49999697533851,0.49999981588903,1727074480268
166,1.0,0.66666666666667,0.34781448725741,0.20194639536222,0.5,0.5,0.49999697533851,0.49999091076268,1727074480285
166,1.0,0.66666666666667,0.34781448725741,0.19530180356172,0.5,0.5,0.49999697533851,0.49999270911787,1727074480302
166,1.0,0.66666666666667,0.34781448725741,0.19150093401408,0.5,0.5,0.49999697533851,0.49999156048886,1727074480318
166,1.0,0.66666666666667,0.34781448725741,0.18770956986826,0.5,0.5,0.49999697533851,0.5000023649304,1727074480335
166,1.0,0.66666666666667,0.34781448725741,0.18106503872276,0.5,0.5,0.49999697533851,0.50000447680128,1727074480352
166,1.0,0.66666666666667,0.34781448725741,0.17442027129729,0.5,0.5,0.49999697533851,0.50000634786772,1727074480644
166,1.0,0.66666666666667,0.34781448725741,0.167776614039,0.5,0.5,0.49999697533851,0.49998944079933,1727074480651
166,1.0,0.66666666666667,0.34781448725741,0.16398317339268,0.5,0.5,0.49999697533851,0.49999807960242,1727074480668
166,1.0,0.66666666666667,0.34781448725741,0.15733706697271,0.5,0.5,0.49999697533851,0.49999811246034,1727074480685
166,1.0,0.66666666666667,0.34781448725741,0.15069466542077,0.5,0.5,0.49999697533851,0.50000324407262,1727074483860
166,1.0,0.66666666666667,0.34781448725741,0.15069466542077,0.5,0.5,0.49999697533851,0.50000324407262,1727074484547
166,1.0,0.66666666666667,0.34781448725741,0.15069466542077,0.5,0.5,0.49999697533851,0.50000324407262,1727074485661
166,0.99617436071958,0.66666666666667,0.34781448725741,0.15069466542077,0.50000226957642,0.5,0.49999697533851,0.50000324407262,1727074485764
166,0.99234540388079,0.66666666666667,0.34781448725741,0.15069466542077,0.50000308087456,0.5,0.49999697533851,0.50000324407262,1727074485771
166,0.98851459169434,0.66666666666667,0.34781448725741,0.15069466542077,0.50000307128207,0.5,0.49999697533851,0.50000324407262,1727074485787
166,0.9780103350713,0.66666666666667,0.34781448725741,0.15069466542077,0.49999773294949,0.5,0.49999697533851,0.50000324407262,1727074485801
166,0.95322169698673,0.66666666666667,0.34781448725741,0.15069466542077,0.50000289239269,0.5,0.49999697533851,0.50000324407262,1727074485818
166,0.92842264507956,0.66666666666667,0.34781448725741,0.15069466542077,0.50000339682844,0.5,0.49999697533851,0.50000324407262,1727074485834
166,0.8789624441658,0.66666666666667,0.34781448725741,0.15069466542077,0.50000419883445,0.5,0.49999697533851,0.50000324407262,1727074485851
166,0.85416534594872,0.66666666666667,0.34781448725741,0.15069466542077,0.49999806024066,0.5,0.49999697533851,0.50000324407262,1727074485868
166,0.82267692109879,0.66666666666667,0.34781448725741,0.15069466542077,0.49999999898326,0.5,0.49999697533851,0.50000324407262,1727074485884
166,0.79788180754436,0.66666666666667,0.34781448725741,0.15069466542077,0.50000256989472,0.5,0.49999697533851,0.50000324407262,1727074485901
166,0.77021025535061,0.66666666666667,0.34781448725741,0.15069466542077,0.49999722810641,0.5,0.49999697533851,0.50000324407262,1727074485918
166,0.73872085579196,0.66666666666667,0.34781448725741,0.15069466542077,0.49999876145607,0.5,0.49999697533851,0.50000324407262,1727074485935
166,0.71104816309037,0.66666666666667,0.34781448725741,0.15069466542077,0.50000115265194,0.5,0.49999697533851,0.50000324407262,1727074485951
166,0.67006564037173,0.66666666666667,0.34781448725741,0.15069466542077,0.50000245797674,0.5,0.49999697533851,0.50000324407262,1727074485968
166,0.64529251902223,0.66666666666667,0.34781448725741,0.15069466542077,0.50000013013878,0.5,0.49999697533851,0.50000324407262,1727074485984
166,0.61760928525945,0.66666666666667,0.34781448725741,0.15069466542077,0.49999612411349,0.5,0.49999697533851,0.50000324407262,1727074486001
166,0.58993716195965,0.66666666666667,0.34781448725741,0.15069466542077,0.49999914696534,0.5,0.49999697533851,0.50000324407262,1727074486018
166,0.5622625638698,0.66666666666667,0.34781448725741,0.15069466542077,0.50000069600288,0.5,0.49999697533851,0.50000324407262,1727074486034
166,0.51360652791357,0.66666666666667,0.34781448725741,0.15069466542077,0.50000471318948,0.5,0.49999697533851,0.50000324407262,1727074486051
166,0.47926994664458,0.66666666666667,0.34781448725741,0.15069466542077,0.50000635658357,0.5,0.49999697533851,0.50000324407262,1727074486068
166,0.45451060054294,0.66666666666667,0.34781448725741,0.15069466542077,0.50000227589618,0.5,0.49999697533851,0.50000324407262,1727074486084
166,0.43734585442972,0.66666666666667,0.34781448725741,0.15069466542077,0.50000592992194,0.5,0.49999697533851,0.50000324407262,1727074486101
166,0.42305648587591,0.66666666666667,0.34781448725741,0.15069466542077,0.50000846337874,0.5,0.49999697533851,0.50000324407262,1727074486118
166,0.41640919378884,0.66666666666667,0.34781448725741,0.15069466542077,0.50000760612226,0.5,0.49999697533851,0.50000324407262,1727074486134
166,0.41259256132754,0.66666666666667,0.34781448725741,0.15069466542077,0.50000661163353,0.5,0.49999697533851,0.50000324407262,1727074486184
166,0.40878285706268,0.66666666666667,0.34781448725741,0.15069466542077,0.499998528477,0.5,0.49999697533851,0.50000324407262,1727074486203
166,0.4021349416288,0.66666666666667,0.34781448725741,0.15069466542077,0.50001003064678,0.5,0.49999697533851,0.50000324407262,1727074486219
166,0.39831666099157,0.66666666666667,0.34781448725741,0.15069466542077,0.49999454387885,0.5,0.49999697533851,0.50000324407262,1727074486235
166,0.39450327665644,0.66666666666667,0.34781448725741,0.15069466542077,0.49999622270516,0.5,0.49999697533851,0.50000324407262,1727074486251
166,0.38021864959586,0.66666666666667,0.34781448725741,0.15069466542077,0.50000285627306,0.5,0.49999697533851,0.50000324407262,1727074486268
166,0.37641553521329,0.66666666666667,0.34781448725741,0.15069466542077,0.50000013254621,0.5,0.49999697533851,0.50000324407262,1727074486285
166,0.37260316238194,0.66666666666667,0.34781448725741,0.15069466542077,0.50000280035688,0.5,0.49999697533851,0.50000324407262,1727074486334
166,0.36878913418067,0.66666666666667,0.34781448725741,0.15069466542077,0.50000402615316,0.5,0.49999697533851,0.50000324407262,1727074486355
166,0.36497992589383,0.66666666666667,0.34781448725741,0.15069466542077,0.49999579587073,0.5,0.49999697533851,0.50000324407262,1727074486368
166,0.35833042096207,0.66666666666667,0.34781448725741,0.15069466542077,0.5000066558775,0.5,0.49999697533851,0.50000324407262,1727074486468
166,0.35452404924305,0.66666666666667,0.34781448725741,0.15069466542077,0.50000088676035,0.5,0.49999697533851,0.50000324407262,1727074486485
166,0.34787126841266,0.66666666666667,0.34781448725741,0.15069466542077,0.49999478552507,0.5,0.49999697533851,0.50000324407262,1727074486501
166,0.34406112743304,0.66666666666667,0.34781448725741,0.15069466542077,0.49999961853772,0.5,0.49999697533851,0.50000324407262,1727074486535
166,0.34025856875923,0.66666666666667,0.34781448725741,0.15069466542077,0.50001159606433,0.5,0.49999697533851,0.50000324407262,1727074486555
166,0.33360349257549,0.66666666666667,0.34781448725741,0.15069466542077,0.5000032994249,0.5,0.49999697533851,0.50000324407262,1727074486568
166,0.32979662779262,0.66666666666667,0.34781448725741,0.15069466542077,0.49999679336331,0.5,0.49999697533851,0.50000324407262,1727074486585
166,0.32315422378535,0.66666666666667,0.34781448725741,0.15069466542077,0.5000003632515,0.5,0.49999697533851,0.50000324407262,1727074486603
166,0.31934170310475,0.66666666666667,0.34781448725741,0.15069466542077,0.50000313900684,0.5,0.49999697533851,0.50000324407262,1727074486618
166,0.31553851754462,0.66666666666667,0.34781448725741,0.15069466542077,0.500000054599,0.5,0.49999697533851,0.50000324407262,1727074487108
166,0.31172653684911,0.66666666666667,0.34781448725741,0.15069466542077,0.50000339587882,0.5,0.49999697533851,0.50000324407262,1727074487131
166,0.30508344167727,0.66666666666667,0.34781448725741,0.15069466542077,0.50000647449625,0.5,0.49999697533851,0.50000324407262,1727074487139
166,0.30127514862892,0.66666666666667,0.34781448725741,0.15069466542077,0.4999982253781,0.5,0.49999697533851,0.50000324407262,1727074487151
166,0.29747081204724,0.66666666666667,0.34781448725741,0.15069466542077,0.5000093389112,0.5,0.49999697533851,0.50000324407262,1727074487168
166,0.29081999794866,0.66666666666667,0.34781448725741,0.15069466542077,0.50000470297021,0.5,0.49999697533851,0.50000324407262,1727074487195
166,0.28702056409778,0.66666666666667,0.34781448725741,0.15069466542077,0.5000053174755,0.5,0.49999697533851,0.50000324407262,1727074487308
166,0.28036920378287,0.66666666666667,0.34781448725741,0.15069466542077,0.49999997194716,0.5,0.49999697533851,0.50000324407262,1727074487318
166,0.27656832336681,0.66666666666667,0.34781448725741,0.15069466542077,0.49999904992889,0.5,0.49999697533851,0.50000324407262,1727074487339
166,0.26991815358179,0.66666666666667,0.34781448725741,0.15069466542077,0.50001109325255,0.5,0.49999697533851,0.50000324407262,1727074487355
166,0.26611811483097,0.66666666666667,0.34781448725741,0.15069466542077,0.50001113353471,0.5,0.49999697533851,0.50000324407262,1727074487371
166,0.26231131325845,0.66666666666667,0.34781448725741,0.15069466542077,0.50000389671744,0.5,0.49999697533851,0.50000324407262,1727074487418
166,0.25566641995473,0.66666666666667,0.34781448725741,0.15069466542077,0.50000532229112,0.5,0.49999697533851,0.50000324407262,1727074487434
166,0.25186314895526,0.66666666666667,0.34781448725741,0.15069466542077,0.50000176922978,0.5,0.49999697533851,0.50000324407262,1727074487459
166,0.2413638601521,0.66666666666667,0.34781448725741,0.15069466542077,0.50001123604787,0.5,0.49999697533851,0.50000324407262,1727074487501
166,0.23471518485213,0.66666666666667,0.34781448725741,0.15069466542077,0.50000852221213,0.5,0.49999697533851,0.50000324407262,1727074487518
166,0.2272124465401,0.66666666666667,0.34781448725741,0.15069466542077,0.50001437956489,0.5,0.49999697533851,0.50000324407262,1727074487534
166,0.21294825638032,0.66666666666667,0.34781448725741,0.15069466542077,0.49999334307915,0.5,0.49999697533851,0.50000324407262,1727074487551
166,0.20915389226195,0.66666666666667,0.34781448725741,0.15069466542077,0.50000005536427,0.5,0.49999697533851,0.50000324407262,1727074487568
166,0.20535626731686,0.66666666666667,0.34781448725741,0.15069466542077,0.50000293145401,0.5,0.49999697533851,0.50000324407262,1727074487584
166,0.20156284372585,0.66666666666667,0.34781448725741,0.15069466542077,0.50001098541448,0.5,0.49999697533851,0.50000324407262,1727074487756
166,0.19776179092907,0.66666666666667,0.34781448725741,0.15069466542077,0.50000978236921,0.5,0.49999697533851,0.50000324407262,1727074487835
166,0.19397122739589,0.66666666666667,0.34781448725741,0.15069466542077,0.50000247943349,0.5,0.49999697533851,0.50000324407262,1727074487867
166,0.19017433204348,0.66666666666667,0.34781448725741,0.15069466542077,0.50000638945582,0.5,0.49999697533851,0.50000324407262,1727074488020
166,0.18637268420002,0.66666666666667,0.34781448725741,0.15069466542077,0.50000436318258,0.5,0.49999697533851,0.50000324407262,1727074489564
166,0.18637268420002,0.66666666666667,0.34781448725741,0.15069466542077,0.50000436318258,0.5,0.49999697533851,0.50000324407262,1727074489916
166,0.18637268420002,0.66666666666667,0.34781448725741,0.15069466542077,0.50000436318258,0.5,0.49999697533851,0.50000324407262,1727074490740
166,0.18637268420002,0.66001630701327,0.34781448725741,0.15069466542077,0.50000436318258,0.49999944116987,0.49999697533851,0.50000324407262,1727074490796
166,0.18637268420002,0.65336516584373,0.34781448725741,0.15069466542077,0.50000436318258,0.49999309154331,0.49999697533851,0.50000324407262,1727074490811
166,0.18637268420002,0.64006878112075,0.34781448725741,0.15069466542077,0.50000436318258,0.49999551373779,0.49999697533851,0.50000324407262,1727074490819
166,0.18637268420002,0.62677820692285,0.34781448725741,0.15069466542077,0.50000436318258,0.49999435569411,0.49999697533851,0.50000324407262,1727074490834
166,0.18637268420002,0.57256994954223,0.34781448725741,0.15069466542077,0.50000436318258,0.49999951824126,0.49999697533851,0.50000324407262,1727074490851
166,0.18637268420002,0.49406024145132,0.34781448725741,0.15069466542077,0.50000436318258,0.50000096105036,0.49999697533851,0.50000324407262,1727074490868
166,0.18637268420002,0.43498228759278,0.34781448725741,0.15069466542077,0.50000436318258,0.49998949085053,0.49999697533851,0.50000324407262,1727074490884
166,0.18637268420002,0.39137521560421,0.34781448725741,0.15069466542077,0.50000436318258,0.49999485541813,0.49999697533851,0.50000324407262,1727074490901
166,0.18637268420002,0.36756021112724,0.34781448725741,0.15069466542077,0.50000436318258,0.49999431765896,0.49999697533851,0.50000324407262,1727074490917
166,0.18637268420002,0.35039623988923,0.34781448725741,0.15069466542077,0.50000436318258,0.49998932554163,0.49999697533851,0.50000324407262,1727074490934
166,0.18637268420002,0.34374330184422,0.34781448725741,0.15069466542077,0.50000436318258,0.49999550547046,0.49999697533851,0.50000324407262,1727074490951
166,0.18637268420002,0.33709387140166,0.34781448725741,0.15069466542077,0.50000436318258,0.4999985315504,0.49999697533851,0.50000324407262,1727074491028
166,0.18637268420002,0.32381972152537,0.34781448725741,0.15069466542077,0.50000436318258,0.49999583308006,0.49999697533851,0.50000324407262,1727074491043
166,0.18637268420002,0.31055328874052,0.34781448725741,0.15069466542077,0.50000436318258,0.49998541685679,0.49999697533851,0.50000324407262,1727074491051
166,0.18637268420002,0.27759636742571,0.34781448725741,0.15069466542077,0.50000436318258,0.49998771936996,0.49999697533851,0.50000324407262,1727074491068
166,0.18637268420002,0.25118415858829,0.34781448725741,0.15069466542077,0.50000436318258,0.50000050249993,0.49999697533851,0.50000324407262,1727074491084
166,0.18637268420002,0.23791831211719,0.34781448725741,0.15069466542077,0.50000436318258,0.49998800006795,0.49999697533851,0.50000324407262,1727074491101
166,0.18637268420002,0.24459656551158,0.34781448725741,0.15069466542077,0.50000436318258,0.49998667919629,0.49999697533851,0.50000324407262,1727074492308
166,0.18637268420002,0.25127019564067,0.34781448725741,0.15069466542077,0.50000436318258,0.49999047831017,0.49999697533851,0.50000324407262,1727074492331
166,0.18637268420002,0.25795162889497,0.34781448725741,0.15069466542077,0.50000436318258,0.49998570825961,0.49999697533851,0.50000324407262,1727074492368
166,0.18637268420002,0.26462585829137,0.34781448725741,0.15069466542077,0.50000436318258,0.4999887793811,0.49999697533851,0.50000324407262,1727074492384
166,0.18637268420002,0.2713023710529,0.34781448725741,0.15069466542077,0.50000436318258,0.49998935703346,0.49999697533851,0.50000324407262,1727074492404
166,0.18637268420002,0.27519336535485,0.34781448725741,0.15069466542077,0.50000436318258,0.49999081462498,0.49999697533851,0.50000324407262,1727074492417
166,0.18637268420002,0.28570469879753,0.34781448725741,0.15069466542077,0.50000436318258,0.49998724754878,0.49999697533851,0.50000324407262,1727074492434
166,0.18637268420002,0.30580710900101,0.34781448725741,0.15069466542077,0.50000436318258,0.49999294829223,0.49999697533851,0.50000324407262,1727074492451
166,0.18637268420002,0.32297612512847,0.34781448725741,0.15069466542077,0.50000436318258,0.49999336612519,0.49999697533851,0.50000324407262,1727074492467
166,0.18637268420002,0.32686708957715,0.34781448725741,0.15069466542077,0.50000436318258,0.4999946946435,0.49999697533851,0.50000324407262,1727074492484
166,0.18637268420002,0.33354405888533,0.34781448725741,0.15069466542077,0.50000436318258,0.49999471166889,0.49999697533851,0.50000324407262,1727074492501
166,0.18637268420002,0.34021917077047,0.34781448725741,0.15069466542077,0.50000436318258,0.4999964633232,0.49999697533851,0.50000324407262,1727074492628
166,0.18637268420002,0.35072723928165,0.34781448725741,0.15069466542077,0.50000436318258,0.49999617992025,0.49999697533851,0.50000324407262,1727074492643
166,0.18637268420002,0.35740944730239,0.34781448725741,0.15069466542077,0.50000436318258,0.49999142496493,0.49999697533851,0.50000324407262,1727074492684
166,0.18637268420002,0.36407653159566,0.34781448725741,0.15069466542077,0.50000436318258,0.50000035147887,0.49999697533851,0.50000324407262,1727074492764
166,0.18637268420002,0.36795798615333,0.34781448725741,0.15069466542077,0.50000436318258,0.49999630638517,0.49999697533851,0.50000324407262,1727074492771
166,0.18637268420002,0.37462992295008,0.34781448725741,0.15069466542077,0.50000436318258,0.50000074696884,0.49999697533851,0.50000324407262,1727074492787
166,0.18637268420002,0.38130370768913,0.34781448725741,0.15069466542077,0.50000436318258,0.49999004420742,0.49999697533851,0.50000324407262,1727074492801
166,0.18637268420002,0.38519383847031,0.34781448725741,0.15069466542077,0.50000436318258,0.49999199466206,0.49999697533851,0.50000324407262,1727074493212
166,0.18637268420002,0.39186053380047,0.34781448725741,0.15069466542077,0.50000436318258,0.50000086295822,0.49999697533851,0.50000324407262,1727074493219
166,0.18637268420002,0.38520658122034,0.34781448725741,0.15069466542077,0.50000436318258,0.49999428782571,0.49999697533851,0.50000324407262,1727074494140
166,0.18637268420002,0.37856150239488,0.34781448725741,0.15069466542077,0.50000436318258,0.4999932845102,0.49999697533851,0.50000324407262,1727074494163
166,0.18637268420002,0.37191544810067,0.34781448725741,0.15069466542077,0.50000436318258,0.4999931244932,0.49999697533851,0.50000324407262,1727074494268
166,0.18637268420002,0.36526184863996,0.34781448725741,0.15069466542077,0.50000436318258,0.49999972205278,0.49999697533851,0.50000324407262,1727074494380
166,0.18637268420002,0.36144641390604,0.34781448725741,0.15069466542077,0.50000436318258,0.49999976550923,0.49999697533851,0.50000324407262,1727074494868
166,0.18637268420002,0.35480490307195,0.34781448725741,0.15069466542077,0.50000436318258,0.49999553045685,0.49999697533851,0.50000324407262,1727074494891
166,0.18637268420002,0.34814756301809,0.34781448725741,0.15069466542077,0.50000436318258,0.4999916109397,0.49999697533851,0.50000324407262,1727074494915
166,0.18637268420002,0.34814756301809,0.34781448725741,0.15069466542077,0.50000436318258,0.4999916109397,0.49999697533851,0.50000324407262,1727074496132
167,0.66666666666667,0.16666666666667,0.33333333333333,0.66666666666667,0.5,0.5,0.5,0.5,1727074498989
167,0.66666666666667,0.16666666666667,0.34057083378018,0.66666666666667,0.5,0.5,0.49998857423921,0.5,1727074499029
167,0.66666666666667,0.16666666666667,0.36035689889898,0.66666666666667,0.5,0.5,0.49998426331131,0.5,1727074499036
167,0.66666666666667,0.16666666666667,0.38467695085827,0.66666666666667,0.5,0.5,0.49998902597342,0.5,1727074499051
167,0.66666666666667,0.16666666666667,0.45581202799444,0.66666666666667,0.5,0.5,0.49999841356422,0.5,1727074499068
167,0.66666666666667,0.16666666666667,0.58003613820493,0.66666666666667,0.5,0.5,0.49998714403182,0.5,1727074499085
167,0.66666666666667,0.16666666666667,0.66284516863854,0.66666666666667,0.5,0.5,0.49999044991122,0.5,1727074499101
167,0.66666666666667,0.16666666666667,0.71871448030976,0.66666666666667,0.5,0.5,0.49999111652548,0.5,1727074499118
167,0.66666666666667,0.16666666666667,0.76278600849027,0.66666666666667,0.5,0.5,0.50000084740256,0.5,1727074499135
167,0.66666666666667,0.16666666666667,0.79965558906596,0.66666666666667,0.5,0.5,0.50000124880272,0.5,1727074499151
167,0.66666666666667,0.16666666666667,0.84106020748568,0.66666666666667,0.5,0.5,0.50000160016811,0.5,1727074499168
167,0.66666666666667,0.16666666666667,0.86537280222298,0.66666666666667,0.5,0.5,0.50000050381641,0.5,1727074499185
167,0.66666666666667,0.16666666666667,0.8923383427597,0.66666666666667,0.5,0.5,0.49999629819392,0.5,1727074499201
167,0.66666666666667,0.16666666666667,0.91666157606582,0.66666666666667,0.5,0.5,0.49998432973307,0.5,1727074499218
167,0.66666666666667,0.16666666666667,0.94362556221423,0.66666666666667,0.5,0.5,0.49998750336364,0.5,1727074499235
167,0.66666666666667,0.16666666666667,0.96793627223438,0.66666666666667,0.5,0.5,0.49999490064972,0.5,1727074499251
167,0.66666666666667,0.16666666666667,0.98503070724847,0.66666666666667,0.5,0.5,0.49998603718799,0.5,1727074499268
167,0.66666666666667,0.16666666666667,1.0,0.66666666666667,0.5,0.5,0.5,0.5,1727074499285
167,0.66666666666667,0.16666666666667,0.99277405670398,0.66666666666667,0.5,0.5,0.49998861667823,0.5,1727074499732
167,0.66666666666667,0.16666666666667,0.98821871418008,0.66666666666667,0.5,0.5,0.50000525483361,0.5,1727074499740
167,0.66666666666667,0.16666666666667,0.98099343530992,0.66666666666667,0.5,0.5,0.49999273645089,0.5,1727074499751
167,0.66666666666667,0.16666666666667,0.97376600174677,0.66666666666667,0.5,0.5,0.49998930918715,0.5,1727074499768
167,0.66666666666667,0.16666666666667,0.9665444294026,0.66666666666667,0.5,0.5,0.49999586850909,0.5,1727074499785
167,0.66666666666667,0.16666666666667,0.95209624964584,0.66666666666667,0.5,0.5,0.49999546964331,0.5,1727074499801
167,0.66666666666667,0.16666666666667,0.93764769543421,0.66666666666667,0.5,0.5,0.49999671548779,0.5,1727074499818
167,0.66666666666667,0.16666666666667,0.93309598466162,0.66666666666667,0.5,0.5,0.49999805248294,0.5,1727074499835
167,0.66666666666667,0.16666666666667,0.92586757296562,0.66666666666667,0.5,0.5,0.49999888314313,0.5,1727074499852
167,0.66666666666667,0.16666666666667,0.91864098859553,0.66666666666667,0.5,0.5,0.49999151928652,0.5,1727074499884
167,0.66666666666667,0.16666666666667,0.91142097724596,0.66666666666667,0.5,0.5,0.49999135118904,0.5,1727074499908
167,0.66666666666667,0.16666666666667,0.90419246792016,0.66666666666667,0.5,0.5,0.49999259932029,0.5,1727074499918
167,0.66666666666667,0.16666666666667,0.89964072274038,0.66666666666667,0.5,0.5,0.49999411596054,0.5,1727074499935
167,0.66666666666667,0.16666666666667,0.89241250369883,0.66666666666667,0.5,0.5,0.49999406114675,0.5,1727074499951
167,0.66666666666667,0.16666666666667,0.88785249470205,0.66666666666667,0.5,0.5,0.49999595824338,0.5,1727074500245
167,0.66666666666667,0.16666666666667,0.88063348199278,0.66666666666667,0.5,0.5,0.49999117924898,0.5,1727074500260
167,0.66666666666667,0.16666666666667,0.87340551196266,0.66666666666667,0.5,0.5,0.49998994152747,0.5,1727074500268
167,0.66666666666667,0.16666666666667,0.87605864487576,0.66666666666667,0.5,0.5,0.49998589039862,0.5,1727074500292
167,0.66666666666667,0.16666666666667,0.8688369806711,0.66666666666667,0.5,0.5,0.49999343125986,0.5,1727074500301
167,0.66666666666667,0.16666666666667,0.8616087375238,0.66666666666667,0.5,0.5,0.49999348426389,0.5,1727074500453
167,0.66666666666667,0.16666666666667,0.86426076928371,0.66666666666667,0.5,0.5,0.49999456728744,0.5,1727074500469
167,0.66666666666667,0.16666666666667,0.85704130035634,0.66666666666667,0.5,0.5,0.49999183979711,0.5,1727074500492
167,0.66666666666667,0.16666666666667,0.84981279140165,0.66666666666667,0.5,0.5,0.49999315108333,0.5,1727074500501
167,0.66666666666667,0.16666666666667,0.84258395482637,0.66666666666667,0.5,0.5,0.49999605315618,0.5,1727074500532
167,0.66666666666667,0.16666666666667,0.83536330461495,0.66666666666667,0.5,0.5,0.49999899206477,0.5,1727074500717
167,0.66666666666667,0.16666666666667,0.82813684581747,0.66666666666667,0.5,0.5,0.4999903996282,0.5,1727074500740
167,0.66666666666667,0.16666666666667,0.82091789914522,0.66666666666667,0.5,0.5,0.49998499316178,0.5,1727074500751
167,0.66666666666667,0.16666666666667,0.82356895644821,0.66666666666667,0.5,0.5,0.49999090096909,0.5,1727074500768
167,0.66666666666667,0.16666666666667,0.82622110391392,0.66666666666667,0.5,0.5,0.4999914644991,0.5,1727074502269
167,0.66666666666667,0.16666666666667,0.83345630412908,0.66666666666667,0.5,0.5,0.49999737501335,0.5,1727074502349
167,0.66666666666667,0.16666666666667,0.83610997907713,0.66666666666667,0.5,0.5,0.49999053798779,0.5,1727074502397
167,0.66666666666667,0.16666666666667,0.84333798879531,0.66666666666667,0.5,0.5,0.49999162351402,0.5,1727074502469
167,0.66666666666667,0.16666666666667,0.84599806869525,0.66666666666667,0.5,0.5,0.49999338908677,0.5,1727074502484
167,0.66666666666667,0.16666666666667,0.85322599473541,0.66666666666667,0.5,0.5,0.49999484420446,0.5,1727074502501
167,0.66666666666667,0.16666666666667,0.86046156102897,0.66666666666667,0.5,0.5,0.49999885914981,0.5,1727074502604
167,0.66666666666667,0.16666666666667,0.8631146970141,0.66666666666667,0.5,0.5,0.49999472512243,0.5,1727074502618
167,0.66666666666667,0.16666666666667,0.87034159507873,0.66666666666667,0.5,0.5,0.50000096406254,0.5,1727074502805
167,0.66666666666667,0.16666666666667,0.87299519782088,0.66666666666667,0.5,0.5,0.49999468047133,0.5,1727074504693
167,0.66666666666667,0.16666666666667,0.86577467811149,0.66666666666667,0.5,0.5,0.49999691666325,0.5,1727074505301
167,0.66666666666667,0.16666666666667,0.86577467811149,0.66666666666667,0.5,0.5,0.49999691666325,0.5,1727074505885
167,0.66666666666667,0.16666666666667,0.86577467811149,0.66666666666667,0.5,0.5,0.49999691666325,0.5,1727074507518
167,0.66000915254213,0.16666666666667,0.86577467811149,0.66666666666667,0.49999622429513,0.5,0.49999691666325,0.5,1727074507525
167,0.64950749856632,0.16666666666667,0.86577467811149,0.66666666666667,0.49999988125146,0.5,0.49999691666325,0.5,1727074507573
167,0.64285843397133,0.16666666666667,0.86577467811149,0.66666666666667,0.49999808301506,0.5,0.49999691666325,0.5,1727074507584
167,0.62854766925574,0.16666666666667,0.86577467811149,0.66666666666667,0.49999612370904,0.5,0.49999691666325,0.5,1727074507601
167,0.58756825390681,0.16666666666667,0.86577467811149,0.66666666666667,0.4999993569807,0.5,0.49999691666325,0.5,1727074507617
167,0.53515433400558,0.16666666666667,0.86577467811149,0.66666666666667,0.50000034256539,0.5,0.49999691666325,0.5,1727074507634
167,0.48650274314089,0.16666666666667,0.86577467811149,0.66666666666667,0.49999629516417,0.5,0.49999691666325,0.5,1727074507651
167,0.42366587198416,0.16666666666667,0.86577467811149,0.66666666666667,0.50000354655596,0.5,0.49999691666325,0.5,1727074507667
167,0.39523960997452,0.16666666666667,0.86577467811149,0.66666666666667,0.49999440853981,0.5,0.49999691666325,0.5,1727074507684
167,0.37049364501566,0.16666666666667,0.86577467811149,0.66666666666667,0.50000118825516,0.5,0.49999691666325,0.5,1727074507701
167,0.35621304566008,0.16666666666667,0.86577467811149,0.66666666666667,0.49999787280309,0.5,0.49999691666325,0.5,1727074507717
167,0.34194202493831,0.16666666666667,0.86577467811149,0.66666666666667,0.5000033189118,0.5,0.49999691666325,0.5,1727074507734
167,0.33813305937038,0.16666666666667,0.86577467811149,0.66666666666667,0.49999493588086,0.5,0.49999691666325,0.5,1727074507751
167,0.31340175698311,0.16666666666667,0.86577467811149,0.66666666666667,0.50000171933265,0.5,0.49999691666325,0.5,1727074507767
167,0.29544411818676,0.16666666666667,0.86577467811149,0.66666666666667,0.49999794237662,0.5,0.49999691666325,0.5,1727074507784
167,0.2670813501051,0.16666666666667,0.86577467811149,0.66666666666667,0.50000472023422,0.5,0.49999691666325,0.5,1727074507801
167,0.25281285447517,0.16666666666667,0.86577467811149,0.66666666666667,0.49999722572616,0.5,0.49999691666325,0.5,1727074507818
167,0.2423186322769,0.16666666666667,0.86577467811149,0.66666666666667,0.49999502260252,0.5,0.49999691666325,0.5,1727074507834
167,0.2348056271586,0.16666666666667,0.86577467811149,0.66666666666667,0.4999889036232,0.5,0.49999691666325,0.5,1727074507851
167,0.22430075942721,0.16666666666667,0.86577467811149,0.66666666666667,0.49999194117535,0.5,0.49999691666325,0.5,1727074507867
167,0.22050757799768,0.16666666666667,0.86577467811149,0.66666666666667,0.49999986605449,0.5,0.49999691666325,0.5,1727074507884
167,0.19952911760479,0.16666666666667,0.86577467811149,0.66666666666667,0.50000740863008,0.5,0.49999691666325,0.5,1727074507901
167,0.19573092681264,0.16666666666667,0.86577467811149,0.66666666666667,0.49999068019845,0.5,0.49999691666325,0.5,1727074507957
167,0.18908515319561,0.16666666666667,0.86577467811149,0.66666666666667,0.4999910165684,0.5,0.49999691666325,0.5,1727074507972
167,0.18529023576641,0.16666666666667,0.86577467811149,0.66666666666667,0.49999737574274,0.5,0.49999691666325,0.5,1727074507997
167,0.18149782472269,0.16666666666667,0.86577467811149,0.66666666666667,0.50000704914747,0.5,0.49999691666325,0.5,1727074508012
167,0.17099757958931,0.16666666666667,0.86577467811149,0.66666666666667,0.49999683028188,0.5,0.49999691666325,0.5,1727074508051
167,0.16050542246425,0.16666666666667,0.86577467811149,0.66666666666667,0.49999695148614,0.5,0.49999691666325,0.5,1727074508067
167,0.1462570430638,0.16666666666667,0.86577467811149,0.66666666666667,0.49999374535444,0.5,0.49999691666325,0.5,1727074508084
167,0.13576633020663,0.16666666666667,0.86577467811149,0.66666666666667,0.4999958545735,0.5,0.49999691666325,0.5,1727074508101
167,0.14244283177485,0.16666666666667,0.86577467811149,0.66666666666667,0.49999533293424,0.5,0.49999691666325,0.5,1727074508661
167,0.14912416634205,0.16666666666667,0.86577467811149,0.66666666666667,0.50000150486479,0.5,0.49999691666325,0.5,1727074508676
167,0.1530214435749,0.16666666666667,0.86577467811149,0.66666666666667,0.49998724255632,0.5,0.49999691666325,0.5,1727074508700
167,0.15969948499295,0.16666666666667,0.86577467811149,0.66666666666667,0.49998895545376,0.5,0.49999691666325,0.5,1727074508717
167,0.16638076042606,0.16666666666667,0.86577467811149,0.66666666666667,0.49999489564955,0.5,0.49999691666325,0.5,1727074508749
167,0.17028047257253,0.16666666666667,0.86577467811149,0.66666666666667,0.50000465626379,0.5,0.49999691666325,0.5,1727074508756
167,0.17696489010741,0.16666666666667,0.86577467811149,0.66666666666667,0.49999439500438,0.5,0.49999691666325,0.5,1727074508772
167,0.18364369321238,0.16666666666667,0.86577467811149,0.66666666666667,0.49999687157961,0.5,0.49999691666325,0.5,1727074508784
167,0.17699684987059,0.16666666666667,0.86577467811149,0.66666666666667,0.49999593261751,0.5,0.49999691666325,0.5,1727074509253
167,0.17699684987059,0.16666666666667,0.86577467811149,0.66666666666667,0.49999593261751,0.5,0.49999691666325,0.5,1727074509589
167,0.17699684987059,0.16666666666667,0.86577467811149,0.66666666666667,0.49999593261751,0.5,0.49999691666325,0.5,1727074510046
167,0.17699684987059,0.1733396066127,0.86577467811149,0.66666666666667,0.49999593261751,0.50001854472007,0.49999691666325,0.5,1727074510213
167,0.17699684987059,0.18673792545179,0.86577467811149,0.66666666666667,0.49999593261751,0.50000067674479,0.49999691666325,0.5,1727074510229
167,0.17699684987059,0.2039039178477,0.86577467811149,0.66666666666667,0.49999593261751,0.50000458460857,0.49999691666325,0.5,1727074510236
167,0.17699684987059,0.21442115651405,0.86577467811149,0.66666666666667,0.49999593261751,0.50001141159645,0.49999691666325,0.5,1727074510251
167,0.17699684987059,0.24499486659889,0.86577467811149,0.66666666666667,0.49999593261751,0.50000571762956,0.49999691666325,0.5,1727074510267
167,0.17699684987059,0.26884069039341,0.86577467811149,0.66666666666667,0.49999593261751,0.50000580556744,0.49999691666325,0.5,1727074510284
167,0.17699684987059,0.31369340577795,0.86577467811149,0.66666666666667,0.49999593261751,0.4999989260011,0.49999691666325,0.5,1727074510301
167,0.17699684987059,0.33379217844953,0.86577467811149,0.66666666666667,0.49999593261751,0.50000738662937,0.49999691666325,0.5,1727074510317
167,0.17699684987059,0.35096343490884,0.86577467811149,0.66666666666667,0.49999593261751,0.50000531717945,0.49999691666325,0.5,1727074510334
167,0.17699684987059,0.38824212575441,0.86577467811149,0.66666666666667,0.49999593261751,0.50000347956617,0.49999691666325,0.5,1727074510351
167,0.17699684987059,0.40928016190309,0.86577467811149,0.66666666666667,0.49999593261751,0.50001015705541,0.49999691666325,0.5,1727074510367
167,0.17699684987059,0.43982478041536,0.86577467811149,0.66666666666667,0.49999593261751,0.50000478644996,0.49999691666325,0.5,1727074510384
167,0.17699684987059,0.4636751705251,0.86577467811149,0.66666666666667,0.49999593261751,0.5000013538833,0.49999691666325,0.5,1727074510401
167,0.17699684987059,0.48084713819874,0.86577467811149,0.66666666666667,0.49999593261751,0.49999925743443,0.49999691666325,0.5,1727074510417
167,0.17699684987059,0.49801741568082,0.86577467811149,0.66666666666667,0.49999593261751,0.50000984231077,0.49999691666325,0.5,1727074510434
167,0.17699684987059,0.52186760934975,0.86577467811149,0.66666666666667,0.49999593261751,0.50000665261393,0.49999691666325,0.5,1727074510451
167,0.17699684987059,0.54571330333681,0.86577467811149,0.66666666666667,0.49999593261751,0.50000677187563,0.49999691666325,0.5,1727074510467
167,0.17699684987059,0.57250573256438,0.86577467811149,0.66666666666667,0.49999593261751,0.50000131362437,0.49999691666325,0.5,1727074510484
167,0.17699684987059,0.61647797678674,0.86577467811149,0.66666666666667,0.49999593261751,0.499999329538,0.49999691666325,0.5,1727074510501
167,0.17699684987059,0.63364357888505,0.86577467811149,0.66666666666667,0.49999593261751,0.50000160658799,0.49999691666325,0.5,1727074510517
167,0.17699684987059,0.64699761877383,0.86577467811149,0.66666666666667,0.49999593261751,0.50000146359294,0.49999691666325,0.5,1727074510534
167,0.17699684987059,0.66036159173506,0.86577467811149,0.66666666666667,0.49999593261751,0.50000462632234,0.49999691666325,0.5,1727074510551
167,0.17699684987059,0.66702645641245,0.86577467811149,0.66666666666667,0.49999593261751,0.50000259292761,0.49999691666325,0.5,1727074510567
167,0.17699684987059,0.68419592097375,0.86577467811149,0.66666666666667,0.49999593261751,0.5000024072966,0.49999691666325,0.5,1727074510584
167,0.17699684987059,0.69086976673208,0.86577467811149,0.66666666666667,0.49999593261751,0.50000419346532,0.49999691666325,0.5,1727074510789
167,0.17699684987059,0.70421737638069,0.86577467811149,0.66666666666667,0.49999593261751,0.50000773815561,0.49999691666325,0.5,1727074510804
167,0.17699684987059,0.70809365543542,0.86577467811149,0.66666666666667,0.49999593261751,0.49999922444996,0.49999691666325,0.5,1727074510817
167,0.17699684987059,0.71475925289496,0.86577467811149,0.66666666666667,0.49999593261751,0.50000570204414,0.49999691666325,0.5,1727074510834
167,0.17699684987059,0.72811678320975,0.86577467811149,0.66666666666667,0.49999593261751,0.50000354754133,0.49999691666325,0.5,1727074510851
167,0.17699684987059,0.73478267708704,0.86577467811149,0.66666666666667,0.49999593261751,0.50000108515296,0.49999691666325,0.5,1727074510867
167,0.17699684987059,0.74530151256279,0.86577467811149,0.66666666666667,0.49999593261751,0.50000342315916,0.49999691666325,0.5,1727074510884
167,0.17699684987059,0.76914019344167,0.86577467811149,0.66666666666667,0.49999593261751,0.49999906308477,0.49999691666325,0.5,1727074510900
167,0.17699684987059,0.77581281149387,0.86577467811149,0.66666666666667,0.49999593261751,0.50000138293926,0.49999691666325,0.5,1727074510917
167,0.17699684987059,0.78916345348376,0.86577467811149,0.66666666666667,0.49999593261751,0.50000306514568,0.49999691666325,0.5,1727074510934
167,0.17699684987059,0.79967009422151,0.86577467811149,0.66666666666667,0.49999593261751,0.50000358679306,0.49999691666325,0.5,1727074510951
167,0.17699684987059,0.80633582500992,0.86577467811149,0.66666666666667,0.49999593261751,0.50000137607275,0.49999691666325,0.5,1727074510967
167,0.17699684987059,0.81685385301681,0.86577467811149,0.66666666666667,0.49999593261751,0.50000397169009,0.49999691666325,0.5,1727074511017
167,0.17699684987059,0.83020303520089,0.86577467811149,0.66666666666667,0.49999593261751,0.49999845085311,0.49999691666325,0.5,1727074511034
167,0.17699684987059,0.85404162318463,0.86577467811149,0.66666666666667,0.49999593261751,0.50000226249287,0.49999691666325,0.5,1727074511051
167,0.17699684987059,0.86739358655806,0.86577467811149,0.66666666666667,0.49999593261751,0.50000316443487,0.49999691666325,0.5,1727074511067
167,0.17699684987059,0.8779063883186,0.86577467811149,0.66666666666667,0.49999593261751,0.50000063739954,0.49999691666325,0.5,1727074511084
167,0.17699684987059,0.89125648519568,0.86577467811149,0.66666666666667,0.49999593261751,0.50000244118088,0.49999691666325,0.5,1727074511101
167,0.17699684987059,0.9189327526498,0.86577467811149,0.66666666666667,0.49999593261751,0.50000269260812,0.49999691666325,0.5,1727074511117
167,0.17699684987059,0.93897545782004,0.86577467811149,0.66666666666667,0.49999593261751,0.50000424637569,0.49999691666325,0.5,1727074511134
167,0.17699684987059,0.96572291657834,0.86577467811149,0.66666666666667,0.49999593261751,0.50000007271615,0.49999691666325,0.5,1727074511150
167,0.17699684987059,0.98956474368329,0.86577467811149,0.66666666666667,0.49999593261751,0.50000199575025,0.49999691666325,0.5,1727074511167
167,0.17699684987059,1.00000268271986,0.86577467811149,0.66666666666667,0.49999593261751,0.49999881675419,0.49999691666325,0.5,1727074511184
167,0.17699684987059,1.00000268271986,0.86577467811149,0.66666666666667,0.49999593261751,0.49999881675419,0.49999691666325,0.5,1727074511201
167,0.17699684987059,1.00000268271986,0.86577467811149,0.66666666666667,0.49999593261751,0.49999881675419,0.49999691666325,0.5,1727074511217
167,0.17699684987059,1.00000268271986,0.86577467811149,0.66666666666667,0.49999593261751,0.49999881675419,0.49999691666325,0.5,1727074511234
167,0.17699684987059,1.00000268271986,0.86577467811149,0.66666666666667,0.49999593261751,0.49999881675419,0.49999691666325,0.5,1727074511251
167,0.17699684987059,1.00000268271986,0.86577467811149,0.66666666666667,0.49999593261751,0.49999881675419,0.49999691666325,0.5,1727074511267
167,0.17699684987059,1.00000268271986,0.86577467811149,0.66666666666667,0.49999593261751,0.49999881675419,0.49999691666325,0.5,1727074511284
167,0.17699684987059,1.00000268271986,0.86577467811149,0.66666666666667,0.49999593261751,0.49999881675419,0.49999691666325,0.5,1727074511301
167,0.17699684987059,1.00000268271986,0.86577467811149,0.66666666666667,0.49999593261751,0.49999881675419,0.49999691666325,0.5,1727074511317
167,0.17699684987059,1.00000268271986,0.86577467811149,0.66666666666667,0.49999593261751,0.49999881675419,0.49999691666325,0.5,1727074511334
167,0.17699684987059,1.00000268271986,0.86577467811149,0.66666666666667,0.49999593261751,0.49999881675419,0.49999691666325,0.5,1727074511350
167,0.17699684987059,1.00000268271986,0.86577467811149,0.66666666666667,0.49999593261751,0.49999881675419,0.49999691666325,0.5,1727074511367
167,0.17699684987059,1.00000268271986,0.86577467811149,0.66666666666667,0.49999593261751,0.49999881675419,0.49999691666325,0.5,1727074511384
167,0.17699684987059,1.00000268271986,0.86577467811149,0.66666666666667,0.49999593261751,0.49999881675419,0.49999691666325,0.5,1727074511400
167,0.17699684987059,1.00000268271986,0.86577467811149,0.66666666666667,0.49999593261751,0.49999881675419,0.49999691666325,0.5,1727074511417
167,0.17699684987059,1.00000268271986,0.86577467811149,0.66666666666667,0.49999593261751,0.49999881675419,0.49999691666325,0.5,1727074511434
167,0.17699684987059,1.00000268271986,0.86577467811149,0.66666666666667,0.49999593261751,0.49999881675419,0.49999691666325,0.5,1727074511450
167,0.17699684987059,1.00000268271986,0.86577467811149,0.66666666666667,0.49999593261751,0.49999881675419,0.49999691666325,0.5,1727074511500
167,0.17699684987059,1.00000268271986,0.86577467811149,0.66666666666667,0.49999593261751,0.49999881675419,0.49999691666325,0.5,1727074513037
167,0.17035019958613,1.00000268271986,0.86577467811149,0.66666666666667,0.49999521717582,0.49999881675419,0.49999691666325,0.5,1727074513077
167,0.16370945771547,1.00000268271986,0.86577467811149,0.66666666666667,0.50000235266477,0.49999881675419,0.49999691666325,0.5,1727074513133
167,0.15706181742541,1.00000268271986,0.86577467811149,0.66666666666667,0.50000037783159,0.49999881675419,0.49999691666325,0.5,1727074513167
167,0.14656549133645,1.00000268271986,0.86577467811149,0.66666666666667,0.4999948012104,0.49999881675419,0.49999691666325,0.5,1727074513184
167,0.13991929549711,1.00000268271986,0.86577467811149,0.66666666666667,0.4999946532197,0.49999881675419,0.49999691666325,0.5,1727074513234
167,0.13612859943091,1.00000268271986,0.86577467811149,0.66666666666667,0.49998591845304,0.49999881675419,0.49999691666325,0.5,1727074513284
167,0.12563640225876,1.00000268271986,0.86577467811149,0.66666666666667,0.49998568734241,0.49999881675419,0.49999691666325,0.5,1727074513613
167,0.12563640225876,1.00000268271986,0.86577467811149,0.66666666666667,0.49998568734241,0.49999881675419,0.49999691666325,0.5,1727074513636
167,0.12563640225876,1.00000268271986,0.86577467811149,0.66666666666667,0.49998568734241,0.49999881675419,0.49999691666325,0.5,1727074515973
167,0.12563640225876,1.00000268271986,0.86577467811149,0.67334125188285,0.49998568734241,0.49999881675419,0.49999691666325,0.50000166611935,1727074516053
167,0.12563640225876,1.00000268271986,0.86577467811149,0.68000730088886,0.49998568734241,0.49999881675419,0.49999691666325,0.50000432812272,1727074516068
167,0.12563640225876,1.00000268271986,0.86577467811149,0.70006439950773,0.49998568734241,0.49999881675419,0.49999691666325,0.50000166028388,1727074516084
167,0.12563640225876,1.00000268271986,0.86577467811149,0.78787408084928,0.49998568734241,0.49999881675419,0.49999691666325,0.50000666262601,1727074516100
167,0.12563640225876,1.00000268271986,0.86577467811149,0.86195358371433,0.49998568734241,0.49999881675419,0.49999691666325,0.4999998698772,1727074516117
167,0.12563640225876,1.00000268271986,0.86577467811149,0.91565715130917,0.49998568734241,0.49999881675419,0.49999691666325,0.50000520153771,1727074516134
167,0.12563640225876,1.00000268271986,0.86577467811149,0.95288208304274,0.49998568734241,0.49999881675419,0.49999691666325,0.50000236501673,1727074516150
167,0.12563640225876,1.00000268271986,0.86577467811149,0.96621985141412,0.49998568734241,0.49999881675419,0.49999691666325,0.50000202485902,1727074516167
167,0.12563640225876,1.00000268271986,0.86577467811149,0.97008642351572,0.49998568734241,0.49999881675419,0.49999691666325,0.49999734107427,1727074516301
167,0.12563640225876,1.00000268271986,0.86577467811149,0.98343568253897,0.49998568734241,0.49999881675419,0.49999691666325,0.50000219618019,1727074516317
167,0.12563640225876,1.00000268271986,0.86577467811149,1.0,0.49998568734241,0.49999881675419,0.49999691666325,0.5,1727074516334
167,0.12563640225876,1.00000268271986,0.86577467811149,1.0,0.49998568734241,0.49999881675419,0.49999691666325,0.5,1727074516350
167,0.12563640225876,1.00000268271986,0.86577467811149,1.0,0.49998568734241,0.49999881675419,0.49999691666325,0.5,1727074516367
167,0.12563640225876,1.00000268271986,0.86577467811149,1.0,0.49998568734241,0.49999881675419,0.49999691666325,0.5,1727074516384
167,0.12563640225876,1.00000268271986,0.86577467811149,0.99617088746892,0.49998568734241,0.49999881675419,0.49999691666325,0.50000073295425,1727074516861
167,0.12563640225876,1.00000268271986,0.86577467811149,0.98566601883986,0.49998568734241,0.49999881675419,0.49999691666325,0.50000199905192,1727074516877
167,0.12563640225876,1.00000268271986,0.86577467811149,0.98183905258294,0.49998568734241,0.49999881675419,0.49999691666325,0.49999682171518,1727074516884
167,0.12563640225876,1.00000268271986,0.86577467811149,0.97133781176119,0.49998568734241,0.49999881675419,0.49999691666325,0.49999970668147,1727074516901
167,0.12563640225876,1.00000268271986,0.86577467811149,0.96371858877484,0.49998568734241,0.49999881675419,0.49999691666325,0.50000494968788,1727074516917
167,0.12563640225876,1.00000268271986,0.86577467811149,0.95321088026847,0.49998568734241,0.49999881675419,0.49999691666325,0.4999979360408,1727074516934
167,0.12563640225876,1.00000268271986,0.86577467811149,0.94938222109702,0.49998568734241,0.49999881675419,0.49999691666325,0.49999889939976,1727074516950
167,0.12563640225876,1.00000268271986,0.86577467811149,0.93888434355681,0.49998568734241,0.49999881675419,0.49999691666325,0.50000344114276,1727074516967
167,0.12563640225876,1.00000268271986,0.86577467811149,0.93505047862638,0.49998568734241,0.49999881675419,0.49999691666325,0.50000201204496,1727074516984
167,0.12563640225876,1.00000268271986,0.86577467811149,0.92455178916129,0.49998568734241,0.49999881675419,0.49999691666325,0.49999903445744,1727074517000
167,0.12563640225876,1.00000268271986,0.86577467811149,0.91023593839014,0.49998568734241,0.49999881675419,0.49999691666325,0.50000245631492,1727074517017
167,0.12563640225876,1.00000268271986,0.86577467811149,0.89306655155948,0.49998568734241,0.49999881675419,0.49999691666325,0.50000241793771,1727074517034
167,0.12563640225876,1.00000268271986,0.86577467811149,0.87589895736852,0.49998568734241,0.49999881675419,0.49999691666325,0.50000325620252,1727074517050
167,0.12563640225876,1.00000268271986,0.86577467811149,0.86539173220477,0.49998568734241,0.49999881675419,0.49999691666325,0.50000351778155,1727074517067
167,0.12563640225876,1.00000268271986,0.86577467811149,0.85873719258497,0.49998568734241,0.49999881675419,0.49999691666325,0.49999936900212,1727074517261
167,0.12563640225876,1.00000268271986,0.86577467811149,0.85490685867527,0.49998568734241,0.49999881675419,0.49999691666325,0.49999958403217,1727074517268
167,0.12563640225876,1.00000268271986,0.86577467811149,0.85108107948022,0.49998568734241,0.49999881675419,0.49999691666325,0.50000208117624,1727074517292
167,0.12563640225876,1.00000268271986,0.86577467811149,0.84726402797802,0.49998568734241,0.49999881675419,0.49999691666325,0.50000125087659,1727074517334
167,0.12563640225876,1.00000268271986,0.86577467811149,0.84343185607396,0.49998568734241,0.49999881675419,0.49999691666325,0.50000054800671,1727074517350
167,0.12563640225876,1.00000268271986,0.86577467811149,0.83677700127865,0.49998568734241,0.49999881675419,0.49999691666325,0.5000039420242,1727074517380
167,0.12563640225876,1.00000268271986,0.86577467811149,0.83295350046346,0.49998568734241,0.49999881675419,0.49999691666325,0.49999982400988,1727074517388
167,0.12563640225876,1.00000268271986,0.86577467811149,0.82912527782463,0.49998568734241,0.49999881675419,0.49999691666325,0.50000112444794,1727074517412
167,0.12563640225876,1.00000268271986,0.86577467811149,0.82247305304139,0.49998568734241,0.49999881675419,0.49999691666325,0.50000591931814,1727074517420
167,0.12563640225876,1.00000268271986,0.86577467811149,0.81864649661629,0.49998568734241,0.49999881675419,0.49999691666325,0.50000017683963,1727074517436
167,0.12563640225876,1.00000268271986,0.86577467811149,0.81482172387255,0.49998568734241,0.49999881675419,0.49999691666325,0.500003282251,1727074517450
167,0.12563640225876,1.00000268271986,0.86577467811149,0.80431633411119,0.49998568734241,0.49999881675419,0.49999691666325,0.50000451901323,1727074517467
167,0.12563640225876,1.00000268271986,0.86577467811149,0.79102100322307,0.49998568734241,0.49999881675419,0.49999691666325,0.50000297563446,1727074517484
167,0.12563640225876,1.00000268271986,0.86577467811149,0.78341441574691,0.49998568734241,0.49999881675419,0.49999691666325,0.49999948310641,1727074517500
167,0.12563640225876,1.00000268271986,0.86577467811149,0.79008743452102,0.49998568734241,0.49999881675419,0.49999691666325,0.5000055718903,1727074518661
167,0.12563640225876,1.00000268271986,0.86577467811149,0.78626128106095,0.49998568734241,0.49999881675419,0.49999691666325,0.49999986305347,1727074518741
167,0.12563640225876,1.00000268271986,0.86577467811149,0.79293116608939,0.49998568734241,0.49999881675419,0.49999691666325,0.500004276203,1727074518757
167,0.12563640225876,1.00000268271986,0.86577467811149,0.79960345973098,0.49998568734241,0.49999881675419,0.49999691666325,0.50000181730408,1727074518800
167,0.12563640225876,1.00000268271986,0.86577467811149,0.80627114124164,0.49998568734241,0.49999881675419,0.49999691666325,0.50000501223779,1727074518851
167,0.12563640225876,1.00000268271986,0.86577467811149,0.81293514163917,0.49998568734241,0.49999881675419,0.49999691666325,0.49999827801593,1727074518867
167,0.12563640225876,1.00000268271986,0.86577467811149,0.81960019381093,0.49998568734241,0.49999881675419,0.49999691666325,0.50000009990044,1727074518884
167,0.12563640225876,1.00000268271986,0.86577467811149,0.82626882194582,0.49998568734241,0.49999881675419,0.49999691666325,0.50000373102959,1727074518900
167,0.12563640225876,1.00000268271986,0.86577467811149,0.81961731191269,0.49998568734241,0.49999881675419,0.49999691666325,0.50000099341542,1727074519917
167,0.12563640225876,1.00000268271986,0.86577467811149,0.81295573900105,0.49998568734241,0.49999881675419,0.49999691666325,0.50000098177283,1727074520005
167,0.12563640225876,1.00000268271986,0.86577467811149,0.80630859724851,0.49998568734241,0.49999881675419,0.49999691666325,0.50000047232408,1727074520061
167,0.12563640225876,1.00000268271986,0.86577467811149,0.79965133112337,0.49998568734241,0.49999881675419,0.49999691666325,0.50000271936028,1727074520197
167,0.12563640225876,1.00000268271986,0.86577467811149,0.79965133112337,0.49998568734241,0.49999881675419,0.49999691666325,0.50000271936028,1727074520565
167,0.12563640225876,1.00000268271986,0.86577467811149,0.79965133112337,0.49998568734241,0.49999881675419,0.49999691666325,0.50000271936028,1727074522711
167,0.12563640225876,1.00000268271986,0.86315976998288,0.79965133112337,0.49998568734241,0.49999881675419,0.5000137833094,0.50000271936028,1727074522845
167,0.12563640225876,1.00000268271986,0.86055669971775,0.79965133112337,0.49998568734241,0.49999881675419,0.50001347406398,0.50000271936028,1727074523278
167,0.12563640225876,1.00000268271986,0.86055669971775,0.79965133112337,0.49998568734241,0.49999881675419,0.50001347406398,0.50000271936028,1727074523989
167,0.12563640225876,1.00000268271986,0.86055669971775,0.79965133112337,0.49998568734241,0.49999881675419,0.50001347406398,0.50000271936028,1727074524278
167,0.12563640225876,1.00000268271986,0.85794572522157,0.79965133112337,0.49998568734241,0.49999881675419,0.50001182904322,0.50000271936028,1727074524645
167,0.12563640225876,1.00000268271986,0.85072500386459,0.79965133112337,0.49998568734241,0.49999881675419,0.5000151696601,0.50000271936028,1727074524781
167,0.12563640225876,1.00000268271986,0.84349854575879,0.79965133112337,0.49998568734241,0.49999881675419,0.50000680132523,0.50000271936028,1727074524973
167,0.12563640225876,1.00000268271986,0.84349854575879,0.79965133112337,0.49998568734241,0.49999881675419,0.50000680132523,0.50000271936028,1727074525269
167,0.12563640225876,1.00000268271986,0.84349854575879,0.79965133112337,0.49998568734241,0.49999881675419,0.50000680132523,0.50000271936028,1727074527238
167,0.12563640225876,1.00000268271986,0.84089587188811,0.79965133112337,0.49998568734241,0.49999881675419,0.50000456314376,0.50000271936028,1727074527285
167,0.12563640225876,1.00000268271986,0.83828315045747,0.79965133112337,0.49998568734241,0.49999881675419,0.50001129020356,0.50000271936028,1727074527309
167,0.12563640225876,1.00000268271986,0.83567931109084,0.79965133112337,0.49998568734241,0.49999881675419,0.50001468518652,0.50000271936028,1727074527350
167,0.12563640225876,1.00000268271986,0.8284538289537,0.79965133112337,0.49998568734241,0.49999881675419,0.50000144818642,0.50000271936028,1727074527381
167,0.12563640225876,1.00000268271986,0.82585048443995,0.79965133112337,0.49998568734241,0.49999881675419,0.50000243673501,0.50000271936028,1727074527389
167,0.12563640225876,1.00000268271986,0.82323784055181,0.79965133112337,0.49998568734241,0.49999881675419,0.50000887377419,0.50000271936028,1727074527565
167,0.12563640225876,1.00000268271986,0.82323784055181,0.79965133112337,0.49998568734241,0.49999881675419,0.50000887377419,0.50000271936028,1727074528061
167,0.12563640225876,1.00000268271986,0.82323784055181,0.79965133112337,0.49998568734241,0.49999881675419,0.50000887377419,0.50000271936028,1727074533206
167,0.13231792627242,1.00000268271986,0.82323784055181,0.79965133112337,0.4999925723888,0.49999881675419,0.50000887377419,0.50000271936028,1727074533253
167,0.13899570284172,1.00000268271986,0.82323784055181,0.79965133112337,0.49999390956807,0.49999881675419,0.50000887377419,0.50000271936028,1727074533421
167,0.14567773290551,1.00000268271986,0.82323784055181,0.79965133112337,0.50000112839743,0.49999881675419,0.50000887377419,0.50000271936028,1727074533466
167,0.15235415422871,1.00000268271986,0.82323784055181,0.79965133112337,0.50000042214192,0.49999881675419,0.50000887377419,0.50000271936028,1727074533557
167,0.15235415422871,1.00000268271986,0.82323784055181,0.79965133112337,0.50000042214192,0.49999881675419,0.50000887377419,0.50000271936028,1727074533845
168,0.16666666666667,0.16666666666667,0.16666666666667,0.16666666666667,0.5,0.5,0.5,0.5,1727074536462
168,0.16666666666667,0.16666666666667,0.16666666666667,0.16666666666667,0.5,0.5,0.5,0.5,1727074537790
168,0.16666666666667,0.16666666666667,0.18115560551109,0.16666666666667,0.5,0.5,0.50000136306278,0.5,1727074537885
168,0.16666666666667,0.16666666666667,0.19824807993307,0.16666666666667,0.5,0.5,0.49999964646626,0.5,1727074537899
168,0.16666666666667,0.16666666666667,0.23965311042326,0.16666666666667,0.5,0.5,0.49999614899864,0.5,1727074537916
168,0.16666666666667,0.16666666666667,0.29094725288198,0.16666666666667,0.5,0.5,0.49998900797894,0.5,1727074537932
168,0.16666666666667,0.16666666666667,0.40272047040633,0.16666666666667,0.5,0.5,0.49997636004119,0.5,1727074537949
168,0.16666666666667,0.16666666666667,0.51196042495479,0.16666666666667,0.5,0.5,0.49999343107364,0.5,1727074537966
168,0.16666666666667,0.16666666666667,0.63573953386669,0.16666666666667,0.5,0.5,0.50000109072615,0.5,1727074537982
168,0.16666666666667,0.16666666666667,0.7959745474288,0.16666666666667,0.5,0.5,0.49998795588842,0.5,1727074537999
168,0.16666666666667,0.16666666666667,0.96586411680754,0.16666666666667,0.5,0.5,0.49999964680589,0.5,1727074538016
168,0.16666666666667,0.16666666666667,1.0,0.16666666666667,0.5,0.5,0.5,0.5,1727074538032
168,0.16666666666667,0.16666666666667,1.0,0.16666666666667,0.5,0.5,0.5,0.5,1727074538049
168,0.16666666666667,0.16666666666667,1.0,0.16666666666667,0.5,0.5,0.5,0.5,1727074538066
168,0.16666666666667,0.16666666666667,1.0,0.16666666666667,0.5,0.5,0.5,0.5,1727074538341
168,0.16666666666667,0.16666666666667,1.0,0.16666666666667,0.5,0.5,0.5,0.5,1727074540022
168,0.16666666666667,0.16666666666667,1.0,0.17334988960099,0.5,0.5,0.5,0.50001488270781,1727074540109
168,0.16666666666667,0.16666666666667,1.0,0.18003467485108,0.5,0.5,0.5,0.50000500721959,1727074540149
168,0.16666666666667,0.16666666666667,1.0,0.18671245861983,0.5,0.5,0.5,0.50000601723355,1727074540199
168,0.16666666666667,0.16666666666667,1.0,0.19338302987327,0.5,0.5,0.5,0.49999802847949,1727074540221
168,0.16666666666667,0.16666666666667,1.0,0.20006335489889,0.5,0.5,0.5,0.50000222513935,1727074540237
168,0.16666666666667,0.16666666666667,1.0,0.20673836399189,0.5,0.5,0.5,0.49999988225146,1727074540253
168,0.16666666666667,0.16666666666667,1.0,0.21342213132807,0.5,0.5,0.5,0.50000802648036,1727074540277
168,0.16666666666667,0.16666666666667,1.0,0.22009731478438,0.5,0.5,0.5,0.50000587229404,1727074540293
168,0.16666666666667,0.16666666666667,1.0,0.22677218198164,0.5,0.5,0.5,0.50000341271378,1727074540301
168,0.16666666666667,0.16666666666667,1.0,0.23728857063274,0.5,0.5,0.5,0.49999577180412,1727074540349
168,0.16666666666667,0.16666666666667,1.0,0.24396751897781,0.5,0.5,0.5,0.49999808942773,1727074540399
168,0.16666666666667,0.16666666666667,1.0,0.250645992226,0.5,0.5,0.5,0.49999982201822,1727074540421
168,0.16666666666667,0.16666666666667,1.0,0.25732171458117,0.5,0.5,0.5,0.49999851948223,1727074540432
168,0.16666666666667,0.16666666666667,1.0,0.26399232368089,0.5,0.5,0.5,0.50000826820871,1727074540453
168,0.16666666666667,0.16666666666667,1.0,0.27066975101334,0.5,0.5,0.5,0.50000869611728,1727074540469
168,0.16666666666667,0.16666666666667,1.0,0.27734576529085,0.5,0.5,0.5,0.50000763590166,1727074540516
168,0.16666666666667,0.16666666666667,1.0,0.28123289519277,0.5,0.5,0.5,0.50000220638358,1727074540629
168,0.16666666666667,0.16666666666667,1.0,0.28791102174872,0.5,0.5,0.5,0.50000341248848,1727074540637
168,0.16666666666667,0.16666666666667,1.0,0.2945898229755,0.5,0.5,0.5,0.50000527202426,1727074540653
168,0.16666666666667,0.16666666666667,1.0,0.3012580229307,0.5,0.5,0.5,0.49999648401344,1727074540709
168,0.16666666666667,0.16666666666667,1.0,0.30793849140561,0.5,0.5,0.5,0.50000002951329,1727074540749
168,0.16666666666667,0.16666666666667,1.0,0.31460532074137,0.5,0.5,0.5,0.5000051956185,1727074540805
168,0.16666666666667,0.16666666666667,1.0,0.31849544249139,0.5,0.5,0.5,0.50000304013646,1727074540925
168,0.16666666666667,0.16666666666667,1.0,0.32517169018542,0.5,0.5,0.5,0.50000235746341,1727074540941
168,0.16666666666667,0.16666666666667,1.0,0.32517169018542,0.5,0.5,0.5,0.50000235746341,1727074541229
168,0.16666666666667,0.16666666666667,1.0,0.32517169018542,0.5,0.5,0.5,0.50000235746341,1727074543087
168,0.17334506561089,0.16666666666667,1.0,0.32517169018542,0.50000860056441,0.5,0.5,0.50000235746341,1727074543253
168,0.18002385430631,0.16666666666667,1.0,0.32517169018542,0.49999113442705,0.5,0.5,0.50000235746341,1727074543269
168,0.19054228169979,0.16666666666667,1.0,0.32517169018542,0.50000478084022,0.5,0.5,0.50000235746341,1727074543283
168,0.20392507025009,0.16666666666667,1.0,0.32517169018542,0.50000242105594,0.5,0.5,0.50000235746341,1727074543299
168,0.23761307521991,0.16666666666667,1.0,0.32517169018542,0.4999973888365,0.5,0.5,0.50000235746341,1727074543316
168,0.28168278037433,0.16666666666667,1.0,0.32517169018542,0.49999012061023,0.5,0.5,0.50000235746341,1727074543332
168,0.32943176934109,0.16666666666667,1.0,0.32517169018542,0.50000095160395,0.5,0.5,0.50000235746341,1727074543349
168,0.40067179800728,0.16666666666667,1.0,0.32517169018542,0.49999565740721,0.5,0.5,0.50000235746341,1727074543366
168,0.46502015547003,0.16666666666667,1.0,0.32517169018542,0.50000367864749,0.5,0.5,0.50000235746341,1727074543382
168,0.52253535200142,0.16666666666667,1.0,0.32517169018542,0.49999778084107,0.5,0.5,0.50000235746341,1727074543399
168,0.59045095996868,0.16666666666667,1.0,0.32517169018542,0.49999306058144,0.5,0.5,0.50000235746341,1727074543416
168,0.630724305572,0.16666666666667,1.0,0.32517169018542,0.50000076912776,0.5,0.5,0.50000235746341,1727074543432
168,0.67174810202493,0.16666666666667,1.0,0.32517169018542,0.49999656423754,0.5,0.5,0.50000235746341,1727074543449
168,0.72243287780837,0.16666666666667,1.0,0.32517169018542,0.499992473023,0.5,0.5,0.50000235746341,1727074543465
168,0.76942195799079,0.16666666666667,1.0,0.32517169018542,0.49999523465415,0.5,0.5,0.50000235746341,1727074543482
168,0.85077430478943,0.16666666666667,1.0,0.32517169018542,0.49999483587336,0.5,0.5,0.50000235746341,1727074543499
168,0.94563542030588,0.16666666666667,1.0,0.32517169018542,0.50000214469263,0.5,0.5,0.50000235746341,1727074543515
168,1.0,0.16666666666667,1.0,0.32517169018542,0.5,0.5,0.5,0.50000235746341,1727074543532
168,1.0,0.16666666666667,1.0,0.32517169018542,0.5,0.5,0.5,0.50000235746341,1727074543549
168,1.0,0.16666666666667,1.0,0.32517169018542,0.5,0.5,0.5,0.50000235746341,1727074543565
168,1.0,0.16666666666667,1.0,0.32517169018542,0.5,0.5,0.5,0.50000235746341,1727074543582
168,1.0,0.16666666666667,1.0,0.32517169018542,0.5,0.5,0.5,0.50000235746341,1727074543599
168,1.0,0.16666666666667,1.0,0.32517169018542,0.5,0.5,0.5,0.50000235746341,1727074543615
168,1.0,0.16666666666667,1.0,0.32517169018542,0.5,0.5,0.5,0.50000235746341,1727074543632
168,1.0,0.16666666666667,1.0,0.32517169018542,0.5,0.5,0.5,0.50000235746341,1727074543649
168,1.0,0.16666666666667,1.0,0.32517169018542,0.5,0.5,0.5,0.50000235746341,1727074543665
168,1.0,0.16666666666667,1.0,0.32517169018542,0.5,0.5,0.5,0.50000235746341,1727074543682
168,1.0,0.16666666666667,1.0,0.32517169018542,0.5,0.5,0.5,0.50000235746341,1727074543699
168,1.0,0.16666666666667,1.0,0.32517169018542,0.5,0.5,0.5,0.50000235746341,1727074543715
168,1.0,0.16666666666667,1.0,0.32517169018542,0.5,0.5,0.5,0.50000235746341,1727074543732
168,0.99334172033966,0.16666666666667,1.0,0.32517169018542,0.50000144503356,0.5,0.5,0.50000235746341,1727074544053
168,0.98283906547908,0.16666666666667,1.0,0.32517169018542,0.49999683006044,0.5,0.5,0.50000235746341,1727074544065
168,0.92081526143392,0.16666666666667,1.0,0.32517169018542,0.49999994199467,0.5,0.5,0.50000235746341,1727074544082
168,0.84162846797258,0.16666666666667,1.0,0.32517169018542,0.49999883774508,0.5,0.5,0.50000235746341,1727074544099
168,0.75193998022658,0.16666666666667,1.0,0.32517169018542,0.50000083567524,0.5,0.5,0.50000235746341,1727074544115
168,0.67942045041691,0.16666666666667,1.0,0.32517169018542,0.50000300501271,0.5,0.5,0.50000235746341,1727074544132
168,0.6269958213004,0.16666666666667,1.0,0.32517169018542,0.49999737303231,0.5,0.5,0.50000235746341,1727074544149
168,0.59931486586182,0.16666666666667,1.0,0.32517169018542,0.49999466981817,0.5,0.5,0.50000235746341,1727074544165
168,0.58214895520328,0.16666666666667,1.0,0.32517169018542,0.49999675956446,0.5,0.5,0.50000235746341,1727074544182
168,0.57164339050205,0.16666666666667,1.0,0.32517169018542,0.49999814577433,0.5,0.5,0.50000235746341,1727074544199
168,0.55064760950718,0.16666666666667,1.0,0.32517169018542,0.50000100237326,0.5,0.5,0.50000235746341,1727074544215
168,0.52964914419575,0.16666666666667,1.0,0.32517169018542,0.49999123537164,0.5,0.5,0.50000235746341,1727074544232
168,0.50198222080403,0.16666666666667,1.0,0.32517169018542,0.4999982443705,0.5,0.5,0.50000235746341,1727074544249
168,0.44663341528361,0.16666666666667,1.0,0.32517169018542,0.50000209413503,0.5,0.5,0.50000235746341,1727074544265
168,0.41516302237567,0.16666666666667,1.0,0.32517169018542,0.49999485408544,0.5,0.5,0.50000235746341,1727074544282
168,0.4046601485909,0.16666666666667,1.0,0.32517169018542,0.49999882950552,0.5,0.5,0.50000235746341,1727074544299
168,0.41133562903946,0.16666666666667,1.0,0.32517169018542,0.49999763865793,0.5,0.5,0.50000235746341,1727074544557
168,0.41800925020663,0.16666666666667,1.0,0.32517169018542,0.49999493707314,0.5,0.5,0.50000235746341,1727074544573
168,0.42468051996853,0.16666666666667,1.0,0.32517169018542,0.50000293927051,0.5,0.5,0.50000235746341,1727074544582
168,0.4351959830718,0.16666666666667,1.0,0.32517169018542,0.49999676785791,0.5,0.5,0.50000235746341,1727074544599
168,0.44855609585193,0.16666666666667,1.0,0.32517169018542,0.49998963335634,0.5,0.5,0.50000235746341,1727074544615
168,0.47624322537697,0.16666666666667,1.0,0.32517169018542,0.49999777684563,0.5,0.5,0.50000235746341,1727074544632
168,0.48290739914098,0.16666666666667,1.0,0.32517169018542,0.49999977946558,0.5,0.5,0.50000235746341,1727074544649
168,0.48958506609015,0.16666666666667,1.0,0.32517169018542,0.50000033598162,0.5,0.5,0.50000235746341,1727074544677
168,0.49625383701653,0.16666666666667,1.0,0.32517169018542,0.49999431019813,0.5,0.5,0.50000235746341,1727074544717
168,0.48960066625165,0.16666666666667,1.0,0.32517169018542,0.50000049665138,0.5,0.5,0.50000235746341,1727074545653
168,0.48294880697768,0.16666666666667,1.0,0.32517169018542,0.49999620949437,0.5,0.5,0.50000235746341,1727074545669
168,0.47629601689296,0.16666666666667,1.0,0.32517169018542,0.49999113720772,0.5,0.5,0.50000235746341,1727074545773
168,0.46964854561616,0.16666666666667,1.0,0.32517169018542,0.5000018323544,0.5,0.5,0.50000235746341,1727074545815
168,0.47632241700216,0.16666666666667,1.0,0.32517169018542,0.4999994990743,0.5,0.5,0.50000235746341,1727074546149
168,0.48299313347891,0.16666666666667,1.0,0.32517169018542,0.49999483526215,0.5,0.5,0.50000235746341,1727074546213
168,0.48965972076397,0.16666666666667,1.0,0.32517169018542,0.49999864512076,0.5,0.5,0.50000235746341,1727074546309
168,0.4830101754251,0.16666666666667,1.0,0.32517169018542,0.49999608193635,0.5,0.5,0.50000235746341,1727074547110
168,0.47635829245825,0.16666666666667,1.0,0.32517169018542,0.4999916974555,0.5,0.5,0.50000235746341,1727074547157
168,0.46970780671992,0.16666666666667,1.0,0.32517169018542,0.50000008764495,0.5,0.5,0.50000235746341,1727074547221
168,0.46305841013797,0.16666666666667,1.0,0.32517169018542,0.49999758121302,0.5,0.5,0.50000235746341,1727074547349
168,0.45640949685358,0.16666666666667,1.0,0.32517169018542,0.49999540479322,0.5,0.5,0.50000235746341,1727074547662
168,0.44975535074531,0.16666666666667,1.0,0.32517169018542,0.50000118544927,0.5,0.5,0.50000235746341,1727074547677
168,0.43647554406498,0.16666666666667,1.0,0.32517169018542,0.49999889247424,0.5,0.5,0.50000235746341,1727074547685
168,0.41930477500754,0.16666666666667,1.0,0.32517169018542,0.49999759691987,0.5,0.5,0.50000235746341,1727074547699
168,0.39284178539799,0.16666666666667,1.0,0.32517169018542,0.49999625342589,0.5,0.5,0.50000235746341,1727074547715
168,0.35983941887653,0.16666666666667,1.0,0.32517169018542,0.49999391120004,0.5,0.5,0.50000235746341,1727074547725
168,0.35983941887653,0.16666666666667,1.0,0.32517169018542,0.49999391120004,0.5,0.5,0.50000235746341,1727074547725
168,0.35983941887653,0.16666666666667,1.0,0.32517169018542,0.49999391120004,0.5,0.5,0.50000235746341,1727074548942
168,0.35983941887653,0.16666666666667,1.0,0.32517169018542,0.49999391120004,0.5,0.5,0.50000235746341,1727074549782
168,0.36372166656434,0.16666666666667,1.0,0.32517169018542,0.49999873302204,0.5,0.5,0.50000235746341,1727074549813
168,0.37038972730769,0.16666666666667,1.0,0.32517169018542,0.49999087082283,0.5,0.5,0.50000235746341,1727074549853
168,0.3770694987178,0.16666666666667,1.0,0.32517169018542,0.49999347237941,0.5,0.5,0.50000235746341,1727074549869
168,0.38374077990851,0.16666666666667,1.0,0.32517169018542,0.50000201688718,0.5,0.5,0.50000235746341,1727074549885
168,0.394258131539,0.16666666666667,1.0,0.32517169018542,0.49999708449698,0.5,0.5,0.50000235746341,1727074549901
168,0.40092263058371,0.16666666666667,1.0,0.32517169018542,0.49999962195225,0.5,0.5,0.50000235746341,1727074549925
168,0.411442636636,0.16666666666667,1.0,0.32517169018542,0.49999706831528,0.5,0.5,0.50000235746341,1727074549933
168,0.41811634491526,0.16666666666667,1.0,0.32517169018542,0.49999444474497,0.5,0.5,0.50000235746341,1727074549949
168,0.42478495633947,0.16666666666667,1.0,0.32517169018542,0.50000027857504,0.5,0.5,0.50000235746341,1727074549981
168,0.428663359543,0.16666666666667,1.0,0.32517169018542,0.5000014793997,0.5,0.5,0.50000235746341,1727074549997
168,0.43534047913868,0.16666666666667,1.0,0.32517169018542,0.50000162307758,0.5,0.5,0.50000235746341,1727074550013
168,0.44200947970918,0.16666666666667,1.0,0.32517169018542,0.49999529551238,0.5,0.5,0.50000235746341,1727074550048
168,0.44868288564994,0.16666666666667,1.0,0.32517169018542,0.49999256507351,0.5,0.5,0.50000235746341,1727074550077
168,0.44203093456891,0.16666666666667,1.0,0.32517169018542,0.50000013172194,0.5,0.5,0.50000235746341,1727074551149
168,0.43538178346454,0.16666666666667,1.0,0.32517169018542,0.49999772196978,0.5,0.5,0.50000235746341,1727074551173
168,0.43538178346454,0.16666666666667,1.0,0.32517169018542,0.49999772196978,0.5,0.5,0.50000235746341,1727074551621
168,0.43538178346454,0.16666666666667,1.0,0.32517169018542,0.49999772196978,0.5,0.5,0.50000235746341,1727074552126
168,0.43538178346454,0.160028509191,1.0,0.32517169018542,0.49999772196978,0.50000303887744,0.5,0.50000235746341,1727074552189
168,0.43538178346454,0.14021013557857,1.0,0.32517169018542,0.49999772196978,0.50000741639404,0.5,0.50000235746341,1727074552198
168,0.43538178346454,0.10587180846271,1.0,0.32517169018542,0.49999772196978,0.50000792375588,0.5,0.50000235746341,1727074552215
168,0.43538178346454,0.0624886638621,1.0,0.32517169018542,0.49999772196978,0.50000642888208,0.5,0.50000235746341,1727074552232
168,0.43538178346454,0.01764365303435,1.0,0.32517169018542,0.49999772196978,0.50000515152124,0.5,0.50000235746341,1727074552248
168,0.43538178346454,3.74140994e-06,1.0,0.32517169018542,0.49999772196978,0.49999174915432,0.5,0.50000235746341,1727074552265
168,0.43538178346454,3.74140994e-06,1.0,0.32517169018542,0.49999772196978,0.49999174915432,0.5,0.50000235746341,1727074552282
168,0.43538178346454,3.74140994e-06,1.0,0.32517169018542,0.49999772196978,0.49999174915432,0.5,0.50000235746341,1727074552298
168,0.43538178346454,3.74140994e-06,1.0,0.32517169018542,0.49999772196978,0.49999174915432,0.5,0.50000235746341,1727074552315
168,0.43538178346454,3.74140994e-06,1.0,0.32517169018542,0.49999772196978,0.49999174915432,0.5,0.50000235746341,1727074552332
168,0.43538178346454,3.74140994e-06,1.0,0.32517169018542,0.49999772196978,0.49999174915432,0.5,0.50000235746341,1727074552348
168,0.43538178346454,3.74140994e-06,1.0,0.32517169018542,0.49999772196978,0.49999174915432,0.5,0.50000235746341,1727074552365
168,0.43538178346454,3.74140994e-06,1.0,0.32517169018542,0.49999772196978,0.49999174915432,0.5,0.50000235746341,1727074552389
168,0.43538178346454,3.74140994e-06,1.0,0.32517169018542,0.49999772196978,0.49999174915432,0.5,0.50000235746341,1727074552493
168,0.43538178346454,3.74140994e-06,1.0,0.32517169018542,0.49999772196978,0.49999174915432,0.5,0.50000235746341,1727074553790
169,0.5,0.5,1.0,1.0,0.5,0.5,0.5,0.5,1727074561766
169,0.49617997074787,0.5,1.0,1.0,0.49999656822057,0.5,0.5,0.5,1727074561797
169,0.45729587268591,0.5,1.0,1.0,0.49999078671687,0.5,0.5,0.5,1727074561815
169,0.37728287883655,0.5,1.0,1.0,0.49999171280801,0.5,0.5,0.5,1727074561831
169,0.26263120921488,0.5,1.0,1.0,0.50000047319764,0.5,0.5,0.5,1727074561848
169,0.13801436287452,0.5,1.0,1.0,0.49999854820973,0.5,0.5,0.5,1727074561865
169,0.03432677327029,0.5,1.0,1.0,0.49997733550005,0.5,0.5,0.5,1727074561881
169,0.0,0.5,1.0,1.0,0.5,0.5,0.5,0.5,1727074561897
169,0.0,0.5,1.0,1.0,0.5,0.5,0.5,0.5,1727074561914
169,0.0,0.5,1.0,1.0,0.5,0.5,0.5,0.5,1727074561931
169,0.0,0.5,1.0,1.0,0.5,0.5,0.5,0.5,1727074561948
169,0.0,0.5,1.0,1.0,0.5,0.5,0.5,0.5,1727074562045
169,0.0,0.5,1.0,1.0,0.5,0.5,0.5,0.5,1727074562149
170,0.33333333333333,0.33333333333333,0.16666666666667,0.33333333333333,0.5,0.5,0.5,0.5,1727074569087
170,0.33333333333333,0.33333333333333,0.17390393958216,0.33333333333333,0.5,0.5,0.49998758582743,0.5,1727074569141
170,0.33333333333333,0.33333333333333,0.19099772087283,0.33333333333333,0.5,0.5,0.49997082551305,0.5,1727074569149
170,0.33333333333333,0.33333333333333,0.20809058193447,0.33333333333333,0.5,0.5,0.49996585665899,0.5,1727074569164
170,0.33333333333333,0.33333333333333,0.25219439156326,0.33333333333333,0.5,0.5,0.49999253181802,0.5,1727074569180
170,0.33333333333333,0.33333333333333,0.32338033195716,0.33333333333333,0.5,0.5,0.49998766252843,0.5,1727074569197
170,0.33333333333333,0.33333333333333,0.37740633227166,0.33333333333333,0.5,0.5,0.50000115791262,0.5,1727074569214
170,0.33333333333333,0.33333333333333,0.39449865092416,0.33333333333333,0.5,0.5,0.50000123768726,0.5,1727074569230
170,0.33333333333333,0.33333333333333,0.4286842804663,0.33333333333333,0.5,0.5,0.49999371365561,0.5,1727074569247
170,0.33333333333333,0.33333333333333,0.45566615412975,0.33333333333333,0.5,0.5,0.49998745405067,0.5,1727074569264
170,0.33333333333333,0.33333333333333,0.47013932908392,0.33333333333333,0.5,0.5,0.49998510315366,0.5,1727074569280
170,0.33333333333333,0.33333333333333,0.50702496172513,0.33333333333333,0.5,0.5,0.499988644147,0.5,1727074569297
170,0.33333333333333,0.33333333333333,0.54391084986801,0.33333333333333,0.5,0.5,0.49999016742716,0.5,1727074569314
170,0.33333333333333,0.33333333333333,0.58531437157214,0.33333333333333,0.5,0.5,0.49999806494115,0.5,1727074569330
170,0.33333333333333,0.33333333333333,0.62494986239076,0.33333333333333,0.5,0.5,0.50000437904689,0.5,1727074569347
170,0.33333333333333,0.33333333333333,0.65191847176393,0.33333333333333,0.5,0.5,0.49998108244326,0.5,1727074569364
170,0.33333333333333,0.33333333333333,0.65915315846853,0.33333333333333,0.5,0.5,0.49999117238469,0.5,1727074569381
170,0.33333333333333,0.33333333333333,0.67171791741146,0.33333333333333,0.5,0.5,0.49999541867712,0.5,1727074569397
170,0.33333333333333,0.33333333333333,0.68159115066197,0.33333333333333,0.5,0.5,0.49999018437018,0.5,1727074569414
170,0.33333333333333,0.33333333333333,0.68881915844802,0.33333333333333,0.5,0.5,0.49999146208262,0.5,1727074569437
170,0.33333333333333,0.33333333333333,0.69605641388591,0.33333333333333,0.5,0.5,0.49998683189135,0.5,1727074569480
170,0.33333333333333,0.33333333333333,0.68882827612424,0.33333333333333,0.5,0.5,0.49998625483212,0.5,1727074570853
170,0.33333333333333,0.33333333333333,0.69148702207241,0.33333333333333,0.5,0.5,0.49999575987155,0.5,1727074570869
170,0.33333333333333,0.33333333333333,0.68426137348283,0.33333333333333,0.5,0.5,0.49998126882694,0.5,1727074570881
170,0.33333333333333,0.33333333333333,0.67703820931092,0.33333333333333,0.5,0.5,0.49999882393271,0.5,1727074570909
170,0.33333333333333,0.33333333333333,0.68426704751006,0.33333333333333,0.5,0.5,0.49999537706077,0.5,1727074571854
170,0.33333333333333,0.33333333333333,0.69413991574331,0.33333333333333,0.5,0.5,0.49999224140701,0.5,1727074571897
170,0.33333333333333,0.33333333333333,0.70136737638749,0.33333333333333,0.5,0.5,0.49999650439337,0.5,1727074571949
170,0.33333333333333,0.33333333333333,0.70860336658142,0.33333333333333,0.5,0.5,0.49999882246769,0.5,1727074572077
170,0.33333333333333,0.33333333333333,0.70137683352722,0.33333333333333,0.5,0.5,0.49998949346457,0.5,1727074573694
170,0.33333333333333,0.33333333333333,0.69415643845704,0.33333333333333,0.5,0.5,0.49999140374722,0.5,1727074573966
170,0.33333333333333,0.33333333333333,0.69415643845704,0.33333333333333,0.5,0.5,0.49999140374722,0.5,1727074575197
170,0.33333333333333,0.33333333333333,0.69415643845704,0.33333333333333,0.5,0.5,0.49999140374722,0.5,1727074576214
170,0.32282660355829,0.33333333333333,0.69415643845704,0.33333333333333,0.49999599065694,0.5,0.49999140374722,0.5,1727074576358
170,0.31232785178412,0.33333333333333,0.69415643845704,0.33333333333333,0.49998959773647,0.5,0.49999140374722,0.5,1727074576365
170,0.29805667916679,0.33333333333333,0.69415643845704,0.33333333333333,0.49999511168516,0.5,0.49999140374722,0.5,1727074576381
170,0.29141261374667,0.33333333333333,0.69415643845704,0.33333333333333,0.49999717837891,0.5,0.49999140374722,0.5,1727074576397
170,0.28090623162878,0.33333333333333,0.69415643845704,0.33333333333333,0.49999848313168,0.5,0.49999140374722,0.5,1727074576413
170,0.25991860951476,0.33333333333333,0.69415643845704,0.33333333333333,0.49999516978815,0.5,0.49999140374722,0.5,1727074576430
170,0.24942542631867,0.33333333333333,0.69415643845704,0.33333333333333,0.49999410180803,0.5,0.49999140374722,0.5,1727074576447
170,0.23892179018009,0.33333333333333,0.69415643845704,0.33333333333333,0.49999854901351,0.5,0.49999140374722,0.5,1727074576469
170,0.22842733503326,0.33333333333333,0.69415643845704,0.33333333333333,0.49999604250335,0.5,0.49999140374722,0.5,1727074576513
170,0.22462459693648,0.33333333333333,0.69415643845704,0.33333333333333,0.49999283018292,0.5,0.49999140374722,0.5,1727074576530
170,0.21797897603977,0.33333333333333,0.69415643845704,0.33333333333333,0.49999335623998,0.5,0.49999140374722,0.5,1727074576547
170,0.21417738163247,0.33333333333333,0.69415643845704,0.33333333333333,0.49999140805418,0.5,0.49999140374722,0.5,1727074576563
170,0.20753637296585,0.33333333333333,0.69415643845704,0.33333333333333,0.4999974832791,0.5,0.49999140374722,0.5,1727074576580
170,0.20374053701807,0.33333333333333,0.69415643845704,0.33333333333333,0.500002521862,0.5,0.49999140374722,0.5,1727074576597
170,0.18948333857898,0.33333333333333,0.69415643845704,0.33333333333333,0.49998874826933,0.5,0.49999140374722,0.5,1727074576613
170,0.18284162486837,0.33333333333333,0.69415643845704,0.33333333333333,0.49999423123726,0.5,0.49999140374722,0.5,1727074576637
170,0.17904399830511,0.33333333333333,0.69415643845704,0.33333333333333,0.49999723009047,0.5,0.49999140374722,0.5,1727074576647
170,0.17525559164024,0.33333333333333,0.69415643845704,0.33333333333333,0.4999922901376,0.5,0.49999140374722,0.5,1727074576677
170,0.16861413907552,0.33333333333333,0.69415643845704,0.33333333333333,0.4999983595814,0.5,0.49999140374722,0.5,1727074576685
170,0.15810943408499,0.33333333333333,0.69415643845704,0.33333333333333,0.50000235302453,0.5,0.49999140374722,0.5,1727074576701
170,0.14761396500261,0.33333333333333,0.69415643845704,0.33333333333333,0.49999803157306,0.5,0.49999140374722,0.5,1727074576747
170,0.14761396500261,0.33333333333333,0.69415643845704,0.33333333333333,0.49999803157306,0.5,0.49999140374722,0.5,1727074578709
170,0.14761396500261,0.33333333333333,0.69415643845704,0.33333333333333,0.49999803157306,0.5,0.49999140374722,0.5,1727074579526
170,0.14761396500261,0.33721578514663,0.69415643845704,0.33333333333333,0.49999803157306,0.49999962394682,0.49999140374722,0.5,1727074579581
170,0.14761396500261,0.34388687063489,0.69415643845704,0.33333333333333,0.49999803157306,0.50000504744521,0.49999140374722,0.5,1727074579597
170,0.14761396500261,0.371569256666,0.69415643845704,0.33333333333333,0.49999803157306,0.49999997702978,0.49999140374722,0.5,1727074579613
170,0.14761396500261,0.40315123700744,0.69415643845704,0.33333333333333,0.49999803157306,0.50000220239768,0.49999140374722,0.5,1727074579630
170,0.14761396500261,0.45087663657072,0.69415643845704,0.33333333333333,0.49999803157306,0.50000022537375,0.49999140374722,0.5,1727074579647
170,0.14761396500261,0.51676260174398,0.69415643845704,0.33333333333333,0.49999803157306,0.50000476650589,0.49999140374722,0.5,1727074579663
170,0.14761396500261,0.59318967532501,0.69415643845704,0.33333333333333,0.49999803157306,0.49999669150535,0.49999140374722,0.5,1727074579680
170,0.14761396500261,0.67623711392376,0.69415643845704,0.33333333333333,0.49999803157306,0.50000538088845,0.49999140374722,0.5,1727074579696
170,0.14761396500261,0.76981172569375,0.69415643845704,0.33333333333333,0.49999803157306,0.50000197808122,0.49999140374722,0.5,1727074579713
170,0.14761396500261,0.85567085206175,0.69415643845704,0.33333333333333,0.49999803157306,0.50000302723833,0.49999140374722,0.5,1727074579730
170,0.14761396500261,0.92725700227604,0.69415643845704,0.33333333333333,0.49999803157306,0.50000212437196,0.49999140374722,0.5,1727074579746
170,0.14761396500261,0.99594107316331,0.69415643845704,0.33333333333333,0.49999803157306,0.49999884435649,0.49999140374722,0.5,1727074579763
170,0.14761396500261,1.00000239807911,0.69415643845704,0.33333333333333,0.49999803157306,0.49999894229815,0.49999140374722,0.5,1727074579780
170,0.14761396500261,1.00000239807911,0.69415643845704,0.33333333333333,0.49999803157306,0.49999894229815,0.49999140374722,0.5,1727074579797
170,0.14761396500261,1.00000239807911,0.69415643845704,0.33333333333333,0.49999803157306,0.49999894229815,0.49999140374722,0.5,1727074579813
170,0.14761396500261,1.00000239807911,0.69415643845704,0.33333333333333,0.49999803157306,0.49999894229815,0.49999140374722,0.5,1727074579830
170,0.14761396500261,1.00000239807911,0.69415643845704,0.33333333333333,0.49999803157306,0.49999894229815,0.49999140374722,0.5,1727074579847
170,0.14761396500261,1.00000239807911,0.69415643845704,0.33333333333333,0.49999803157306,0.49999894229815,0.49999140374722,0.5,1727074579863
170,0.14761396500261,1.00000239807911,0.69415643845704,0.33333333333333,0.49999803157306,0.49999894229815,0.49999140374722,0.5,1727074579880
170,0.14761396500261,1.00000239807911,0.69415643845704,0.33333333333333,0.49999803157306,0.49999894229815,0.49999140374722,0.5,1727074579897
170,0.14761396500261,1.00000239807911,0.69415643845704,0.33333333333333,0.49999803157306,0.49999894229815,0.49999140374722,0.5,1727074579913
170,0.14761396500261,1.00000239807911,0.69415643845704,0.33333333333333,0.49999803157306,0.49999894229815,0.49999140374722,0.5,1727074579930
170,0.14761396500261,1.00000239807911,0.69415643845704,0.33333333333333,0.49999803157306,0.49999894229815,0.49999140374722,0.5,1727074580173
171,0.83333333333333,0.5,0.16666666666667,0.5,0.5,0.5,0.5,0.5,1727074583582
171,0.83333333333333,0.5,0.17390397111304,0.5,0.5,0.5,0.49998719553099,0.5,1727074583629
171,0.83333333333333,0.5,0.18378390071726,0.5,0.5,0.5,0.49999416092187,0.5,1727074583648
171,0.83333333333333,0.5,0.22259407736901,0.5,0.5,0.5,0.4999898451612,0.5,1727074583663
171,0.83333333333333,0.5,0.27389799909103,0.5,0.5,0.5,0.4999671316782,0.5,1727074583680
171,0.83333333333333,0.5,0.3179923873974,0.5,0.5,0.5,0.5000020295444,0.5,1727074583696
171,0.83333333333333,0.5,0.3620901526462,0.5,0.5,0.5,0.50000295017549,0.5,1727074583713
171,0.83333333333333,0.5,0.39364191428206,0.5,0.5,0.5,0.49997848146364,0.5,1727074583730
171,0.83333333333333,0.5,0.41342516859381,0.5,0.5,0.5,0.49999704769156,0.5,1727074583746
171,0.83333333333333,0.5,0.42329972492701,0.5,0.5,0.5,0.49997947042229,0.5,1727074583763
171,0.83333333333333,0.5,0.4377702844959,0.5,0.5,0.5,0.499997130367,0.5,1727074583779
171,0.83333333333333,0.5,0.44500900930238,0.5,0.5,0.5,0.49997967517162,0.5,1727074583796
171,0.83333333333333,0.5,0.4620994219316,0.5,0.5,0.5,0.49999430773934,0.5,1727074583813
171,0.83333333333333,0.5,0.47919192980021,0.5,0.5,0.5,0.49999317722231,0.5,1727074583830
171,0.83333333333333,0.5,0.50350591530082,0.5,0.5,0.5,0.49998214128535,0.5,1727074583846
171,0.83333333333333,0.5,0.51337692636421,0.5,0.5,0.5,0.4999911998617,0.5,1727074583863
171,0.83333333333333,0.5,0.53047049834206,0.5,0.5,0.5,0.49998305757046,0.5,1727074583880
171,0.83333333333333,0.5,0.54756300036573,0.5,0.5,0.5,0.49998230353659,0.5,1727074583896
171,0.83333333333333,0.5,0.5646462968379,0.5,0.5,0.5,0.49998814803338,0.5,1727074583913
171,0.83333333333333,0.5,0.57451784822251,0.5,0.5,0.5,0.49999302442698,0.5,1727074583930
171,0.83333333333333,0.5,0.58175347455903,0.5,0.5,0.5,0.49999802174941,0.5,1727074583946
171,0.83333333333333,0.5,0.59884629738357,0.5,0.5,0.5,0.49999502885556,0.5,1727074583963
171,0.83333333333333,0.5,0.60607388173346,0.5,0.5,0.5,0.49999898461021,0.5,1727074583979
171,0.83333333333333,0.5,0.608737438555,0.5,0.5,0.5,0.49997996985789,0.5,1727074583996
171,0.83333333333333,0.5,0.61597070450431,0.5,0.5,0.5,0.49999918110689,0.5,1727074584750
171,0.83333333333333,0.5,0.61863227028302,0.5,0.5,0.5,0.49999240974155,0.5,1727074584797
171,0.83333333333333,0.5,0.61140274617266,0.5,0.5,0.5,0.50000027259405,0.5,1727074585102
171,0.83333333333333,0.5,0.60418303295865,0.5,0.5,0.5,0.4999982865579,0.5,1727074585117
171,0.83333333333333,0.5,0.59695623591058,0.5,0.5,0.5,0.49998943837303,0.5,1727074585130
171,0.83333333333333,0.5,0.58973571843062,0.5,0.5,0.5,0.49999235062214,0.5,1727074585146
171,0.83333333333333,0.5,0.5825101963589,0.5,0.5,0.5,0.49997526155165,0.5,1727074585262
171,0.83333333333333,0.5,0.57797389392669,0.5,0.5,0.5,0.49998316126637,0.5,1727074585296
171,0.83333333333333,0.5,0.57074410921645,0.5,0.5,0.5,0.49999299814105,0.5,1727074585313
171,0.83333333333333,0.5,0.56352323710051,0.5,0.5,0.5,0.49999832325668,0.5,1727074585363
171,0.83333333333333,0.5,0.55629486804412,0.5,0.5,0.5,0.49999925959135,0.5,1727074585421
171,0.83333333333333,0.5,0.54907743431765,0.5,0.5,0.5,0.49998215897876,0.5,1727074585510
171,0.83333333333333,0.5,0.54185007444065,0.5,0.5,0.5,0.49997627758138,0.5,1727074585517
171,0.83333333333333,0.5,0.53462693195269,0.5,0.5,0.5,0.49999682790774,0.5,1727074585563
171,0.83333333333333,0.5,0.52739806633201,0.5,0.5,0.5,0.50000113685524,0.5,1727074585670
171,0.83333333333333,0.5,0.53006855979279,0.5,0.5,0.5,0.49998860087962,0.5,1727074586582
171,0.83333333333333,0.5,0.52284080752789,0.5,0.5,0.5,0.49998529910472,0.5,1727074586982
171,0.83333333333333,0.5,0.5255089441142,0.5,0.5,0.5,0.49998869098722,0.5,1727074586996
171,0.83333333333333,0.5,0.51828168911066,0.5,0.5,0.5,0.4999819743023,0.5,1727074587013
171,0.83333333333333,0.5,0.51375246818935,0.5,0.5,0.5,0.49999816652068,0.5,1727074587030
171,0.83333333333333,0.5,0.50652433389657,0.5,0.5,0.5,0.49999753462888,0.5,1727074587246
171,0.83333333333333,0.5,0.49930559658429,0.5,0.5,0.5,0.4999884102062,0.5,1727074588342
171,0.83333333333333,0.5,0.49207700232915,0.5,0.5,0.5,0.49999092337039,0.5,1727074588381
171,0.83333333333333,0.5,0.49207700232915,0.5,0.5,0.5,0.49999092337039,0.5,1727074588934
171,0.83333333333333,0.5,0.49207700232915,0.5,0.5,0.5,0.49999092337039,0.5,1727074590502
171,0.82951315039764,0.5,0.49207700232915,0.5,0.50000278755307,0.5,0.49999092337039,0.5,1727074590526
171,0.82285336181501,0.5,0.49207700232915,0.5,0.50000370410086,0.5,0.49999092337039,0.5,1727074590533
171,0.81903194858801,0.5,0.49207700232915,0.5,0.50000060822657,0.5,0.49999092337039,0.5,1727074590546
171,0.76594179745512,0.5,0.49207700232915,0.5,0.50000181032639,0.5,0.49999092337039,0.5,1727074590563
171,0.67488223941828,0.5,0.49207700232915,0.5,0.50000316910593,0.5,0.49999092337039,0.5,1727074590579
171,0.57002251623195,0.5,0.49207700232915,0.5,0.50000479482023,0.5,0.49999092337039,0.5,1727074590596
171,0.43792414728789,0.5,0.49207700232915,0.5,0.50000085783132,0.5,0.49999092337039,0.5,1727074590613
171,0.27843702645459,0.5,0.49207700232915,0.5,0.50000652827354,0.5,0.49999092337039,0.5,1727074590629
171,0.21935288880204,0.5,0.49207700232915,0.5,0.49999887543918,0.5,0.49999092337039,0.5,1727074590646
171,0.14985539576375,0.5,0.49207700232915,0.5,0.50001274289819,0.5,0.49999092337039,0.5,1727074590662
171,0.0840470355292,0.5,0.49207700232915,0.5,0.50000145517574,0.5,0.49999092337039,0.5,1727074590679
171,0.02203526857712,0.5,0.49207700232915,0.5,0.50000911871782,0.5,0.49999092337039,0.5,1727074590696
171,0.0,0.5,0.49207700232915,0.5,0.5,0.5,0.49999092337039,0.5,1727074590713
171,0.0,0.5,0.49207700232915,0.5,0.5,0.5,0.49999092337039,0.5,1727074590729
171,0.0,0.5,0.49207700232915,0.5,0.5,0.5,0.49999092337039,0.5,1727074590746
171,0.0,0.5,0.49207700232915,0.5,0.5,0.5,0.49999092337039,0.5,1727074590763
171,0.0,0.5,0.49207700232915,0.5,0.5,0.5,0.49999092337039,0.5,1727074590894
171,0.0,0.5,0.49207700232915,0.5,0.5,0.5,0.49999092337039,0.5,1727074590902
171,0.0,0.5,0.49207700232915,0.5,0.5,0.5,0.49999092337039,0.5,1727074592127
171,0.0,0.51717211720867,0.49207700232915,0.5,0.5,0.49999792565918,0.49999092337039,0.5,1727074592141
171,0.0,0.53434252600877,0.49207700232915,0.5,0.5,0.49999714301095,0.49999092337039,0.5,1727074592149
171,0.0,0.56202569577052,0.49207700232915,0.5,0.5,0.49999299920459,0.49999092337039,0.5,1727074592163
171,0.0,0.67275875112055,0.49207700232915,0.5,0.5,0.49999706938839,0.49999092337039,0.5,1727074592180
171,0.0,0.84831372093846,0.49207700232915,0.5,0.5,0.49999697376512,0.49999092337039,0.5,1727074592196
171,0.0,1.0,0.49207700232915,0.5,0.5,0.5,0.49999092337039,0.5,1727074592213
171,0.0,1.0,0.49207700232915,0.5,0.5,0.5,0.49999092337039,0.5,1727074592229
171,0.0,1.0,0.49207700232915,0.5,0.5,0.5,0.49999092337039,0.5,1727074592246
171,0.0,1.0,0.49207700232915,0.5,0.5,0.5,0.49999092337039,0.5,1727074592263
171,0.0,1.0,0.49207700232915,0.5,0.5,0.5,0.49999092337039,0.5,1727074592279
171,0.0,1.0,0.49207700232915,0.5,0.5,0.5,0.49999092337039,0.5,1727074592469
171,0.0,1.0,0.49207700232915,0.5,0.5,0.5,0.49999092337039,0.5,1727074594454
171,0.0,1.0,0.49207700232915,0.50667387758629,0.5,0.5,0.49999092337039,0.49999778098836,1727074594958
171,0.0,1.0,0.49207700232915,0.5133380618952,0.5,0.5,0.49999092337039,0.49999971135343,1727074594996
171,0.0,1.0,0.49207700232915,0.52001376060593,0.5,0.5,0.49999092337039,0.49999883721082,1727074595012
171,0.0,1.0,0.49207700232915,0.52668715944618,0.5,0.5,0.49999092337039,0.4999963455299,1727074595029
171,0.0,1.0,0.49207700232915,0.53335380198952,0.5,0.5,0.49999092337039,0.49999996891694,1727074595079
171,0.0,1.0,0.49207700232915,0.54002525671413,0.5,0.5,0.49999092337039,0.49999615301761,1727074595109
171,0.0,1.0,0.49207700232915,0.54669524337772,0.5,0.5,0.49999092337039,0.50000203155126,1727074595206
171,0.0,1.0,0.49207700232915,0.5533630623186,0.5,0.5,0.49999092337039,0.49999576673414,1727074595390
171,0.0,1.0,0.49207700232915,0.56003589165388,0.5,0.5,0.49999092337039,0.49999301530319,1727074595462
171,0.0,1.0,0.49207700232915,0.56003589165388,0.5,0.5,0.49999092337039,0.49999301530319,1727074595710
172,0.83333333333333,0.83333333333333,0.5,0.16666666666667,0.5,0.5,0.5,0.5,1727074597854
172,0.83333333333333,0.83333333333333,0.49278094331846,0.16666666666667,0.5,0.5,0.49999131017436,0.5,1727074597861
172,0.83333333333333,0.83333333333333,0.48555316801571,0.16666666666667,0.5,0.5,0.49998803197532,0.5,1727074597877
172,0.83333333333333,0.83333333333333,0.47833047674006,0.16666666666667,0.5,0.5,0.50000703690451,0.5,1727074597885
172,0.83333333333333,0.83333333333333,0.47379766126469,0.16666666666667,0.5,0.5,0.49999099374346,0.5,1727074597896
172,0.83333333333333,0.83333333333333,0.46208424028752,0.16666666666667,0.5,0.5,0.49998553635426,0.5,1727074597912
172,0.83333333333333,0.83333333333333,0.45036790068583,0.16666666666667,0.5,0.5,0.50000176300647,0.5,1727074597929
172,0.83333333333333,0.83333333333333,0.42153788768521,0.16666666666667,0.5,0.5,0.4999938791377,0.5,1727074597946
172,0.83333333333333,0.83333333333333,0.3855288838356,0.16666666666667,0.5,0.5,0.49998416312625,0.5,1727074597962
172,0.83333333333333,0.83333333333333,0.36665826460102,0.16666666666667,0.5,0.5,0.500000090345,0.5,1727074597979
172,0.83333333333333,0.83333333333333,0.352228126395,0.16666666666667,0.5,0.5,0.49998484830068,0.5,1727074597995
172,0.83333333333333,0.83333333333333,0.34500626657865,0.16666666666667,0.5,0.5,0.50000074044535,0.5,1727074598012
172,0.83333333333333,0.83333333333333,0.34048877884957,0.16666666666667,0.5,0.5,0.49999030637138,0.5,1727074598029
172,0.83333333333333,0.83333333333333,0.32605821855635,0.16666666666667,0.5,0.5,0.49997797168383,0.5,1727074598045
172,0.83333333333333,0.83333333333333,0.31162350957898,0.16666666666667,0.5,0.5,0.50000376374654,0.5,1727074598062
172,0.83333333333333,0.83333333333333,0.29719504106984,0.16666666666667,0.5,0.5,0.49997107457085,0.5,1727074598079
172,0.83333333333333,0.83333333333333,0.27835733795387,0.16666666666667,0.5,0.5,0.49998748759512,0.5,1727074598095
172,0.83333333333333,0.83333333333333,0.26392485932656,0.16666666666667,0.5,0.5,0.49999316870518,0.5,1727074598112
172,0.83333333333333,0.83333333333333,0.24950254150146,0.16666666666667,0.5,0.5,0.49997843295886,0.5,1727074598129
172,0.83333333333333,0.83333333333333,0.24499948903049,0.16666666666667,0.5,0.5,0.4999863131097,0.5,1727074598145
172,0.83333333333333,0.83333333333333,0.23056772922043,0.16666666666667,0.5,0.5,0.49998450469615,0.5,1727074598162
172,0.83333333333333,0.83333333333333,0.22334623628443,0.16666666666667,0.5,0.5,0.50000040919896,0.5,1727074598179
172,0.83333333333333,0.83333333333333,0.22603281691194,0.16666666666667,0.5,0.5,0.49998301012013,0.5,1727074598195
172,0.83333333333333,0.83333333333333,0.21881283539428,0.16666666666667,0.5,0.5,0.49998212874957,0.5,1727074598262
172,0.83333333333333,0.83333333333333,0.20438811436831,0.16666666666667,0.5,0.5,0.49999333118682,0.5,1727074598279
172,0.83333333333333,0.83333333333333,0.19990445491219,0.16666666666667,0.5,0.5,0.49996691666877,0.5,1727074598296
172,0.83333333333333,0.83333333333333,0.20258819706543,0.16666666666667,0.5,0.5,0.49998172333576,0.5,1727074598317
172,0.83333333333333,0.83333333333333,0.19536819181013,0.16666666666667,0.5,0.5,0.499981054377,0.5,1727074598329
172,0.83333333333333,0.83333333333333,0.18814651028309,0.16666666666667,0.5,0.5,0.50000043825241,0.5,1727074599574
172,0.83333333333333,0.83333333333333,0.18092732265653,0.16666666666667,0.5,0.5,0.49999010442916,0.5,1727074599581
172,0.83333333333333,0.83333333333333,0.18362118493138,0.16666666666667,0.5,0.5,0.49998201098618,0.5,1727074599595
172,0.83333333333333,0.83333333333333,0.17640173723522,0.16666666666667,0.5,0.5,0.49997445606707,0.5,1727074599612
172,0.83333333333333,0.83333333333333,0.17908634080525,0.16666666666667,0.5,0.5,0.4999794927632,0.5,1727074599629
172,0.83333333333333,0.83333333333333,0.16466356032722,0.16666666666667,0.5,0.5,0.49996712111552,0.5,1727074599645
172,0.83333333333333,0.83333333333333,0.15744270816205,0.16666666666667,0.5,0.5,0.4999770376587,0.5,1727074599766
172,0.83333333333333,0.83333333333333,0.16014423022872,0.16666666666667,0.5,0.5,0.49997529905601,0.5,1727074599779
172,0.83333333333333,0.83333333333333,0.15292429361685,0.16666666666667,0.5,0.5,0.49997355061236,0.5,1727074599796
172,0.83333333333333,0.83333333333333,0.1556174883301,0.16666666666667,0.5,0.5,0.4999736440752,0.5,1727074599812
172,0.83333333333333,0.83333333333333,0.14839703487198,0.16666666666667,0.5,0.5,0.49997865289012,0.5,1727074599910
172,0.83333333333333,0.83333333333333,0.15109109780746,0.16666666666667,0.5,0.5,0.49996735507128,0.5,1727074599926
172,0.83333333333333,0.83333333333333,0.1438721161923,0.16666666666667,0.5,0.5,0.49995269889198,0.5,1727074599990
172,0.83333333333333,0.83333333333333,0.14657027251485,0.16666666666667,0.5,0.5,0.49999559901789,0.5,1727074599997
172,0.83333333333333,0.83333333333333,0.13935103954302,0.16666666666667,0.5,0.5,0.4999846831803,0.5,1727074600102
172,0.83333333333333,0.83333333333333,0.13213051010071,0.16666666666667,0.5,0.5,0.4999911572595,0.5,1727074600145
172,0.83333333333333,0.83333333333333,0.13483009565992,0.16666666666667,0.5,0.5,0.50001561014812,0.5,1727074601678
172,0.83333333333333,0.83333333333333,0.13752474769789,0.16666666666667,0.5,0.5,0.49999568248441,0.5,1727074601713
172,0.83333333333333,0.83333333333333,0.14476170030005,0.16666666666667,0.5,0.5,0.49998853403147,0.5,1727074601734
172,0.83333333333333,0.83333333333333,0.14746218929651,0.16666666666667,0.5,0.5,0.50000030021822,0.5,1727074601757
172,0.83333333333333,0.83333333333333,0.15470059150756,0.16666666666667,0.5,0.5,0.49997444969481,0.5,1727074601795
172,0.83333333333333,0.83333333333333,0.15739314957795,0.16666666666667,0.5,0.5,0.49998273658566,0.5,1727074601854
172,0.83333333333333,0.83333333333333,0.15739314957795,0.16666666666667,0.5,0.5,0.49998273658566,0.5,1727074603182
172,0.83333333333333,0.83333333333333,0.15739314957795,0.16666666666667,0.5,0.5,0.49998273658566,0.5,1727074604599
172,0.83333333333333,0.83333333333333,0.15739314957795,0.16288254614484,0.5,0.5,0.49998273658566,0.50000750855859,1727074604613
172,0.83333333333333,0.83333333333333,0.15739314957795,0.16955847176293,0.5,0.5,0.49998273658566,0.50000607835965,1727074604629
172,0.83333333333333,0.83333333333333,0.15739314957795,0.19646784778227,0.5,0.5,0.49998273658566,0.50000779116046,1727074604645
172,0.83333333333333,0.83333333333333,0.15739314957795,0.32768304263867,0.5,0.5,0.49998273658566,0.50000584037442,1727074604662
172,0.83333333333333,0.83333333333333,0.15739314957795,0.46506775205917,0.5,0.5,0.49998273658566,0.50000479077817,1727074604678
172,0.83333333333333,0.83333333333333,0.15739314957795,0.61577425214105,0.5,0.5,0.49998273658566,0.50000319762879,1727074604695
172,0.83333333333333,0.83333333333333,0.15739314957795,0.77980336525532,0.5,0.5,0.49998273658566,0.50000180166581,1727074604712
172,0.83333333333333,0.83333333333333,0.15739314957795,0.93964909770421,0.5,0.5,0.49998273658566,0.50000136429583,1727074604728
172,0.83333333333333,0.83333333333333,0.15739314957795,1.0,0.5,0.5,0.49998273658566,0.5,1727074604745
172,0.83333333333333,0.83333333333333,0.15739314957795,1.0,0.5,0.5,0.49998273658566,0.5,1727074604762
172,0.83333333333333,0.83333333333333,0.15739314957795,1.0,0.5,0.5,0.49998273658566,0.5,1727074604778
172,0.83333333333333,0.83333333333333,0.15739314957795,1.0,0.5,0.5,0.49998273658566,0.5,1727074604795
172,0.83333333333333,0.83333333333333,0.15739314957795,1.0,0.5,0.5,0.49998273658566,0.5,1727074604812
172,0.83333333333333,0.83333333333333,0.15739314957795,1.0,0.5,0.5,0.49998273658566,0.5,1727074604862
172,0.83333333333333,0.83333333333333,0.15739314957795,1.0,0.5,0.5,0.49998273658566,0.5,1727074604878
172,0.83333333333333,0.83333333333333,0.15739314957795,1.0,0.5,0.5,0.49998273658566,0.5,1727074604895
172,0.83333333333333,0.83333333333333,0.15739314957795,1.0,0.5,0.5,0.49998273658566,0.5,1727074604912
172,0.83333333333333,0.83333333333333,0.15739314957795,1.0,0.5,0.5,0.49998273658566,0.5,1727074604928
172,0.83333333333333,0.83333333333333,0.15739314957795,0.99617317304019,0.5,0.5,0.49998273658566,0.50000174412898,1727074605390
172,0.83333333333333,0.83333333333333,0.15739314957795,0.98566778383531,0.5,0.5,0.49998273658566,0.50000278655167,1727074605405
172,0.83333333333333,0.83333333333333,0.15739314957795,0.97901164717423,0.5,0.5,0.49998273658566,0.49999832340049,1727074605413
172,0.83333333333333,0.83333333333333,0.15739314957795,0.97518360423666,0.5,0.5,0.49998273658566,0.49999954498642,1727074605428
172,0.83333333333333,0.83333333333333,0.15739314957795,0.96086530422886,0.5,0.5,0.49998273658566,0.50000171462117,1727074605445
172,0.83333333333333,0.83333333333333,0.15739314957795,0.93704422575452,0.5,0.5,0.49998273658566,0.49999910448754,1727074605462
172,0.83333333333333,0.83333333333333,0.15739314957795,0.92272982850392,0.5,0.5,0.49998273658566,0.50000317407977,1727074605478
172,0.83333333333333,0.83333333333333,0.15739314957795,0.90943882502178,0.5,0.5,0.49998273658566,0.50000383063349,1727074605495
172,0.83333333333333,0.83333333333333,0.15739314957795,0.90561012527039,0.5,0.5,0.49998273658566,0.50000483064819,1727074605512
172,0.83333333333333,0.83333333333333,0.15739314957795,0.89895143163664,0.5,0.5,0.49998273658566,0.49999884138392,1727074605528
172,0.83333333333333,0.83333333333333,0.15739314957795,0.89513009479347,0.5,0.5,0.49998273658566,0.50000337878706,1727074605549
172,0.83333333333333,0.83333333333333,0.15739314957795,0.88846874584528,0.5,0.5,0.49998273658566,0.50000349033272,1727074605573
172,0.83333333333333,0.83333333333333,0.15739314957795,0.88464726871923,0.5,0.5,0.49998273658566,0.50000054172047,1727074605581
172,0.83333333333333,0.83333333333333,0.15739314957795,0.88082245140063,0.5,0.5,0.49998273658566,0.50000344538514,1727074605595
172,0.83333333333333,0.83333333333333,0.15739314957795,0.87699076826673,0.5,0.5,0.49998273658566,0.50000301001456,1727074605702
172,0.83333333333333,0.83333333333333,0.15739314957795,0.87033851171261,0.5,0.5,0.49998273658566,0.50000002469117,1727074605712
172,0.83333333333333,0.83333333333333,0.15739314957795,0.85983437637095,0.5,0.5,0.49998273658566,0.50000179190656,1727074605728
172,0.83333333333333,0.83333333333333,0.15739314957795,0.86649813462126,0.5,0.5,0.49998273658566,0.50000287734604,1727074606718
172,0.83333333333333,0.83333333333333,0.15739314957795,0.87317515659592,0.5,0.5,0.49998273658566,0.50000290878641,1727074606766
172,0.83333333333333,0.83333333333333,0.15739314957795,0.87983331029745,0.5,0.5,0.49998273658566,0.50000123997318,1727074606862
172,0.83333333333333,0.83333333333333,0.15739314957795,0.87318275825447,0.5,0.5,0.49998273658566,0.49999908840322,1727074607950
172,0.83333333333333,0.83333333333333,0.15739314957795,0.86652470180642,0.5,0.5,0.49998273658566,0.50000080235118,1727074608214
172,0.83333333333333,0.83333333333333,0.15739314957795,0.86270041609951,0.5,0.5,0.49998273658566,0.50000401760771,1727074608228
172,0.83333333333333,0.83333333333333,0.15739314957795,0.85604749496973,0.5,0.5,0.49998273658566,0.50000066850658,1727074608245
172,0.83333333333333,0.83333333333333,0.15739314957795,0.85221530483018,0.5,0.5,0.49998273658566,0.49999996009141,1727074608262
172,0.83333333333333,0.83333333333333,0.15739314957795,0.84556303427611,0.5,0.5,0.49998273658566,0.50000462380535,1727074608606
172,0.83333333333333,0.83333333333333,0.15739314957795,0.84173867419901,0.5,0.5,0.49998273658566,0.50000010739378,1727074608645
172,0.83333333333333,0.83333333333333,0.15739314957795,0.83508079793224,0.5,0.5,0.49998273658566,0.50000196881047,1727074608662
172,0.83333333333333,0.83333333333333,0.15739314957795,0.83508079793224,0.5,0.5,0.49998273658566,0.50000196881047,1727074609814
172,0.83333333333333,0.83333333333333,0.15739314957795,0.83508079793224,0.5,0.5,0.49998273658566,0.50000196881047,1727074611367
172,0.83333333333333,0.83333333333333,0.15739314957795,0.83508079793224,0.5,0.5,0.49998273658566,0.50000196881047,1727074612175
172,0.82667532639591,0.83333333333333,0.15739314957795,0.83508079793224,0.49999918239363,0.5,0.49998273658566,0.50000196881047,1727074612206
172,0.82002020905836,0.83333333333333,0.15739314957795,0.83508079793224,0.49999455885248,0.5,0.49998273658566,0.50000196881047,1727074612214
172,0.80672280044438,0.83333333333333,0.15739314957795,0.83508079793224,0.49999985575147,0.5,0.49998273658566,0.50000196881047,1727074612228
172,0.75428587868261,0.83333333333333,0.15739314957795,0.83508079793224,0.49999647062385,0.5,0.49998273658566,0.50000196881047,1727074612245
172,0.68843742662975,0.83333333333333,0.15739314957795,0.83508079793224,0.49999487278115,0.5,0.49998273658566,0.50000196881047,1727074612262
172,0.59792258114572,0.83333333333333,0.15739314957795,0.83508079793224,0.49999967763985,0.5,0.49998273658566,0.50000196881047,1727074612278
172,0.53879285742196,0.83333333333333,0.15739314957795,0.83508079793224,0.49999500766828,0.5,0.49998273658566,0.50000196881047,1727074612295
172,0.50731206320971,0.83333333333333,0.15739314957795,0.83508079793224,0.4999919819142,0.5,0.49998273658566,0.50000196881047,1727074612311
172,0.4863228626051,0.83333333333333,0.15739314957795,0.83508079793224,0.49999983952729,0.5,0.49998273658566,0.50000196881047,1727074612328
172,0.46155963167244,0.83333333333333,0.15739314957795,0.83508079793224,0.4999925624345,0.5,0.49998273658566,0.50000196881047,1727074612345
172,0.44727745710771,0.83333333333333,0.15739314957795,0.83508079793224,0.50000042225164,0.5,0.49998273658566,0.50000196881047,1727074612361
172,0.42627613603939,0.83333333333333,0.15739314957795,0.83508079793224,0.49999935837363,0.5,0.49998273658566,0.50000196881047,1727074612378
172,0.40153364616732,0.83333333333333,0.15739314957795,0.83508079793224,0.49999592521957,0.5,0.49998273658566,0.50000196881047,1727074612395
172,0.38436495081245,0.83333333333333,0.15739314957795,0.83508079793224,0.49999628026975,0.5,0.49998273658566,0.50000196881047,1727074612411
172,0.37008149817906,0.83333333333333,0.15739314957795,0.83508079793224,0.49999038898216,0.5,0.49998273658566,0.50000196881047,1727074612428
172,0.36343258938105,0.83333333333333,0.15739314957795,0.83508079793224,0.5000016358781,0.5,0.49998273658566,0.50000196881047,1727074612445
172,0.35962834813661,0.83333333333333,0.15739314957795,0.83508079793224,0.49999781043643,0.5,0.49998273658566,0.50000196881047,1727074612461
172,0.35297307445006,0.83333333333333,0.15739314957795,0.83508079793224,0.49998944750388,0.5,0.49998273658566,0.50000196881047,1727074612518
172,0.34916606494952,0.83333333333333,0.15739314957795,0.83508079793224,0.49999708693549,0.5,0.49998273658566,0.50000196881047,1727074612528
172,0.33866158378185,0.83333333333333,0.15739314957795,0.83508079793224,0.50000004244617,0.5,0.49998273658566,0.50000196881047,1727074612545
172,0.32816548956637,0.83333333333333,0.15739314957795,0.83508079793224,0.49999643244791,0.5,0.49998273658566,0.50000196881047,1727074612561
172,0.3071741329105,0.83333333333333,0.15739314957795,0.83508079793224,0.49998962746352,0.5,0.49998273658566,0.50000196881047,1727074612578
172,0.29667554470493,0.83333333333333,0.15739314957795,0.83508079793224,0.49999860989455,0.5,0.49998273658566,0.50000196881047,1727074612750
172,0.2795044890788,0.83333333333333,0.15739314957795,0.83508079793224,0.49999666474142,0.5,0.49998273658566,0.50000196881047,1727074612795
172,0.26233766528523,0.83333333333333,0.15739314957795,0.83508079793224,0.49999914314808,0.5,0.49998273658566,0.50000196881047,1727074612811
172,0.25568914974454,0.83333333333333,0.15739314957795,0.83508079793224,0.49999655703568,0.5,0.49998273658566,0.50000196881047,1727074612828
172,0.24903845507143,0.83333333333333,0.15739314957795,0.83508079793224,0.49999149450734,0.5,0.49998273658566,0.50000196881047,1727074613126
172,0.25571968951516,0.83333333333333,0.15739314957795,0.83508079793224,0.49999630708864,0.5,0.49998273658566,0.50000196881047,1727074613446
172,0.26240059139977,0.83333333333333,0.15739314957795,0.83508079793224,0.50000063632966,0.5,0.49998273658566,0.50000196881047,1727074613574
172,0.2690679856478,0.83333333333333,0.15739314957795,0.83508079793224,0.4999905070681,0.5,0.49998273658566,0.50000196881047,1727074613622
172,0.27575242660283,0.83333333333333,0.15739314957795,0.83508079793224,0.49999851139092,0.5,0.49998273658566,0.50000196881047,1727074613702
172,0.28242685065486,0.83333333333333,0.15739314957795,0.83508079793224,0.49999594230315,0.5,0.49998273658566,0.50000196881047,1727074613745
172,0.28910023937285,0.83333333333333,0.15739314957795,0.83508079793224,0.49999237798931,0.5,0.49998273658566,0.50000196881047,1727074613795
172,0.29299083338301,0.83333333333333,0.15739314957795,0.83508079793224,0.50000631346867,0.5,0.49998273658566,0.50000196881047,1727074613845
172,0.29966122544613,0.83333333333333,0.15739314957795,0.83508079793224,0.49999968603491,0.5,0.49998273658566,0.50000196881047,1727074613869
172,0.30634113792029,0.83333333333333,0.15739314957795,0.83508079793224,0.50000265226731,0.5,0.49998273658566,0.50000196881047,1727074613926
172,0.31300830845186,0.83333333333333,0.15739314957795,0.83508079793224,0.4999930706145,0.5,0.49998273658566,0.50000196881047,1727074614022
172,0.31969326279328,0.83333333333333,0.15739314957795,0.83508079793224,0.50000092431255,0.5,0.49998273658566,0.50000196881047,1727074614126
172,0.32636355926149,0.83333333333333,0.15739314957795,0.83508079793224,0.49999457482843,0.5,0.49998273658566,0.50000196881047,1727074614382
172,0.31971899800663,0.83333333333333,0.15739314957795,0.83508079793224,0.49999605274319,0.5,0.49998273658566,0.50000196881047,1727074615166
172,0.31306270073175,0.83333333333333,0.15739314957795,0.83508079793224,0.50000113804904,0.5,0.49998273658566,0.50000196881047,1727074615894
172,0.31306270073175,0.83333333333333,0.15739314957795,0.83508079793224,0.50000113804904,0.5,0.49998273658566,0.50000196881047,1727074616822
172,0.31306270073175,0.83333333333333,0.15739314957795,0.83508079793224,0.50000113804904,0.5,0.49998273658566,0.50000196881047,1727074617696
172,0.31306270073175,0.82668117178652,0.15739314957795,0.83508079793224,0.50000113804904,0.4999978243932,0.49998273658566,0.50000196881047,1727074618134
172,0.31306270073175,0.82001987688658,0.15739314957795,0.83508079793224,0.50000113804904,0.49999768535403,0.49998273658566,0.50000196881047,1727074618150
172,0.31306270073175,0.8133743061993,0.15739314957795,0.83508079793224,0.50000113804904,0.499997368538,0.49998273658566,0.50000196881047,1727074618166
172,0.31306270073175,0.80671067506838,0.15739314957795,0.83508079793224,0.50000113804904,0.49999844377327,0.49998273658566,0.50000196881047,1727074618182
172,0.31306270073175,0.80005408460962,0.15739314957795,0.83508079793224,0.50000113804904,0.49999583597294,0.49998273658566,0.50000196881047,1727074618278
172,0.31306270073175,0.79340396994794,0.15739314957795,0.83508079793224,0.50000113804904,0.49999790230272,0.49998273658566,0.50000196881047,1727074618295
172,0.31306270073175,0.78674665273332,0.15739314957795,0.83508079793224,0.50000113804904,0.49999564403077,0.49998273658566,0.50000196881047,1727074618311
172,0.31306270073175,0.78009807493641,0.15739314957795,0.83508079793224,0.50000113804904,0.49999691325954,0.49998273658566,0.50000196881047,1727074618398
172,0.31306270073175,0.77343780820944,0.15739314957795,0.83508079793224,0.50000113804904,0.49999620808619,0.49998273658566,0.50000196881047,1727074618414
172,0.31306270073175,0.76678619751619,0.15739314957795,0.83508079793224,0.50000113804904,0.49999914212574,0.49998273658566,0.50000196881047,1727074618430
172,0.31306270073175,0.76013097566464,0.15739314957795,0.83508079793224,0.50000113804904,0.49999568887706,0.49998273658566,0.50000196881047,1727074618502
172,0.31306270073175,0.75630826623044,0.15739314957795,0.83508079793224,0.50000113804904,0.49999968556332,0.49998273658566,0.50000196881047,1727074618511
172,0.31306270073175,0.74964758688889,0.15739314957795,0.83508079793224,0.50000113804904,0.49999920964379,0.49998273658566,0.50000196881047,1727074618534
172,0.31306270073175,0.74299808223171,0.15739314957795,0.83508079793224,0.50000113804904,0.50000106477688,0.49998273658566,0.50000196881047,1727074618578
172,0.31306270073175,0.73249944332822,0.15739314957795,0.83508079793224,0.50000113804904,0.49999599584753,0.49998273658566,0.50000196881047,1727074618594
172,0.31306270073175,0.72866822540525,0.15739314957795,0.83508079793224,0.50000113804904,0.49999623294081,0.49998273658566,0.50000196881047,1727074618611
172,0.31306270073175,0.72201777825552,0.15739314957795,0.83508079793224,0.50000113804904,0.49999864232682,0.49998273658566,0.50000196881047,1727074618628
172,0.31306270073175,0.71536493617631,0.15739314957795,0.83508079793224,0.50000113804904,0.49999366639712,0.49998273658566,0.50000196881047,1727074618774
172,0.31306270073175,0.71536493617631,0.15739314957795,0.83508079793224,0.50000113804904,0.49999366639712,0.49998273658566,0.50000196881047,1727074621006
173,1.0,0.66666666666667,0.83333333333333,0.83333333333333,0.5,0.5,0.5,0.5,1727074623719
173,1.0,0.66666666666667,0.82610771307891,0.83333333333333,0.5,0.5,0.49998554925585,0.5,1727074623726
173,1.0,0.66666666666667,0.81888577959356,0.83333333333333,0.5,0.5,0.49999476212827,0.5,1727074623742
173,1.0,0.66666666666667,0.80443779018841,0.83333333333333,0.5,0.5,0.49999334499361,0.5,1727074623758
173,1.0,0.66666666666667,0.78999871169813,0.83333333333333,0.5,0.5,0.49998823097647,0.5,1727074623766
173,1.0,0.66666666666667,0.78276937146907,0.83333333333333,0.5,0.5,0.4999938256001,0.5,1727074623778
173,1.0,0.66666666666667,0.74671947974576,0.83333333333333,0.5,0.5,0.49998740694624,0.5,1727074623794
173,1.0,0.66666666666667,0.6748047509249,0.83333333333333,0.5,0.5,0.49999136026385,0.5,1727074623811
173,1.0,0.66666666666667,0.62296108195597,0.83333333333333,0.5,0.5,0.50000190409077,0.5,1727074623828
173,1.0,0.66666666666667,0.572570909513,0.83333333333333,0.5,0.5,0.49998455433714,0.5,1727074623844
173,1.0,0.66666666666667,0.53654332523818,0.83333333333333,0.5,0.5,0.49999100964227,0.5,1727074623861
173,1.0,0.66666666666667,0.51222254161736,0.83333333333333,0.5,0.5,0.49999229599857,0.5,1727074623878
173,1.0,0.66666666666667,0.48068888742167,0.83333333333333,0.5,0.5,0.50000092717033,0.5,1727074623894
173,1.0,0.66666666666667,0.44914911921491,0.83333333333333,0.5,0.5,0.49999478638638,0.5,1727074623911
173,1.0,0.66666666666667,0.42031798967898,0.83333333333333,0.5,0.5,0.4999953283867,0.5,1727074623927
173,1.0,0.66666666666667,0.39868377693667,0.83333333333333,0.5,0.5,0.49998433353285,0.5,1727074623944
173,1.0,0.66666666666667,0.36268013483385,0.83333333333333,0.5,0.5,0.49999788210644,0.5,1727074623961
173,1.0,0.66666666666667,0.34104566784614,0.83333333333333,0.5,0.5,0.49998816562906,0.5,1727074623977
173,1.0,0.66666666666667,0.32661365323,0.83333333333333,0.5,0.5,0.49998902354168,0.5,1727074623994
173,1.0,0.66666666666667,0.31939479538699,0.83333333333333,0.5,0.5,0.49997801908139,0.5,1727074624011
173,1.0,0.66666666666667,0.31217441244767,0.83333333333333,0.5,0.5,0.49998096670052,0.5,1727074624718
173,1.0,0.66666666666667,0.30494481975586,0.83333333333333,0.5,0.5,0.49999367089408,0.5,1727074624742
173,1.0,0.66666666666667,0.29772418469295,0.83333333333333,0.5,0.5,0.49999931805989,0.5,1727074624758
173,1.0,0.66666666666667,0.29050442870747,0.83333333333333,0.5,0.5,0.49999658192467,0.5,1727074624774
173,1.0,0.66666666666667,0.28328390702211,0.83333333333333,0.5,0.5,0.50000130585426,0.5,1727074624790
173,1.0,0.66666666666667,0.27605878711254,0.83333333333333,0.5,0.5,0.49997037322196,0.5,1727074624827
173,1.0,0.66666666666667,0.26883816288749,0.83333333333333,0.5,0.5,0.4999759007573,0.5,1727074624844
173,1.0,0.66666666666667,0.27607426333168,0.83333333333333,0.5,0.5,0.49997930833918,0.5,1727074625822
173,1.0,0.66666666666667,0.27875255579397,0.83333333333333,0.5,0.5,0.49996476538768,0.5,1727074625830
173,1.0,0.66666666666667,0.28598574973071,0.83333333333333,0.5,0.5,0.49999671400793,0.5,1727074625844
173,1.0,0.66666666666667,0.29322221478601,0.83333333333333,0.5,0.5,0.4999962148929,0.5,1727074625861
173,1.0,0.66666666666667,0.30310188795027,0.83333333333333,0.5,0.5,0.50000394948759,0.5,1727074625878
173,1.0,0.66666666666667,0.31033875393922,0.83333333333333,0.5,0.5,0.4999996176151,0.5,1727074625902
173,1.0,0.66666666666667,0.31756851247293,0.83333333333333,0.5,0.5,0.49998542509077,0.5,1727074625944
173,1.0,0.66666666666667,0.32744889868924,0.83333333333333,0.5,0.5,0.499986538648,0.5,1727074625961
173,1.0,0.66666666666667,0.33468451713683,0.83333333333333,0.5,0.5,0.49999379868604,0.5,1727074625977
173,1.0,0.66666666666667,0.34192185702419,0.83333333333333,0.5,0.5,0.4999856211531,0.5,1727074626006
173,1.0,0.66666666666667,0.34459034057315,0.83333333333333,0.5,0.5,0.49998698175174,0.5,1727074626014
173,1.0,0.66666666666667,0.35182828838478,0.83333333333333,0.5,0.5,0.49997372062836,0.5,1727074626030
173,1.0,0.66666666666667,0.35906126448057,0.83333333333333,0.5,0.5,0.50000360674272,0.5,1727074626044
173,1.0,0.66666666666667,0.36893697641834,0.83333333333333,0.5,0.5,0.49997458398378,0.5,1727074626094
173,1.0,0.66666666666667,0.37161154453863,0.83333333333333,0.5,0.5,0.4999936715938,0.5,1727074626111
173,1.0,0.66666666666667,0.37883946954837,0.83333333333333,0.5,0.5,0.49999622978285,0.5,1727074626127
173,1.0,0.66666666666667,0.38607846323796,0.83333333333333,0.5,0.5,0.49997494965868,0.5,1727074626278
173,1.0,0.66666666666667,0.39331134840207,0.83333333333333,0.5,0.5,0.50000397252899,0.5,1727074626294
173,1.0,0.66666666666667,0.3959828024973,0.83333333333333,0.5,0.5,0.49998101968723,0.5,1727074627231
173,1.0,0.66666666666667,0.38876282575378,0.83333333333333,0.5,0.5,0.49998031110152,0.5,1727074627359
173,1.0,0.66666666666667,0.38153458117478,0.83333333333333,0.5,0.5,0.49998026612575,0.5,1727074627406
173,1.0,0.66666666666667,0.37431452588014,0.83333333333333,0.5,0.5,0.49998019262045,0.5,1727074627444
173,1.0,0.66666666666667,0.36709247875143,0.83333333333333,0.5,0.5,0.49999705412749,0.5,1727074627470
173,1.0,0.66666666666667,0.35986526728337,0.83333333333333,0.5,0.5,0.49998831718357,0.5,1727074627486
173,1.0,0.66666666666667,0.35264431524383,0.83333333333333,0.5,0.5,0.49999614544994,0.5,1727074627502
173,1.0,0.66666666666667,0.34542570790585,0.83333333333333,0.5,0.5,0.49998350074801,0.5,1727074627582
173,1.0,0.66666666666667,0.34542570790585,0.83333333333333,0.5,0.5,0.49998350074801,0.5,1727074630334
173,1.0,0.66666666666667,0.34542570790585,0.83333333333333,0.5,0.5,0.49998350074801,0.5,1727074631327
173,1.0,0.66666666666667,0.34542570790585,0.82951473218476,0.5,0.5,0.49998350074801,0.50000359539641,1727074631383
173,1.0,0.66666666666667,0.34542570790585,0.82568237904662,0.5,0.5,0.49998350074801,0.50000279639352,1727074631398
173,1.0,0.66666666666667,0.34542570790585,0.81137304387125,0.5,0.5,0.49998350074801,0.50000198070985,1727074631411
173,1.0,0.66666666666667,0.34542570790585,0.77319990375438,0.5,0.5,0.49998350074801,0.49999994814012,1727074631427
173,1.0,0.66666666666667,0.34542570790585,0.73054536123985,0.5,0.5,0.49998350074801,0.50000387947405,1727074631444
173,1.0,0.66666666666667,0.34542570790585,0.68115653075256,0.5,0.5,0.49998350074801,0.50000158952449,1727074631460
173,1.0,0.66666666666667,0.34542570790585,0.61826837969796,0.5,0.5,0.49998350074801,0.50000434400977,1727074631477
173,1.0,0.66666666666667,0.34542570790585,0.53452686853294,0.5,0.5,0.49998350074801,0.50000266456444,1727074631494
173,1.0,0.66666666666667,0.34542570790585,0.49930542876621,0.5,0.5,0.49998350074801,0.49999833451567,1727074631510
173,1.0,0.66666666666667,0.34542570790585,0.46409672385908,0.5,0.5,0.49998350074801,0.50000340956311,1727074631527
173,1.0,0.66666666666667,0.34542570790585,0.42976119421589,0.5,0.5,0.49998350074801,0.50000595972776,1727074631544
173,1.0,0.66666666666667,0.34542570790585,0.39159084541364,0.5,0.5,0.49998350074801,0.50000535355117,1727074631560
173,1.0,0.66666666666667,0.34542570790585,0.36012575942287,0.5,0.5,0.49998350074801,0.50000242398974,1727074631577
173,1.0,0.66666666666667,0.34542570790585,0.32578747361293,0.5,0.5,0.49998350074801,0.5000027368128,1727074631594
173,1.0,0.66666666666667,0.34542570790585,0.30862187807913,0.5,0.5,0.49998350074801,0.50000640867716,1727074631610
173,1.0,0.66666666666667,0.34542570790585,0.30109521318499,0.5,0.5,0.49998350074801,0.50000290672209,1727074631627
173,1.0,0.66666666666667,0.34542570790585,0.2944462594447,0.5,0.5,0.49998350074801,0.50000010693344,1727074631644
173,1.0,0.66666666666667,0.34542570790585,0.28394590699672,0.5,0.5,0.49998350074801,0.5000076878326,1727074631660
173,1.0,0.66666666666667,0.34542570790585,0.2764211441053,0.5,0.5,0.49998350074801,0.5000060319906,1727074631677
173,1.0,0.66666666666667,0.34542570790585,0.25261883125782,0.5,0.5,0.49998350074801,0.50000378066101,1727074631694
173,1.0,0.66666666666667,0.34542570790585,0.23544836512104,0.5,0.5,0.49998350074801,0.50000251136666,1727074631711
173,1.0,0.66666666666667,0.34542570790585,0.22494727314492,0.5,0.5,0.49998350074801,0.50001022866853,1727074631727
173,1.0,0.66666666666667,0.34542570790585,0.21829602079176,0.5,0.5,0.49998350074801,0.50000437145779,1727074632695
173,1.0,0.66666666666667,0.34542570790585,0.21165040424063,0.5,0.5,0.49998350074801,0.50000507605258,1727074632718
173,1.0,0.66666666666667,0.34542570790585,0.205006770257,0.5,0.5,0.49998350074801,0.50000820345824,1727074632727
173,1.0,0.66666666666667,0.34542570790585,0.20121349836088,0.5,0.5,0.49998350074801,0.49999769522104,1727074632744
173,1.0,0.66666666666667,0.34542570790585,0.19456872922541,0.5,0.5,0.49998350074801,0.49999937801373,1727074632760
173,1.0,0.66666666666667,0.34542570790585,0.18792003061027,0.5,0.5,0.49998350074801,0.49999616477412,1727074632810
173,1.0,0.66666666666667,0.34542570790585,0.18412786125801,0.5,0.5,0.49998350074801,0.50000607594558,1727074632838
173,1.0,0.66666666666667,0.34542570790585,0.17748488924517,0.5,0.5,0.49998350074801,0.50001027396578,1727074632854
173,1.0,0.66666666666667,0.34542570790585,0.17084055901961,0.5,0.5,0.49998350074801,0.50001282521944,1727074634167
173,1.0,0.66666666666667,0.34542570790585,0.16704369619127,0.5,0.5,0.49998350074801,0.49999675099393,1727074634210
173,1.0,0.66666666666667,0.34542570790585,0.16040237971879,0.5,0.5,0.49998350074801,0.5000031968782,1727074636047
173,1.0,0.66666666666667,0.34542570790585,0.15375941858168,0.5,0.5,0.49998350074801,0.50000760906942,1727074636110
173,1.0,0.66666666666667,0.34542570790585,0.14996971433109,0.5,0.5,0.49998350074801,0.50000066655442,1727074637679
173,1.0,0.66666666666667,0.34542570790585,0.15664449688156,0.5,0.5,0.49998350074801,0.49999775348469,1727074637694
173,1.0,0.66666666666667,0.34542570790585,0.15664449688156,0.5,0.5,0.49998350074801,0.49999775348469,1727074637782
173,1.0,0.66666666666667,0.34542570790585,0.15664449688156,0.5,0.5,0.49998350074801,0.49999775348469,1727074639047
173,0.99334073489924,0.66666666666667,0.34542570790585,0.15664449688156,0.50000100806566,0.5,0.49998350074801,0.49999775348469,1727074639142
173,0.98668383712686,0.66666666666667,0.34542570790585,0.15664449688156,0.49999622371319,0.5,0.49998350074801,0.49999775348469,1727074639161
173,0.96568311531497,0.66666666666667,0.34542570790585,0.15664449688156,0.49999583112607,0.5,0.49998350074801,0.49999775348469,1727074639177
173,0.94467444852845,0.66666666666667,0.34542570790585,0.15664449688156,0.49999885802319,0.5,0.49998350074801,0.49999775348469,1727074639193
173,0.92367829994868,0.66666666666667,0.34542570790585,0.15664449688156,0.50000064677778,0.5,0.49998350074801,0.49999775348469,1727074639210
173,0.90935927307067,0.66666666666667,0.34542570790585,0.15664449688156,0.49999526464753,0.5,0.49998350074801,0.49999775348469,1727074639227
173,0.87118049670754,0.66666666666667,0.34542570790585,0.15664449688156,0.49999797468199,0.5,0.49998350074801,0.49999775348469,1727074639244
173,0.8292145585361,0.66666666666667,0.34542570790585,0.15664449688156,0.49999957798806,0.5,0.49998350074801,0.49999775348469,1727074639260
173,0.79395300848298,0.66666666666667,0.34542570790585,0.15664449688156,0.49999955761203,0.5,0.49998350074801,0.49999775348469,1727074639277
173,0.75198438852345,0.66666666666667,0.34542570790585,0.15664449688156,0.49999987517258,0.5,0.49998350074801,0.49999775348469,1727074639294
173,0.71301538313239,0.66666666666667,0.34542570790585,0.15664449688156,0.49999999915099,0.5,0.49998350074801,0.49999775348469,1727074639310
173,0.65686657415239,0.66666666666667,0.34542570790585,0.15664449688156,0.49999370836667,0.5,0.49998350074801,0.49999775348469,1727074639327
173,0.64256396480628,0.66666666666667,0.34542570790585,0.15664449688156,0.49999674725794,0.5,0.49998350074801,0.49999775348469,1727074639343
173,0.62156689099236,0.66666666666667,0.34542570790585,0.15664449688156,0.49999851992174,0.5,0.49998350074801,0.49999775348469,1727074639360
173,0.59679534218552,0.66666666666667,0.34542570790585,0.15664449688156,0.49999696740172,0.5,0.49998350074801,0.49999775348469,1727074639377
173,0.56830578988388,0.66666666666667,0.34542570790585,0.15664449688156,0.49999871825228,0.5,0.49998350074801,0.49999775348469,1727074639393
173,0.53981974841257,0.66666666666667,0.34542570790585,0.15664449688156,0.49999230696662,0.5,0.49998350074801,0.49999775348469,1727074639410
173,0.50092094194427,0.66666666666667,0.34542570790585,0.15664449688156,0.49999843249007,0.5,0.49998350074801,0.49999775348469,1727074639427
173,0.46571506114143,0.66666666666667,0.34542570790585,0.15664449688156,0.49999382527973,0.5,0.49998350074801,0.49999775348469,1727074639443
173,0.4372656272796,0.66666666666667,0.34542570790585,0.15664449688156,0.49999093841406,0.5,0.49998350074801,0.49999775348469,1727074639460
173,0.40579685421855,0.66666666666667,0.34542570790585,0.15664449688156,0.49999735533709,0.5,0.49998350074801,0.49999775348469,1727074639477
173,0.39151557261549,0.66666666666667,0.34542570790585,0.15664449688156,0.49999355066369,0.5,0.49998350074801,0.49999775348469,1727074639493
173,0.38101646956705,0.66666666666667,0.34542570790585,0.15664449688156,0.50000094793881,0.5,0.49998350074801,0.49999775348469,1727074639510
173,0.37050801848392,0.66666666666667,0.34542570790585,0.15664449688156,0.50000028981156,0.5,0.49998350074801,0.49999775348469,1727074639527
173,0.36669607883188,0.66666666666667,0.34542570790585,0.15664449688156,0.49998961747103,0.5,0.49998350074801,0.49999775348469,1727074639543
173,0.3561975435915,0.66666666666667,0.34542570790585,0.15664449688156,0.4999977659265,0.5,0.49998350074801,0.49999775348469,1727074639560
173,0.34570235777579,0.66666666666667,0.34542570790585,0.15664449688156,0.49999506282641,0.5,0.49998350074801,0.49999775348469,1727074639577
173,0.33519994212532,0.66666666666667,0.34542570790585,0.15664449688156,0.49999994547509,0.5,0.49998350074801,0.49999775348469,1727074639598
173,0.32854982956059,0.66666666666667,0.34542570790585,0.15664449688156,0.49999617238413,0.5,0.49998350074801,0.49999775348469,1727074639610
173,0.32473733889547,0.66666666666667,0.34542570790585,0.15664449688156,0.49999892308076,0.5,0.49998350074801,0.49999775348469,1727074639627
173,0.31046158423571,0.66666666666667,0.34542570790585,0.15664449688156,0.50000004502836,0.5,0.49998350074801,0.49999775348469,1727074639643
173,0.29996490500516,0.66666666666667,0.34542570790585,0.15664449688156,0.4999956635018,0.5,0.49998350074801,0.49999775348469,1727074639660
173,0.29331694829016,0.66666666666667,0.34542570790585,0.15664449688156,0.49999378098039,0.5,0.49998350074801,0.49999775348469,1727074639677
173,0.28281687259596,0.66666666666667,0.34542570790585,0.15664449688156,0.50000153967771,0.5,0.49998350074801,0.49999775348469,1727074639727
173,0.27900868067773,0.66666666666667,0.34542570790585,0.15664449688156,0.49999301319157,0.5,0.49998350074801,0.49999775348469,1727074639743
173,0.27236367372502,0.66666666666667,0.34542570790585,0.15664449688156,0.4999941348056,0.5,0.49998350074801,0.49999775348469,1727074639814
173,0.26856711980514,0.66666666666667,0.34542570790585,0.15664449688156,0.49999775566899,0.5,0.49998350074801,0.49999775348469,1727074639830
173,0.2619106927563,0.66666666666667,0.34542570790585,0.15664449688156,0.49998666217251,0.5,0.49998350074801,0.49999775348469,1727074639843
173,0.25526915209408,0.66666666666667,0.34542570790585,0.15664449688156,0.4999915206017,0.5,0.49998350074801,0.49999775348469,1727074639860
173,0.24476944001596,0.66666666666667,0.34542570790585,0.15664449688156,0.50000023316672,0.5,0.49998350074801,0.49999775348469,1727074639877
173,0.23426944066664,0.66666666666667,0.34542570790585,0.15664449688156,0.49999148143729,0.5,0.49998350074801,0.49999775348469,1727074639927
173,0.2304698025788,0.66666666666667,0.34542570790585,0.15664449688156,0.49999182935938,0.5,0.49998350074801,0.49999775348469,1727074639943
173,0.22382251841954,0.66666666666667,0.34542570790585,0.15664449688156,0.4999903995195,0.5,0.49998350074801,0.49999775348469,1727074639960
173,0.21332136041309,0.66666666666667,0.34542570790585,0.15664449688156,0.49999795743905,0.5,0.49998350074801,0.49999775348469,1727074640087
173,0.20667045426832,0.66666666666667,0.34542570790585,0.15664449688156,0.49999219032123,0.5,0.49998350074801,0.49999775348469,1727074640127
173,0.20287717926374,0.66666666666667,0.34542570790585,0.15664449688156,0.5000003118796,0.5,0.49998350074801,0.49999775348469,1727074640238
173,0.19623203328813,0.66666666666667,0.34542570790585,0.15664449688156,0.50000156176831,0.5,0.49998350074801,0.49999775348469,1727074640246
173,0.18958635292721,0.66666666666667,0.34542570790585,0.15664449688156,0.50000217922321,0.5,0.49998350074801,0.49999775348469,1727074640342
173,0.18579337297172,0.66666666666667,0.34542570790585,0.15664449688156,0.49999161602342,0.5,0.49998350074801,0.49999775348469,1727074640415
173,0.17529489938009,0.66666666666667,0.34542570790585,0.15664449688156,0.50000335971805,0.5,0.49998350074801,0.49999775348469,1727074640460
173,0.16865032439095,0.66666666666667,0.34542570790585,0.15664449688156,0.49998523190267,0.5,0.49998350074801,0.49999775348469,1727074640511
173,0.1648574512312,0.66666666666667,0.34542570790585,0.15664449688156,0.49999456822603,0.5,0.49998350074801,0.49999775348469,1727074640543
173,0.15821401463128,0.66666666666667,0.34542570790585,0.15664449688156,0.49999814971501,0.5,0.49998350074801,0.49999775348469,1727074640671
173,0.14771908559768,0.66666666666667,0.34542570790585,0.15664449688156,0.49999446710802,0.5,0.49998350074801,0.49999775348469,1727074640815
173,0.14107814114521,0.66666666666667,0.34542570790585,0.15664449688156,0.50000171719108,0.5,0.49998350074801,0.49999775348469,1727074640863
173,0.13728744927144,0.66666666666667,0.34542570790585,0.15664449688156,0.49999308370722,0.5,0.49998350074801,0.49999775348469,1727074640878
173,0.13064124923794,0.66666666666667,0.34542570790585,0.15664449688156,0.49999289604568,0.5,0.49998350074801,0.49999775348469,1727074640894
173,0.12014833583392,0.66666666666667,0.34542570790585,0.15664449688156,0.49999179246301,0.5,0.49998350074801,0.49999775348469,1727074641023
173,0.12682711726607,0.66666666666667,0.34542570790585,0.15664449688156,0.49999465686835,0.5,0.49998350074801,0.49999775348469,1727074641743
173,0.13351021081105,0.66666666666667,0.34542570790585,0.15664449688156,0.50000362056115,0.5,0.49998350074801,0.49999775348469,1727074641777
173,0.14018467678734,0.66666666666667,0.34542570790585,0.15664449688156,0.50000008676172,0.5,0.49998350074801,0.49999775348469,1727074641827
173,0.14408515627707,0.66666666666667,0.34542570790585,0.15664449688156,0.4999899950716,0.5,0.49998350074801,0.49999775348469,1727074641843
173,0.15077563304193,0.66666666666667,0.34542570790585,0.15664449688156,0.50000880729322,0.5,0.49998350074801,0.49999775348469,1727074641893
173,0.16128824314596,0.66666666666667,0.34542570790585,0.15664449688156,0.49999455149616,0.5,0.49998350074801,0.49999775348469,1727074641943
173,0.16796736218282,0.66666666666667,0.34542570790585,0.15664449688156,0.49999753519876,0.5,0.49998350074801,0.49999775348469,1727074641960
173,0.17464735841557,0.66666666666667,0.34542570790585,0.15664449688156,0.50000156391781,0.5,0.49998350074801,0.49999775348469,1727074642311
173,0.1813297428756,0.66666666666667,0.34542570790585,0.15664449688156,0.50000852044835,0.5,0.49998350074801,0.49999775348469,1727074642326
173,0.1813297428756,0.66666666666667,0.34542570790585,0.15664449688156,0.50000852044835,0.5,0.49998350074801,0.49999775348469,1727074642326
173,0.1813297428756,0.66666666666667,0.34542570790585,0.15664449688156,0.50000852044835,0.5,0.49998350074801,0.49999775348469,1727074643095
173,0.1813297428756,0.66666666666667,0.34542570790585,0.15664449688156,0.50000852044835,0.5,0.49998350074801,0.49999775348469,1727074644072
173,0.1813297428756,0.66000810959553,0.34542570790585,0.15664449688156,0.50000852044835,0.49999508680451,0.49998350074801,0.49999775348469,1727074644103
173,0.1813297428756,0.65335553561434,0.34542570790585,0.15664449688156,0.50000852044835,0.49999896890201,0.49998350074801,0.49999775348469,1727074644110
173,0.1813297428756,0.62684441174385,0.34542570790585,0.15664449688156,0.50000852044835,0.50000109537291,0.49998350074801,0.49999775348469,1727074644127
173,0.1813297428756,0.60033412308241,0.34542570790585,0.15664449688156,0.50000852044835,0.50000281291569,0.49998350074801,0.49999775348469,1727074644143
173,0.1813297428756,0.56327801358974,0.34542570790585,0.15664449688156,0.50000852044835,0.49999926073116,0.49998350074801,0.49999775348469,1727074644160
173,0.1813297428756,0.52894055312423,0.34542570790585,0.15664449688156,0.50000852044835,0.49999851959029,0.49998350074801,0.49999775348469,1727074644176
173,0.1813297428756,0.49849981741006,0.34542570790585,0.15664449688156,0.50000852044835,0.49999446851237,0.49998350074801,0.49999775348469,1727074644193
173,0.1813297428756,0.4746792049463,0.34542570790585,0.15664449688156,0.50000852044835,0.49999826397678,0.49998350074801,0.49999775348469,1727074644210
173,0.1813297428756,0.47086682962306,0.34542570790585,0.15664449688156,0.50000852044835,0.49999595325161,0.49998350074801,0.49999775348469,1727074644226
173,0.1813297428756,0.46421791769199,0.34542570790585,0.15664449688156,0.50000852044835,0.4999980446339,0.49998350074801,0.49999775348469,1727074644243
173,0.1813297428756,0.45371182321156,0.34542570790585,0.15664449688156,0.50000852044835,0.49999676361211,0.49998350074801,0.49999775348469,1727074644260
173,0.1813297428756,0.43654519574602,0.34542570790585,0.15664449688156,0.50000852044835,0.49999459211542,0.49998350074801,0.49999775348469,1727074644276
173,0.1813297428756,0.42604370857114,0.34542570790585,0.15664449688156,0.50000852044835,0.50000199417814,0.49998350074801,0.49999775348469,1727074644293
173,0.1813297428756,0.40886816922471,0.34542570790585,0.15664449688156,0.50000852044835,0.50000732508046,0.49998350074801,0.49999775348469,1727074644310
173,0.1813297428756,0.40222296951806,0.34542570790585,0.15664449688156,0.50000852044835,0.4999935884381,0.49998350074801,0.49999775348469,1727074644326
173,0.1813297428756,0.3984059986509,0.34542570790585,0.15664449688156,0.50000852044835,0.50000798074956,0.49998350074801,0.49999775348469,1727074644377
173,0.1813297428756,0.38790948937685,0.34542570790585,0.15664449688156,0.50000852044835,0.49999844683961,0.49998350074801,0.49999775348469,1727074644393
173,0.1813297428756,0.38125666256519,0.34542570790585,0.15664449688156,0.50000852044835,0.50000425853084,0.49998350074801,0.49999775348469,1727074644410
173,0.1813297428756,0.3774424937576,0.34542570790585,0.15664449688156,0.50000852044835,0.50000321609478,0.49998350074801,0.49999775348469,1727074644463
173,0.1813297428756,0.37080097557569,0.34542570790585,0.15664449688156,0.50000852044835,0.49999913359839,0.49998350074801,0.49999775348469,1727074644476
173,0.1813297428756,0.36414913014302,0.34542570790585,0.15664449688156,0.50000852044835,0.50000423362374,0.49998350074801,0.49999775348469,1727074644551
173,0.1813297428756,0.36033973152741,0.34542570790585,0.15664449688156,0.50000852044835,0.49999885280052,0.49998350074801,0.49999775348469,1727074644566
173,0.1813297428756,0.35369247434449,0.34542570790585,0.15664449688156,0.50000852044835,0.49999984780296,0.49998350074801,0.49999775348469,1727074644590
173,0.1813297428756,0.34704417957626,0.34542570790585,0.15664449688156,0.50000852044835,0.50000182310235,0.49998350074801,0.49999775348469,1727074644598
173,0.1813297428756,0.34038658861899,0.34542570790585,0.15664449688156,0.50000852044835,0.49999815730819,0.49998350074801,0.49999775348469,1727074644614
173,0.1813297428756,0.33374458578997,0.34542570790585,0.15664449688156,0.50000852044835,0.49999421584201,0.49998350074801,0.49999775348469,1727074644630
173,0.1813297428756,0.34041655756949,0.34542570790585,0.15664449688156,0.50000852044835,0.49999890469991,0.49998350074801,0.49999775348469,1727074645327
173,0.1813297428756,0.34709013035866,0.34542570790585,0.15664449688156,0.50000852044835,0.50000201046312,0.49998350074801,0.49999775348469,1727074645376
173,0.1813297428756,0.35376686497113,0.34542570790585,0.15664449688156,0.50000852044835,0.5000021603267,0.49998350074801,0.49999775348469,1727074645393
173,0.1813297428756,0.35764370561215,0.34542570790585,0.15664449688156,0.50000852044835,0.5000022213396,0.49998350074801,0.49999775348469,1727074645410
173,0.1813297428756,0.3643269221586,0.34542570790585,0.15664449688156,0.50000852044835,0.49999654908946,0.49998350074801,0.49999775348469,1727074645470
173,0.1813297428756,0.37099514851985,0.34542570790585,0.15664449688156,0.50000852044835,0.50000430722316,0.49998350074801,0.49999775348469,1727074645510
173,0.1813297428756,0.37766222306532,0.34542570790585,0.15664449688156,0.50000852044835,0.49999939865461,0.49998350074801,0.49999775348469,1727074645526
173,0.1813297428756,0.38155190706136,0.34542570790585,0.15664449688156,0.50000852044835,0.50000169277964,0.49998350074801,0.49999775348469,1727074645543
173,0.1813297428756,0.38821859395092,0.34542570790585,0.15664449688156,0.50000852044835,0.49999722759887,0.49998350074801,0.49999775348469,1727074645560
173,0.1813297428756,0.39210054243521,0.34542570790585,0.15664449688156,0.50000852044835,0.50000613912985,0.49998350074801,0.49999775348469,1727074645663
173,0.1813297428756,0.39877461409031,0.34542570790585,0.15664449688156,0.50000852044835,0.49999542525809,0.49998350074801,0.49999775348469,1727074645751
173,0.1813297428756,0.4054469117216,0.34542570790585,0.15664449688156,0.50000852044835,0.49999936251348,0.49998350074801,0.49999775348469,1727074645919
173,0.1813297428756,0.4054469117216,0.34542570790585,0.15664449688156,0.50000852044835,0.49999936251348,0.49998350074801,0.49999775348469,1727074646526
173,0.1813297428756,0.4054469117216,0.34542570790585,0.15664449688156,0.50000852044835,0.49999936251348,0.49998350074801,0.49999775348469,1727074647903
173,0.1746785087342,0.4054469117216,0.34542570790585,0.15664449688156,0.49998208572983,0.49999936251348,0.49998350074801,0.49999775348469,1727074647959
173,0.16803553903303,0.4054469117216,0.34542570790585,0.15664449688156,0.49998600052533,0.49999936251348,0.49998350074801,0.49999775348469,1727074648023
173,0.16140081687701,0.4054469117216,0.34542570790585,0.15664449688156,0.50000109471763,0.49999936251348,0.49998350074801,0.49999775348469,1727074648103
173,0.16140081687701,0.4054469117216,0.34542570790585,0.15664449688156,0.50000109471763,0.49999936251348,0.49998350074801,0.49999775348469,1727074648462
173,0.16140081687701,0.4054469117216,0.34542570790585,0.15664449688156,0.50000109471763,0.49999936251348,0.49998350074801,0.49999775348469,1727074650368
173,0.15475480436351,0.4054469117216,0.34542570790585,0.15664449688156,0.5000013052062,0.49999936251348,0.49998350074801,0.49999775348469,1727074650471
173,0.14810972628874,0.4054469117216,0.34542570790585,0.15664449688156,0.50000281679012,0.49999936251348,0.49998350074801,0.49999775348469,1727074650486
173,0.14146669279607,0.4054469117216,0.34542570790585,0.15664449688156,0.50000725918039,0.49999936251348,0.49998350074801,0.49999775348469,1727074650671
173,0.14146669279607,0.4054469117216,0.34542570790585,0.15664449688156,0.50000725918039,0.49999936251348,0.49998350074801,0.49999775348469,1727074650975
174,0.0,1.0,0.16666666666667,0.16666666666667,0.5,0.5,0.5,0.5,1727074655559
174,0.0,1.0,0.15944711779453,0.16666666666667,0.5,0.5,0.49999196670089,0.5,1727074655566
174,0.0,1.0,0.1496162989928,0.16666666666667,0.5,0.5,0.49998459163105,0.5,1727074655576
174,0.0,1.0,0.13978581387601,0.16666666666667,0.5,0.5,0.49997235274964,0.5,1727074655592
174,0.0,1.0,0.11289409088465,0.16666666666667,0.5,0.5,0.49998142710124,0.5,1727074655609
174,0.0,1.0,0.08360523189491,0.16666666666667,0.5,0.5,0.4999705528512,0.5,1727074655626
174,0.0,1.0,0.04945188196374,0.16666666666667,0.5,0.5,0.49999224135181,0.5,1727074655642
174,0.0,1.0,0.00121234668153,0.16666666666667,0.5,0.5,0.49998110686364,0.5,1727074655659
174,0.0,1.0,0.0,0.16666666666667,0.5,0.5,0.5,0.5,1727074655676
174,0.0,1.0,0.0,0.16666666666667,0.5,0.5,0.5,0.5,1727074655693
174,0.0,1.0,0.0,0.16666666666667,0.5,0.5,0.5,0.5,1727074655709
174,0.0,1.0,0.0,0.16666666666667,0.5,0.5,0.5,0.5,1727074655726
174,0.0,1.0,0.0,0.16666666666667,0.5,0.5,0.5,0.5,1727074655742
174,0.0,1.0,0.0,0.16666666666667,0.5,0.5,0.5,0.5,1727074655759
174,0.0,1.0,0.0,0.16666666666667,0.5,0.5,0.5,0.5,1727074655776
174,0.0,1.0,0.0,0.16666666666667,0.5,0.5,0.5,0.5,1727074655792
174,0.0,1.0,0.0,0.16666666666667,0.5,0.5,0.5,0.5,1727074655809
174,0.0,1.0,0.0,0.16666666666667,0.5,0.5,0.5,0.5,1727074655826
174,0.0,1.0,0.0,0.16666666666667,0.5,0.5,0.5,0.5,1727074655842
174,0.0,1.0,0.0,0.16666666666667,0.5,0.5,0.5,0.5,1727074655859
174,0.0,1.0,0.0,0.16666666666667,0.5,0.5,0.5,0.5,1727074655876
174,0.0,1.0,0.0,0.16666666666667,0.5,0.5,0.5,0.5,1727074655918
174,0.0,1.0,0.0,0.16666666666667,0.5,0.5,0.5,0.5,1727074657184
174,0.0,1.0,0.0,0.15617116648888,0.5,0.5,0.5,0.50000262750645,1727074657239
174,0.0,1.0,0.0,0.13519720033171,0.5,0.5,0.5,0.49999599285789,1727074657246
174,0.0,1.0,0.0,0.10752289735547,0.5,0.5,0.5,0.49999972309242,1727074657259
174,0.0,1.0,0.0,0.00735624211073,0.5,0.5,0.5,0.50000513280049,1727074657276
174,0.0,1.0,0.0,0.0,0.5,0.5,0.5,0.5,1727074657292
174,0.0,1.0,0.0,0.0,0.5,0.5,0.5,0.5,1727074657309
174,0.0,1.0,0.0,0.0,0.5,0.5,0.5,0.5,1727074657326
174,0.0,1.0,0.0,0.0,0.5,0.5,0.5,0.5,1727074657342
174,0.0,1.0,0.0,0.0,0.5,0.5,0.5,0.5,1727074657359
174,0.0,1.0,0.0,0.0,0.5,0.5,0.5,0.5,1727074657376
174,0.0,1.0,0.0,0.0,0.5,0.5,0.5,0.5,1727074657510
174,0.0,1.0,0.0,0.0,0.5,0.5,0.5,0.5,1727074659264
174,0.00393369813696,1.0,0.0,0.0,0.49998965789435,0.5,0.5,0.5,1727074659375
174,0.01736445796259,1.0,0.0,0.0,0.49999015802589,0.5,0.5,0.5,1727074659393
174,0.04798438894362,1.0,0.0,0.0,0.49999958104033,0.5,0.5,0.5,1727074659409
174,0.07859677317665,1.0,0.0,0.0,0.4999945859364,0.5,0.5,0.5,1727074659426
174,0.10919685561066,1.0,0.0,0.0,0.4999951736903,0.5,0.5,0.5,1727074659442
174,0.13978565826076,1.0,0.0,0.0,0.50000147508629,0.5,0.5,0.5,1727074659459
174,0.15993081944443,1.0,0.0,0.0,0.49998972187462,0.5,0.5,0.5,1727074659476
174,0.18684318659731,1.0,0.0,0.0,0.49999625510504,0.5,0.5,0.5,1727074659492
174,0.21070310264645,1.0,0.0,0.0,0.49999450748852,0.5,0.5,0.5,1727074659509
174,0.24127800169832,1.0,0.0,0.0,0.50000121046515,0.5,0.5,0.5,1727074659526
174,0.27184393146607,1.0,0.0,0.0,0.49999765205042,0.5,0.5,0.5,1727074659542
174,0.29569367217669,1.0,0.0,0.0,0.5000013785744,0.5,0.5,0.5,1727074659559
174,0.31955156018775,1.0,0.0,0.0,0.49999778717141,0.5,0.5,0.5,1727074659576
174,0.3463905175259,1.0,0.0,0.0,0.49999123397226,0.5,0.5,0.5,1727074659592
174,0.37322896279971,1.0,0.0,0.0,0.49999840197078,0.5,0.5,0.5,1727074659609
174,0.40757024705101,1.0,0.0,0.0,0.50000085208437,0.5,0.5,0.5,1727074659626
174,0.45472259012156,1.0,0.0,0.0,0.49999961915832,0.5,0.5,0.5,1727074659642
174,0.4919812098119,1.0,0.0,0.0,0.49999746948842,0.5,0.5,0.5,1727074659659
174,0.51582803725974,1.0,0.0,0.0,0.49999803321971,0.5,0.5,0.5,1727074659676
174,0.53589814466692,1.0,0.0,0.0,0.49999330205708,0.5,0.5,0.5,1727074659692
174,0.55974221181842,1.0,0.0,0.0,0.4999920785151,0.5,0.5,0.5,1727074659709
174,0.58653657180394,1.0,0.0,0.0,0.49999875454859,0.5,0.5,0.5,1727074659725
174,0.61707252403763,1.0,0.0,0.0,0.49999720286425,0.5,0.5,0.5,1727074659743
174,0.67148870607625,1.0,0.0,0.0,0.49999784514309,0.5,0.5,0.5,1727074659759
174,0.69826055916066,1.0,0.0,0.0,0.49999943062387,0.5,0.5,0.5,1727074659776
174,0.7154335826669,1.0,0.0,0.0,0.49999282097747,0.5,0.5,0.5,1727074659792
174,0.72879588074653,1.0,0.0,0.0,0.49999767973579,0.5,0.5,0.5,1727074659809
174,0.75263150099823,1.0,0.0,0.0,0.50000040238562,0.5,0.5,0.5,1727074659826
174,0.76597936995642,1.0,0.0,0.0,0.49999715352621,0.5,0.5,0.5,1727074659842
174,0.77934137375921,1.0,0.0,0.0,0.50000155982333,0.5,0.5,0.5,1727074659859
174,0.7965101640443,1.0,0.0,0.0,0.50000130217488,0.5,0.5,0.5,1727074659876
174,0.80317431822957,1.0,0.0,0.0,0.49999460950741,0.5,0.5,0.5,1727074659892
174,0.80984406603078,1.0,0.0,0.0,0.49999891392199,0.5,0.5,0.5,1727074659909
174,0.82701239349217,1.0,0.0,0.0,0.49999846882593,0.5,0.5,0.5,1727074659925
174,0.8470565583851,1.0,0.0,0.0,0.49999749724652,0.5,0.5,0.5,1727074659942
174,0.8872674618799,1.0,0.0,0.0,0.50000287157508,0.5,0.5,0.5,1727074659959
174,0.91110828164313,1.0,0.0,0.0,0.50000027983405,0.5,0.5,0.5,1727074659975
174,0.93494759791393,1.0,0.0,0.0,0.49999709283499,0.5,0.5,0.5,1727074659992
174,0.92444108463807,1.0,0.0,0.0,0.49999762031241,0.5,0.5,0.5,1727074660983
174,0.92061573378159,1.0,0.0,0.0,0.50000016444802,0.5,0.5,0.5,1727074661006
174,0.91396066920179,1.0,0.0,0.0,0.49999594466939,0.5,0.5,0.5,1727074661071
174,0.9073062446125,1.0,0.0,0.0,0.49999931033264,0.5,0.5,0.5,1727074661111
174,0.90348176577805,1.0,0.0,0.0,0.50000231466095,0.5,0.5,0.5,1727074661126
174,0.89683020693692,1.0,0.0,0.0,0.49999972968201,0.5,0.5,0.5,1727074661176
174,0.88632212343552,1.0,0.0,0.0,0.49999953738002,0.5,0.5,0.5,1727074661192
174,0.87581105522671,1.0,0.0,0.0,0.4999978798231,0.5,0.5,0.5,1727074661255
174,0.86916041940644,1.0,0.0,0.0,0.49999565927704,0.5,0.5,0.5,1727074661270
174,0.86532941736489,1.0,0.0,0.0,0.49999552928412,0.5,0.5,0.5,1727074661278
174,0.8586786597708,1.0,0.0,0.0,0.50000086363101,0.5,0.5,0.5,1727074661302
174,0.85485229285104,1.0,0.0,0.0,0.49999538637034,0.5,0.5,0.5,1727074661527
174,0.85485229285104,1.0,0.0,0.0,0.49999538637034,0.5,0.5,0.5,1727074661551
174,0.85485229285104,1.0,0.0,0.0,0.49999538637034,0.5,0.5,0.5,1727074662289
174,0.85485229285104,0.9933459676197,0.0,0.0,0.49999538637034,0.50000349353133,0.5,0.5,1727074662375
174,0.85485229285104,0.98669355312215,0.0,0.0,0.49999538637034,0.49999944477649,0.5,0.5,1727074662393
174,0.85485229285104,0.96287433233713,0.0,0.0,0.49999538637034,0.50000117765717,0.5,0.5,1727074662409
174,0.85485229285104,0.91524563707227,0.0,0.0,0.49999538637034,0.50000024450842,0.5,0.5,1727074662425
174,0.85485229285104,0.87039521270673,0.0,0.0,0.49999538637034,0.50000235575351,0.5,0.5,1727074662442
174,0.85485229285104,0.80955865882591,0.0,0.0,0.49999538637034,0.49999749578454,0.5,0.5,1727074662459
174,0.85485229285104,0.76471247256021,0.0,0.0,0.49999538637034,0.49999740272308,0.5,0.5,1727074662475
174,0.85485229285104,0.73425797837386,0.0,0.0,0.49999538637034,0.50000199417271,0.5,0.5,1727074662492
174,0.85485229285104,0.70658186863509,0.0,0.0,0.49999538637034,0.50000158309823,0.5,0.5,1727074662509
174,0.85485229285104,0.67223893386728,0.0,0.0,0.49999538637034,0.5000043162222,0.5,0.5,1727074662525
174,0.85485229285104,0.63790864284847,0.0,0.0,0.49999538637034,0.499999409781,0.5,0.5,1727074662542
174,0.85485229285104,0.56654222688999,0.0,0.0,0.49999538637034,0.50000784533964,0.5,0.5,1727074662559
174,0.85485229285104,0.5322148129915,0.0,0.0,0.49999538637034,0.50000040289803,0.5,0.5,1727074662575
174,0.85485229285104,0.51504160798175,0.0,0.0,0.49999538637034,0.5000032759903,0.5,0.5,1727074662592
174,0.85485229285104,0.50453667952856,0.0,0.0,0.49999538637034,0.50000130208906,0.5,0.5,1727074662609
174,0.85485229285104,0.48736245877805,0.0,0.0,0.49999538637034,0.50000506345295,0.5,0.5,1727074662625
174,0.85485229285104,0.47686324556813,0.0,0.0,0.49999538637034,0.49999870515281,0.5,0.5,1727074662642
174,0.85485229285104,0.45587211078345,0.0,0.0,0.49999538637034,0.50000375869713,0.5,0.5,1727074662659
174,0.85485229285104,0.43205539941856,0.0,0.0,0.49999538637034,0.50000496240748,0.5,0.5,1727074662676
174,0.85485229285104,0.39772436107986,0.0,0.0,0.49999538637034,0.49999890695402,0.5,0.5,1727074662692
174,0.85485229285104,0.38444425268879,0.0,0.0,0.49999538637034,0.50000165209703,0.5,0.5,1727074662709
174,0.85485229285104,0.37394588758777,0.0,0.0,0.49999538637034,0.49999343823314,0.5,0.5,1727074662726
174,0.85485229285104,0.36344047956521,0.0,0.0,0.49999538637034,0.50000509976097,0.5,0.5,1727074662742
174,0.85485229285104,0.34626770909587,0.0,0.0,0.49999538637034,0.50000851957433,0.5,0.5,1727074662759
174,0.85485229285104,0.34246277388105,0.0,0.0,0.49999538637034,0.49999885035436,0.5,0.5,1727074662775
174,0.85485229285104,0.33581138005038,0.0,0.0,0.49999538637034,0.50000376884949,0.5,0.5,1727074662809
174,0.85485229285104,0.33200812917068,0.0,0.0,0.49999538637034,0.50000687300466,0.5,0.5,1727074662826
174,0.85485229285104,0.32535649411218,0.0,0.0,0.49999538637034,0.49999746262563,0.5,0.5,1727074662842
174,0.85485229285104,0.30819324723734,0.0,0.0,0.49999538637034,0.50000666973439,0.5,0.5,1727074662859
174,0.85485229285104,0.29102304618839,0.0,0.0,0.49999538637034,0.50000787017581,0.5,0.5,1727074662875
174,0.85485229285104,0.26721714878388,0.0,0.0,0.49999538637034,0.49999811948119,0.5,0.5,1727074662892
174,0.85485229285104,0.26056669576509,0.0,0.0,0.49999538637034,0.50000273739396,0.5,0.5,1727074662909
174,0.85485229285104,0.26724310172634,0.0,0.0,0.49999538637034,0.50000325325453,0.5,0.5,1727074664247
174,0.85485229285104,0.2777557264757,0.0,0.0,0.49999538637034,0.49999803569124,0.5,0.5,1727074664271
174,0.85485229285104,0.28442986067999,0.0,0.0,0.49999538637034,0.50000093728003,0.5,0.5,1727074664279
174,0.85485229285104,0.30160023172451,0.0,0.0,0.49999538637034,0.49999976838943,0.5,0.5,1727074664292
174,0.85485229285104,0.31211624536753,0.0,0.0,0.49999538637034,0.50000670046742,0.5,0.5,1727074664309
174,0.85485229285104,0.33315888764918,0.0,0.0,0.49999538637034,0.50000977860057,0.5,0.5,1727074664325
174,0.85485229285104,0.33983939243581,0.0,0.0,0.49999538637034,0.49999193982186,0.5,0.5,1727074664343
174,0.85485229285104,0.3437193000778,0.0,0.0,0.49999538637034,0.50000350718948,0.5,0.5,1727074664359
174,0.85485229285104,0.35039237143122,0.0,0.0,0.49999538637034,0.50000700518448,0.5,0.5,1727074664423
174,0.85485229285104,0.35707382265886,0.0,0.0,0.49999538637034,0.50000281572257,0.5,0.5,1727074666047
174,0.85485229285104,0.36374085840587,0.0,0.0,0.49999538637034,0.49999784687397,0.5,0.5,1727074666063
174,0.85485229285104,0.36762177240881,0.0,0.0,0.49999538637034,0.50000803116113,0.5,0.5,1727074666109
174,0.85485229285104,0.37429060842555,0.0,0.0,0.49999538637034,0.5000015006717,0.5,0.5,1727074666199
174,0.85485229285104,0.37817958201671,0.0,0.0,0.49999538637034,0.50000441759803,0.5,0.5,1727074666242
174,0.85485229285104,0.37153018561509,0.0,0.0,0.49999538637034,0.49999369424055,0.5,0.5,1727074667039
174,0.85485229285104,0.36487763389448,0.0,0.0,0.49999538637034,0.4999993626469,0.5,0.5,1727074667075
174,0.85485229285104,0.35822304985731,0.0,0.0,0.49999538637034,0.50000699730566,0.5,0.5,1727074667143
174,0.85485229285104,0.35157842203686,0.0,0.0,0.49999538637034,0.50000567603036,0.5,0.5,1727074667247
174,0.85485229285104,0.34492731258865,0.0,0.0,0.49999538637034,0.50001033194685,0.5,0.5,1727074667439
174,0.85485229285104,0.33827889133627,0.0,0.0,0.49999538637034,0.49999815536862,0.5,0.5,1727074667475
174,0.85485229285104,0.33827889133627,0.0,0.0,0.49999538637034,0.49999815536862,0.5,0.5,1727074667823
174,0.85485229285104,0.33827889133627,0.0,0.0,0.49999538637034,0.49999815536862,0.5,0.5,1727074673360
174,0.85485229285104,0.33827889133627,0.0,0.0,0.49999538637034,0.49999815536862,0.5,0.5,1727074675377
174,0.85872352483272,0.33827889133627,0.0,0.0,0.50000022272953,0.49999815536862,0.5,0.5,1727074675423
174,0.86538319753452,0.33827889133627,0.0,0.0,0.4999992991629,0.49999815536862,0.5,0.5,1727074675527
174,0.87589980630232,0.33827889133627,0.0,0.0,0.49999613838842,0.49999815536862,0.5,0.5,1727074675575
174,0.88256920768536,0.33827889133627,0.0,0.0,0.49999998876291,0.49999815536862,0.5,0.5,1727074675591
174,0.88923774403326,0.33827889133627,0.0,0.0,0.49999593010451,0.49999815536862,0.5,0.5,1727074675687
174,0.88923774403326,0.33827889133627,0.0,0.0,0.49999593010451,0.49999815536862,0.5,0.5,1727074675951
174,0.88923774403326,0.33827889133627,0.0,0.0,0.49999593010451,0.49999815536862,0.5,0.5,1727074676304
174,0.88257895001729,0.33827889133627,0.0,0.0,0.49999724214959,0.49999815536862,0.5,0.5,1727074676463
174,0.87592694878101,0.33827889133627,0.0,0.0,0.50000189591867,0.49999815536862,0.5,0.5,1727074676475
174,0.869270838427,0.33827889133627,0.0,0.0,0.49999700282879,0.49999815536862,0.5,0.5,1727074676525
174,0.869270838427,0.33827889133627,0.0,0.0,0.49999700282879,0.49999815536862,0.5,0.5,1727074676902
175,0.5,0.0,1.0,0.16666666666667,0.5,0.5,0.5,0.5,1727074679128
175,0.5,0.0,0.99277279680301,0.16666666666667,0.5,0.5,0.49999393621476,0.5,1727074679191
175,0.5,0.0,0.98555332179978,0.16666666666667,0.5,0.5,0.49999151453302,0.5,1727074679208
175,0.5,0.0,0.95668132848283,0.16666666666667,0.5,0.5,0.49999144957471,0.5,1727074679224
175,0.5,0.0,0.92061381230392,0.16666666666667,0.5,0.5,0.49999152534071,0.5,1727074679241
175,0.5,0.0,0.88454592374374,0.16666666666667,0.5,0.5,0.49999332817259,0.5,1727074679258
175,0.5,0.0,0.84848622847636,0.16666666666667,0.5,0.5,0.49999521451679,0.5,1727074679274
175,0.5,0.0,0.8124257809371,0.16666666666667,0.5,0.5,0.50000094436068,0.5,1727074679291
175,0.5,0.0,0.78356289543628,0.16666666666667,0.5,0.5,0.4999964518847,0.5,1727074679307
175,0.5,0.0,0.74751300006241,0.16666666666667,0.5,0.5,0.49999015242831,0.5,1727074679324
175,0.5,0.0,0.71865666985232,0.16666666666667,0.5,0.5,0.49999387097252,0.5,1727074679341
175,0.5,0.0,0.68260593508285,0.16666666666667,0.5,0.5,0.49999175612402,0.5,1727074679357
175,0.5,0.0,0.65375001136865,0.16666666666667,0.5,0.5,0.49999343279814,0.5,1727074679374
175,0.5,0.0,0.59340384457447,0.16666666666667,0.5,0.5,0.49998737049742,0.5,1727074679391
175,0.5,0.0,0.56909173750377,0.16666666666667,0.5,0.5,0.49998531698493,0.5,1727074679407
175,0.5,0.0,0.54024377840363,0.16666666666667,0.5,0.5,0.49998846937622,0.5,1727074679424
175,0.5,0.0,0.51592908109473,0.16666666666667,0.5,0.5,0.50000405348106,0.5,1727074679441
175,0.5,0.0,0.50149015885514,0.16666666666667,0.5,0.5,0.49999609074862,0.5,1727074679457
175,0.5,0.0,0.49426995685131,0.16666666666667,0.5,0.5,0.49999721693475,0.5,1727074679474
175,0.5,0.0,0.48442215472649,0.16666666666667,0.5,0.5,0.4999976421546,0.5,1727074679507
175,0.5,0.0,0.47720101686941,0.16666666666667,0.5,0.5,0.50000556307516,0.5,1727074679524
175,0.5,0.0,0.46276329565465,0.16666666666667,0.5,0.5,0.49998835651762,0.5,1727074679541
175,0.5,0.0,0.46016720430734,0.16666666666667,0.5,0.5,0.49999669853775,0.5,1727074679557
175,0.5,0.0,0.45294793485386,0.16666666666667,0.5,0.5,0.49999093602161,0.5,1727074679574
175,0.5,0.0,0.44571998224283,0.16666666666667,0.5,0.5,0.49998880352356,0.5,1727074679591
175,0.5,0.0,0.43587909663443,0.16666666666667,0.5,0.5,0.49999885007485,0.5,1727074679607
175,0.5,0.0,0.42865219848176,0.16666666666667,0.5,0.5,0.49998859529229,0.5,1727074679624
175,0.5,0.0,0.4115677383478,0.16666666666667,0.5,0.5,0.49999079042629,0.5,1727074679641
175,0.5,0.0,0.40434904666018,0.16666666666667,0.5,0.5,0.4999799017573,0.5,1727074679657
175,0.5,0.0,0.39711976018892,0.16666666666667,0.5,0.5,0.49998830145035,0.5,1727074679674
175,0.5,0.0,0.39453313643893,0.16666666666667,0.5,0.5,0.49998705910229,0.5,1727074679691
175,0.5,0.0,0.38731029326276,0.16666666666667,0.5,0.5,0.5000100179748,0.5,1727074679707
175,0.5,0.0,0.38471834864326,0.16666666666667,0.5,0.5,0.49998515881622,0.5,1727074679724
175,0.5,0.0,0.37749619470406,0.16666666666667,0.5,0.5,0.50000269121785,0.5,1727074680303
175,0.5,0.0,0.36306583487632,0.16666666666667,0.5,0.5,0.49998967663281,0.5,1727074680341
175,0.5,0.0,0.35583664233291,0.16666666666667,0.5,0.5,0.49999795194627,0.5,1727074680358
175,0.5,0.0,0.34861810409745,0.16666666666667,0.5,0.5,0.49998479071034,0.5,1727074680375
175,0.5,0.0,0.34139853330225,0.16666666666667,0.5,0.5,0.49998046965844,0.5,1727074680391
175,0.5,0.0,0.33417064007891,0.16666666666667,0.5,0.5,0.4999772670644,0.5,1727074680407
175,0.5,0.0,0.32432925891927,0.16666666666667,0.5,0.5,0.49999359453563,0.5,1727074680424
175,0.5,0.0,0.31711018250763,0.16666666666667,0.5,0.5,0.49998462615406,0.5,1727074680441
175,0.5,0.0,0.30267548578354,0.16666666666667,0.5,0.5,0.50001089352853,0.5,1727074680457
175,0.5,0.0,0.29545732088153,0.16666666666667,0.5,0.5,0.49999302915066,0.5,1727074680507
175,0.5,0.0,0.30269493663537,0.16666666666667,0.5,0.5,0.49998166230284,0.5,1727074681647
175,0.5,0.0,0.309923441779,0.16666666666667,0.5,0.5,0.49997925379641,0.5,1727074681671
175,0.5,0.0,0.31980410512825,0.16666666666667,0.5,0.5,0.49997793727724,0.5,1727074681839
175,0.5,0.0,0.32968201276835,0.16666666666667,0.5,0.5,0.50000160988472,0.5,1727074681874
175,0.5,0.0,0.33691288782955,0.16666666666667,0.5,0.5,0.4999778784824,0.5,1727074683207
175,0.5,0.0,0.33958844604335,0.16666666666667,0.5,0.5,0.49998917634455,0.5,1727074683225
175,0.5,0.0,0.34682436973853,0.16666666666667,0.5,0.5,0.49999357303598,0.5,1727074683257
175,0.5,0.0,0.34950131635697,0.16666666666667,0.5,0.5,0.49999246194701,0.5,1727074683274
175,0.5,0.0,0.35217026918991,0.16666666666667,0.5,0.5,0.49998968584367,0.5,1727074683423
175,0.5,0.0,0.35940647917675,0.16666666666667,0.5,0.5,0.49999152062823,0.5,1727074684071
175,0.5,0.0,0.36208529530356,0.16666666666667,0.5,0.5,0.49997441483871,0.5,1727074684079
175,0.5,0.0,0.35485826705385,0.16666666666667,0.5,0.5,0.49996374598164,0.5,1727074685439
175,0.5,0.0,0.35485826705385,0.16666666666667,0.5,0.5,0.49996374598164,0.5,1727074685807
175,0.5,0.0,0.35485826705385,0.16666666666667,0.5,0.5,0.49996374598164,0.5,1727074687535
175,0.50667859190297,0.0,0.35485826705385,0.16666666666667,0.50000121593459,0.5,0.49996374598164,0.5,1727074687639
175,0.51334614750236,0.0,0.35485826705385,0.16666666666667,0.50000555119967,0.5,0.49996374598164,0.5,1727074687646
175,0.52001844497912,0.0,0.35485826705385,0.16666666666667,0.50000219120182,0.5,0.49996374598164,0.5,1727074687671
175,0.52668906974051,0.0,0.35485826705385,0.16666666666667,0.49999770155436,0.5,0.49996374598164,0.5,1727074687686
175,0.53336339235433,0.0,0.35485826705385,0.16666666666667,0.50000671857469,0.5,0.49996374598164,0.5,1727074687702
175,0.54003047717369,0.0,0.35485826705385,0.16666666666667,0.49999979618573,0.5,0.49996374598164,0.5,1727074687767
175,0.5362157932808,0.0,0.35485826705385,0.16666666666667,0.50000028657407,0.5,0.49996374598164,0.5,1727074688063
175,0.53239461080363,0.0,0.35485826705385,0.16666666666667,0.50000704344264,0.5,0.49996374598164,0.5,1727074688079
175,0.52573963200521,0.0,0.35485826705385,0.16666666666667,0.50000083186674,0.5,0.49996374598164,0.5,1727074688090
175,0.51145083243557,0.0,0.35485826705385,0.16666666666667,0.50000338753181,0.5,0.49996374598164,0.5,1727074688107
175,0.50762956090164,0.0,0.35485826705385,0.16666666666667,0.49999912069569,0.5,0.49996374598164,0.5,1727074688124
175,0.49712691513718,0.0,0.35485826705385,0.16666666666667,0.50000283233881,0.5,0.49996374598164,0.5,1727074688140
175,0.49047889591001,0.0,0.35485826705385,0.16666666666667,0.50000146888641,0.5,0.49996374598164,0.5,1727074688157
175,0.48666232250163,0.0,0.35485826705385,0.16666666666667,0.50000058678698,0.5,0.49996374598164,0.5,1727074688223
175,0.4800070246189,0.0,0.35485826705385,0.16666666666667,0.50000530524916,0.5,0.49996374598164,0.5,1727074688241
175,0.47619395482297,0.0,0.35485826705385,0.16666666666667,0.50000709051787,0.5,0.49996374598164,0.5,1727074688270
175,0.4656968807137,0.0,0.35485826705385,0.16666666666667,0.50000352277093,0.5,0.49996374598164,0.5,1727074688307
175,0.46187475513387,0.0,0.35485826705385,0.16666666666667,0.49999832098232,0.5,0.49996374598164,0.5,1727074688324
175,0.44470685168503,0.0,0.35485826705385,0.16666666666667,0.49999933287023,0.5,0.49996374598164,0.5,1727074688341
175,0.4408974313082,0.0,0.35485826705385,0.16666666666667,0.50000408858667,0.5,0.49996374598164,0.5,1727074688357
175,0.44756511510001,0.0,0.35485826705385,0.16666666666667,0.49999674712868,0.5,0.49996374598164,0.5,1727074689599
175,0.44756511510001,0.0,0.35485826705385,0.16666666666667,0.49999674712868,0.5,0.49996374598164,0.5,1727074689815
175,0.44756511510001,0.0,0.35485826705385,0.16666666666667,0.49999674712868,0.5,0.49996374598164,0.5,1727074691048
175,0.44756511510001,0.0,0.35485826705385,0.17056666038159,0.49999674712868,0.5,0.49996374598164,0.4999966304261,1727074691119
175,0.44756511510001,0.0,0.35485826705385,0.18395321082917,0.49999674712868,0.5,0.49996374598164,0.49999919283239,1727074691126
175,0.44756511510001,0.0,0.35485826705385,0.19734678077038,0.49999674712868,0.5,0.49996374598164,0.49999129230283,1727074691140
175,0.44756511510001,0.0,0.35485826705385,0.24143795207602,0.49999674712868,0.5,0.49996374598164,0.50000805819026,1727074691157
175,0.44756511510001,0.0,0.35485826705385,0.31630553985438,0.49999674712868,0.5,0.49996374598164,0.49999790446965,1727074691174
175,0.44756511510001,0.0,0.35485826705385,0.42881427218289,0.49999674712868,0.5,0.49996374598164,0.49999909648878,1727074691190
175,0.44756511510001,0.0,0.35485826705385,0.57555662507803,0.49999674712868,0.5,0.49996374598164,0.50000185583914,1727074691207
175,0.44756511510001,0.0,0.35485826705385,0.62998386133805,0.49999674712868,0.5,0.49996374598164,0.49999952757346,1727074691223
175,0.44756511510001,0.0,0.35485826705385,0.66349274020426,0.49999674712868,0.5,0.49996374598164,0.500000261038,1727074691240
175,0.44756511510001,0.0,0.35485826705385,0.68066787488795,0.49999674712868,0.5,0.49996374598164,0.50000375370321,1727074691257
175,0.44756511510001,0.0,0.35485826705385,0.6873364256094,0.49999674712868,0.5,0.49996374598164,0.49999880249303,1727074691273
175,0.44756511510001,0.0,0.35485826705385,0.68067272218526,0.49999674712868,0.5,0.49996374598164,0.49999751139723,1727074691767
175,0.44756511510001,0.0,0.35485826705385,0.65685987555624,0.49999674712868,0.5,0.49996374598164,0.49999898903016,1727074691807
175,0.44756511510001,0.0,0.35485826705385,0.65020970800096,0.49999674712868,0.5,0.49996374598164,0.49999652338243,1727074691831
175,0.44756511510001,0.0,0.35485826705385,0.64638784401132,0.49999674712868,0.5,0.49996374598164,0.50000198578567,1727074691855
175,0.44756511510001,0.0,0.35485826705385,0.63973696593476,0.49999674712868,0.5,0.49996374598164,0.49999907324325,1727074691903
175,0.44756511510001,0.0,0.35485826705385,0.63307650645661,0.49999674712868,0.5,0.49996374598164,0.49999973989247,1727074691940
175,0.44756511510001,0.0,0.35485826705385,0.62925884805538,0.49999674712868,0.5,0.49996374598164,0.49999831301165,1727074691957
175,0.44756511510001,0.0,0.35485826705385,0.62260659200126,0.49999674712868,0.5,0.49996374598164,0.49999444465532,1727074693103
175,0.44756511510001,0.0,0.35485826705385,0.62260659200126,0.49999674712868,0.5,0.49996374598164,0.49999444465532,1727074693343
175,0.44756511510001,0.0,0.35485826705385,0.62260659200126,0.49999674712868,0.5,0.49996374598164,0.49999444465532,1727074695536
175,0.44756511510001,0.0,0.35485826705385,0.62260659200126,0.49999674712868,0.5,0.49996374598164,0.49999444465532,1727074696191
175,0.44756511510001,0.0,0.35485826705385,0.62260659200126,0.49999674712868,0.5,0.49996374598164,0.49999444465532,1727074699648
175,0.44756511510001,0.0,0.34763562867191,0.62260659200126,0.49999674712868,0.5,0.49998614838225,0.49999444465532,1727074699799
175,0.44756511510001,0.0,0.34041543733299,0.62260659200126,0.49999674712868,0.5,0.49998735165105,0.49999444465532,1727074699823
175,0.44756511510001,0.0,0.33318690017079,0.62260659200126,0.49999674712868,0.5,0.49999002271415,0.49999444465532,1727074699873
175,0.44756511510001,0.0,0.32596689820171,0.62260659200126,0.49999674712868,0.5,0.49998957953219,0.49999444465532,1727074701247
175,0.44756511510001,0.0,0.32596689820171,0.62260659200126,0.49999674712868,0.5,0.49998957953219,0.49999444465532,1727074701719
176,0.83333333333333,1.0,0.83333333333333,0.66666666666667,0.5,0.5,0.5,0.5,1727074704856
176,0.83333333333333,1.0,0.83333333333333,0.66666666666667,0.5,0.5,0.5,0.5,1727074705600
176,0.83333333333333,1.0,0.83333333333333,0.66666666666667,0.5,0.5,0.5,0.5,1727074706496
176,0.83333333333333,1.0,0.82610868737028,0.66666666666667,0.5,0.5,0.49998079856803,0.5,1727074706583
176,0.83333333333333,1.0,0.81888499002764,0.66666666666667,0.5,0.5,0.49999863818787,0.5,1727074706591
176,0.83333333333333,1.0,0.81165875633705,0.66666666666667,0.5,0.5,0.49998879740063,0.5,1727074706606
176,0.83333333333333,1.0,0.77117874614389,0.66666666666667,0.5,0.5,0.49999002291745,0.5,1727074706623
176,0.83333333333333,1.0,0.75500315266323,0.66666666666667,0.5,0.5,0.49999033922728,0.5,1727074706639
176,0.83333333333333,1.0,0.71176410821349,0.66666666666667,0.5,0.5,0.49999363099959,0.5,1727074706656
176,0.83333333333333,1.0,0.68415948286604,0.66666666666667,0.5,0.5,0.50000181861518,0.5,1727074706673
176,0.83333333333333,1.0,0.65370867404484,0.66666666666667,0.5,0.5,0.49999579806272,0.5,1727074706689
176,0.83333333333333,1.0,0.6347849150967,0.66666666666667,0.5,0.5,0.49998246280878,0.5,1727074706706
176,0.83333333333333,1.0,0.60867928596133,0.66666666666667,0.5,0.5,0.4999851669891,0.5,1727074706723
176,0.83333333333333,1.0,0.58976073602317,0.66666666666667,0.5,0.5,0.49998947877504,0.5,1727074706739
176,0.83333333333333,1.0,0.57802788382318,0.66666666666667,0.5,0.5,0.5000041505432,0.5,1727074706756
176,0.83333333333333,1.0,0.56629929267672,0.66666666666667,0.5,0.5,0.49999185338237,0.5,1727074706773
176,0.83333333333333,1.0,0.54465493476603,0.66666666666667,0.5,0.5,0.49999572027778,0.5,1727074706789
176,0.83333333333333,1.0,0.53742835064656,0.66666666666667,0.5,0.5,0.49998476078578,0.5,1727074706806
176,0.83333333333333,1.0,0.52299404122473,0.66666666666667,0.5,0.5,0.50000091474226,0.5,1727074706823
176,0.83333333333333,1.0,0.51126686963322,0.66666666666667,0.5,0.5,0.49997789429678,0.5,1727074706839
176,0.83333333333333,1.0,0.50404558229834,0.66666666666667,0.5,0.5,0.49998638406251,0.5,1727074706856
176,0.83333333333333,1.0,0.49232337056186,0.66666666666667,0.5,0.5,0.49998535102733,0.5,1727074706872
176,0.83333333333333,1.0,0.48510096413716,0.66666666666667,0.5,0.5,0.50000212117374,0.5,1727074706889
176,0.83333333333333,1.0,0.48056824968978,0.66666666666667,0.5,0.5,0.49998547068744,0.5,1727074706906
176,0.83333333333333,1.0,0.48323773117033,0.66666666666667,0.5,0.5,0.49997943321961,0.5,1727074706923
176,0.83333333333333,1.0,0.47601586681628,0.66666666666667,0.5,0.5,0.49999243642737,0.5,1727074706939
176,0.83333333333333,1.0,0.46878691567184,0.66666666666667,0.5,0.5,0.49999767687771,0.5,1727074706956
176,0.83333333333333,1.0,0.46156652847307,0.66666666666667,0.5,0.5,0.50000023659922,0.5,1727074706975
176,0.83333333333333,1.0,0.45703351510561,0.66666666666667,0.5,0.5,0.49998523825163,0.5,1727074707023
176,0.83333333333333,1.0,0.4498123173327,0.66666666666667,0.5,0.5,0.49999379028993,0.5,1727074707047
176,0.83333333333333,1.0,0.44259113216518,0.66666666666667,0.5,0.5,0.50000242526718,0.5,1727074707089
176,0.83333333333333,1.0,0.44526187299233,0.66666666666667,0.5,0.5,0.49998648832309,0.5,1727074707106
176,0.83333333333333,1.0,0.43082133307489,0.66666666666667,0.5,0.5,0.49998979438086,0.5,1727074707123
176,0.83333333333333,1.0,0.42360020153618,0.66666666666667,0.5,0.5,0.49999821215606,0.5,1727074707173
176,0.83333333333333,1.0,0.4163742375995,0.66666666666667,0.5,0.5,0.4999804053049,0.5,1727074707311
176,0.83333333333333,1.0,0.41185412141514,0.66666666666667,0.5,0.5,0.49999179598801,0.5,1727074707356
176,0.83333333333333,1.0,0.4046242668567,0.66666666666667,0.5,0.5,0.50000478453256,0.5,1727074707373
176,0.83333333333333,1.0,0.39740432349681,0.66666666666667,0.5,0.5,0.50000407983567,0.5,1727074707389
176,0.83333333333333,1.0,0.40007424507839,0.66666666666667,0.5,0.5,0.49999364099833,0.5,1727074707406
176,0.83333333333333,1.0,0.39285510706701,0.66666666666667,0.5,0.5,0.49998623263543,0.5,1727074707423
176,0.83333333333333,1.0,0.3856283379785,0.66666666666667,0.5,0.5,0.49997407506774,0.5,1727074707439
176,0.83333333333333,1.0,0.38830542885155,0.66666666666667,0.5,0.5,0.49997192750693,0.5,1727074707463
176,0.83333333333333,1.0,0.38108133963884,0.66666666666667,0.5,0.5,0.50000529975401,0.5,1727074707473
176,0.83333333333333,1.0,0.37385427609654,0.66666666666667,0.5,0.5,0.49999560993113,0.5,1727074707495
176,0.83333333333333,1.0,0.37653147711131,0.66666666666667,0.5,0.5,0.49999240748534,0.5,1727074707903
176,0.83333333333333,1.0,0.39631171680721,0.66666666666667,0.5,0.5,0.49996905453891,0.5,1727074707939
176,0.83333333333333,1.0,0.41340323150333,0.66666666666667,0.5,0.5,0.49997631788904,0.5,1727074707956
176,0.83333333333333,1.0,0.42328225196863,0.66666666666667,0.5,0.5,0.49998805038981,0.5,1727074707972
176,0.83333333333333,1.0,0.4403675533777,0.66666666666667,0.5,0.5,0.49997956619311,0.5,1727074707989
176,0.83333333333333,1.0,0.45024814831137,0.66666666666667,0.5,0.5,0.49997900316344,0.5,1727074708006
176,0.83333333333333,1.0,0.46011910008762,0.66666666666667,0.5,0.5,0.49998922278396,0.5,1727074708023
176,0.83333333333333,1.0,0.4772133720966,0.66666666666667,0.5,0.5,0.49997547970813,0.5,1727074708039
176,0.83333333333333,1.0,0.47987095389922,0.66666666666667,0.5,0.5,0.49999614899968,0.5,1727074708056
176,0.83333333333333,1.0,0.48710956276126,0.66666666666667,0.5,0.5,0.49998052577452,0.5,1727074708073
176,0.83333333333333,1.0,0.49434299515853,0.66666666666667,0.5,0.5,0.5000016974757,0.5,1727074708123
176,0.83333333333333,1.0,0.49700494298566,0.66666666666667,0.5,0.5,0.49999113095861,0.5,1727074708139
176,0.83333333333333,1.0,0.50423964434669,0.66666666666667,0.5,0.5,0.50000309511585,0.5,1727074708156
176,0.83333333333333,1.0,0.51411264994631,0.66666666666667,0.5,0.5,0.4999981776113,0.5,1727074708173
176,0.83333333333333,1.0,0.51678183602743,0.66666666666667,0.5,0.5,0.49999438139547,0.5,1727074710287
176,0.83333333333333,1.0,0.51944284153392,0.66666666666667,0.5,0.5,0.49999057455616,0.5,1727074710479
176,0.83333333333333,1.0,0.51222275829975,0.66666666666667,0.5,0.5,0.49999080433392,0.5,1727074710503
176,0.83333333333333,1.0,0.51222275829975,0.66666666666667,0.5,0.5,0.49999080433392,0.5,1727074710943
176,0.83333333333333,1.0,0.51222275829975,0.66666666666667,0.5,0.5,0.49999080433392,0.5,1727074712648
176,0.82282634622122,1.0,0.51222275829975,0.66666666666667,0.49999772699963,0.5,0.49999080433392,0.5,1727074712728
176,0.80851599743852,1.0,0.51222275829975,0.66666666666667,0.49999631264075,0.5,0.49999080433392,0.5,1727074712739
176,0.78084535129393,1.0,0.51222275829975,0.66666666666667,0.49999957076947,0.5,0.49999080433392,0.5,1727074712756
176,0.73887219130785,1.0,0.51222275829975,0.66666666666667,0.49999736188038,0.5,0.49999080433392,0.5,1727074712773
176,0.70738728973336,1.0,0.51222275829975,0.66666666666667,0.50000154007171,0.5,0.49999080433392,0.5,1727074712789
176,0.66542697033178,1.0,0.51222275829975,0.66666666666667,0.49999771205755,0.5,0.49999080433392,0.5,1727074712806
176,0.62724449469655,1.0,0.51222275829975,0.66666666666667,0.49999895726062,0.5,0.49999080433392,0.5,1727074712822
176,0.57111992112784,1.0,0.51222275829975,0.66666666666667,0.49999788108629,0.5,0.49999080433392,0.5,1727074712839
176,0.55394947911869,1.0,0.51222275829975,0.66666666666667,0.49999700519141,0.5,0.49999080433392,0.5,1727074712856
176,0.52918730734336,1.0,0.51222275829975,0.66666666666667,0.49999101904344,0.5,0.49999080433392,0.5,1727074712872
176,0.49771909682721,1.0,0.51222275829975,0.66666666666667,0.49999706528316,0.5,0.49999080433392,0.5,1727074712889
176,0.46624335236074,1.0,0.51222275829975,0.66666666666667,0.49999784355299,0.5,0.49999080433392,0.5,1727074712905
176,0.44525053133096,1.0,0.51222275829975,0.66666666666667,0.5000034713118,0.5,0.49999080433392,0.5,1727074712922
176,0.43096286156614,1.0,0.51222275829975,0.66666666666667,0.49999484328535,0.5,0.49999080433392,0.5,1727074712939
176,0.42715097208439,1.0,0.51222275829975,0.66666666666667,0.49999765996256,0.5,0.49999080433392,0.5,1727074712956
176,0.42333782528437,1.0,0.51222275829975,0.66666666666667,0.49999947903512,0.5,0.49999080433392,0.5,1727074712975
176,0.40616835163449,1.0,0.51222275829975,0.66666666666667,0.49999926132903,0.5,0.49999080433392,0.5,1727074713022
176,0.40234741229125,1.0,0.51222275829975,0.66666666666667,0.49999456243699,0.5,0.49999080433392,0.5,1727074713039
176,0.39570336673416,1.0,0.51222275829975,0.66666666666667,0.49999630663794,0.5,0.49999080433392,0.5,1727074713063
176,0.39189228488689,1.0,0.51222275829975,0.66666666666667,0.4999999804121,0.5,0.49999080433392,0.5,1727074713072
176,0.38139075384208,1.0,0.51222275829975,0.66666666666667,0.49999192625728,0.5,0.49999080433392,0.5,1727074713089
176,0.37757782968989,1.0,0.51222275829975,0.66666666666667,0.49999403873735,0.5,0.49999080433392,0.5,1727074713295
176,0.37093307962793,1.0,0.51222275829975,0.66666666666667,0.49999522137384,0.5,0.49999080433392,0.5,1727074713311
176,0.36042794105238,1.0,0.51222275829975,0.66666666666667,0.49999744563191,0.5,0.49999080433392,0.5,1727074713322
176,0.34992511737268,1.0,0.51222275829975,0.66666666666667,0.50000187516429,0.5,0.49999080433392,0.5,1727074713372
176,0.33942792929535,1.0,0.51222275829975,0.66666666666667,0.49999734362821,0.5,0.49999080433392,0.5,1727074713823
176,0.34610006366294,1.0,0.51222275829975,0.66666666666667,0.49999294430331,0.5,0.49999080433392,0.5,1727074714207
176,0.35277343581712,1.0,0.51222275829975,0.66666666666667,0.50000384615772,0.5,0.49999080433392,0.5,1727074714231
176,0.35665670498675,1.0,0.51222275829975,0.66666666666667,0.49999560733804,0.5,0.49999080433392,0.5,1727074714255
176,0.3633338606064,1.0,0.51222275829975,0.66666666666667,0.49999586419379,0.5,0.49999080433392,0.5,1727074714263
176,0.35667616877778,1.0,0.51222275829975,0.66666666666667,0.49999931451566,0.5,0.49999080433392,0.5,1727074714943
176,0.35003122934642,1.0,0.51222275829975,0.66666666666667,0.50000042276968,0.5,0.49999080433392,0.5,1727074714967
176,0.34622206434323,1.0,0.51222275829975,0.66666666666667,0.49999195053654,0.5,0.49999080433392,0.5,1727074715015
176,0.33956678749608,1.0,0.51222275829975,0.66666666666667,0.49999771519011,0.5,0.49999080433392,0.5,1727074715023
176,0.33292304659191,1.0,0.51222275829975,0.66666666666667,0.49999997131283,0.5,0.49999080433392,0.5,1727074715111
176,0.32242511382262,1.0,0.51222275829975,0.66666666666667,0.49999455300797,0.5,0.49999080433392,0.5,1727074715122
176,0.32242511382262,1.0,0.51222275829975,0.66666666666667,0.49999455300797,0.5,0.49999080433392,0.5,1727074715455
176,0.32242511382262,1.0,0.51222275829975,0.66666666666667,0.49999455300797,0.5,0.49999080433392,0.5,1727074716288
176,0.32242511382262,0.98669927512968,0.51222275829975,0.66666666666667,0.49999455300797,0.50000375243906,0.49999080433392,0.5,1727074716351
176,0.32242511382262,0.97619516226137,0.51222275829975,0.66666666666667,0.49999455300797,0.50000217517314,0.49999080433392,0.5,1727074716359
176,0.32242511382262,0.94852049131429,0.51222275829975,0.66666666666667,0.49999455300797,0.50000118940086,0.49999080433392,0.5,1727074716372
176,0.32242511382262,0.86392344015115,0.51222275829975,0.66666666666667,0.49999455300797,0.49999982022266,0.49999080433392,0.5,1727074716389
176,0.32242511382262,0.79525829555642,0.51222275829975,0.66666666666667,0.49999455300797,0.50000171049418,0.49999080433392,0.5,1727074716405
176,0.32242511382262,0.73711133014927,0.51222275829975,0.66666666666667,0.49999455300797,0.49999796816643,0.49999080433392,0.5,1727074716422
176,0.32242511382262,0.63143240992577,0.51222275829975,0.66666666666667,0.49999455300797,0.50000859673412,0.49999080433392,0.5,1727074716439
176,0.32242511382262,0.57329524688998,0.51222275829975,0.66666666666667,0.49999455300797,0.49999803173449,0.49999080433392,0.5,1727074716455
176,0.32242511382262,0.52178845280063,0.51222275829975,0.66666666666667,0.49999455300797,0.5000082487896,0.49999080433392,0.5,1727074716472
176,0.32242511382262,0.47419417093867,0.51222275829975,0.66666666666667,0.49999455300797,0.50000443766928,0.49999080433392,0.5,1727074716489
176,0.32242511382262,0.44651712020335,0.51222275829975,0.66666666666667,0.49999455300797,0.50000471505478,0.49999080433392,0.5,1727074716505
176,0.32242511382262,0.42935178603749,0.51222275829975,0.66666666666667,0.49999455300797,0.50000167189116,0.49999080433392,0.5,1727074716522
176,0.32242511382262,0.41217979689824,0.51222275829975,0.66666666666667,0.49999455300797,0.50000401186197,0.49999080433392,0.5,1727074716539
176,0.32242511382262,0.40837104550888,0.51222275829975,0.66666666666667,0.49999455300797,0.49999848031293,0.49999080433392,0.5,1727074716555
176,0.32242511382262,0.39119601850578,0.51222275829975,0.66666666666667,0.49999455300797,0.50000342346952,0.49999080433392,0.5,1727074716572
176,0.32242511382262,0.38070141347254,0.51222275829975,0.66666666666667,0.49999455300797,0.50000548866526,0.49999080433392,0.5,1727074716589
176,0.32242511382262,0.3635345017069,0.51222275829975,0.66666666666667,0.49999455300797,0.50000355835222,0.49999080433392,0.5,1727074716605
176,0.32242511382262,0.33972114410614,0.51222275829975,0.66666666666667,0.49999455300797,0.50000180698692,0.49999080433392,0.5,1727074716622
176,0.32242511382262,0.31590119126479,0.51222275829975,0.66666666666667,0.49999455300797,0.50000633364924,0.49999080433392,0.5,1727074716639
176,0.32242511382262,0.29873283106391,0.51222275829975,0.66666666666667,0.49999455300797,0.50000565712211,0.49999080433392,0.5,1727074716655
176,0.32242511382262,0.29208812773949,0.51222275829975,0.66666666666667,0.49999455300797,0.50000425121228,0.49999080433392,0.5,1727074717480
176,0.32242511382262,0.28544089857103,0.51222275829975,0.66666666666667,0.49999455300797,0.50000541122239,0.49999080433392,0.5,1727074717522
176,0.32242511382262,0.27493993071767,0.51222275829975,0.66666666666667,0.49999455300797,0.50001461503589,0.49999080433392,0.5,1727074717539
176,0.32242511382262,0.26829520751688,0.51222275829975,0.66666666666667,0.49999455300797,0.49999691535707,0.49999080433392,0.5,1727074717559
176,0.32242511382262,0.26449472981751,0.51222275829975,0.66666666666667,0.49999455300797,0.49999740446989,0.49999080433392,0.5,1727074717583
176,0.32242511382262,0.25784183087443,0.51222275829975,0.66666666666667,0.49999455300797,0.50000469315918,0.49999080433392,0.5,1727074717591
176,0.32242511382262,0.24734526648735,0.51222275829975,0.66666666666667,0.49999455300797,0.50000951096146,0.49999080433392,0.5,1727074717607
176,0.32242511382262,0.2407020098088,0.51222275829975,0.66666666666667,0.49999455300797,0.50000638459149,0.49999080433392,0.5,1727074717622
176,0.32242511382262,0.21689453846955,0.51222275829975,0.66666666666667,0.49999455300797,0.49999736580554,0.49999080433392,0.5,1727074717639
176,0.32242511382262,0.21309126012884,0.51222275829975,0.66666666666667,0.49999455300797,0.50000124716714,0.49999080433392,0.5,1727074717655
176,0.32242511382262,0.2064435820488,0.51222275829975,0.66666666666667,0.49999455300797,0.50000310642447,0.49999080433392,0.5,1727074717672
176,0.32242511382262,0.19980095536445,0.51222275829975,0.66666666666667,0.49999455300797,0.49999882899335,0.49999080433392,0.5,1727074717689
176,0.32242511382262,0.19315756604283,0.51222275829975,0.66666666666667,0.49999455300797,0.50001451205932,0.49999080433392,0.5,1727074717739
176,0.32242511382262,0.18935658349209,0.51222275829975,0.66666666666667,0.49999455300797,0.50001587057759,0.49999080433392,0.5,1727074717755
176,0.32242511382262,0.18271382127228,0.51222275829975,0.66666666666667,0.49999455300797,0.50001179284246,0.49999080433392,0.5,1727074717772
176,0.32242511382262,0.17607026884148,0.51222275829975,0.66666666666667,0.49999455300797,0.50000861050882,0.49999080433392,0.5,1727074717789
176,0.32242511382262,0.17227832552604,0.51222275829975,0.66666666666667,0.49999455300797,0.49999816895576,0.49999080433392,0.5,1727074717839
176,0.32242511382262,0.16563327942127,0.51222275829975,0.66666666666667,0.49999455300797,0.50001707774476,0.49999080433392,0.5,1727074717855
176,0.32242511382262,0.15237868741664,0.51222275829975,0.66666666666667,0.49999455300797,0.50000812236864,0.49999080433392,0.5,1727074717872
176,0.32242511382262,0.14859797878135,0.51222275829975,0.66666666666667,0.49999455300797,0.50000279569185,0.49999080433392,0.5,1727074717888
176,0.32242511382262,0.14195530790408,0.51222275829975,0.66666666666667,0.49999455300797,0.49999794388632,0.49999080433392,0.5,1727074717905
176,0.32242511382262,0.13531077272208,0.51222275829975,0.66666666666667,0.49999455300797,0.49999559233914,0.49999080433392,0.5,1727074717975
176,0.32242511382262,0.12866720083319,0.51222275829975,0.66666666666667,0.49999455300797,0.50001415537654,0.49999080433392,0.5,1727074717989
176,0.32242511382262,0.12488447701718,0.51222275829975,0.66666666666667,0.49999455300797,0.5000115163276,0.49999080433392,0.5,1727074718005
176,0.32242511382262,0.11823597036717,0.51222275829975,0.66666666666667,0.49999455300797,0.50001524694095,0.49999080433392,0.5,1727074718022
176,0.32242511382262,0.1010686950349,0.51222275829975,0.66666666666667,0.49999455300797,0.5000129216164,0.49999080433392,0.5,1727074718039
176,0.32242511382262,0.10775596026908,0.51222275829975,0.66666666666667,0.49999455300797,0.49999674199234,0.49999080433392,0.5,1727074719359
176,0.32242511382262,0.11443543154787,0.51222275829975,0.66666666666667,0.49999455300797,0.50001622109516,0.49999080433392,0.5,1727074719383
176,0.32242511382262,0.12111639325317,0.51222275829975,0.66666666666667,0.49999455300797,0.5000099292607,0.49999080433392,0.5,1727074719447
176,0.32242511382262,0.12779771081575,0.51222275829975,0.66666666666667,0.49999455300797,0.50000334066261,0.49999080433392,0.5,1727074719489
176,0.32242511382262,0.13170462111316,0.51222275829975,0.66666666666667,0.49999455300797,0.50000443599702,0.49999080433392,0.5,1727074719539
176,0.32242511382262,0.13838032370082,0.51222275829975,0.66666666666667,0.49999455300797,0.50000609231066,0.49999080433392,0.5,1727074719555
176,0.32242511382262,0.13838032370082,0.51222275829975,0.66666666666667,0.49999455300797,0.50000609231066,0.49999080433392,0.5,1727074720847
176,0.32242511382262,0.13838032370082,0.51222275829975,0.66666666666667,0.49999455300797,0.50000609231066,0.49999080433392,0.5,1727074725312
176,0.32242511382262,0.13838032370082,0.51222275829975,0.67334003148996,0.49999455300797,0.50000609231066,0.49999080433392,0.50000093742211,1727074725439
176,0.32242511382262,0.13838032370082,0.51222275829975,0.68000890159313,0.49999455300797,0.50000609231066,0.49999080433392,0.50000527704373,1727074725455
176,0.32242511382262,0.13838032370082,0.51222275829975,0.68667881990229,0.49999455300797,0.50000609231066,0.49999080433392,0.50000111647052,1727074725471
176,0.32242511382262,0.13838032370082,0.51222275829975,0.69054820657053,0.49999455300797,0.50000609231066,0.49999080433392,0.50000571231591,1727074725488
176,0.32242511382262,0.13838032370082,0.51222275829975,0.70389763436855,0.49999455300797,0.50000609231066,0.49999080433392,0.5000030786823,1727074725505
176,0.32242511382262,0.13838032370082,0.51222275829975,0.72107202674562,0.49999455300797,0.50000609231066,0.49999080433392,0.4999972200917,1727074725522
176,0.32242511382262,0.13838032370082,0.51222275829975,0.74491657423176,0.49999455300797,0.50000609231066,0.49999080433392,0.50000492187407,1727074725538
176,0.32242511382262,0.13838032370082,0.51222275829975,0.77168053680389,0.49999455300797,0.50000609231066,0.49999080433392,0.50000195007229,1727074725555
176,0.32242511382262,0.13838032370082,0.51222275829975,0.79552097732026,0.49999455300797,0.50000609231066,0.49999080433392,0.49999889282746,1727074725572
176,0.32242511382262,0.13838032370082,0.51222275829975,0.8021905178094,0.49999455300797,0.50000609231066,0.49999080433392,0.50000309276149,1727074725588
176,0.32242511382262,0.13838032370082,0.51222275829975,0.81554339171776,0.49999455300797,0.50000609231066,0.49999080433392,0.50000255095028,1727074725605
176,0.32242511382262,0.13838032370082,0.51222275829975,0.82221284071825,0.49999455300797,0.50000609231066,0.49999080433392,0.50000660264885,1727074725623
176,0.32242511382262,0.13838032370082,0.51222275829975,0.8260759184746,0.49999455300797,0.50000609231066,0.49999080433392,0.4999994852906,1727074725638
176,0.32242511382262,0.13838032370082,0.51222275829975,0.83658752853655,0.49999455300797,0.50000609231066,0.49999080433392,0.5000014781176,1727074725655
176,0.32242511382262,0.13838032370082,0.51222275829975,0.84993379052284,0.49999455300797,0.50000609231066,0.49999080433392,0.4999976587066,1727074725671
176,0.32242511382262,0.13838032370082,0.51222275829975,0.86711589273693,0.49999455300797,0.50000609231066,0.49999080433392,0.50000404714325,1727074725688
176,0.32242511382262,0.13838032370082,0.51222275829975,0.88045550362841,0.49999455300797,0.50000609231066,0.49999080433392,0.4999970567786,1727074725705
176,0.32242511382262,0.13838032370082,0.51222275829975,0.89097427426846,0.49999455300797,0.50000609231066,0.49999080433392,0.50000243706177,1727074725722
176,0.32242511382262,0.13838032370082,0.51222275829975,0.89764250490347,0.49999455300797,0.50000609231066,0.49999080433392,0.50000563782223,1727074725738
176,0.32242511382262,0.13838032370082,0.51222275829975,0.90430861679658,0.49999455300797,0.50000609231066,0.49999080433392,0.50000044156073,1727074725759
176,0.32242511382262,0.13838032370082,0.51222275829975,0.91097104889689,0.49999455300797,0.50000609231066,0.49999080433392,0.50000086340316,1727074725775
176,0.32242511382262,0.13838032370082,0.51222275829975,0.91484025696138,0.49999455300797,0.50000609231066,0.49999080433392,0.50000449061828,1727074725791
176,0.32242511382262,0.13838032370082,0.51222275829975,0.92150678121656,0.49999455300797,0.50000609231066,0.49999080433392,0.49999957122663,1727074725805
176,0.32242511382262,0.13838032370082,0.51222275829975,0.92817804906322,0.49999455300797,0.50000609231066,0.49999080433392,0.5000041265191,1727074725821
176,0.32242511382262,0.13838032370082,0.51222275829975,0.92152203345291,0.49999455300797,0.50000609231066,0.49999080433392,0.49999950893339,1727074726303
176,0.32242511382262,0.13838032370082,0.51222275829975,0.91486702683216,0.49999455300797,0.50000609231066,0.49999080433392,0.50000259763117,1727074726355
176,0.32242511382262,0.13838032370082,0.51222275829975,0.90820959378527,0.49999455300797,0.50000609231066,0.49999080433392,0.50000456681052,1727074726375
176,0.32242511382262,0.13838032370082,0.51222275829975,0.90154945910346,0.49999455300797,0.50000609231066,0.49999080433392,0.49999789960462,1727074726421
176,0.32242511382262,0.13838032370082,0.51222275829975,0.89489982610389,0.49999455300797,0.50000609231066,0.49999080433392,0.50000362050278,1727074726438
176,0.32242511382262,0.13838032370082,0.51222275829975,0.88824339157331,0.49999455300797,0.50000609231066,0.49999080433392,0.49999866204238,1727074726495
176,0.32242511382262,0.13838032370082,0.51222275829975,0.88441755156319,0.49999455300797,0.50000609231066,0.49999080433392,0.50000105314002,1727074726511
176,0.32242511382262,0.13838032370082,0.51222275829975,0.87776155842505,0.49999455300797,0.50000609231066,0.49999080433392,0.50000377029441,1727074726521
176,0.32242511382262,0.13838032370082,0.51222275829975,0.87111257294606,0.49999455300797,0.50000609231066,0.49999080433392,0.50000240014701,1727074727144
176,0.32242511382262,0.13838032370082,0.51222275829975,0.86444736061662,0.49999455300797,0.50000609231066,0.49999080433392,0.500000597002,1727074727155
176,0.32242511382262,0.13838032370082,0.51222275829975,0.86444736061662,0.49999455300797,0.50000609231066,0.49999080433392,0.500000597002,1727074728399
177,0.5,0.33333333333333,0.33333333333333,1.0,0.5,0.5,0.5,0.5,1727074735025
177,0.5,0.33333333333333,0.33333333333333,0.99333770724468,0.5,0.5,0.5,0.4999996655261,1727074735111
177,0.5,0.33333333333333,0.33333333333333,0.98951526351411,0.5,0.5,0.5,0.49999652463929,1727074735121
177,0.5,0.33333333333333,0.33333333333333,0.97234890448668,0.5,0.5,0.5,0.49999777110633,1727074735138
177,0.5,0.33333333333333,0.33333333333333,0.93707240335352,0.5,0.5,0.5,0.49999790083935,1727074735154
177,0.5,0.33333333333333,0.33333333333333,0.88461141974275,0.5,0.5,0.5,0.49999807339315,1727074735171
177,0.5,0.33333333333333,0.33333333333333,0.83594563302525,0.5,0.5,0.5,0.49999583023248,1727074735188
177,0.5,0.33333333333333,0.33333333333333,0.79022839286238,0.5,0.5,0.5,0.49999874050632,1727074735204
177,0.5,0.33333333333333,0.33333333333333,0.72732525494691,0.5,0.5,0.5,0.50000122866677,1727074735221
177,0.5,0.33333333333333,0.33333333333333,0.67489495831099,0.5,0.5,0.5,0.50000158003017,1727074735238
177,0.5,0.33333333333333,0.33333333333333,0.63293149108747,0.5,0.5,0.5,0.49999564743571,1727074735254
177,0.5,0.33333333333333,0.33333333333333,0.57005855427829,0.5,0.5,0.5,0.49999799371958,1727074735271
177,0.5,0.33333333333333,0.33333333333333,0.53483775541872,0.5,0.5,0.5,0.49999410030423,1727074735288
177,0.5,0.33333333333333,0.33333333333333,0.51680845911629,0.5,0.5,0.5,0.49999502061629,1727074735304
177,0.5,0.33333333333333,0.33333333333333,0.50251502083403,0.5,0.5,0.5,0.50000536922404,1727074735321
177,0.5,0.33333333333333,0.33333333333333,0.48821331863275,0.5,0.5,0.5,0.49999845703617,1727074735338
177,0.5,0.33333333333333,0.33333333333333,0.46346231353619,0.5,0.5,0.5,0.50000059893979,1727074735354
177,0.5,0.33333333333333,0.33333333333333,0.44916558133456,0.5,0.5,0.5,0.49999712222596,1727074735371
177,0.5,0.33333333333333,0.33333333333333,0.44161244327149,0.5,0.5,0.5,0.49999765526335,1727074735388
177,0.5,0.33333333333333,0.33333333333333,0.43779062985217,0.5,0.5,0.5,0.49999248892788,1727074735404
177,0.5,0.33333333333333,0.33333333333333,0.41679838141047,0.5,0.5,0.5,0.49999866170105,1727074735421
177,0.5,0.33333333333333,0.33333333333333,0.40924227191126,0.5,0.5,0.5,0.49999675350772,1727074735438
177,0.5,0.33333333333333,0.33333333333333,0.3987427722968,0.5,0.5,0.5,0.50000366345966,1727074735454
177,0.5,0.33333333333333,0.33333333333333,0.38445895951501,0.5,0.5,0.5,0.49999775895877,1727074735471
177,0.5,0.33333333333333,0.33333333333333,0.37396127132749,0.5,0.5,0.5,0.50000656083135,1727074735488
177,0.5,0.33333333333333,0.33333333333333,0.37015219043429,0.5,0.5,0.5,0.49999852802838,1727074735504
177,0.5,0.33333333333333,0.33333333333333,0.35964204495621,0.5,0.5,0.5,0.49999628412713,1727074735521
177,0.5,0.33333333333333,0.33333333333333,0.35583372714396,0.5,0.5,0.5,0.49998869124788,1727074735575
177,0.5,0.33333333333333,0.33333333333333,0.35203151010272,0.5,0.5,0.5,0.50000067847618,1727074735599
177,0.5,0.33333333333333,0.33333333333333,0.34537857409793,0.5,0.5,0.5,0.49999440567444,1727074735607
177,0.5,0.33333333333333,0.33333333333333,0.33872632023118,0.5,0.5,0.5,0.49998862990105,1727074736920
177,0.5,0.33333333333333,0.33333333333333,0.3282296388123,0.5,0.5,0.5,0.49999892217122,1727074736955
177,0.5,0.33333333333333,0.33333333333333,0.32158510088062,0.5,0.5,0.5,0.50000046829061,1727074737032
177,0.5,0.33333333333333,0.33333333333333,0.31493412511162,0.5,0.5,0.5,0.49999576800136,1727074737152
177,0.5,0.33333333333333,0.33333333333333,0.30443147457998,0.5,0.5,0.5,0.50000070140193,1727074737648
177,0.5,0.33333333333333,0.33333333333333,0.29777807382796,0.5,0.5,0.5,0.49999341602644,1727074738952
177,0.5,0.33333333333333,0.33333333333333,0.29113173319716,0.5,0.5,0.5,0.49999314485463,1727074738968
177,0.5,0.33333333333333,0.33333333333333,0.28448073865119,0.5,0.5,0.5,0.49998806623098,1727074738976
177,0.5,0.33333333333333,0.33333333333333,0.27520327196495,0.5,0.5,0.5,0.50000343472144,1727074738984
177,0.5,0.33333333333333,0.33333333333333,0.27520327196495,0.5,0.5,0.5,0.50000343472144,1727074738984
177,0.5,0.33333333333333,0.33333333333333,0.27520327196495,0.5,0.5,0.5,0.50000343472144,1727074740377
177,0.4933545501963,0.33333333333333,0.33333333333333,0.27520327196495,0.50000052217196,0.5,0.5,0.50000343472144,1727074740405
177,0.48670362285251,0.33333333333333,0.33333333333333,0.27520327196495,0.5000084679356,0.5,0.5,0.50000343472144,1727074740424
177,0.48005022098774,0.33333333333333,0.33333333333333,0.27520327196495,0.50000307147449,0.5,0.5,0.50000343472144,1727074740438
177,0.47339762398474,0.33333333333333,0.33333333333333,0.27520327196495,0.49999818914727,0.5,0.5,0.50000343472144,1727074740464
177,0.46674524381248,0.33333333333333,0.33333333333333,0.27520327196495,0.50000521699698,0.5,0.5,0.50000343472144,1727074740488
177,0.46293449205585,0.33333333333333,0.33333333333333,0.27520327196495,0.50000882756531,0.5,0.5,0.50000343472144,1727074740505
177,0.44964918201227,0.33333333333333,0.33333333333333,0.27520327196495,0.50000238621629,0.5,0.5,0.50000343472144,1727074740521
177,0.44583572809108,0.33333333333333,0.33333333333333,0.27520327196495,0.50000392903041,0.5,0.5,0.50000343472144,1727074740538
177,0.43918565560008,0.33333333333333,0.33333333333333,0.27520327196495,0.50000083214256,0.5,0.5,0.50000343472144,1727074740560
177,0.43537131009548,0.33333333333333,0.33333333333333,0.27520327196495,0.50000167265837,0.5,0.5,0.50000343472144,1727074740584
177,0.4287238021757,0.33333333333333,0.33333333333333,0.27520327196495,0.50000058912423,0.5,0.5,0.50000343472144,1727074740600
177,0.42490953009122,0.33333333333333,0.33333333333333,0.27520327196495,0.50000150127194,0.5,0.5,0.50000343472144,1727074740608
177,0.41439946876126,0.33333333333333,0.33333333333333,0.27520327196495,0.49999955916988,0.5,0.5,0.50000343472144,1727074740624
177,0.4077568945729,0.33333333333333,0.33333333333333,0.27520327196495,0.50000255516923,0.5,0.5,0.50000343472144,1727074740638
177,0.39725103943655,0.33333333333333,0.33333333333333,0.27520327196495,0.50000416154414,0.5,0.5,0.50000343472144,1727074740655
177,0.38397375059369,0.33333333333333,0.33333333333333,0.27520327196495,0.50000393061519,0.5,0.5,0.50000343472144,1727074740671
177,0.38016595875073,0.33333333333333,0.33333333333333,0.27520327196495,0.50001059721354,0.5,0.5,0.50000343472144,1727074740840
177,0.3735123809287,0.33333333333333,0.33333333333333,0.27520327196495,0.5000041458182,0.5,0.5,0.50000343472144,1727074740896
177,0.36970457615228,0.33333333333333,0.33333333333333,0.27520327196495,0.49999722766616,0.5,0.5,0.50000343472144,1727074740905
177,0.36305230580016,0.33333333333333,0.33333333333333,0.27520327196495,0.50000553255294,0.5,0.5,0.50000343472144,1727074741696
177,0.35640392879508,0.33333333333333,0.33333333333333,0.27520327196495,0.50000357196886,0.5,0.5,0.50000343472144,1727074741738
177,0.34975859583582,0.33333333333333,0.33333333333333,0.27520327196495,0.50000436614577,0.5,0.5,0.50000343472144,1727074741808
177,0.34594391431412,0.33333333333333,0.33333333333333,0.27520327196495,0.50000504454884,0.5,0.5,0.50000343472144,1727074741824
177,0.33929807456509,0.33333333333333,0.33333333333333,0.27520327196495,0.50000539529751,0.5,0.5,0.50000343472144,1727074741848
177,0.33549024782397,0.33333333333333,0.33333333333333,0.27520327196495,0.49999806031675,0.5,0.5,0.50000343472144,1727074741864
177,0.32883471991317,0.33333333333333,0.33333333333333,0.27520327196495,0.50000376294439,0.5,0.5,0.50000343472144,1727074742056
177,0.32883471991317,0.33333333333333,0.33333333333333,0.27520327196495,0.50000376294439,0.5,0.5,0.50000343472144,1727074742456
177,0.32883471991317,0.33333333333333,0.33333333333333,0.27520327196495,0.50000376294439,0.5,0.5,0.50000343472144,1727074744417
177,0.32883471991317,0.34000964570167,0.33333333333333,0.27520327196495,0.50000376294439,0.49999098669044,0.5,0.50000343472144,1727074744440
177,0.32883471991317,0.34668692325546,0.33333333333333,0.27520327196495,0.50000376294439,0.49999076002542,0.5,0.50000343472144,1727074744488
177,0.32883471991317,0.35336078601654,0.33333333333333,0.27520327196495,0.50000376294439,0.4999936586209,0.5,0.50000343472144,1727074744504
177,0.32883471991317,0.37440048786974,0.33333333333333,0.27520327196495,0.50000376294439,0.4999859850804,0.5,0.50000343472144,1727074744521
177,0.32883471991317,0.39824644662349,0.33333333333333,0.27520327196495,0.50000376294439,0.4999997509951,0.5,0.50000343472144,1727074744538
177,0.32883471991317,0.43927225366288,0.33333333333333,0.27520327196495,0.50000376294439,0.49999142924323,0.5,0.50000343472144,1727074744554
177,0.32883471991317,0.46695694267371,0.33333333333333,0.27520327196495,0.50000376294439,0.4999976188254,0.5,0.50000343472144,1727074744571
177,0.32883471991317,0.5079797473404,0.33333333333333,0.27520327196495,0.50000376294439,0.49999235061863,0.5,0.50000343472144,1727074744588
177,0.32883471991317,0.54231713023615,0.33333333333333,0.27520327196495,0.50000376294439,0.4999934326899,0.5,0.50000343472144,1727074744604
177,0.32883471991317,0.59383795998174,0.33333333333333,0.27520327196495,0.50000376294439,0.49999530186675,0.5,0.50000343472144,1727074744621
177,0.32883471991317,0.62151581240546,0.33333333333333,0.27520327196495,0.50000376294439,0.49999486315965,0.5,0.50000343472144,1727074744638
177,0.32883471991317,0.65205352027914,0.33333333333333,0.27520327196495,0.50000376294439,0.49999549769311,0.5,0.50000343472144,1727074744654
177,0.32883471991317,0.68638860364268,0.33333333333333,0.27520327196495,0.50000376294439,0.49999765178654,0.5,0.50000343472144,1727074744671
177,0.32883471991317,0.70644314653817,0.33333333333333,0.27520327196495,0.50000376294439,0.4999928652816,0.5,0.50000343472144,1727074744688
177,0.32883471991317,0.74464262750332,0.33333333333333,0.27520327196495,0.50000376294439,0.49999342699068,0.5,0.50000343472144,1727074744704
177,0.32883471991317,0.76180705299426,0.33333333333333,0.27520327196495,0.50000376294439,0.49999615686115,0.5,0.50000343472144,1727074744721
177,0.32883471991317,0.79615713898685,0.33333333333333,0.27520327196495,0.50000376294439,0.4999901569411,0.5,0.50000343472144,1727074744738
177,0.32883471991317,0.8095059918123,0.33333333333333,0.27520327196495,0.50000376294439,0.49999287929037,0.5,0.50000343472144,1727074744754
177,0.32883471991317,0.83053147962765,0.33333333333333,0.27520327196495,0.50000376294439,0.49999571262119,0.5,0.50000343472144,1727074744771
177,0.32883471991317,0.84770454624034,0.33333333333333,0.27520327196495,0.50000376294439,0.49999385312505,0.5,0.50000343472144,1727074744788
177,0.32883471991317,0.84105039085034,0.33333333333333,0.27520327196495,0.50000376294439,0.49999785896113,0.5,0.50000343472144,1727074745344
177,0.32883471991317,0.83439436984396,0.33333333333333,0.27520327196495,0.50000376294439,0.49999504063529,0.5,0.50000343472144,1727074745388
177,0.32883471991317,0.82774718900622,0.33333333333333,0.27520327196495,0.50000376294439,0.49999553541065,0.5,0.50000343472144,1727074745416
177,0.32883471991317,0.82108584849025,0.33333333333333,0.27520327196495,0.50000376294439,0.49999540575445,0.5,0.50000343472144,1727074745454
177,0.32883471991317,0.8144336978019,0.33333333333333,0.27520327196495,0.50000376294439,0.49999848313225,0.5,0.50000343472144,1727074745471
177,0.32883471991317,0.80777479624104,0.33333333333333,0.27520327196495,0.50000376294439,0.49999709919097,0.5,0.50000343472144,1727074745496
177,0.32883471991317,0.80112376203734,0.33333333333333,0.27520327196495,0.50000376294439,0.49999157122691,0.5,0.50000343472144,1727074745568
177,0.32883471991317,0.79446979346959,0.33333333333333,0.27520327196495,0.50000376294439,0.49999564255618,0.5,0.50000343472144,1727074745608
177,0.32883471991317,0.78780906768505,0.33333333333333,0.27520327196495,0.50000376294439,0.49999518286201,0.5,0.50000343472144,1727074745624
177,0.32883471991317,0.78399252182426,0.33333333333333,0.27520327196495,0.50000376294439,0.49999578426057,0.5,0.50000343472144,1727074745638
177,0.32883471991317,0.77733807499121,0.33333333333333,0.27520327196495,0.50000376294439,0.49999195119074,0.5,0.50000343472144,1727074745654
177,0.32883471991317,0.77067672271909,0.33333333333333,0.27520327196495,0.50000376294439,0.50000010822535,0.5,0.50000343472144,1727074745671
177,0.32883471991317,0.76402214458567,0.33333333333333,0.27520327196495,0.50000376294439,0.49999632457451,0.5,0.50000343472144,1727074745688
177,0.32883471991317,0.75351863312342,0.33333333333333,0.27520327196495,0.50000376294439,0.499993989173,0.5,0.50000343472144,1727074745738
177,0.32883471991317,0.74687259263384,0.33333333333333,0.27520327196495,0.50000376294439,0.49999388640701,0.5,0.50000343472144,1727074745754
177,0.32883471991317,0.74020869893456,0.33333333333333,0.27520327196495,0.50000376294439,0.49999515660997,0.5,0.50000343472144,1727074745804
177,0.32883471991317,0.73355922299796,0.33333333333333,0.27520327196495,0.50000376294439,0.49999698604134,0.5,0.50000343472144,1727074745936
177,0.32883471991317,0.73355922299796,0.33333333333333,0.27520327196495,0.50000376294439,0.49999698604134,0.5,0.50000343472144,1727074746280
177,0.32883471991317,0.73355922299796,0.33333333333333,0.27520327196495,0.50000376294439,0.49999698604134,0.5,0.50000343472144,1727074749097
177,0.32883471991317,0.72690262318806,0.33333333333333,0.27520327196495,0.50000376294439,0.49999417831343,0.5,0.50000343472144,1727074749120
177,0.32883471991317,0.72024923550102,0.33333333333333,0.27520327196495,0.50000376294439,0.49999824889895,0.5,0.50000343472144,1727074749139
177,0.32883471991317,0.71359268795715,0.33333333333333,0.27520327196495,0.50000376294439,0.49999538120589,0.5,0.50000343472144,1727074749187
177,0.32883471991317,0.70694387081988,0.33333333333333,0.27520327196495,0.50000376294439,0.49999688352643,0.5,0.50000343472144,1727074749237
177,0.32883471991317,0.70029294740265,0.33333333333333,0.27520327196495,0.50000376294439,0.49999070323635,0.5,0.50000343472144,1727074749254
177,0.32883471991317,0.68699692806001,0.33333333333333,0.27520327196495,0.50000376294439,0.49999275523894,0.5,0.50000343472144,1727074749271
177,0.32883471991317,0.68033995257469,0.33333333333333,0.27520327196495,0.50000376294439,0.49999911639703,0.5,0.50000343472144,1727074749288
177,0.32883471991317,0.67369014651594,0.33333333333333,0.27520327196495,0.50000376294439,0.49999210725949,0.5,0.50000343472144,1727074749304
177,0.32883471991317,0.67369014651594,0.33333333333333,0.27520327196495,0.50000376294439,0.49999210725949,0.5,0.50000343472144,1727074750360
177,0.32883471991317,0.67369014651594,0.33333333333333,0.27520327196495,0.50000376294439,0.49999210725949,0.5,0.50000343472144,1727074750977
177,0.3221937052868,0.67369014651594,0.33333333333333,0.27520327196495,0.50000875841942,0.49999210725949,0.5,0.50000343472144,1727074751040
177,0.31554226047523,0.67369014651594,0.33333333333333,0.27520327196495,0.50000370345673,0.49999210725949,0.5,0.50000343472144,1727074751104
177,0.311737171247,0.67369014651594,0.33333333333333,0.27520327196495,0.49999873361544,0.49999210725949,0.5,0.50000343472144,1727074751121
177,0.30508167970238,0.67369014651594,0.33333333333333,0.27520327196495,0.50000472446017,0.49999210725949,0.5,0.50000343472144,1727074751393
177,0.30128150269056,0.67369014651594,0.33333333333333,0.27520327196495,0.50000458000094,0.49999210725949,0.5,0.50000343472144,1727074751408
177,0.29463078626498,0.67369014651594,0.33333333333333,0.27520327196495,0.50000001724367,0.49999210725949,0.5,0.50000343472144,1727074751464
177,0.29083070903403,0.67369014651594,0.33333333333333,0.27520327196495,0.4999999386347,0.49999210725949,0.5,0.50000343472144,1727074751472
177,0.28418202911789,0.67369014651594,0.33333333333333,0.27520327196495,0.49999733071383,0.49999210725949,0.5,0.50000343472144,1727074751544
177,0.28037770431888,0.67369014651594,0.33333333333333,0.27520327196495,0.50000880825174,0.49999210725949,0.5,0.50000343472144,1727074751587
177,0.2870531874466,0.67369014651594,0.33333333333333,0.27520327196495,0.50000722054873,0.49999210725949,0.5,0.50000343472144,1727074752297
177,0.29372505090176,0.67369014651594,0.33333333333333,0.27520327196495,0.50000200158297,0.49999210725949,0.5,0.50000343472144,1727074752376
177,0.30040153966553,0.67369014651594,0.33333333333333,0.27520327196495,0.50000154225894,0.49999210725949,0.5,0.50000343472144,1727074752585
177,0.30040153966553,0.67369014651594,0.33333333333333,0.27520327196495,0.50000154225894,0.49999210725949,0.5,0.50000343472144,1727074753424
177,0.30040153966553,0.67369014651594,0.33333333333333,0.27520327196495,0.50000154225894,0.49999210725949,0.5,0.50000343472144,1727074756713
177,0.30707615037515,0.67369014651594,0.33333333333333,0.27520327196495,0.49999923526984,0.49999210725949,0.5,0.50000343472144,1727074757024
177,0.31375699597076,0.67369014651594,0.33333333333333,0.27520327196495,0.50000308037589,0.49999210725949,0.5,0.50000343472144,1727074757070
177,0.32042685520538,0.67369014651594,0.33333333333333,0.27520327196495,0.49999621701231,0.49999210725949,0.5,0.50000343472144,1727074757184
177,0.32042685520538,0.67369014651594,0.33333333333333,0.27520327196495,0.49999621701231,0.49999210725949,0.5,0.50000343472144,1727074757464
178,0.16666666666667,0.5,0.33333333333333,1.0,0.5,0.5,0.5,0.5,1727074762042
178,0.16666666666667,0.5,0.34056926276464,1.0,0.5,0.5,0.50000253282504,0.5,1727074762080
178,0.16666666666667,0.5,0.34779995959897,1.0,0.5,0.5,0.49998078678907,0.5,1727074762088
178,0.16666666666667,0.5,0.36953902699914,1.0,0.5,0.5,0.50000604896553,0.5,1727074762104
178,0.16666666666667,0.5,0.43074097515943,1.0,0.5,0.5,0.49997821637827,0.5,1727074762120
178,0.16666666666667,0.5,0.47937235275178,1.0,0.5,0.5,0.49999079527299,0.5,1727074762137
178,0.16666666666667,0.5,0.52345385833083,1.0,0.5,0.5,0.49999140230347,0.5,1727074762153
178,0.16666666666667,0.5,0.55763841977806,1.0,0.5,0.5,0.49999243539025,0.5,1727074762170
178,0.16666666666667,0.5,0.58733681072856,1.0,0.5,0.5,0.49999492760413,0.5,1727074762187
178,0.16666666666667,0.5,0.61888572765441,1.0,0.5,0.5,0.49999427257205,0.5,1727074762203
178,0.16666666666667,0.5,0.63597775783376,1.0,0.5,0.5,0.49999617193325,0.5,1727074762220
178,0.16666666666667,0.5,0.65573984594058,1.0,0.5,0.5,0.49998973524523,0.5,1727074762237
178,0.16666666666667,0.5,0.66297562147275,1.0,0.5,0.5,0.49999345654219,0.5,1727074762253
178,0.16666666666667,0.5,0.67284019377277,1.0,0.5,0.5,0.49999089418458,0.5,1727074762270
178,0.16666666666667,0.5,0.66562008835037,1.0,0.5,0.5,0.49999121514281,0.5,1727074762961
178,0.16666666666667,0.5,0.64853463559697,1.0,0.5,0.5,0.49999867787164,0.5,1727074762970
178,0.16666666666667,0.5,0.63409499958786,1.0,0.5,0.5,0.49999605805715,0.5,1727074762987
178,0.16666666666667,0.5,0.61700406395462,1.0,0.5,0.5,0.49998752799235,0.5,1727074763003
178,0.16666666666667,0.5,0.59269163331331,1.0,0.5,0.5,0.49998755130704,0.5,1727074763020
178,0.16666666666667,0.5,0.58546308554623,1.0,0.5,0.5,0.49998948414804,0.5,1727074763037
178,0.16666666666667,0.5,0.57102310282628,1.0,0.5,0.5,0.49998871726523,0.5,1727074763053
178,0.16666666666667,0.5,0.55658413430287,1.0,0.5,0.5,0.49998132515198,0.5,1727074763070
178,0.16666666666667,0.5,0.54936376477302,1.0,0.5,0.5,0.49998333999537,0.5,1727074763087
178,0.16666666666667,0.5,0.53492229633739,1.0,0.5,0.5,0.49999235678427,0.5,1727074763103
178,0.16666666666667,0.5,0.52507454576194,1.0,0.5,0.5,0.4999923489602,0.5,1727074763120
178,0.16666666666667,0.5,0.51785654028195,1.0,0.5,0.5,0.49997839532117,0.5,1727074763152
178,0.16666666666667,0.5,0.51062700983039,1.0,0.5,0.5,0.49998721029449,0.5,1727074763449
178,0.16666666666667,0.5,0.5034041661686,1.0,0.5,0.5,0.50000663616535,0.5,1727074763456
178,0.16666666666667,0.5,0.49617738182606,1.0,0.5,0.5,0.49999658434905,0.5,1727074763472
178,0.16666666666667,0.5,0.48895735560564,1.0,0.5,0.5,0.49999647523298,0.5,1727074763488
178,0.16666666666667,0.5,0.48442147595677,1.0,0.5,0.5,0.50000249182755,0.5,1727074763503
178,0.16666666666667,0.5,0.47720253526474,1.0,0.5,0.5,0.49999460673544,0.5,1727074763520
178,0.16666666666667,0.5,0.47987205868455,1.0,0.5,0.5,0.49998820642208,0.5,1727074764344
178,0.16666666666667,0.5,0.48709778118062,1.0,0.5,0.5,0.5000061217715,0.5,1727074764368
178,0.16666666666667,0.5,0.49433614226007,1.0,0.5,0.5,0.49999229977822,0.5,1727074764376
178,0.16666666666667,0.5,0.49700438874,1.0,0.5,0.5,0.49999502418452,0.5,1727074764392
178,0.16666666666667,0.5,0.50423365206758,1.0,0.5,0.5,0.4999878333754,0.5,1727074764403
178,0.16666666666667,0.5,0.51147035672168,1.0,0.5,0.5,0.49998591067203,0.5,1727074764424
178,0.16666666666667,0.5,0.51413034505364,1.0,0.5,0.5,0.49998909170158,0.5,1727074764440
178,0.16666666666667,0.5,0.52136627358695,1.0,0.5,0.5,0.49999246140634,0.5,1727074764456
178,0.16666666666667,0.5,0.5286004483076,1.0,0.5,0.5,0.5000075881476,0.5,1727074764472
178,0.16666666666667,0.5,0.53847397192523,1.0,0.5,0.5,0.49999931886599,0.5,1727074764520
178,0.16666666666667,0.5,0.54570396630988,1.0,0.5,0.5,0.49998764285397,0.5,1727074764592
178,0.16666666666667,0.5,0.54836935593155,1.0,0.5,0.5,0.50000898421706,0.5,1727074764603
178,0.16666666666667,0.5,0.55560028303556,1.0,0.5,0.5,0.49999128948504,0.5,1727074764620
178,0.16666666666667,0.5,0.56547283509636,1.0,0.5,0.5,0.49998974301922,0.5,1727074764637
178,0.16666666666667,0.5,0.57271057891125,1.0,0.5,0.5,0.4999813189653,0.5,1727074764653
178,0.16666666666667,0.5,0.5654790494894,1.0,0.5,0.5,0.50000242945104,0.5,1727074765080
178,0.16666666666667,0.5,0.5582597538589,1.0,0.5,0.5,0.49999763884546,0.5,1727074765120
178,0.16666666666667,0.5,0.55103388828359,1.0,0.5,0.5,0.49998217595062,0.5,1727074766521
178,0.16666666666667,0.5,0.54381278024197,1.0,0.5,0.5,0.4999890942563,0.5,1727074766544
178,0.16666666666667,0.5,0.53658448645162,1.0,0.5,0.5,0.49998946714108,0.5,1727074766587
178,0.16666666666667,0.5,0.53658448645162,1.0,0.5,0.5,0.49998946714108,0.5,1727074767232
178,0.16666666666667,0.5,0.53658448645162,1.0,0.5,0.5,0.49998946714108,0.5,1727074769938
178,0.16666666666667,0.5,0.53658448645162,1.0,0.5,0.5,0.49998946714108,0.5,1727074770568
178,0.16666666666667,0.5,0.53658448645162,1.0,0.5,0.5,0.49998946714108,0.5,1727074772257
178,0.16666666666667,0.49334342786919,0.53658448645162,1.0,0.5,0.50000012006025,0.49998946714108,0.5,1727074772312
178,0.16666666666667,0.46290096279603,0.53658448645162,1.0,0.5,0.50000917030603,0.49998946714108,0.5,1727074772320
178,0.16666666666667,0.41531090958993,0.53658448645162,1.0,0.5,0.5000015835416,0.49998946714108,0.5,1727074772336
178,0.16666666666667,0.36381209891159,0.53658448645162,1.0,0.5,0.50000755742953,0.49998946714108,0.5,1727074772353
178,0.16666666666667,0.30965658485273,0.53658448645162,1.0,0.5,0.49999477611255,0.49998946714108,0.5,1727074772369
178,0.16666666666667,0.25431248985994,0.53658448645162,1.0,0.5,0.5000003614792,0.49998946714108,0.5,1727074772386
178,0.16666666666667,0.19366627261608,0.53658448645162,1.0,0.5,0.50000048967316,0.49998946714108,0.5,1727074772403
178,0.16666666666667,0.14612639182005,0.53658448645162,1.0,0.5,0.50000252376498,0.49998946714108,0.5,1727074772419
178,0.16666666666667,0.10127832490228,0.53658448645162,1.0,0.5,0.50000584853753,0.49998946714108,0.5,1727074772436
178,0.16666666666667,0.06694355336675,0.53658448645162,1.0,0.5,0.50000006327828,0.49998946714108,0.5,1727074772453
178,0.16666666666667,0.03658845421772,0.53658448645162,1.0,0.5,0.50000248045104,0.49998946714108,0.5,1727074772469
178,0.16666666666667,0.0194188690787,0.53658448645162,1.0,0.5,0.50000336369648,0.49998946714108,0.5,1727074772486
178,0.16666666666667,1.28206114e-06,0.53658448645162,1.0,0.5,0.50000848193951,0.49998946714108,0.5,1727074772503
178,0.16666666666667,1.28206114e-06,0.53658448645162,1.0,0.5,0.50000848193951,0.49998946714108,0.5,1727074772520
178,0.16666666666667,1.28206114e-06,0.53658448645162,1.0,0.5,0.50000848193951,0.49998946714108,0.5,1727074772536
178,0.16666666666667,1.28206114e-06,0.53658448645162,1.0,0.5,0.50000848193951,0.49998946714108,0.5,1727074772553
178,0.16666666666667,1.28206114e-06,0.53658448645162,1.0,0.5,0.50000848193951,0.49998946714108,0.5,1727074772570
178,0.16666666666667,1.28206114e-06,0.53658448645162,1.0,0.5,0.50000848193951,0.49998946714108,0.5,1727074772586
178,0.16666666666667,1.28206114e-06,0.53658448645162,1.0,0.5,0.50000848193951,0.49998946714108,0.5,1727074772603
178,0.16666666666667,1.28206114e-06,0.53658448645162,1.0,0.5,0.50000848193951,0.49998946714108,0.5,1727074772620
178,0.16666666666667,1.28206114e-06,0.53658448645162,1.0,0.5,0.50000848193951,0.49998946714108,0.5,1727074772636
178,0.16666666666667,1.28206114e-06,0.53658448645162,1.0,0.5,0.50000848193951,0.49998946714108,0.5,1727074772825
178,0.16666666666667,1.28206114e-06,0.53658448645162,1.0,0.5,0.50000848193951,0.49998946714108,0.5,1727074774921
178,0.16666666666667,1.28206114e-06,0.53658448645162,0.98949231216109,0.5,0.50000848193951,0.49998946714108,0.50000000198773,1727074775017
178,0.16666666666667,1.28206114e-06,0.53658448645162,0.97899253194141,0.5,0.50000848193951,0.49998946714108,0.50000355138189,1727074775024
178,0.16666666666667,1.28206114e-06,0.53658448645162,0.96848882768461,0.5,0.50000848193951,0.49998946714108,0.4999984254023,1727074775036
178,0.16666666666667,1.28206114e-06,0.53658448645162,0.94749014362473,0.5,0.50000848193951,0.49998946714108,0.50000608677797,1727074775053
178,0.16666666666667,1.28206114e-06,0.53658448645162,0.92648212467675,0.5,0.50000848193951,0.49998946714108,0.50000243759773,1727074775069
178,0.16666666666667,1.28206114e-06,0.53658448645162,0.8883072362831,0.5,0.50000848193951,0.49998946714108,0.49999977912856,1727074775086
178,0.16666666666667,1.28206114e-06,0.53658448645162,0.85681866985418,0.5,0.50000848193951,0.49998946714108,0.50000163644348,1727074775103
178,0.16666666666667,1.28206114e-06,0.53658448645162,0.81863871796686,0.5,0.50000848193951,0.49998946714108,0.50000410088309,1727074775119
178,0.16666666666667,1.28206114e-06,0.53658448645162,0.76997470924264,0.5,0.50000848193951,0.49998946714108,0.50000296128714,1727074775136
178,0.16666666666667,1.28206114e-06,0.53658448645162,0.73180010866806,0.5,0.50000848193951,0.49998946714108,0.50000006102247,1727074775153
178,0.16666666666667,1.28206114e-06,0.53658448645162,0.70412351875327,0.5,0.50000848193951,0.49998946714108,0.50000025530629,1727074775169
178,0.16666666666667,1.28206114e-06,0.53658448645162,0.66595095326898,0.5,0.50000848193951,0.49998946714108,0.49999825871474,1727074775186
178,0.16666666666667,1.28206114e-06,0.53658448645162,0.63827668479273,0.5,0.50000848193951,0.49998946714108,0.49999985210358,1727074775203
178,0.16666666666667,1.28206114e-06,0.53658448645162,0.60678795805791,0.5,0.50000848193951,0.49998946714108,0.50000215095368,1727074775219
178,0.16666666666667,1.28206114e-06,0.53658448645162,0.57911512739507,0.5,0.50000848193951,0.49998946714108,0.50000494403277,1727074775236
178,0.16666666666667,1.28206114e-06,0.53658448645162,0.54094792112943,0.5,0.50000848193951,0.49998946714108,0.50000659377854,1727074775253
178,0.16666666666667,1.28206114e-06,0.53658448645162,0.4961006700028,0.5,0.50000848193951,0.49998946714108,0.50000617929321,1727074775269
178,0.16666666666667,1.28206114e-06,0.53658448645162,0.46462052579537,0.5,0.50000848193951,0.49998946714108,0.50000396640951,1727074775286
178,0.16666666666667,1.28206114e-06,0.53658448645162,0.43695626631388,0.5,0.50000848193951,0.49998946714108,0.50000194234104,1727074775303
178,0.16666666666667,1.28206114e-06,0.53658448645162,0.41595593208217,0.5,0.50000848193951,0.49998946714108,0.50000172688895,1727074775319
178,0.16666666666667,1.28206114e-06,0.53658448645162,0.38828282889408,0.5,0.50000848193951,0.49998946714108,0.50000510125371,1727074775336
178,0.16666666666667,1.28206114e-06,0.53658448645162,0.36060546062604,0.5,0.50000848193951,0.49998946714108,0.50000493051019,1727074775353
178,0.16666666666667,1.28206114e-06,0.53658448645162,0.33293228772707,0.5,0.50000848193951,0.49998946714108,0.50000871142183,1727074775369
178,0.16666666666667,1.28206114e-06,0.53658448645162,0.30525525111972,0.5,0.50000848193951,0.49998946714108,0.49999375710579,1727074775386
178,0.16666666666667,1.28206114e-06,0.53658448645162,0.29860718586453,0.5,0.50000848193951,0.49998946714108,0.50000722149878,1727074775403
178,0.16666666666667,1.28206114e-06,0.53658448645162,0.28811384876837,0.5,0.50000848193951,0.49998946714108,0.50000630763958,1727074775419
178,0.16666666666667,1.28206114e-06,0.53658448645162,0.28430548745244,0.5,0.50000848193951,0.49998946714108,0.49999772489465,1727074775436
178,0.16666666666667,1.28206114e-06,0.53658448645162,0.25663022914844,0.5,0.50000848193951,0.49998946714108,0.49999941226753,1727074775453
178,0.16666666666667,1.28206114e-06,0.53658448645162,0.22229528289579,0.5,0.50000848193951,0.49998946714108,0.50000347306864,1727074775469
178,0.16666666666667,1.28206114e-06,0.53658448645162,0.19849007201504,0.5,0.50000848193951,0.49998946714108,0.49999725167932,1727074775486
178,0.16666666666667,1.28206114e-06,0.53658448645162,0.17468266238231,0.5,0.50000848193951,0.49998946714108,0.50000745082872,1727074775503
178,0.16666666666667,1.28206114e-06,0.53658448645162,0.15088758676887,0.5,0.50000848193951,0.49998946714108,0.50001466539647,1727074775519
178,0.16666666666667,1.28206114e-06,0.53658448645162,0.1337175987785,0.5,0.50000848193951,0.49998946714108,0.50001423364513,1727074775536
178,0.16666666666667,1.28206114e-06,0.53658448645162,0.11655378633353,0.5,0.50000848193951,0.49998946714108,0.49999991002508,1727074775553
178,0.16666666666667,1.28206114e-06,0.53658448645162,0.11276493983135,0.5,0.50000848193951,0.49998946714108,0.50001686004648,1727074775569
178,0.16666666666667,1.28206114e-06,0.53658448645162,0.11944365027547,0.5,0.50000848193951,0.49998946714108,0.49999626386199,1727074776305
178,0.16666666666667,1.28206114e-06,0.53658448645162,0.12612437411781,0.5,0.50000848193951,0.49998946714108,0.50000190144699,1727074776321
178,0.16666666666667,1.28206114e-06,0.53658448645162,0.13281029901085,0.5,0.50000848193951,0.49998946714108,0.50001483271702,1727074776369
178,0.16666666666667,1.28206114e-06,0.53658448645162,0.13949469303471,0.5,0.50000848193951,0.49998946714108,0.50000337644358,1727074776425
178,0.16666666666667,1.28206114e-06,0.53658448645162,0.15000942227862,0.5,0.50000848193951,0.49998946714108,0.50001298657919,1727074776470
178,0.16666666666667,1.28206114e-06,0.53658448645162,0.1566881701277,0.5,0.50000848193951,0.49998946714108,0.50001524705152,1727074776488
178,0.16666666666667,1.28206114e-06,0.53658448645162,0.16336735057161,0.5,0.50000848193951,0.49998946714108,0.49999749228356,1727074776544
178,0.16666666666667,1.28206114e-06,0.53658448645162,0.16726588380553,0.5,0.50000848193951,0.49998946714108,0.50000574144598,1727074776553
178,0.16666666666667,1.28206114e-06,0.53658448645162,0.17394398134915,0.5,0.50000848193951,0.49998946714108,0.50000717836467,1727074776569
178,0.16666666666667,1.28206114e-06,0.53658448645162,0.18446366175631,0.5,0.50000848193951,0.49998946714108,0.50000269443194,1727074776586
178,0.16666666666667,1.28206114e-06,0.53658448645162,0.19114410215775,0.5,0.50000848193951,0.49998946714108,0.50000704946476,1727074776608
178,0.16666666666667,1.28206114e-06,0.53658448645162,0.19114410215775,0.5,0.50000848193951,0.49998946714108,0.50000704946476,1727074777024
178,0.16666666666667,1.28206114e-06,0.53658448645162,0.19114410215775,0.5,0.50000848193951,0.49998946714108,0.50000704946476,1727074778410
178,0.16666666666667,1.28206114e-06,0.53658448645162,0.18450090762581,0.5,0.50000848193951,0.49998946714108,0.50001091223548,1727074778481
178,0.16666666666667,1.28206114e-06,0.53658448645162,0.18450090762581,0.5,0.50000848193951,0.49998946714108,0.50001091223548,1727074778992
179,0.5,0.83333333333333,0.5,0.33333333333333,0.5,0.5,0.5,0.5,1727074782050
179,0.5,0.83333333333333,0.49278014496852,0.33333333333333,0.5,0.5,0.4999969499804,0.5,1727074782097
179,0.5,0.83333333333333,0.48555519194065,0.33333333333333,0.5,0.5,0.49997359415359,0.5,1727074782104
179,0.5,0.83333333333333,0.47111402694799,0.33333333333333,0.5,0.5,0.49998100550906,0.5,1727074782119
179,0.5,0.83333333333333,0.4323681990104,0.33333333333333,0.5,0.5,0.49999200775127,0.5,1727074782136
179,0.5,0.83333333333333,0.3820411931452,0.33333333333333,0.5,0.5,0.49998791116445,0.5,1727074782152
179,0.5,0.83333333333333,0.35772151123063,0.33333333333333,0.5,0.5,0.49997988823197,0.5,1727074782169
179,0.5,0.83333333333333,0.3289063671541,0.33333333333333,0.5,0.5,0.49998327765566,0.5,1727074782186
179,0.5,0.83333333333333,0.30009126840009,0.33333333333333,0.5,0.5,0.49998658987102,0.5,1727074782202
179,0.5,0.83333333333333,0.27846362444311,0.33333333333333,0.5,0.5,0.49998879369293,0.5,1727074782219
179,0.5,0.83333333333333,0.26137788685277,0.33333333333333,0.5,0.5,0.50000474819519,0.5,1727074782235
179,0.5,0.83333333333333,0.24695516408362,0.33333333333333,0.5,0.5,0.49999454843342,0.5,1727074782252
179,0.5,0.83333333333333,0.23972930226861,0.33333333333333,0.5,0.5,0.49996917069729,0.5,1727074782269
179,0.5,0.83333333333333,0.23250898920521,0.33333333333333,0.5,0.5,0.49997171266973,0.5,1727074782286
179,0.5,0.83333333333333,0.21808338788886,0.33333333333333,0.5,0.5,0.49999213415963,0.5,1727074782302
179,0.5,0.83333333333333,0.21550777976456,0.33333333333333,0.5,0.5,0.49995854038116,0.5,1727074782319
179,0.5,0.83333333333333,0.20828744084412,0.33333333333333,0.5,0.5,0.49996134522037,0.5,1727074782336
179,0.5,0.83333333333333,0.19386111844051,0.33333333333333,0.5,0.5,0.49999106830858,0.5,1727074782352
179,0.5,0.83333333333333,0.1866420151516,0.33333333333333,0.5,0.5,0.49997970146809,0.5,1727074782369
179,0.5,0.83333333333333,0.17942113853814,0.33333333333333,0.5,0.5,0.49998962092134,0.5,1727074782386
179,0.5,0.83333333333333,0.1768508994457,0.33333333333333,0.5,0.5,0.49998759738297,0.5,1727074785465
179,0.5,0.83333333333333,0.1696306237836,0.33333333333333,0.5,0.5,0.49999036971005,0.5,1727074785609
179,0.5,0.83333333333333,0.1696306237836,0.33333333333333,0.5,0.5,0.49999036971005,0.5,1727074785921
179,0.5,0.83333333333333,0.1696306237836,0.33333333333333,0.5,0.5,0.49999036971005,0.5,1727074786618
179,0.5,0.83333333333333,0.1696306237836,0.32282435614609,0.5,0.5,0.49999036971005,0.49999382755737,1727074786689
179,0.5,0.83333333333333,0.1696306237836,0.30184307218486,0.5,0.5,0.49999036971005,0.49999692120722,1727074786702
179,0.5,0.83333333333333,0.1696306237836,0.25627885890119,0.5,0.5,0.49999036971005,0.49998535443488,1727074786719
179,0.5,0.83333333333333,0.1696306237836,0.19719375107555,0.5,0.5,0.49999036971005,0.49999229591059,1727074786735
179,0.5,0.83333333333333,0.1696306237836,0.13452082386385,0.5,0.5,0.49999036971005,0.49999676954334,1727074786752
179,0.5,0.83333333333333,0.1696306237836,0.00777209300469,0.5,0.5,0.49999036971005,0.4999732166282,1727074786769
179,0.5,0.83333333333333,0.1696306237836,0.0,0.5,0.5,0.49999036971005,0.5,1727074786785
179,0.5,0.83333333333333,0.1696306237836,0.0,0.5,0.5,0.49999036971005,0.5,1727074786802
179,0.5,0.83333333333333,0.1696306237836,0.0,0.5,0.5,0.49999036971005,0.5,1727074786819
179,0.5,0.83333333333333,0.1696306237836,0.0,0.5,0.5,0.49999036971005,0.5,1727074786835
179,0.5,0.83333333333333,0.1696306237836,0.0,0.5,0.5,0.49999036971005,0.5,1727074786929
179,0.5,0.83333333333333,0.1696306237836,0.0,0.5,0.5,0.49999036971005,0.5,1727074786944
179,0.5,0.83333333333333,0.1696306237836,0.0,0.5,0.5,0.49999036971005,0.5,1727074786952
179,0.5,0.83333333333333,0.1696306237836,0.0,0.5,0.5,0.49999036971005,0.5,1727074786961
179,0.5,0.83333333333333,0.1696306237836,0.0,0.5,0.5,0.49999036971005,0.5,1727074786961
179,0.5,0.83333333333333,0.1696306237836,0.0,0.5,0.5,0.49999036971005,0.5,1727074788474
179,0.5,0.83333333333333,0.1696306237836,0.0,0.5,0.5,0.49999036971005,0.5,1727074789225
179,0.49243310377289,0.83333333333333,0.1696306237836,0.0,0.50000173362396,0.5,0.49999036971005,0.5,1727074789297
179,0.48193076310591,0.83333333333333,0.1696306237836,0.0,0.50000578962855,0.5,0.49999036971005,0.5,1727074789305
179,0.46476224580851,0.83333333333333,0.1696306237836,0.0,0.50000647902606,0.5,0.49999036971005,0.5,1727074789318
179,0.42955222509135,0.83333333333333,0.1696306237836,0.0,0.49999868481198,0.5,0.49999036971005,0.5,1727074789335
179,0.39070914230995,0.83333333333333,0.1696306237836,0.0,0.50000124772344,0.5,0.49999036971005,0.5,1727074789352
179,0.33159777319854,0.83333333333333,0.1696306237836,0.0,0.49999788908968,0.5,0.49999036971005,0.5,1727074789368
179,0.29343249390256,0.83333333333333,0.1696306237836,0.0,0.50000174973135,0.5,0.49999036971005,0.5,1727074789385
179,0.26576389062236,0.83333333333333,0.1696306237836,0.0,0.50001073705977,0.5,0.49999036971005,0.5,1727074789402
179,0.24477191548483,0.83333333333333,0.1696306237836,0.0,0.50000299160057,0.5,0.49999036971005,0.5,1727074789419
179,0.23427418157972,0.83333333333333,0.1696306237836,0.0,0.49999687890025,0.5,0.49999036971005,0.5,1727074789435
179,0.22762970156768,0.83333333333333,0.1696306237836,0.0,0.49999876759399,0.5,0.49999036971005,0.5,1727074789452
179,0.21046225871896,0.83333333333333,0.1696306237836,0.0,0.50000086239129,0.5,0.49999036971005,0.5,1727074789468
179,0.18948200383271,0.83333333333333,0.1696306237836,0.0,0.500006373781,0.5,0.49999036971005,0.5,1727074789485
179,0.16180349217084,0.83333333333333,0.1696306237836,0.0,0.5000046753659,0.5,0.49999036971005,0.5,1727074789502
179,0.14083699479245,0.83333333333333,0.1696306237836,0.0,0.50000878198066,0.5,0.49999036971005,0.5,1727074789518
179,0.12366524172557,0.83333333333333,0.1696306237836,0.0,0.5000054640167,0.5,0.49999036971005,0.5,1727074789535
179,0.11316648534278,0.83333333333333,0.1696306237836,0.0,0.49999583211861,0.5,0.49999036971005,0.5,1727074789552
179,0.09599566363743,0.83333333333333,0.1696306237836,0.0,0.49999309018222,0.5,0.49999036971005,0.5,1727074789568
179,0.089363246675,0.83333333333333,0.1696306237836,0.0,0.50001527199864,0.5,0.49999036971005,0.5,1727074789585
179,0.08557466859376,0.83333333333333,0.1696306237836,0.0,0.50000893399276,0.5,0.49999036971005,0.5,1727074789649
179,0.07508790763815,0.83333333333333,0.1696306237836,0.0,0.50001862902853,0.5,0.49999036971005,0.5,1727074789664
179,0.06844325795449,0.83333333333333,0.1696306237836,0.0,0.49999498626159,0.5,0.49999036971005,0.5,1727074789680
179,0.06466969361589,0.83333333333333,0.1696306237836,0.0,0.50001428848385,0.5,0.49999036971005,0.5,1727074789688
179,0.0580329841074,0.83333333333333,0.1696306237836,0.0,0.50000396426385,0.5,0.49999036971005,0.5,1727074789702
179,0.06471640485706,0.83333333333333,0.1696306237836,0.0,0.50001526281438,0.5,0.49999036971005,0.5,1727074790449
179,0.07140238504379,0.83333333333333,0.1696306237836,0.0,0.50000409126373,0.5,0.49999036971005,0.5,1727074790465
179,0.08857329704191,0.83333333333333,0.1696306237836,0.0,0.50000662145889,0.5,0.49999036971005,0.5,1727074790473
179,0.10574840835731,0.83333333333333,0.1696306237836,0.0,0.5000154152288,0.5,0.49999036971005,0.5,1727074790489
179,0.11243071305672,0.83333333333333,0.1696306237836,0.0,0.4999999145482,0.5,0.49999036971005,0.5,1727074790502
179,0.12960005544387,0.83333333333333,0.1696306237836,0.0,0.50000008052643,0.5,0.49999036971005,0.5,1727074790518
179,0.14676565229041,0.83333333333333,0.1696306237836,0.0,0.49999502748867,0.5,0.49999036971005,0.5,1727074790535
179,0.15344533272936,0.83333333333333,0.1696306237836,0.0,0.49999887790101,0.5,0.49999036971005,0.5,1727074790552
179,0.16396695956266,0.83333333333333,0.1696306237836,0.0,0.49999697516205,0.5,0.49999036971005,0.5,1727074790569
179,0.17064380438389,0.83333333333333,0.1696306237836,0.0,0.49999692060681,0.5,0.49999036971005,0.5,1727074790585
179,0.17732188037026,0.83333333333333,0.1696306237836,0.0,0.49999845621182,0.5,0.49999036971005,0.5,1727074790602
179,0.18400280951243,0.83333333333333,0.1696306237836,0.0,0.50000356901766,0.5,0.49999036971005,0.5,1727074790619
179,0.20117361771185,0.83333333333333,0.1696306237836,0.0,0.50000536078395,0.5,0.49999036971005,0.5,1727074790635
179,0.20507201644284,0.83333333333333,0.1696306237836,0.0,0.50001269423627,0.5,0.49999036971005,0.5,1727074790652
179,0.20507201644284,0.83333333333333,0.1696306237836,0.0,0.50001269423627,0.5,0.49999036971005,0.5,1727074791257
179,0.20507201644284,0.83333333333333,0.1696306237836,0.0,0.50001269423627,0.5,0.49999036971005,0.5,1727074792282
179,0.20507201644284,0.82667574780296,0.1696306237836,0.0,0.50001269423627,0.50000060181781,0.49999036971005,0.5,1727074792320
179,0.20507201644284,0.82284753462281,0.1696306237836,0.0,0.50001269423627,0.49999929042859,0.49999036971005,0.5,1727074792335
179,0.20507201644284,0.80567602234251,0.1696306237836,0.0,0.50001269423627,0.50000047041039,0.49999036971005,0.5,1727074792352
179,0.20507201644284,0.77914511969827,0.1696306237836,0.0,0.50001269423627,0.50000467490332,0.49999036971005,0.5,1727074792369
179,0.20507201644284,0.72492071492872,0.1696306237836,0.0,0.50001269423627,0.50000133573556,0.49999036971005,0.5,1727074792385
179,0.20507201644284,0.68784526856095,0.1696306237836,0.0,0.50001269423627,0.50000052043058,0.49999036971005,0.5,1727074792402
179,0.20507201644284,0.6547383146181,0.1696306237836,0.0,0.50001269423627,0.50000008953023,0.49999036971005,0.5,1727074792418
179,0.20507201644284,0.6337415396129,0.1696306237836,0.0,0.50001269423627,0.49999807972092,0.49999036971005,0.5,1727074792435
179,0.20507201644284,0.61383548526102,0.1696306237836,0.0,0.50001269423627,0.4999969900734,0.49999036971005,0.5,1727074792452
179,0.20507201644284,0.57949993794681,0.1696306237836,0.0,0.50001269423627,0.50000515396044,0.49999036971005,0.5,1727074792468
179,0.20507201644284,0.56233308667284,0.1696306237836,0.0,0.50001269423627,0.50000364791494,0.49999036971005,0.5,1727074792485
179,0.20507201644284,0.53850989557717,0.1696306237836,0.0,0.50001269423627,0.49999845946691,0.49999036971005,0.5,1727074792502
179,0.20507201644284,0.52134532418604,0.1696306237836,0.0,0.50001269423627,0.50000609119625,0.49999036971005,0.5,1727074792518
179,0.20507201644284,0.51084744893376,0.1696306237836,0.0,0.50001269423627,0.49999906154776,0.49999036971005,0.5,1727074792535
179,0.20507201644284,0.50419092050971,0.1696306237836,0.0,0.50001269423627,0.49999539083175,0.49999036971005,0.5,1727074792585
179,0.20507201644284,0.48037962264985,0.1696306237836,0.0,0.50001269423627,0.49999215568138,0.49999036971005,0.5,1727074792602
179,0.20507201644284,0.45656353022165,0.1696306237836,0.0,0.50001269423627,0.50000444812208,0.49999036971005,0.5,1727074792618
179,0.20507201644284,0.42612271184009,0.1696306237836,0.0,0.50001269423627,0.50000029769858,0.49999036971005,0.5,1727074792635
179,0.20507201644284,0.41947702398129,0.1696306237836,0.0,0.50001269423627,0.49999991690306,0.49999036971005,0.5,1727074792652
179,0.20507201644284,0.42614478603566,0.1696306237836,0.0,0.50001269423627,0.50000738764266,0.49999036971005,0.5,1727074793337
179,0.20507201644284,0.4395130300211,0.1696306237836,0.0,0.50001269423627,0.49999573201411,0.49999036971005,0.5,1727074793360
179,0.20507201644284,0.44618369619727,0.1696306237836,0.0,0.50001269423627,0.50000072793238,0.49999036971005,0.5,1727074793369
179,0.20507201644284,0.47386616643904,0.1696306237836,0.0,0.50001269423627,0.49999647512874,0.49999036971005,0.5,1727074793385
179,0.20507201644284,0.49770873158911,0.1696306237836,0.0,0.50001269423627,0.49999923367791,0.49999036971005,0.5,1727074793402
179,0.20507201644284,0.50822645585699,0.1696306237836,0.0,0.50001269423627,0.50000313638464,0.49999036971005,0.5,1727074793418
179,0.20507201644284,0.50157510772258,0.1696306237836,0.0,0.50001269423627,0.49999568888067,0.49999036971005,0.5,1727074793761
179,0.20507201644284,0.49492142418352,0.1696306237836,0.0,0.50001269423627,0.50000122322084,0.49999036971005,0.5,1727074793785
179,0.20507201644284,0.48442044872712,0.1696306237836,0.0,0.50001269423627,0.49999619837941,0.49999036971005,0.5,1727074793801
179,0.20507201644284,0.47776850408312,0.1696306237836,0.0,0.50001269423627,0.50000055050902,0.49999036971005,0.5,1727074793824
179,0.20507201644284,0.4739491383113,0.1696306237836,0.0,0.50001269423627,0.50000358529669,0.49999036971005,0.5,1727074793835
179,0.20507201644284,0.46729840153708,0.1696306237836,0.0,0.50001269423627,0.50000714107449,0.49999036971005,0.5,1727074793856
179,0.20507201644284,0.460648901429,0.1696306237836,0.0,0.50001269423627,0.49999786839765,0.49999036971005,0.5,1727074793921
179,0.20507201644284,0.46732169033274,0.1696306237836,0.0,0.50001269423627,0.50000106572483,0.49999036971005,0.5,1727074795305
179,0.20507201644284,0.46732169033274,0.1696306237836,0.0,0.50001269423627,0.50000106572483,0.49999036971005,0.5,1727074796321
179,0.20507201644284,0.46732169033274,0.1696306237836,0.0,0.50001269423627,0.50000106572483,0.49999036971005,0.5,1727074797866
179,0.1984252018885,0.46732169033274,0.1696306237836,0.0,0.50001207007666,0.50000106572483,0.49999036971005,0.5,1727074798113
179,0.19177891104761,0.46732169033274,0.1696306237836,0.0,0.50001208069819,0.50000106572483,0.49999036971005,0.5,1727074798151
179,0.18512971826226,0.46732169033274,0.1696306237836,0.0,0.49998892183928,0.50000106572483,0.49999036971005,0.5,1727074798216
179,0.18133777593248,0.46732169033274,0.1696306237836,0.0,0.49999912366938,0.50000106572483,0.49999036971005,0.5,1727074798232
179,0.1746953849136,0.46732169033274,0.1696306237836,0.0,0.50000399476657,0.50000106572483,0.49999036971005,0.5,1727074798313
179,0.16805116711336,0.46732169033274,0.1696306237836,0.0,0.50000661151966,0.50000106572483,0.49999036971005,0.5,1727074798409
179,0.16805116711336,0.46732169033274,0.1696306237836,0.0,0.50000661151966,0.50000106572483,0.49999036971005,0.5,1727074798704
179,0.16805116711336,0.46732169033274,0.1696306237836,0.0,0.50000661151966,0.50000106572483,0.49999036971005,0.5,1727074800097
179,0.16140603791224,0.46732169033274,0.1696306237836,0.0,0.50000809144026,0.50000106572483,0.49999036971005,0.5,1727074800217
179,0.15475767530224,0.46732169033274,0.1696306237836,0.0,0.5000052157548,0.50000106572483,0.49999036971005,0.5,1727074800361
179,0.15475767530224,0.46732169033274,0.1696306237836,0.0,0.5000052157548,0.50000106572483,0.49999036971005,0.5,1727074800745
179,0.15475767530224,0.46732169033274,0.1696306237836,0.0,0.5000052157548,0.50000106572483,0.49999036971005,0.5,1727074802706
179,0.15475767530224,0.46732169033274,0.1696306237836,0.0,0.5000052157548,0.50000106572483,0.49999036971005,0.5,1727074803249
179,0.15475767530224,0.46732169033274,0.1696306237836,0.0,0.5000052157548,0.50000106572483,0.49999036971005,0.5,1727074806338
179,0.15475767530224,0.46732169033274,0.16241198217598,0.0,0.5000052157548,0.50000106572483,0.49997244888182,0.5,1727074806513
179,0.15475767530224,0.46732169033274,0.16241198217598,0.0,0.5000052157548,0.50000106572483,0.49997244888182,0.5,1727074808169
180,0.0,0.0,0.16666666666667,0.66666666666667,0.5,0.5,0.5,0.5,1727074810154
180,0.0,0.0,0.18376089438381,0.66666666666667,0.5,0.5,0.49997539081321,0.5,1727074810233
180,0.0,0.0,0.24226491164252,0.66666666666667,0.5,0.5,0.49999113089075,0.5,1727074810251
180,0.0,0.0,0.31786426289051,0.66666666666667,0.5,0.5,0.49997568400936,0.5,1727074810267
180,0.0,0.0,0.41778102928882,0.66666666666667,0.5,0.5,0.49998985503595,0.5,1727074810284
180,0.0,0.0,0.52316667871471,0.66666666666667,0.5,0.5,0.49999594766116,0.5,1727074810300
180,0.0,0.0,0.64848728274602,0.66666666666667,0.5,0.5,0.49998838145362,0.5,1727074810317
180,0.0,0.0,0.77812822965092,0.66666666666667,0.5,0.5,0.49999221320512,0.5,1727074810334
180,0.0,0.0,0.88621466760521,0.66666666666667,0.5,0.5,0.49999886430762,0.5,1727074810350
180,0.0,0.0,0.99870892178895,0.66666666666667,0.5,0.5,0.49998855519016,0.5,1727074810367
180,0.0,0.0,1.0,0.66666666666667,0.5,0.5,0.5,0.5,1727074810384
180,0.0,0.0,1.0,0.66666666666667,0.5,0.5,0.5,0.5,1727074810400
180,0.0,0.0,1.0,0.66666666666667,0.5,0.5,0.5,0.5,1727074810417
180,0.0,0.0,1.0,0.66666666666667,0.5,0.5,0.5,0.5,1727074810434
180,0.0,0.0,1.0,0.66666666666667,0.5,0.5,0.5,0.5,1727074810450
180,0.0,0.0,1.0,0.66666666666667,0.5,0.5,0.5,0.5,1727074810680
180,0.0,0.0,1.0,0.66666666666667,0.5,0.5,0.5,0.5,1727074812274
180,0.00669158081176,0.0,1.0,0.66666666666667,0.4999984387861,0.5,0.5,0.5,1727074812377
180,0.02386333491176,-0.0,1.0,0.66666666666667,0.50000361652588,0.5,0.5,0.5,1727074812417
180,0.04774024883033,-0.0,1.0,0.66666666666667,0.50000330954483,0.5,0.5,0.5,1727074812434
180,0.07160377931646,-0.0,1.0,0.66666666666667,0.5000064789112,0.5,0.5,0.5,1727074812450
180,0.08501733437086,0.0,1.0,0.66666666666667,0.5000032086563,0.5,0.5,0.5,1727074812467
180,0.10888553903899,0.0,1.0,0.66666666666667,0.50001323600241,0.5,0.5,0.5,1727074812484
180,0.12605004100732,0.0,1.0,0.66666666666667,0.50000569897714,0.5,0.5,0.5,1727074812500
180,0.13272947251556,0.0,1.0,0.66666666666667,0.50000921294385,0.5,0.5,0.5,1727074812517
180,0.13941648143261,0.0,1.0,0.66666666666667,0.5000015528535,0.5,0.5,0.5,1727074812534
180,0.14609267206331,0.0,1.0,0.66666666666667,0.50000050717474,0.5,0.5,0.5,1727074813049
180,0.15276942427315,0.0,1.0,0.66666666666667,0.50000026487686,0.5,0.5,0.5,1727074813345
180,0.15667394993305,0.0,1.0,0.66666666666667,0.49999596929645,0.5,0.5,0.5,1727074813361
180,0.16334948862686,0.0,1.0,0.66666666666667,0.49999418788506,0.5,0.5,0.5,1727074813457
180,0.17003422418285,0.0,1.0,0.66666666666667,0.50000453489793,0.5,0.5,0.5,1727074813745
180,0.17671283088056,0.0,1.0,0.66666666666667,0.50000663921446,0.5,0.5,0.5,1727074813784
180,0.1806112956,0.0,1.0,0.66666666666667,0.49999476466145,0.5,0.5,0.5,1727074813801
180,0.17396404099337,0.0,1.0,0.66666666666667,0.49999325112764,0.5,0.5,0.5,1727074814401
180,0.16732196716677,0.0,1.0,0.66666666666667,0.4999985338874,0.5,0.5,0.5,1727074814450
180,0.1635259803647,0.0,1.0,0.66666666666667,0.50000387097666,0.5,0.5,0.5,1727074814501
180,0.15688397143276,-0.0,1.0,0.66666666666667,0.50000955051394,0.5,0.5,0.5,1727074814529
180,0.15024436799852,-0.0,1.0,0.66666666666667,0.49999754002761,0.5,0.5,0.5,1727074814601
180,0.15691926839736,-0.0,1.0,0.66666666666667,0.49999483987684,0.5,0.5,0.5,1727074814985
180,0.15691926839736,-0.0,1.0,0.66666666666667,0.49999483987684,0.5,0.5,0.5,1727074815529
180,0.15691926839736,-0.0,1.0,0.66666666666667,0.49999483987684,0.5,0.5,0.5,1727074816226
180,0.15691926839736,0.01052806483528,1.0,0.66666666666667,0.49999483987684,0.49998944462534,0.5,0.5,1727074816305
180,0.15691926839736,0.0210511993697,1.0,0.66666666666667,0.49999483987684,0.4999897372367,0.5,0.5,1727074816321
180,0.15691926839736,0.04873673074027,1.0,0.66666666666667,0.49999483987684,0.50000319425057,0.5,0.5,1727074816333
180,0.15691926839736,0.09357817236794,1.0,0.66666666666667,0.49999483987684,0.50001033893502,0.5,0.5,1727074816350
180,0.15691926839736,0.15181107781979,1.0,0.66666666666667,0.49999483987684,0.50000590940671,0.5,0.5,1727074816367
180,0.15691926839736,0.19285264139206,1.0,0.66666666666667,0.49999483987684,0.49999192335674,0.5,0.5,1727074816384
180,0.15691926839736,0.23770296592821,1.0,0.66666666666667,0.49999483987684,0.49998795133013,0.5,0.5,1727074816400
180,0.15691926839736,0.32356889036351,1.0,0.66666666666667,0.49999483987684,0.50000032720657,0.5,0.5,1727074816417
180,0.15691926839736,0.37508650174529,1.0,0.66666666666667,0.49999483987684,0.50000512087728,0.5,0.5,1727074816433
180,0.15691926839736,0.3961306502161,1.0,0.66666666666667,0.49999483987684,0.49999353789034,0.5,0.5,1727074816450
180,0.15691926839736,0.41329569105964,1.0,0.66666666666667,0.49999483987684,0.49999718776012,0.5,0.5,1727074816467
180,0.15691926839736,0.42381790697658,1.0,0.66666666666667,0.49999483987684,0.49999793616383,0.5,0.5,1727074816483
180,0.15691926839736,0.43048369363497,1.0,0.66666666666667,0.49999483987684,0.49999451449292,0.5,0.5,1727074816512
180,0.15691926839736,0.43436265351646,1.0,0.66666666666667,0.49999483987684,0.49999290472229,0.5,0.5,1727074816550
180,0.15691926839736,0.44103777389485,1.0,0.66666666666667,0.49999483987684,0.49999441149628,0.5,0.5,1727074816568
180,0.15691926839736,0.44491726916278,1.0,0.66666666666667,0.49999483987684,0.49999240199511,0.5,0.5,1727074816583
180,0.15691926839736,0.45158883191549,1.0,0.66666666666667,0.49999483987684,0.49999668653084,0.5,0.5,1727074816600
180,0.15691926839736,0.46209816289788,1.0,0.66666666666667,0.49999483987684,0.49999546672107,0.5,0.5,1727074816617
180,0.15691926839736,0.46877333605441,1.0,0.66666666666667,0.49999483987684,0.49999685107936,0.5,0.5,1727074816633
180,0.15691926839736,0.47265006528815,1.0,0.66666666666667,0.49999483987684,0.49999701585991,0.5,0.5,1727074816650
180,0.15691926839736,0.46599971095834,1.0,0.66666666666667,0.49999483987684,0.5000002225658,0.5,0.5,1727074817441
180,0.15691926839736,0.4593440417531,1.0,0.66666666666667,0.49999483987684,0.49999566285278,0.5,0.5,1727074817483
180,0.15691926839736,0.45269569244686,1.0,0.66666666666667,0.49999483987684,0.49999734435329,0.5,0.5,1727074817500
180,0.15691926839736,0.44604635213902,1.0,0.66666666666667,0.49999483987684,0.49999984293489,0.5,0.5,1727074817550
180,0.15691926839736,0.43554144566978,1.0,0.66666666666667,0.49999483987684,0.49999760009159,0.5,0.5,1727074817567
180,0.15691926839736,0.44222145301347,1.0,0.66666666666667,0.49999483987684,0.49999516675141,0.5,0.5,1727074818297
180,0.15691926839736,0.44888630898567,1.0,0.66666666666667,0.49999483987684,0.49999259577545,0.5,0.5,1727074818337
180,0.15691926839736,0.45555699648584,1.0,0.66666666666667,0.49999483987684,0.49999753830261,0.5,0.5,1727074818360
180,0.15691926839736,0.46223329311883,1.0,0.66666666666667,0.49999483987684,0.49999804629801,0.5,0.5,1727074818400
180,0.15691926839736,0.46611168834762,1.0,0.66666666666667,0.49999483987684,0.49999692348231,0.5,0.5,1727074818465
180,0.15691926839736,0.47278316517611,1.0,0.66666666666667,0.49999483987684,0.5000011061991,0.5,0.5,1727074818472
180,0.15691926839736,0.4794546518128,1.0,0.66666666666667,0.49999483987684,0.49999357716696,0.5,0.5,1727074818649
180,0.15691926839736,0.48612706433689,1.0,0.66666666666667,0.49999483987684,0.49999701359375,0.5,0.5,1727074818769
180,0.15691926839736,0.47946998236186,1.0,0.66666666666667,0.49999483987684,0.50000524575774,0.5,0.5,1727074821209
180,0.15691926839736,0.47282009620479,1.0,0.66666666666667,0.49999483987684,0.49999640625291,0.5,0.5,1727074821250
180,0.15691926839736,0.46616976012301,1.0,0.66666666666667,0.49999483987684,0.49999959248769,0.5,0.5,1727074821300
180,0.15691926839736,0.46616976012301,1.0,0.66666666666667,0.49999483987684,0.49999959248769,0.5,0.5,1727074822145
180,0.15691926839736,0.46616976012301,1.0,0.66666666666667,0.49999483987684,0.49999959248769,0.5,0.5,1727074823442
180,0.15691926839736,0.46616976012301,1.0,0.66000697375012,0.49999483987684,0.49999959248769,0.5,0.49999490425864,1727074823561
180,0.15691926839736,0.46616976012301,1.0,0.65618747815853,0.49999483987684,0.49999959248769,0.5,0.50000174172475,1727074823577
180,0.15691926839736,0.46616976012301,1.0,0.6456903596123,0.49999483987684,0.49999959248769,0.5,0.49999880088785,1727074823584
180,0.15691926839736,0.46616976012301,1.0,0.63518172536085,0.49999483987684,0.49999959248769,0.5,0.49999819996904,1727074823600
180,0.15691926839736,0.46616976012301,1.0,0.6141849168619,0.49999483987684,0.49999959248769,0.5,0.50000019233518,1727074823616
180,0.15691926839736,0.46616976012301,1.0,0.58270336144369,0.49999483987684,0.49999959248769,0.5,0.49999713255327,1727074823633
180,0.15691926839736,0.46616976012301,1.0,0.56170888682015,0.49999483987684,0.49999959248769,0.5,0.50000081133654,1727074823650
180,0.15691926839736,0.46616976012301,1.0,0.54740961053312,0.49999483987684,0.49999959248769,0.5,0.49999600779546,1727074823666
180,0.15691926839736,0.46616976012301,1.0,0.53311740625638,0.49999483987684,0.49999959248769,0.5,0.49999600774271,1727074823683
180,0.15691926839736,0.46616976012301,1.0,0.52260599060089,0.49999483987684,0.49999959248769,0.5,0.49999329645102,1727074823700
180,0.15691926839736,0.46616976012301,1.0,0.50831500926201,0.49999483987684,0.49999959248769,0.5,0.49999413443952,1727074823716
180,0.15691926839736,0.46616976012301,1.0,0.48731955481488,0.49999483987684,0.49999959248769,0.5,0.49999736635012,1727074823733
180,0.15691926839736,0.46616976012301,1.0,0.47302334579994,0.49999483987684,0.49999959248769,0.5,0.49999433938209,1727074823750
180,0.15691926839736,0.46616976012301,1.0,0.45203747593684,0.49999483987684,0.49999959248769,0.5,0.4999931849906,1727074823766
180,0.15691926839736,0.46616976012301,1.0,0.43774321241331,0.49999483987684,0.49999959248769,0.5,0.49999147544691,1727074823783
180,0.15691926839736,0.46616976012301,1.0,0.42345874632652,0.49999483987684,0.49999959248769,0.5,0.49999771420923,1727074823800
180,0.15691926839736,0.46616976012301,1.0,0.40916755617557,0.49999483987684,0.49999959248769,0.5,0.49999859936628,1727074823816
180,0.15691926839736,0.46616976012301,1.0,0.39488991498047,0.49999483987684,0.49999959248769,0.5,0.49999795442301,1727074823833
180,0.15691926839736,0.46616976012301,1.0,0.38060651284319,0.49999483987684,0.49999959248769,0.5,0.49999224353736,1727074823850
180,0.15691926839736,0.46616976012301,1.0,0.37010851222729,0.49999483987684,0.49999959248769,0.5,0.50000072897768,1727074823866
180,0.15691926839736,0.46616976012301,1.0,0.36629183177042,0.49999483987684,0.49999959248769,0.5,0.49999957424469,1727074823917
180,0.15691926839736,0.46616976012301,1.0,0.36248927998731,0.49999483987684,0.49999959248769,0.5,0.49999727462559,1727074823933
180,0.15691926839736,0.46616976012301,1.0,0.35198737860816,0.49999483987684,0.49999959248769,0.5,0.50000253069062,1727074823950
180,0.15691926839736,0.46616976012301,1.0,0.34817466137199,0.49999483987684,0.49999959248769,0.5,0.49999082550572,1727074823968
180,0.15691926839736,0.46616976012301,1.0,0.34152319466219,0.49999483987684,0.49999959248769,0.5,0.50000010973867,1727074823983
180,0.15691926839736,0.46616976012301,1.0,0.33771559391725,0.49999483987684,0.49999959248769,0.5,0.49999298026774,1727074824000
180,0.15691926839736,0.46616976012301,1.0,0.33391088331859,0.49999483987684,0.49999959248769,0.5,0.50000301295108,1727074824057
180,0.15691926839736,0.46616976012301,1.0,0.32725554697563,0.49999483987684,0.49999959248769,0.5,0.49999427760369,1727074825881
180,0.15691926839736,0.46616976012301,1.0,0.32061259279412,0.49999483987684,0.49999959248769,0.5,0.49999730252537,1727074825889
180,0.15691926839736,0.46616976012301,1.0,0.32061259279412,0.49999483987684,0.49999959248769,0.5,0.49999730252537,1727074826481
181,0.5,0.16666666666667,0.5,0.5,0.5,0.5,0.5,0.5,1727074829257
181,0.5,0.16666666666667,0.49278061522319,0.5,0.5,0.5,0.49999362793993,0.5,1727074829305
181,0.5,0.16666666666667,0.48293209156983,0.5,0.5,0.5,0.49999917142234,0.5,1727074829316
181,0.5,0.16666666666667,0.43894853740579,0.5,0.5,0.5,0.50000116146218,0.5,1727074829333
181,0.5,0.16666666666667,0.36086479720604,0.5,0.5,0.5,0.49998112079042,0.5,1727074829349
181,0.5,0.16666666666667,0.26360443820685,0.5,0.5,0.5,0.50000509526054,0.5,1727074829366
181,0.5,0.16666666666667,0.15396200956165,0.5,0.5,0.5,0.49999834864015,0.5,1727074829383
181,0.5,0.16666666666667,0.07116214269123,0.5,0.5,0.5,0.49997586947677,0.5,1727074829399
181,0.5,0.16666666666667,0.0,0.5,0.5,0.5,0.5,0.5,1727074829416
181,0.5,0.16666666666667,0.0,0.5,0.5,0.5,0.5,0.5,1727074829433
181,0.5,0.16666666666667,0.0,0.5,0.5,0.5,0.5,0.5,1727074829449
181,0.5,0.16666666666667,0.0,0.5,0.5,0.5,0.5,0.5,1727074829466
181,0.5,0.16666666666667,0.0,0.5,0.5,0.5,0.5,0.5,1727074829483
181,0.5,0.16666666666667,0.0,0.5,0.5,0.5,0.5,0.5,1727074829499
181,0.5,0.16666666666667,0.0,0.5,0.5,0.5,0.5,0.5,1727074829516
181,0.5,0.16666666666667,0.0,0.5,0.5,0.5,0.5,0.5,1727074829533
181,0.5,0.16666666666667,0.0,0.5,0.5,0.5,0.5,0.5,1727074829617
181,0.5,0.16666666666667,0.0,0.5,0.5,0.5,0.5,0.5,1727074830730
181,0.5,0.16666666666667,0.0,0.49335288171011,0.5,0.5,0.5,0.49999928469261,1727074830745
181,0.5,0.16666666666667,0.0,0.48670338969892,0.5,0.5,0.5,0.5000082934533,1727074830753
181,0.5,0.16666666666667,0.0,0.47341410451618,0.5,0.5,0.5,0.49999902440961,1727074830766
181,0.5,0.16666666666667,0.0,0.43243946011327,0.5,0.5,0.5,0.49999459226113,1727074830783
181,0.5,0.16666666666667,0.0,0.36112180843613,0.5,0.5,0.5,0.49999885562302,1727074830799
181,0.5,0.16666666666667,0.0,0.23440373836157,0.5,0.5,0.5,0.50000425484771,1727074830816
181,0.5,0.16666666666667,0.0,0.0586645749219,0.5,0.5,0.5,0.50000542364007,1727074830833
181,0.5,0.16666666666667,0.0,0.0,0.5,0.5,0.5,0.5,1727074830849
181,0.5,0.16666666666667,0.0,0.0,0.5,0.5,0.5,0.5,1727074830866
181,0.5,0.16666666666667,0.0,0.0,0.5,0.5,0.5,0.5,1727074830883
181,0.5,0.16666666666667,0.0,0.0,0.5,0.5,0.5,0.5,1727074830899
181,0.5,0.16666666666667,0.0,0.0,0.5,0.5,0.5,0.5,1727074830916
181,0.5,0.16666666666667,0.0,0.0,0.5,0.5,0.5,0.5,1727074830933
181,0.5,0.16666666666667,0.0,0.0,0.5,0.5,0.5,0.5,1727074830949
181,0.5,0.16666666666667,0.0,0.0,0.5,0.5,0.5,0.5,1727074830966
181,0.5,0.16666666666667,0.0,0.0,0.5,0.5,0.5,0.5,1727074830983
181,0.5,0.16666666666667,0.0,0.0,0.5,0.5,0.5,0.5,1727074831033
181,0.5,0.16666666666667,0.0,0.0,0.5,0.5,0.5,0.5,1727074832794
181,0.5,0.18383081570335,0.0,0.0,0.5,0.49999994094083,0.5,0.5,1727074832889
181,0.5,0.2010015726171,0.0,0.0,0.5,0.50001688462544,0.5,0.5,1727074832899
181,0.5,0.2630270045749,0.0,0.0,0.5,0.50000404572484,0.5,0.5,1727074832916
181,0.5,0.31838498827177,0.0,0.0,0.5,0.49999963830244,0.5,0.5,1727074832933
181,0.5,0.40358886504202,0.0,0.0,0.5,0.49999641524428,0.5,0.5,1727074832949
181,0.5,0.47896902082237,0.0,0.0,0.5,0.50000015878554,0.5,0.5,1727074832966
181,0.5,0.55435138006499,0.0,0.0,0.5,0.50000169033927,0.5,0.5,1727074832982
181,0.5,0.60207591062412,0.0,0.0,0.5,0.50000065509958,0.5,0.5,1727074832999
181,0.5,0.64308795568959,0.0,0.0,0.5,0.50000268661866,0.5,0.5,1727074833016
181,0.5,0.66986437714115,0.0,0.0,0.5,0.49999829861302,0.5,0.5,1727074833033
181,0.5,0.67373233833171,0.0,0.0,0.5,0.50000365463502,0.5,0.5,1727074833049
181,0.5,0.68040454087316,0.0,0.0,0.5,0.50000642567801,0.5,0.5,1727074833193
181,0.5,0.68707710106302,0.0,0.0,0.5,0.49999989528192,0.5,0.5,1727074833201
181,0.5,0.69758086048041,0.0,0.0,0.5,0.50000218470915,0.5,0.5,1727074833217
181,0.5,0.70425670584148,0.0,0.0,0.5,0.5000027920845,0.5,0.5,1727074833233
181,0.5,0.71092341049343,0.0,0.0,0.5,0.49999980861436,0.5,0.5,1727074833249
181,0.5,0.71479710441236,0.0,0.0,0.5,0.50000165467118,0.5,0.5,1727074833369
181,0.5,0.71866329074309,0.0,0.0,0.5,0.49999900266357,0.5,0.5,1727074833385
181,0.5,0.7291777954249,0.0,0.0,0.5,0.50000384000256,0.5,0.5,1727074833399
181,0.5,0.75020395500492,0.0,0.0,0.5,0.50000630020157,0.5,0.5,1727074833416
181,0.5,0.75407250785045,0.0,0.0,0.5,0.50000242437044,0.5,0.5,1727074833433
181,0.5,0.76457979058584,0.0,0.0,0.5,0.50000262182737,0.5,0.5,1727074833449
181,0.5,0.7684567718327,0.0,0.0,0.5,0.50000258035719,0.5,0.5,1727074833561
181,0.5,0.77231689724828,0.0,0.0,0.5,0.50000333266208,0.5,0.5,1727074833577
181,0.5,0.77619452617233,0.0,0.0,0.5,0.50000294084796,0.5,0.5,1727074833593
181,0.5,0.78005750690711,0.0,0.0,0.5,0.50000215785418,0.5,0.5,1727074833609
181,0.5,0.78392932154492,0.0,0.0,0.5,0.49999667014281,0.5,0.5,1727074833625
181,0.5,0.79170389307494,0.0,0.0,0.5,0.5000020107711,0.5,0.5,1727074833640
181,0.5,0.79557225959214,0.0,0.0,0.5,0.4999984029064,0.5,0.5,1727074833649
181,0.5,0.80334882457047,0.0,0.0,0.5,0.50000262832799,0.5,0.5,1727074833666
181,0.5,0.80721653137647,0.0,0.0,0.5,0.49999940197457,0.5,0.5,1727074833683
181,0.5,0.81108150029579,0.0,0.0,0.5,0.50000561544058,0.5,0.5,1727074833699
181,0.5,0.81494951714199,0.0,0.0,0.5,0.50000224114939,0.5,0.5,1727074833729
181,0.5,0.81881376837299,0.0,0.0,0.5,0.50000083371056,0.5,0.5,1727074833745
181,0.5,0.8226835400745,0.0,0.0,0.5,0.50000450631283,0.5,0.5,1727074833782
181,0.5,0.8265491525057,0.0,0.0,0.5,0.5000024037414,0.5,0.5,1727074833953
181,0.5,0.83041742492991,0.0,0.0,0.5,0.49999895884315,0.5,0.5,1727074833969
181,0.5,0.8342845615051,0.0,0.0,0.5,0.50000393872793,0.5,0.5,1727074833993
181,0.5,0.83814885391314,0.0,0.0,0.5,0.50000252940458,0.5,0.5,1727074834009
181,0.5,0.84481858735334,0.0,0.0,0.5,0.49999838716555,0.5,0.5,1727074834025
181,0.5,0.85258931329526,0.0,0.0,0.5,0.50000534369284,0.5,0.5,1727074834033
181,0.5,0.85645245058422,0.0,0.0,0.5,0.5000045283611,0.5,0.5,1727074834049
181,0.5,0.86312062351826,0.0,0.0,0.5,0.50000121517238,0.5,0.5,1727074834066
181,0.5,0.86699301652748,0.0,0.0,0.5,0.5000034469277,0.5,0.5,1727074834082
181,0.5,0.87365801923595,0.0,0.0,0.5,0.50000172672798,0.5,0.5,1727074835081
181,0.5,0.88417090724906,0.0,0.0,0.5,0.49999918505091,0.5,0.5,1727074835116
181,0.5,0.89083613410028,0.0,0.0,0.5,0.50000484222346,0.5,0.5,1727074835241
181,0.5,0.89750929239647,0.0,0.0,0.5,0.4999992312263,0.5,0.5,1727074835329
181,0.5,0.90136788339618,0.0,0.0,0.5,0.50000064518551,0.5,0.5,1727074835345
181,0.5,0.90136788339618,0.0,0.0,0.5,0.50000064518551,0.5,0.5,1727074835633
181,0.5,0.90136788339618,0.0,0.0,0.5,0.50000064518551,0.5,0.5,1727074837306
181,0.50667021129033,0.90136788339618,0.0,0.0,0.49999510961669,0.50000064518551,0.5,0.5,1727074837417
181,0.51333757424677,0.90136788339618,0.0,0.0,0.49999935914382,0.50000064518551,0.5,0.5,1727074837466
181,0.52001293460448,0.90136788339618,0.0,0.0,0.49999824579246,0.50000064518551,0.5,0.5,1727074837482
181,0.52668501648754,0.90136788339618,0.0,0.0,0.49999482433919,0.50000064518551,0.5,0.5,1727074837499
181,0.53335350505447,0.90136788339618,0.0,0.0,0.49999975993215,0.50000064518551,0.5,0.5,1727074837549
181,0.54002628443836,0.90136788339618,0.0,0.0,0.49999687023325,0.50000064518551,0.5,0.5,1727074837577
181,0.5466972733318,0.90136788339618,0.0,0.0,0.50000343630858,0.50000064518551,0.5,0.5,1727074837585
181,0.55056848426906,0.90136788339618,0.0,0.0,0.49999948590633,0.50000064518551,0.5,0.5,1727074837609
181,0.55724012865808,0.90136788339618,0.0,0.0,0.49999588491166,0.50000064518551,0.5,0.5,1727074837617
181,0.5639051686876,0.90136788339618,0.0,0.0,0.49999829053132,0.50000064518551,0.5,0.5,1727074837666
181,0.57442680748586,0.90136788339618,0.0,0.0,0.49999735061241,0.50000064518551,0.5,0.5,1727074837682
181,0.5810935097033,0.90136788339618,0.0,0.0,0.50000079738705,0.50000064518551,0.5,0.5,1727074837699
181,0.5810935097033,0.90136788339618,0.0,0.0,0.50000079738705,0.50000064518551,0.5,0.5,1727074839169
181,0.5810935097033,0.90136788339618,0.0,0.0,0.50000079738705,0.50000064518551,0.5,0.5,1727074842242
181,0.58776493367108,0.90136788339618,0.0,0.0,0.49999717209886,0.50000064518551,0.5,0.5,1727074842289
181,0.59444133497902,0.90136788339618,0.0,0.0,0.49999685379779,0.50000064518551,0.5,0.5,1727074842299
181,0.60110441735545,0.90136788339618,0.0,0.0,0.4999978785482,0.50000064518551,0.5,0.5,1727074842329
181,0.60498216348252,0.90136788339618,0.0,0.0,0.4999984189084,0.50000064518551,0.5,0.5,1727074842337
181,0.61165218201692,0.90136788339618,0.0,0.0,0.50000385712575,0.50000064518551,0.5,0.5,1727074842353
181,0.61551918326703,0.90136788339618,0.0,0.0,0.49999751976989,0.50000064518551,0.5,0.5,1727074842369
181,0.62219062387963,0.90136788339618,0.0,0.0,0.49999407315877,0.50000064518551,0.5,0.5,1727074842385
181,0.62885859193027,0.90136788339618,0.0,0.0,0.4999981515698,0.50000064518551,0.5,0.5,1727074842399
181,0.63552620210752,0.90136788339618,0.0,0.0,0.49999236725682,0.50000064518551,0.5,0.5,1727074842458
181,0.63552620210752,0.90136788339618,0.0,0.0,0.49999236725682,0.50000064518551,0.5,0.5,1727074842857
181,0.63552620210752,0.90136788339618,0.0,0.0,0.49999236725682,0.50000064518551,0.5,0.5,1727074844826
181,0.64219801153543,0.90136788339618,0.0,0.0,0.49999877123869,0.50000064518551,0.5,0.5,1727074844833
181,0.64886944358442,0.90136788339618,0.0,0.0,0.49999541238597,0.50000064518551,0.5,0.5,1727074844889
181,0.65554017035059,0.90136788339618,0.0,0.0,0.50000104039249,0.50000064518551,0.5,0.5,1727074844913
181,0.66221066119326,0.90136788339618,0.0,0.0,0.49999714521937,0.50000064518551,0.5,0.5,1727074844948
181,0.66888110166506,0.90136788339618,0.0,0.0,0.50000250715207,0.50000064518551,0.5,0.5,1727074844969
181,0.67274952654207,0.90136788339618,0.0,0.0,0.4999974190952,0.50000064518551,0.5,0.5,1727074844993
181,0.67274952654207,0.90136788339618,0.0,0.0,0.4999974190952,0.50000064518551,0.5,0.5,1727074846273
182,0.16666666666667,-0.0,0.66666666666667,0.16666666666667,0.5,0.5,0.5,0.5,1727074850074
182,0.16666666666667,-0.0,0.66666666666667,0.16666666666667,0.5,0.5,0.5,0.5,1727074850593
182,0.16666666666667,-0.0,0.66666666666667,0.16666666666667,0.5,0.5,0.5,0.5,1727074853483
182,0.16666666666667,-0.0,0.66666666666667,0.16666666666667,0.5,0.5,0.5,0.5,1727074854610
182,0.18383995437914,-0.0,0.66666666666667,0.16666666666667,0.50001167255294,0.5,0.5,0.5,1727074854681
182,0.26232928997735,0.0,0.66666666666667,0.16666666666667,0.50000668599178,0.5,0.5,0.5,1727074854698
182,0.37515569135683,0.0,0.66666666666667,0.16666666666667,0.5000016272958,0.5,0.5,0.5,1727074854715
182,0.53234360846276,0.0,0.66666666666667,0.16666666666667,0.50000362710832,0.5,0.5,0.5,1727074854731
182,0.69978372625973,0.0,0.66666666666667,0.16666666666667,0.49999948388213,0.5,0.5,0.5,1727074854748
182,0.8505777027035,0.0,0.66666666666667,0.16666666666667,0.50000424396768,0.5,0.5,0.5,1727074854765
182,0.98660730193386,0.0,0.66666666666667,0.16666666666667,0.50000325549036,0.5,0.5,0.5,1727074854781
182,1.0,0.0,0.66666666666667,0.16666666666667,0.5,0.5,0.5,0.5,1727074854798
182,1.0,0.0,0.66666666666667,0.16666666666667,0.5,0.5,0.5,0.5,1727074854815
182,1.0,0.0,0.66666666666667,0.16666666666667,0.5,0.5,0.5,0.5,1727074854831
182,1.0,0.0,0.66666666666667,0.16666666666667,0.5,0.5,0.5,0.5,1727074854848
182,1.0,0.0,0.66666666666667,0.16666666666667,0.5,0.5,0.5,0.5,1727074854865
182,1.0,0.0,0.66666666666667,0.16666666666667,0.5,0.5,0.5,0.5,1727074854881
182,1.0,0.0,0.66666666666667,0.16666666666667,0.5,0.5,0.5,0.5,1727074854898
182,1.0,0.0,0.66666666666667,0.16666666666667,0.5,0.5,0.5,0.5,1727074854915
182,1.0,0.0,0.66666666666667,0.16666666666667,0.5,0.5,0.5,0.5,1727074854931
182,1.0,0.0,0.66666666666667,0.16666666666667,0.5,0.5,0.5,0.5,1727074854948
182,1.0,0.0,0.66666666666667,0.16666666666667,0.5,0.5,0.5,0.5,1727074854965
182,1.0,0.0,0.66666666666667,0.16666666666667,0.5,0.5,0.5,0.5,1727074854981
182,1.0,0.0,0.66666666666667,0.16666666666667,0.5,0.5,0.5,0.5,1727074854998
182,1.0,0.0,0.66666666666667,0.16666666666667,0.5,0.5,0.5,0.5,1727074855015
182,1.0,0.0,0.66666666666667,0.16666666666667,0.5,0.5,0.5,0.5,1727074855081
182,1.0,0.0,0.66666666666667,0.16666666666667,0.5,0.5,0.5,0.5,1727074855690
182,1.0,0.00668973331021,0.66666666666667,0.16666666666667,0.5,0.50000552937435,0.5,0.5,1727074855715
182,1.0,0.01338372483498,0.66666666666667,0.16666666666667,0.5,0.50000186414701,0.5,0.5,1727074855745
182,1.0,0.02007203232989,0.66666666666667,0.16666666666667,0.5,0.50000998407084,0.5,0.5,1727074855761
182,1.0,0.02400636199199,0.66666666666667,0.16666666666667,0.5,0.49998719906946,0.5,0.5,1727074855769
182,1.0,0.03069214699097,0.66666666666667,0.16666666666667,0.5,0.50000031564585,0.5,0.5,1727074855785
182,1.0,0.03736995472122,0.66666666666667,0.16666666666667,0.5,0.49999861107428,0.5,0.5,1727074855798
182,1.0,0.05844200614823,0.66666666666667,0.16666666666667,0.5,0.5000074138762,0.5,0.5,1727074855814
182,1.0,0.08231055284011,0.66666666666667,0.16666666666667,0.5,0.4999952541623,0.5,0.5,1727074855831
182,1.0,0.10998954157398,0.66666666666667,0.16666666666667,0.5,0.49999245549086,0.5,0.5,1727074855848
182,1.0,0.12339376565902,0.66666666666667,0.16666666666667,0.5,0.49998648935644,0.5,0.5,1727074855865
182,1.0,0.14444728853302,0.66666666666667,0.16666666666667,0.5,0.49999841402046,0.5,0.5,1727074855881
182,1.0,0.15496596574616,0.66666666666667,0.16666666666667,0.5,0.50000444507464,0.5,0.5,1727074855898
182,1.0,0.16164325481028,0.66666666666667,0.16666666666667,0.5,0.50000388278944,0.5,0.5,1727074855914
182,1.0,0.18270068016488,0.66666666666667,0.16666666666667,0.5,0.49998933218412,0.5,0.5,1727074855931
182,1.0,0.20375350337702,0.66666666666667,0.16666666666667,0.5,0.50000041648773,0.5,0.5,1727074855948
182,1.0,0.22092581001426,0.66666666666667,0.16666666666667,0.5,0.4999968002801,0.5,0.5,1727074855965
182,1.0,0.22760024903383,0.66666666666667,0.16666666666667,0.5,0.49999971252204,0.5,0.5,1727074855985
182,1.0,0.23149452695814,0.66666666666667,0.16666666666667,0.5,0.49999745886121,0.5,0.5,1727074855998
182,1.0,0.23816614996992,0.66666666666667,0.16666666666667,0.5,0.50000347942076,0.5,0.5,1727074856015
182,1.0,0.23151957613187,0.66666666666667,0.16666666666667,0.5,0.50000400833074,0.5,0.5,1727074856690
182,1.0,0.22487980678716,0.66666666666667,0.16666666666667,0.5,0.49999665205558,0.5,0.5,1727074856713
182,1.0,0.21823634863794,0.66666666666667,0.16666666666667,0.5,0.49999343049239,0.5,0.5,1727074856748
182,1.0,0.2115824884036,0.66666666666667,0.16666666666667,0.5,0.50000254053609,0.5,0.5,1727074856769
182,1.0,0.20493501315841,0.66666666666667,0.16666666666667,0.5,0.50000417904508,0.5,0.5,1727074856874
182,1.0,0.19829431588363,0.66666666666667,0.16666666666667,0.5,0.49999753025411,0.5,0.5,1727074856929
182,1.0,0.19164909321072,0.66666666666667,0.16666666666667,0.5,0.49999633067325,0.5,0.5,1727074857073
182,1.0,0.18500550033157,0.66666666666667,0.16666666666667,0.5,0.49999302885745,0.5,0.5,1727074857193
182,1.0,0.18500550033157,0.66666666666667,0.16666666666667,0.5,0.49999302885745,0.5,0.5,1727074857489
182,1.0,0.18500550033157,0.66666666666667,0.16666666666667,0.5,0.49999302885745,0.5,0.5,1727074859146
183,1.0,0.66666666666667,0.5,0.0,0.5,0.5,0.5,0.5,1727074862562
183,1.0,0.66666666666667,0.5,0.003941427223,0.5,0.5,0.5,0.50000643874633,1727074862601
183,1.0,0.66666666666667,0.5,0.02416910498414,0.5,0.5,0.5,0.49999974705787,1727074862625
183,1.0,0.66666666666667,0.5,0.05478582964381,0.5,0.5,0.5,0.50000219647925,1727074862633
183,1.0,0.66666666666667,0.5,0.0989875360929,0.5,0.5,0.5,0.50000461411498,1727074862647
183,1.0,0.66666666666667,0.5,0.24703340322322,0.5,0.5,0.5,0.50000292172498,1727074862664
183,1.0,0.66666666666667,0.5,0.45987503024263,0.5,0.5,0.5,0.49999852991778,1727074862680
183,1.0,0.66666666666667,0.5,0.91260413360865,0.5,0.5,0.5,0.50000196023431,1727074862697
183,1.0,0.66666666666667,0.5,1.0,0.5,0.5,0.5,0.5,1727074862714
183,1.0,0.66666666666667,0.5,1.0,0.5,0.5,0.5,0.5,1727074862730
183,1.0,0.66666666666667,0.5,1.0,0.5,0.5,0.5,0.5,1727074862747
183,1.0,0.66666666666667,0.5,1.0,0.5,0.5,0.5,0.5,1727074862764
183,1.0,0.66666666666667,0.5,1.0,0.5,0.5,0.5,0.5,1727074862780
183,1.0,0.66666666666667,0.5,1.0,0.5,0.5,0.5,0.5,1727074862797
183,1.0,0.66666666666667,0.5,1.0,0.5,0.5,0.5,0.5,1727074862814
183,1.0,0.66666666666667,0.5,1.0,0.5,0.5,0.5,0.5,1727074862831
183,1.0,0.66666666666667,0.5,0.99617494461651,0.5,0.5,0.5,0.50000252790084,1727074863121
183,1.0,0.66666666666667,0.5,0.99234463175691,0.5,0.5,0.5,0.50000273822318,1727074863137
183,1.0,0.66666666666667,0.5,0.9856911911867,0.5,0.5,0.5,0.49999950184811,1727074863161
183,1.0,0.66666666666667,0.5,0.97806677168986,0.5,0.5,0.5,0.50000234940638,1727074863169
183,1.0,0.66666666666667,0.5,0.97141790871799,0.5,0.5,0.5,0.50000113933995,1727074863180
183,1.0,0.66666666666667,0.5,0.94661845601938,0.5,0.5,0.5,0.50000141511527,1727074863197
183,1.0,0.66666666666667,0.5,0.91134590158315,0.5,0.5,0.5,0.50000353202884,1727074863214
183,1.0,0.66666666666667,0.5,0.88654903910294,0.5,0.5,0.5,0.50000513106582,1727074863230
183,1.0,0.66666666666667,0.5,0.86175905698236,0.5,0.5,0.5,0.50000258408339,1727074863247
183,1.0,0.66666666666667,0.5,0.85792644648829,0.5,0.5,0.5,0.50000167676992,1727074863264
183,1.0,0.66666666666667,0.5,0.8512806161301,0.5,0.5,0.5,0.50000184883469,1727074863280
183,1.0,0.66666666666667,0.5,0.84366616899035,0.5,0.5,0.5,0.5000023342978,1727074863297
183,1.0,0.66666666666667,0.5,0.83315618525458,0.5,0.5,0.5,0.50000119060698,1727074863314
183,1.0,0.66666666666667,0.5,0.81985971148569,0.5,0.5,0.5,0.49999905850756,1727074863330
183,1.0,0.66666666666667,0.5,0.81604144356241,0.5,0.5,0.5,0.50000552047739,1727074863347
183,1.0,0.66666666666667,0.5,0.82270295770804,0.5,0.5,0.5,0.49999756659245,1727074863625
183,1.0,0.66666666666667,0.5,0.82937322042201,0.5,0.5,0.5,0.50000203785816,1727074863641
183,1.0,0.66666666666667,0.5,0.83604178676505,0.5,0.5,0.5,0.49999778305069,1727074863657
183,1.0,0.66666666666667,0.5,0.84939550086644,0.5,0.5,0.5,0.50000545888241,1727074863665
183,1.0,0.66666666666667,0.5,0.85606257862507,0.5,0.5,0.5,0.50000051848075,1727074863681
183,1.0,0.66666666666667,0.5,0.86656905025681,0.5,0.5,0.5,0.49999991086831,1727074863697
183,1.0,0.66666666666667,0.5,0.87324625157991,0.5,0.5,0.5,0.50000004797118,1727074863714
183,1.0,0.66666666666667,0.5,0.87991447035205,0.5,0.5,0.5,0.5000033072662,1727074863730
183,1.0,0.66666666666667,0.5,0.88657673733673,0.5,0.5,0.5,0.5000036412702,1727074863785
183,1.0,0.66666666666667,0.5,0.89044900685168,0.5,0.5,0.5,0.50000137923196,1727074863797
183,1.0,0.66666666666667,0.5,0.89711275015933,0.5,0.5,0.5,0.50000243091859,1727074863817
183,1.0,0.66666666666667,0.5,0.90097871605539,0.5,0.5,0.5,0.50000454352895,1727074863830
183,1.0,0.66666666666667,0.5,0.90764839959722,0.5,0.5,0.5,0.50000106953634,1727074863857
183,1.0,0.66666666666667,0.5,0.91431498186469,0.5,0.5,0.5,0.50000345176283,1727074863897
183,1.0,0.66666666666667,0.5,0.92482122377989,0.5,0.5,0.5,0.50000274024454,1727074863914
183,1.0,0.66666666666667,0.5,0.93149096482041,0.5,0.5,0.5,0.49999937336447,1727074863930
183,1.0,0.66666666666667,0.5,0.94483942264731,0.5,0.5,0.5,0.50000399289877,1727074863947
183,1.0,0.66666666666667,0.5,0.94101431310618,0.5,0.5,0.5,0.49999950399079,1727074866197
183,1.0,0.66666666666667,0.5,0.93718720107672,0.5,0.5,0.5,0.50000120079311,1727074866345
183,1.0,0.66666666666667,0.5,0.93053116484176,0.5,0.5,0.5,0.5000037771965,1727074866433
183,1.0,0.66666666666667,0.5,0.92387676876193,0.5,0.5,0.5,0.49999992752367,1727074866513
183,1.0,0.66666666666667,0.5,0.92005291137741,0.5,0.5,0.5,0.50000318414548,1727074866530
183,1.0,0.66666666666667,0.5,0.91338732735075,0.5,0.5,0.5,0.50000128519942,1727074866547
183,1.0,0.66666666666667,0.5,0.91338732735075,0.5,0.5,0.5,0.50000128519942,1727074866865
183,1.0,0.66666666666667,0.5,0.91338732735075,0.5,0.5,0.5,0.50000128519942,1727074868426
183,0.99333774196812,0.66666666666667,0.5,0.91338732735075,0.4999996809234,0.5,0.5,0.50000128519942,1727074868505
183,0.96951934413198,0.66666666666667,0.5,0.91338732735075,0.49999831245267,0.5,0.5,0.50000128519942,1727074868513
183,0.92753786818091,0.66666666666667,0.5,0.91338732735075,0.49999972218714,0.5,0.5,0.50000128519942,1727074868530
183,0.85416625016436,0.66666666666667,0.5,0.91338732735075,0.49999851173289,0.5,0.5,0.50000128519942,1727074868547
183,0.77035408347929,0.66666666666667,0.5,0.91338732735075,0.50000012823425,0.5,0.5,0.50000128519942,1727074868564
183,0.6491886545088,0.66666666666667,0.5,0.91338732735075,0.50000247654833,0.5,0.5,0.50000128519942,1727074868580
183,0.53474806297695,0.66666666666667,0.5,0.91338732735075,0.49999593699352,0.5,0.5,0.50000128519942,1727074868597
183,0.42033360250346,0.66666666666667,0.5,0.91338732735075,0.49999600358748,0.5,0.5,0.50000128519942,1727074868613
183,0.29552138656083,0.66666666666667,0.5,0.91338732735075,0.49999829164154,0.5,0.5,0.50000128519942,1727074868630
183,0.17442096103478,0.66666666666667,0.5,0.91338732735075,0.49998725896411,0.5,0.5,0.50000128519942,1727074868647
183,0.05339379950536,0.66666666666667,0.5,0.91338732735075,0.49998873238838,0.5,0.5,0.50000128519942,1727074868664
183,0.0,0.66666666666667,0.5,0.91338732735075,0.5,0.5,0.5,0.50000128519942,1727074868680
183,0.0,0.66666666666667,0.5,0.91338732735075,0.5,0.5,0.5,0.50000128519942,1727074868697
183,0.0,0.66666666666667,0.5,0.91338732735075,0.5,0.5,0.5,0.50000128519942,1727074868713
183,0.0,0.66666666666667,0.5,0.91338732735075,0.5,0.5,0.5,0.50000128519942,1727074868730
183,0.0,0.66666666666667,0.5,0.91338732735075,0.5,0.5,0.5,0.50000128519942,1727074868747
183,0.0,0.66666666666667,0.5,0.91338732735075,0.5,0.5,0.5,0.50000128519942,1727074868763
183,0.0,0.66666666666667,0.5,0.91338732735075,0.5,0.5,0.5,0.50000128519942,1727074869217
183,0.0,0.66666666666667,0.5,0.91338732735075,0.5,0.5,0.5,0.50000128519942,1727074870362
183,0.0,0.66000879755927,0.5,0.91338732735075,0.5,0.50000399077327,0.5,0.50000128519942,1727074870410
183,0.0,0.65618578960339,0.5,0.91338732735075,0.5,0.49999928559839,0.5,0.50000128519942,1727074870417
183,0.0,0.64953430616606,0.5,0.91338732735075,0.5,0.50000254684968,0.5,0.50000128519942,1727074870430
183,0.0,0.64571510520798,0.5,0.91338732735075,0.5,0.50000490674252,0.5,0.50000128519942,1727074870447
183,0.0,0.63242461527743,0.5,0.91338732735075,0.5,0.50000384492472,0.5,0.50000128519942,1727074870463
183,0.0,0.62191855632072,0.5,0.91338732735075,0.5,0.50000285845602,0.5,0.50000128519942,1727074870480
183,0.0,0.60092409472802,0.5,0.91338732735075,0.5,0.49999934054614,0.5,0.50000128519942,1727074870497
183,0.0,0.58763438778659,0.5,0.91338732735075,0.5,0.4999976182772,0.5,0.50000128519942,1727074870513
183,0.0,0.57046112452344,0.5,0.91338732735075,0.5,0.50000027815582,0.5,0.50000128519942,1727074870530
183,0.0,0.56381380674996,0.5,0.91338732735075,0.5,0.50000106894604,0.5,0.50000128519942,1727074870547
183,0.0,0.56381380674996,0.5,0.91338732735075,0.5,0.50000106894604,0.5,0.50000128519942,1727074872017
184,0.83333333333333,0.16666666666667,0.5,1.0,0.5,0.5,0.5,0.5,1727074874386
184,0.83333333333333,0.16666666666667,0.50723745262915,1.0,0.5,0.5,0.49999103556285,0.5,1727074874425
184,0.83333333333333,0.16666666666667,0.51446543430789,1.0,0.5,0.5,0.49999277583927,0.5,1727074874441
184,0.83333333333333,0.16666666666667,0.51713535543386,1.0,0.5,0.5,0.49998397250923,0.5,1727074874449
184,0.83333333333333,0.16666666666667,0.53422123856913,1.0,0.5,0.5,0.49997270033095,0.5,1727074874463
184,0.83333333333333,0.16666666666667,0.55853885636067,1.0,0.5,0.5,0.49999258355612,0.5,1727074874480
184,0.83333333333333,0.16666666666667,0.59272452483839,1.0,0.5,0.5,0.49998663280554,0.5,1727074874497
184,0.83333333333333,0.16666666666667,0.63412854777097,1.0,0.5,0.5,0.4999912850236,0.5,1727074874513
184,0.83333333333333,0.16666666666667,0.661102514573,1.0,0.5,0.5,0.49998490119365,0.5,1727074874530
184,0.83333333333333,0.16666666666667,0.69528654507972,1.0,0.5,0.5,0.49998896613363,0.5,1727074874547
184,0.83333333333333,0.16666666666667,0.72946462125194,1.0,0.5,0.5,0.49998079191015,0.5,1727074874563
184,0.83333333333333,0.16666666666667,0.75643512656671,1.0,0.5,0.5,0.4999933409235,0.5,1727074874580
184,0.83333333333333,0.16666666666667,0.79062179437275,1.0,0.5,0.5,0.49998345798392,0.5,1727074874597
184,0.83333333333333,0.16666666666667,0.8077035480468,1.0,0.5,0.5,0.49999559453692,0.5,1727074874613
184,0.83333333333333,0.16666666666667,0.82479589554747,1.0,0.5,0.5,0.49999559000684,0.5,1727074874630
184,0.83333333333333,0.16666666666667,0.83202630811802,1.0,0.5,0.5,0.49998500065293,0.5,1727074874646
184,0.83333333333333,0.16666666666667,0.8491168749122,1.0,0.5,0.5,0.49999366208651,0.5,1727074874663
184,0.83333333333333,0.16666666666667,0.86620718436216,1.0,0.5,0.5,0.50000326816949,0.5,1727074874680
184,0.83333333333333,0.16666666666667,0.87607219327338,1.0,0.5,0.5,0.49999904774891,0.5,1727074874696
184,0.83333333333333,0.16666666666667,0.89316444143002,1.0,0.5,0.5,0.49999944786132,0.5,1727074874713
184,0.83333333333333,0.16666666666667,0.91747718996506,1.0,0.5,0.5,0.49999775401311,0.5,1727074874730
184,0.83333333333333,0.16666666666667,0.9247145782353,1.0,0.5,0.5,0.49999339294985,0.5,1727074874746
184,0.83333333333333,0.16666666666667,0.9345804561582,1.0,0.5,0.5,0.49998561391957,0.5,1727074874763
184,0.83333333333333,0.16666666666667,0.9418149208231,1.0,0.5,0.5,0.49999426094662,0.5,1727074874780
184,0.83333333333333,0.16666666666667,0.94904451634686,1.0,0.5,0.5,0.49998828857555,0.5,1727074874796
184,0.83333333333333,0.16666666666667,0.95891455464151,1.0,0.5,0.5,0.49999818078539,0.5,1727074874813
184,0.83333333333333,0.16666666666667,0.96614467037443,1.0,0.5,0.5,0.49999002454039,0.5,1727074874833
184,0.83333333333333,0.16666666666667,0.96879745355885,1.0,0.5,0.5,0.49998778713929,0.5,1727074875594
184,0.83333333333333,0.16666666666667,0.96156891072319,1.0,0.5,0.5,0.49998910002077,0.5,1727074875601
184,0.83333333333333,0.16666666666667,0.95434642654586,1.0,0.5,0.5,0.49999969732559,0.5,1727074875617
184,0.83333333333333,0.16666666666667,0.95700002661008,1.0,0.5,0.5,0.49999386549533,0.5,1727074875633
184,0.83333333333333,0.16666666666667,0.9596523248302,1.0,0.5,0.5,0.49999370642334,0.5,1727074875646
184,0.83333333333333,0.16666666666667,0.95242490431245,1.0,0.5,0.5,0.49999016722814,0.5,1727074875663
184,0.83333333333333,0.16666666666667,0.94519662005099,1.0,0.5,0.5,0.49999037728674,0.5,1727074875689
184,0.83333333333333,0.16666666666667,0.94784897967669,1.0,0.5,0.5,0.4999899553824,0.5,1727074875777
184,0.83333333333333,0.16666666666667,0.94062623279861,1.0,0.5,0.5,0.50000183777601,0.5,1727074875785
184,0.83333333333333,0.16666666666667,0.93339872966406,1.0,0.5,0.5,0.49999865762802,0.5,1727074875796
184,0.83333333333333,0.16666666666667,0.92883990788663,1.0,0.5,0.5,0.49999522197967,0.5,1727074875813
184,0.83333333333333,0.16666666666667,0.93149864392305,1.0,0.5,0.5,0.50000282007782,0.5,1727074875830
184,0.83333333333333,0.16666666666667,0.92427125358878,1.0,0.5,0.5,0.49999911719831,0.5,1727074875846
184,0.83333333333333,0.16666666666667,0.92692331697464,1.0,0.5,0.5,0.49999998887026,0.5,1727074875905
184,0.83333333333333,0.16666666666667,0.91969834551666,1.0,0.5,0.5,0.49998540304091,0.5,1727074875913
184,0.83333333333333,0.16666666666667,0.91247712315478,1.0,0.5,0.5,0.49999066337848,0.5,1727074875930
184,0.83333333333333,0.16666666666667,0.90791795382354,1.0,0.5,0.5,0.49998870918655,0.5,1727074875946
184,0.83333333333333,0.16666666666667,0.90069601267798,1.0,0.5,0.5,0.49999732185602,0.5,1727074876025
184,0.83333333333333,0.16666666666667,0.9033500250935,1.0,0.5,0.5,0.49998934822501,0.5,1727074876033
184,0.83333333333333,0.16666666666667,0.89611846584792,1.0,0.5,0.5,0.5000045559392,0.5,1727074876049
184,0.83333333333333,0.16666666666667,0.89877313545781,1.0,0.5,0.5,0.49999353187046,0.5,1727074876063
184,0.83333333333333,0.16666666666667,0.89155262704895,1.0,0.5,0.5,0.49999565835285,0.5,1727074876080
184,0.83333333333333,0.16666666666667,0.89420520937097,1.0,0.5,0.5,0.49999418315258,0.5,1727074876097
184,0.83333333333333,0.16666666666667,0.88697769672204,1.0,0.5,0.5,0.49999086845222,0.5,1727074876153
184,0.83333333333333,0.16666666666667,0.87975003458385,1.0,0.5,0.5,0.499988205668,0.5,1727074876169
184,0.83333333333333,0.16666666666667,0.87519740312719,1.0,0.5,0.5,0.49999387051678,0.5,1727074876193
184,0.83333333333333,0.16666666666667,0.86796968284432,1.0,0.5,0.5,0.49999147197494,0.5,1727074876209
184,0.83333333333333,0.16666666666667,0.86074944532017,1.0,0.5,0.5,0.49999236435929,0.5,1727074876257
184,0.83333333333333,0.16666666666667,0.85891573264365,1.0,0.5,0.5,0.4999926002258,0.5,1727074876296
184,0.83333333333333,0.16666666666667,0.85168789190908,1.0,0.5,0.5,0.49999073160462,0.5,1727074876313
184,0.83333333333333,0.16666666666667,0.84446063960875,1.0,0.5,0.5,0.49998601716826,0.5,1727074876330
184,0.83333333333333,0.16666666666667,0.84711995691705,1.0,0.5,0.5,0.49999144176689,0.5,1727074876380
184,0.83333333333333,0.16666666666667,0.85434755462263,1.0,0.5,0.5,0.49999446820911,0.5,1727074878289
184,0.83333333333333,0.16666666666667,0.8569986996478,1.0,0.5,0.5,0.49999975918353,0.5,1727074878297
184,0.83333333333333,0.16666666666667,0.86423612110043,1.0,0.5,0.5,0.49999499210844,0.5,1727074878313
184,0.83333333333333,0.16666666666667,0.87146401839789,1.0,0.5,0.5,0.49999654771883,0.5,1727074878329
184,0.83333333333333,0.16666666666667,0.86424455359798,1.0,0.5,0.5,0.49999383124752,0.5,1727074879689
184,0.83333333333333,0.16666666666667,0.86689714946652,1.0,0.5,0.5,0.49999226067985,0.5,1727074879729
184,0.83333333333333,0.16666666666667,0.85967055802043,1.0,0.5,0.5,0.49998449589937,0.5,1727074879761
184,0.83333333333333,0.16666666666667,0.8524418534397,1.0,0.5,0.5,0.49998668699275,0.5,1727074879801
184,0.83333333333333,0.16666666666667,0.84522016078506,1.0,0.5,0.5,0.49999453202879,0.5,1727074879881
184,0.83333333333333,0.16666666666667,0.84787109775024,1.0,0.5,0.5,0.50000086126413,0.5,1727074879897
184,0.83333333333333,0.16666666666667,0.84065188392265,1.0,0.5,0.5,0.49999690710457,0.5,1727074879961
184,0.83333333333333,0.16666666666667,0.84330342255215,1.0,0.5,0.5,0.50000036935954,0.5,1727074879996
184,0.83333333333333,0.16666666666667,0.84330342255215,1.0,0.5,0.5,0.50000036935954,0.5,1727074881721
184,0.83333333333333,0.16666666666667,0.84330342255215,1.0,0.5,0.5,0.50000036935954,0.5,1727074883970
184,0.8295082127382,0.16666666666667,0.84330342255215,1.0,0.50000026579544,0.5,0.50000036935954,0.5,1727074884049
184,0.82567548745504,0.16666666666667,0.84330342255215,1.0,0.4999992641833,0.5,0.50000036935954,0.5,1727074884065
184,0.81517769654896,0.16666666666667,0.84330342255215,1.0,0.49999641885274,0.5,0.50000036935954,0.5,1727074884079
184,0.78368432201074,0.16666666666667,0.84330342255215,1.0,0.49999574072805,0.5,0.50000036935954,0.5,1727074884096
184,0.75219888547615,0.16666666666667,0.84330342255215,1.0,0.4999993868789,0.5,0.50000036935954,0.5,1727074884113
184,0.69976411770667,0.16666666666667,0.84330342255215,1.0,0.49999703191389,0.5,0.50000036935954,0.5,1727074884129
184,0.66451702791568,0.16666666666667,0.84330342255215,1.0,0.4999963532705,0.5,0.50000036935954,0.5,1727074884146
184,0.63683915175832,0.16666666666667,0.84330342255215,1.0,0.49999564694633,0.5,0.50000036935954,0.5,1727074884162
184,0.61584422242666,0.16666666666667,0.84330342255215,1.0,0.49999877016236,0.5,0.50000036935954,0.5,1727074884179
184,0.60533570597369,0.16666666666667,0.84330342255215,1.0,0.49999822382806,0.5,0.50000036935954,0.5,1727074884196
184,0.59483742237956,0.16666666666667,0.84330342255215,1.0,0.49999430195918,0.5,0.50000036935954,0.5,1727074884212
184,0.59101717025268,0.16666666666667,0.84330342255215,1.0,0.5000011705743,0.5,0.50000036935954,0.5,1727074884229
184,0.58051512162646,0.16666666666667,0.84330342255215,1.0,0.49999471895,0.5,0.50000036935954,0.5,1727074884246
184,0.57000846432788,0.16666666666667,0.84330342255215,1.0,0.4999953471702,0.5,0.50000036935954,0.5,1727074884262
184,0.55571474229343,0.16666666666667,0.84330342255215,1.0,0.49999429682761,0.5,0.50000036935954,0.5,1727074884279
184,0.55189296922889,0.16666666666667,0.84330342255215,1.0,0.50000045482901,0.5,0.50000036935954,0.5,1727074884297
184,0.54524235327143,0.16666666666667,0.84330342255215,1.0,0.49999736511977,0.5,0.50000036935954,0.5,1727074884312
184,0.53094842614493,0.16666666666667,0.84330342255215,1.0,0.49999617361291,0.5,0.50000036935954,0.5,1727074884329
184,0.51664828898919,0.16666666666667,0.84330342255215,1.0,0.49999047172207,0.5,0.50000036935954,0.5,1727074884346
184,0.50614658648628,0.16666666666667,0.84330342255215,1.0,0.49999470675264,0.5,0.50000036935954,0.5,1727074884362
184,0.51281645683768,0.16666666666667,0.84330342255215,1.0,0.50000077495316,0.5,0.50000036935954,0.5,1727074885009
184,0.51949084365398,0.16666666666667,0.84330342255215,1.0,0.49999895103768,0.5,0.50000036935954,0.5,1727074885025
184,0.52615825072949,0.16666666666667,0.84330342255215,1.0,0.4999922005242,0.5,0.50000036935954,0.5,1727074885041
184,0.53667539725047,0.16666666666667,0.84330342255215,1.0,0.49999893064851,0.5,0.50000036935954,0.5,1727074885049
184,0.54335040820107,0.16666666666667,0.84330342255215,1.0,0.49999761083618,0.5,0.50000036935954,0.5,1727074885062
184,0.55385525975155,0.16666666666667,0.84330342255215,1.0,0.49999569370392,0.5,0.50000036935954,0.5,1727074885079
184,0.5643684154975,0.16666666666667,0.84330342255215,1.0,0.49999944805951,0.5,0.50000036935954,0.5,1727074885096
184,0.57103915466905,0.16666666666667,0.84330342255215,1.0,0.49999530003652,0.5,0.50000036935954,0.5,1727074885113
184,0.58821176974651,0.16666666666667,0.84330342255215,1.0,0.49999762233944,0.5,0.50000036935954,0.5,1727074885129
184,0.59488165289759,0.16666666666667,0.84330342255215,1.0,0.49999304718182,0.5,0.50000036935954,0.5,1727074885146
184,0.60155266450452,0.16666666666667,0.84330342255215,1.0,0.49999923495325,0.5,0.50000036935954,0.5,1727074885162
184,0.60542653759544,0.16666666666667,0.84330342255215,1.0,0.49999727267668,0.5,0.50000036935954,0.5,1727074885179
184,0.61878411154912,0.16666666666667,0.84330342255215,1.0,0.49999968026681,0.5,0.50000036935954,0.5,1727074885196
184,0.62545370017198,0.16666666666667,0.84330342255215,1.0,0.49999506372301,0.5,0.50000036935954,0.5,1727074885212
184,0.63212418602563,0.16666666666667,0.84330342255215,1.0,0.50000069319058,0.5,0.50000036935954,0.5,1727074885241
184,0.63879631244897,0.16666666666667,0.84330342255215,1.0,0.49999771257508,0.5,0.50000036935954,0.5,1727074885279
184,0.64265816872932,0.16666666666667,0.84330342255215,1.0,0.49999791876444,0.5,0.50000036935954,0.5,1727074885377
184,0.64933242514447,0.16666666666667,0.84330342255215,1.0,0.49999629943051,0.5,0.50000036935954,0.5,1727074885385
184,0.64267465459657,0.16666666666667,0.84330342255215,1.0,0.49999859895283,0.5,0.50000036935954,0.5,1727074885730
184,0.63602750780341,0.16666666666667,0.84330342255215,1.0,0.49999797058188,0.5,0.50000036935954,0.5,1727074885754
184,0.62937321191298,0.16666666666667,0.84330342255215,1.0,0.49999285050205,0.5,0.50000036935954,0.5,1727074885778
184,0.62937321191298,0.16666666666667,0.84330342255215,1.0,0.49999285050205,0.5,0.50000036935954,0.5,1727074886121
184,0.62937321191298,0.16666666666667,0.84330342255215,1.0,0.49999285050205,0.5,0.50000036935954,0.5,1727074886931
184,0.62937321191298,0.16666666666667,0.84330342255215,1.0,0.49999285050205,0.5,0.50000036935954,0.5,1727074887843
184,0.62937321191298,0.17056997281609,0.84330342255215,1.0,0.49999285050205,0.49999902724451,0.50000036935954,0.5,1727074887945
184,0.62937321191298,0.18773901150984,0.84330342255215,1.0,0.49999285050205,0.49999930731539,0.50000036935954,0.5,1727074887963
184,0.62937321191298,0.21541799140634,0.84330342255215,1.0,0.49999285050205,0.5000151365357,0.50000036935954,0.5,1727074887979
184,0.62937321191298,0.23927614928903,0.84330342255215,1.0,0.49999285050205,0.50000087192426,0.50000036935954,0.5,1727074887996
184,0.62937321191298,0.24595446306048,0.84330342255215,1.0,0.49999285050205,0.49999931421444,0.50000036935954,0.5,1727074888012
184,0.62937321191298,0.2498473915565,0.84330342255215,1.0,0.49999285050205,0.49999863481283,0.50000036935954,0.5,1727074888029
184,0.62937321191298,0.25652613004504,0.84330342255215,1.0,0.49999285050205,0.49999667682952,0.50000036935954,0.5,1727074888046
184,0.62937321191298,0.26319511114638,0.84330342255215,1.0,0.49999285050205,0.50000525213604,0.50000036935954,0.5,1727074888079
184,0.62937321191298,0.26987612968816,0.84330342255215,1.0,0.49999285050205,0.50000084138934,0.50000036935954,0.5,1727074888129
184,0.62937321191298,0.27654900570203,0.84330342255215,1.0,0.49999285050205,0.50000506825578,0.50000036935954,0.5,1727074888153
184,0.62937321191298,0.28043859781739,0.84330342255215,1.0,0.49999285050205,0.50000785362684,0.50000036935954,0.5,1727074888169
184,0.62937321191298,0.28711488647566,0.84330342255215,1.0,0.49999285050205,0.49999261546463,0.50000036935954,0.5,1727074888330
184,0.62937321191298,0.29378323678716,0.84330342255215,1.0,0.49999285050205,0.50000139772764,0.50000036935954,0.5,1727074888417
184,0.62937321191298,0.29767724854717,0.84330342255215,1.0,0.49999285050205,0.4999996723596,0.50000036935954,0.5,1727074888433
184,0.62937321191298,0.30434970119883,0.84330342255215,1.0,0.49999285050205,0.50000412237311,0.50000036935954,0.5,1727074888763
184,0.62937321191298,0.31102444000535,0.84330342255215,1.0,0.49999285050205,0.50000621985624,0.50000036935954,0.5,1727074889393
184,0.62937321191298,0.31490912812745,0.84330342255215,1.0,0.49999285050205,0.49999859869736,0.50000036935954,0.5,1727074889401
184,0.62937321191298,0.30826207072636,0.84330342255215,1.0,0.49999285050205,0.49999947434549,0.50000036935954,0.5,1727074890034
184,0.62937321191298,0.30161298696423,0.84330342255215,1.0,0.49999285050205,0.50000239641792,0.50000036935954,0.5,1727074890113
184,0.62937321191298,0.29496435393383,0.84330342255215,1.0,0.49999285050205,0.50000493379832,0.50000036935954,0.5,1727074890329
184,0.62937321191298,0.29496435393383,0.84330342255215,1.0,0.49999285050205,0.50000493379832,0.50000036935954,0.5,1727074890625
184,0.62937321191298,0.29496435393383,0.84330342255215,1.0,0.49999285050205,0.50000493379832,0.50000036935954,0.5,1727074893498
184,0.63604220039754,0.29496435393383,0.84330342255215,1.0,0.49999754001323,0.50000493379832,0.50000036935954,0.5,1727074893674
184,0.64271300215822,0.29496435393383,0.84330342255215,1.0,0.49999377793375,0.50000493379832,0.50000036935954,0.5,1727074893769
184,0.64938255489973,0.29496435393383,0.84330342255215,1.0,0.49999873690538,0.50000493379832,0.50000036935954,0.5,1727074893994
184,0.64938255489973,0.29496435393383,0.84330342255215,1.0,0.49999873690538,0.50000493379832,0.50000036935954,0.5,1727074894241
184,0.64938255489973,0.29496435393383,0.84330342255215,1.0,0.49999873690538,0.50000493379832,0.50000036935954,0.5,1727074895386
184,0.64938255489973,0.29496435393383,0.84330342255215,1.0,0.49999873690538,0.50000493379832,0.50000036935954,0.5,1727074895473
184,0.64938255489973,0.29496435393383,0.84330342255215,0.99617449763399,0.49999873690538,0.50000493379832,0.50000036935954,0.50000233014931,1727074895512
184,0.64938255489973,0.29496435393383,0.84330342255215,0.98855717081451,0.49999873690538,0.50000493379832,0.50000036935954,0.50000147993224,1727074895528
184,0.64938255489973,0.29496435393383,0.84330342255215,0.98472253707367,0.49999873690538,0.50000493379832,0.50000036935954,0.49999975894617,1727074895545
184,0.64938255489973,0.29496435393383,0.84330342255215,0.98089733625885,0.49999873690538,0.50000493379832,0.50000036935954,0.50000225233415,1727074895577
184,0.64938255489973,0.29496435393383,0.84330342255215,0.97039391030075,0.49999873690538,0.50000493379832,0.50000036935954,0.50000419909452,1727074895585
184,0.64938255489973,0.29496435393383,0.84330342255215,0.95989268891636,0.49999873690538,0.50000493379832,0.50000036935954,0.50000017371772,1727074895595
184,0.64938255489973,0.29496435393383,0.84330342255215,0.94272351511044,0.49999873690538,0.50000493379832,0.50000036935954,0.50000020254934,1727074895612
184,0.64938255489973,0.29496435393383,0.84330342255215,0.93221433065515,0.49999873690538,0.50000493379832,0.50000036935954,0.4999995084827,1727074895629
184,0.64938255489973,0.29496435393383,0.84330342255215,0.92171199766324,0.49999873690538,0.50000493379832,0.50000036935954,0.50000202580961,1727074895645
184,0.64938255489973,0.29496435393383,0.84330342255215,0.91504822362013,0.49999873690538,0.50000493379832,0.50000036935954,0.50000097946662,1727074895662
184,0.64938255489973,0.29496435393383,0.84330342255215,0.91123583030033,0.49999873690538,0.50000493379832,0.50000036935954,0.50000240288128,1727074895679
184,0.64938255489973,0.29496435393383,0.84330342255215,0.89792683638429,0.49999873690538,0.50000493379832,0.50000036935954,0.50000180560152,1727074895695
184,0.64938255489973,0.29496435393383,0.84330342255215,0.88742353623358,0.49999873690538,0.50000493379832,0.50000036935954,0.50000395122585,1727074895712
184,0.64938255489973,0.29496435393383,0.84330342255215,0.87025355437239,0.49999873690538,0.50000493379832,0.50000036935954,0.50000364213929,1727074895729
184,0.64938255489973,0.29496435393383,0.84330342255215,0.8559387305369,0.49999873690538,0.50000493379832,0.50000036935954,0.50000013410021,1727074895745
184,0.64938255489973,0.29496435393383,0.84330342255215,0.83876866636491,0.49999873690538,0.50000493379832,0.50000036935954,0.49999971419782,1727074895762
184,0.64938255489973,0.29496435393383,0.84330342255215,0.82827083106515,0.49999873690538,0.50000493379832,0.50000036935954,0.50000475137915,1727074895778
184,0.64938255489973,0.29496435393383,0.84330342255215,0.8216206901201,0.49999873690538,0.50000493379832,0.50000036935954,0.50000272958115,1727074895795
184,0.64938255489973,0.29496435393383,0.84330342255215,0.81111272955172,0.49999873690538,0.50000493379832,0.50000036935954,0.50000261722994,1727074895812
184,0.64938255489973,0.29496435393383,0.84330342255215,0.80445679262271,0.49999873690538,0.50000493379832,0.50000036935954,0.50000556253711,1727074895873
184,0.64938255489973,0.29496435393383,0.84330342255215,0.80063337887495,0.49999873690538,0.50000493379832,0.50000036935954,0.50000136943261,1727074895889
184,0.64938255489973,0.29496435393383,0.84330342255215,0.79397730275314,0.49999873690538,0.50000493379832,0.50000036935954,0.50000426284387,1727074895897
184,0.64938255489973,0.29496435393383,0.84330342255215,0.79015134619828,0.49999873690538,0.50000493379832,0.50000036935954,0.49999867490599,1727074895912
184,0.64938255489973,0.29496435393383,0.84330342255215,0.78349650721062,0.49999873690538,0.50000493379832,0.50000036935954,0.50000224027288,1727074897450
184,0.64938255489973,0.29496435393383,0.84330342255215,0.77684380038228,0.49999873690538,0.50000493379832,0.50000036935954,0.49999873638701,1727074897465
184,0.64938255489973,0.29496435393383,0.84330342255215,0.77301248924141,0.49999873690538,0.50000493379832,0.50000036935954,0.49999843960447,1727074897522
184,0.64938255489973,0.29496435393383,0.84330342255215,0.76636159810952,0.49999873690538,0.50000493379832,0.50000036935954,0.50000420507008,1727074897562
184,0.64938255489973,0.29496435393383,0.84330342255215,0.75971207961043,0.49999873690538,0.50000493379832,0.50000036935954,0.50000239557895,1727074897642
184,0.64938255489973,0.29496435393383,0.84330342255215,0.75588472095427,0.49999873690538,0.50000493379832,0.50000036935954,0.50000427403805,1727074897657
184,0.64938255489973,0.29496435393383,0.84330342255215,0.74922773201503,0.49999873690538,0.50000493379832,0.50000036935954,0.49999832420018,1727074897673
184,0.64938255489973,0.29496435393383,0.84330342255215,0.74257237216203,0.49999873690538,0.50000493379832,0.50000036935954,0.50000174490015,1727074897681
184,0.64938255489973,0.29496435393383,0.84330342255215,0.73592373116721,0.49999873690538,0.50000493379832,0.50000036935954,0.50000036585348,1727074898610
184,0.64938255489973,0.29496435393383,0.84330342255215,0.72541880110328,0.49999873690538,0.50000493379832,0.50000036935954,0.50000193107558,1727074898645
184,0.64938255489973,0.29496435393383,0.84330342255215,0.72159435743781,0.49999873690538,0.50000493379832,0.50000036935954,0.50000552809557,1727074898705
184,0.64938255489973,0.29496435393383,0.84330342255215,0.7149449055229,0.49999873690538,0.50000493379832,0.50000036935954,0.5000036818173,1727074898713
184,0.64938255489973,0.29496435393383,0.84330342255215,0.70828666281297,0.49999873690538,0.50000493379832,0.50000036935954,0.50000560353077,1727074898728
184,0.64938255489973,0.29496435393383,0.84330342255215,0.70828666281297,0.49999873690538,0.50000493379832,0.50000036935954,0.50000560353077,1727074901650
185,0.0,1.0,0.0,0.16666666666667,0.5,0.5,0.5,0.5,1727074905514
185,0.0,1.0,0.00724656187651,0.16666666666667,0.5,0.5,0.49995817863023,0.5,1727074905586
185,0.0,1.0,0.02434009962157,0.16666666666667,0.5,0.5,0.49993772804342,0.5,1727074905595
185,0.0,1.0,0.07849602698386,0.16666666666667,0.5,0.5,0.49998848967033,0.5,1727074905611
185,0.0,1.0,0.12980677704864,0.16666666666667,0.5,0.5,0.49997609853652,0.5,1727074905628
185,0.0,1.0,0.19105308990261,0.16666666666667,0.5,0.5,0.49999382409111,0.5,1727074905645
185,0.0,1.0,0.27226718588933,0.16666666666667,0.5,0.5,0.49998513952784,0.5,1727074905661
185,0.0,1.0,0.3191491168584,0.16666666666667,0.5,0.5,0.49997892269336,0.5,1727074905678
185,0.0,1.0,0.35070657161317,0.16666666666667,0.5,0.5,0.49997574276499,0.5,1727074905695
185,0.0,1.0,0.37768572134509,0.16666666666667,0.5,0.5,0.4999922488219,0.5,1727074905711
185,0.0,1.0,0.41908948699587,0.16666666666667,0.5,0.5,0.50000006645712,0.5,1727074905728
185,0.0,1.0,0.45064008031678,0.16666666666667,0.5,0.5,0.49998646785399,0.5,1727074905745
185,0.0,1.0,0.5262350644807,0.16666666666667,0.5,0.5,0.50000514237834,0.5,1727074905761
185,0.0,1.0,0.57031829145049,0.16666666666667,0.5,0.5,0.499993932612,0.5,1727074905778
185,0.0,1.0,0.61895191895272,0.16666666666667,0.5,0.5,0.4999900252567,0.5,1727074905795
185,0.0,1.0,0.64592311742549,0.16666666666667,0.5,0.5,0.49999978469695,0.5,1727074905811
185,0.0,1.0,0.67747268223417,0.16666666666667,0.5,0.5,0.49999534035327,0.5,1727074905828
185,0.0,1.0,0.71434196431019,0.16666666666667,0.5,0.5,0.49999761203502,0.5,1727074905845
185,0.0,1.0,0.75574751959213,0.16666666666667,0.5,0.5,0.49999325505433,0.5,1727074905861
185,0.0,1.0,0.78993263189066,0.16666666666667,0.5,0.5,0.49999121702033,0.5,1727074905878
185,0.0,1.0,0.81424331996701,0.16666666666667,0.5,0.5,0.49999970600082,0.5,1727074905895
185,0.0,1.0,0.82411796876688,0.16666666666667,0.5,0.5,0.49998821162785,0.5,1727074905911
185,0.0,1.0,0.83398282475846,0.16666666666667,0.5,0.5,0.49998470468124,0.5,1727074905928
185,0.0,1.0,0.82675837467373,0.16666666666667,0.5,0.5,0.50000610845982,0.5,1727074906234
185,0.0,1.0,0.81953162560618,0.16666666666667,0.5,0.5,0.49999891899447,0.5,1727074906245
185,0.0,1.0,0.80059079579981,0.16666666666667,0.5,0.5,0.4999912351067,0.5,1727074906261
185,0.0,1.0,0.78164744122691,0.16666666666667,0.5,0.5,0.49999611071462,0.5,1727074906278
185,0.0,1.0,0.76719879551183,0.16666666666667,0.5,0.5,0.49999804645453,0.5,1727074906295
185,0.0,1.0,0.75275928038101,0.16666666666667,0.5,0.5,0.49999509503762,0.5,1727074906311
185,0.0,1.0,0.73110602278288,0.16666666666667,0.5,0.5,0.50000211568608,0.5,1727074906328
185,0.0,1.0,0.71935947997017,0.16666666666667,0.5,0.5,0.50000028677905,0.5,1727074906345
185,0.0,1.0,0.70491972676188,0.16666666666667,0.5,0.5,0.49999852960357,0.5,1727074906361
185,0.0,1.0,0.69769223982048,0.16666666666667,0.5,0.5,0.49999444363338,0.5,1727074906426
185,0.0,1.0,0.69046573595336,0.16666666666667,0.5,0.5,0.49998480996613,0.5,1727074907986
185,0.0,1.0,0.69312522217453,0.16666666666667,0.5,0.5,0.49999018392704,0.5,1727074907995
185,0.0,1.0,0.68590541904316,0.16666666666667,0.5,0.5,0.49998879763696,0.5,1727074908018
185,0.0,1.0,0.67867463829239,0.16666666666667,0.5,0.5,0.50000316313803,0.5,1727074908028
185,0.0,1.0,0.68133892649722,0.16666666666667,0.5,0.5,0.49998149796346,0.5,1727074908045
185,0.0,1.0,0.67410922386984,0.16666666666667,0.5,0.5,0.49998975542933,0.5,1727074908095
185,0.0,1.0,0.66688747385783,0.16666666666667,0.5,0.5,0.49999947878071,0.5,1727074908144
185,0.0,1.0,0.65966194244553,0.16666666666667,0.5,0.5,0.4999839494172,0.5,1727074908314
185,0.0,1.0,0.66231973094755,0.16666666666667,0.5,0.5,0.49999927182548,0.5,1727074908328
185,0.0,1.0,0.66231973094755,0.16666666666667,0.5,0.5,0.49999927182548,0.5,1727074910017
185,0.0,1.0,0.66231973094755,0.16666666666667,0.5,0.5,0.49999927182548,0.5,1727074911323
185,0.0,1.0,0.66231973094755,0.17334512587127,0.5,0.5,0.49999927182548,0.50000867904068,1727074911330
185,0.0,1.0,0.66231973094755,0.18002767646931,0.5,0.5,0.49999927182548,0.49999603483478,1727074911345
185,0.0,1.0,0.66231973094755,0.18670175695976,0.5,0.5,0.49999927182548,0.49999250670246,1727074911362
185,0.0,1.0,0.66231973094755,0.19337469549296,0.5,0.5,0.49999927182548,0.49998766473736,1727074911378
185,0.0,1.0,0.66231973094755,0.20676546757448,0.5,0.5,0.49999927182548,0.49999545771082,1727074911394
185,0.0,1.0,0.66231973094755,0.21646661720095,0.5,0.5,0.49999927182548,0.50000600268187,1727074911411
185,0.0,1.0,0.66231973094755,0.22984785043087,0.5,0.5,0.49999927182548,0.50000194931714,1727074911428
185,0.0,1.0,0.66231973094755,0.23277548581921,0.5,0.5,0.49999927182548,0.4999895740169,1727074911444
185,0.0,1.0,0.66231973094755,0.2357076735746,0.5,0.5,0.49999927182548,0.49999997873592,1727074911461
185,0.0,1.0,0.66231973094755,0.24238588459963,0.5,0.5,0.49999927182548,0.50000142115091,1727074911478
185,0.0,1.0,0.66231973094755,0.25576485967274,0.5,0.5,0.49999927182548,0.49999523510736,1727074911495
185,0.0,1.0,0.66231973094755,0.25196180568039,0.5,0.5,0.49999927182548,0.4999918446462,1727074911511
185,0.0,1.0,0.66231973094755,0.25864393913648,0.5,0.5,0.49999927182548,0.49999759943205,1727074911528
185,0.0,1.0,0.66231973094755,0.26532154247582,0.5,0.5,0.49999927182548,0.49999835833469,1727074911690
185,0.0,1.0,0.66231973094755,0.27199614441882,0.5,0.5,0.49999927182548,0.49999592775553,1727074911730
185,0.0,1.0,0.66231973094755,0.27866967748707,0.5,0.5,0.49999927182548,0.4999924438409,1727074911802
185,0.0,1.0,0.66231973094755,0.28534749411014,0.5,0.5,0.49999927182548,0.49999345831963,1727074911849
185,0.0,1.0,0.66231973094755,0.281540843864,0.5,0.5,0.49999927182548,0.50000247101229,1727074911861
185,0.0,1.0,0.66231973094755,0.28821930713069,0.5,0.5,0.49999927182548,0.5000040180524,1727074911889
185,0.0,1.0,0.66231973094755,0.30159822666374,0.5,0.5,0.49999927182548,0.49999822752869,1727074911928
185,0.0,1.0,0.66231973094755,0.30826924203323,0.5,0.5,0.49999927182548,0.49999241442888,1727074911978
185,0.0,1.0,0.66231973094755,0.31494684534848,0.5,0.5,0.49999927182548,0.4999931679337,1727074912009
185,0.0,1.0,0.66231973094755,0.3111370663263,0.5,0.5,0.49999927182548,0.4999986291743,1727074912044
185,0.0,1.0,0.66231973094755,0.31781519303988,0.5,0.5,0.49999927182548,0.49999981398688,1727074912065
185,0.0,1.0,0.66231973094755,0.32448872932409,0.5,0.5,0.49999927182548,0.49999656588593,1727074912081
185,0.0,1.0,0.66231973094755,0.33115809101295,0.5,0.5,0.49999927182548,0.499989431982,1727074912138
185,0.0,1.0,0.66231973094755,0.33783596729153,0.5,0.5,0.49999927182548,0.49999044604544,1727074912530
185,0.0,1.0,0.66231973094755,0.34450553406142,0.5,0.5,0.49999927182548,0.49999799849756,1727074912578
185,0.0,1.0,0.66231973094755,0.35118252006152,0.5,0.5,0.49999927182548,0.49999807843245,1727074912601
185,0.0,1.0,0.66231973094755,0.3578609664821,0.5,0.5,0.49999927182548,0.49999948121548,1727074912714
185,0.0,1.0,0.66231973094755,0.36453292864425,0.5,0.5,0.49999927182548,0.49999503615042,1727074912802
185,0.0,1.0,0.66231973094755,0.37120752779939,0.5,0.5,0.49999927182548,0.49999302696982,1727074912882
185,0.0,1.0,0.66231973094755,0.37787869900629,0.5,0.5,0.49999927182548,0.50000155941064,1727074912928
185,0.0,1.0,0.66231973094755,0.38455197687018,0.5,0.5,0.49999927182548,0.49999837587683,1727074912953
185,0.0,1.0,0.66231973094755,0.39122867779104,0.5,0.5,0.49999927182548,0.49999820177752,1727074914578
185,0.0,1.0,0.66231973094755,0.39790196455566,0.5,0.5,0.49999927182548,0.49999512599127,1727074914754
185,0.0,1.0,0.66231973094755,0.40841453329034,0.5,0.5,0.49999927182548,0.49999928713572,1727074914858
185,0.0,1.0,0.66231973094755,0.4150844789867,0.5,0.5,0.49999927182548,0.49999351029799,1727074915450
185,0.0,1.0,0.66231973094755,0.4217561503579,0.5,0.5,0.49999927182548,0.50000189112304,1727074915634
185,0.0,1.0,0.66231973094755,0.41510675781915,0.5,0.5,0.49999927182548,0.49999922537147,1727074916546
185,0.0,1.0,0.66231973094755,0.41510675781915,0.5,0.5,0.49999927182548,0.49999922537147,1727074917026
185,0.0,1.0,0.66231973094755,0.41510675781915,0.5,0.5,0.49999927182548,0.49999922537147,1727074917867
185,0.00669462343478,1.0,0.66231973094755,0.41510675781915,0.50000497374594,0.5,0.49999927182548,0.49999922537147,1727074917978
185,0.02121849522929,1.0,0.66231973094755,0.41510675781915,0.50000632319729,0.5,0.49999927182548,0.49999922537147,1727074917994
185,0.04889275175115,1.0,0.66231973094755,0.41510675781915,0.50000081909787,0.5,0.49999927182548,0.49999922537147,1727074918011
185,0.08628354959582,1.0,0.66231973094755,0.41510675781915,0.50001086398465,0.5,0.49999927182548,0.49999922537147,1727074918027
185,0.12063794697384,1.0,0.66231973094755,0.41510675781915,0.50001067695416,0.5,0.49999927182548,0.49999922537147,1727074918044
185,0.17215559952657,1.0,0.66231973094755,0.41510675781915,0.50000228987701,0.5,0.49999927182548,0.49999922537147,1727074918061
185,0.22667349404062,1.0,0.66231973094755,0.41510675781915,0.50001382797396,0.5,0.49999927182548,0.49999922537147,1727074918077
185,0.26101296344458,1.0,0.66231973094755,0.41510675781915,0.49999738781097,0.5,0.49999927182548,0.49999922537147,1727074918094
185,0.30204602636203,1.0,0.66231973094755,0.41510675781915,0.49999987268151,0.5,0.49999927182548,0.49999922537147,1727074918111
185,0.33638738125937,1.0,0.66231973094755,0.41510675781915,0.50000260050867,0.5,0.49999927182548,0.49999922537147,1727074918127
185,0.36694376447051,1.0,0.66231973094755,0.41510675781915,0.50000473893356,0.5,0.49999927182548,0.49999922537147,1727074918144
185,0.40128467619263,1.0,0.66231973094755,0.41510675781915,0.50000656319482,0.5,0.49999927182548,0.49999922537147,1727074918161
185,0.46620207304507,1.0,0.66231973094755,0.41510675781915,0.50000159581936,0.5,0.49999927182548,0.49999922537147,1727074918178
185,0.50346670224822,1.0,0.66231973094755,0.41510675781915,0.50000377845708,0.5,0.49999927182548,0.49999922537147,1727074918194
185,0.54166163971189,1.0,0.66231973094755,0.41510675781915,0.50000007051278,0.5,0.49999927182548,0.49999922537147,1727074918211
185,0.58563279636564,1.0,0.66231973094755,0.41510675781915,0.50000133745056,0.5,0.49999927182548,0.49999922537147,1727074918228
185,0.62665534255623,1.0,0.66231973094755,0.41510675781915,0.50000577877332,0.5,0.49999927182548,0.49999922537147,1727074918244
185,0.67437202648528,1.0,0.66231973094755,0.41510675781915,0.50000166746525,0.5,0.49999927182548,0.49999922537147,1727074918261
185,0.7250626788848,1.0,0.66231973094755,0.41510675781915,0.50000064482844,0.5,0.49999927182548,0.49999922537147,1727074918277
185,0.78923575492164,1.0,0.66231973094755,0.41510675781915,0.50000264497559,0.5,0.49999927182548,0.49999922537147,1727074918294
185,0.84364492737389,1.0,0.66231973094755,0.41510675781915,0.49999938170997,0.5,0.49999927182548,0.49999922537147,1727074918311
185,0.88758178107874,1.0,0.66231973094755,0.41510675781915,0.49999862635335,0.5,0.49999927182548,0.49999922537147,1727074918327
185,0.92104708236765,1.0,0.66231973094755,0.41510675781915,0.50000043714784,0.5,0.49999927182548,0.49999922537147,1727074918344
185,0.93821679937179,1.0,0.66231973094755,0.41510675781915,0.50000065644245,0.5,0.49999927182548,0.49999922537147,1727074918361
185,0.95825710579537,1.0,0.66231973094755,0.41510675781915,0.49999797736887,0.5,0.49999927182548,0.49999922537147,1727074918378
185,0.96877413715264,1.0,0.66231973094755,0.41510675781915,0.5000022194671,0.5,0.49999927182548,0.49999922537147,1727074918394
185,0.97543273326648,1.0,0.66231973094755,0.41510675781915,0.50000088363017,0.5,0.49999927182548,0.49999922537147,1727074918666
185,0.98210384208443,1.0,0.66231973094755,0.41510675781915,0.49999827714158,0.5,0.49999927182548,0.49999922537147,1727074918677
185,1.0,1.0,0.66231973094755,0.41510675781915,0.5,0.5,0.49999927182548,0.49999922537147,1727074918694
185,1.0,1.0,0.66231973094755,0.41510675781915,0.5,0.5,0.49999927182548,0.49999922537147,1727074918711
185,1.0,1.0,0.66231973094755,0.41510675781915,0.5,0.5,0.49999927182548,0.49999922537147,1727074918727
185,1.0,1.0,0.66231973094755,0.41510675781915,0.5,0.5,0.49999927182548,0.49999922537147,1727074918744
185,1.0,1.0,0.66231973094755,0.41510675781915,0.5,0.5,0.49999927182548,0.49999922537147,1727074918761
185,1.0,1.0,0.66231973094755,0.41510675781915,0.5,0.5,0.49999927182548,0.49999922537147,1727074918777
185,1.0,1.0,0.66231973094755,0.41510675781915,0.5,0.5,0.49999927182548,0.49999922537147,1727074918795
185,1.0,1.0,0.66231973094755,0.41510675781915,0.5,0.5,0.49999927182548,0.49999922537147,1727074918882
185,1.0,1.0,0.66231973094755,0.41510675781915,0.5,0.5,0.49999927182548,0.49999922537147,1727074918894
185,1.0,1.0,0.66231973094755,0.41510675781915,0.5,0.5,0.49999927182548,0.49999922537147,1727074918911
185,1.0,1.0,0.66231973094755,0.41510675781915,0.5,0.5,0.49999927182548,0.49999922537147,1727074918928
185,1.0,1.0,0.66231973094755,0.41510675781915,0.5,0.5,0.49999927182548,0.49999922537147,1727074918944
185,1.0,1.0,0.66231973094755,0.41510675781915,0.5,0.5,0.49999927182548,0.49999922537147,1727074918961
185,1.0,1.0,0.66231973094755,0.41510675781915,0.5,0.5,0.49999927182548,0.49999922537147,1727074918978
185,1.0,1.0,0.66231973094755,0.41510675781915,0.5,0.5,0.49999927182548,0.49999922537147,1727074918994
185,1.0,1.0,0.66231973094755,0.41510675781915,0.5,0.5,0.49999927182548,0.49999922537147,1727074919011
185,1.0,1.0,0.66231973094755,0.41510675781915,0.5,0.5,0.49999927182548,0.49999922537147,1727074919210
185,1.0,1.0,0.66231973094755,0.41510675781915,0.5,0.5,0.49999927182548,0.49999922537147,1727074919228
185,1.0,1.0,0.66231973094755,0.41510675781915,0.5,0.5,0.49999927182548,0.49999922537147,1727074919244
185,1.0,1.0,0.66231973094755,0.41510675781915,0.5,0.5,0.49999927182548,0.49999922537147,1727074919261
185,1.0,1.0,0.66231973094755,0.41510675781915,0.5,0.5,0.49999927182548,0.49999922537147,1727074919277
185,1.0,1.0,0.66231973094755,0.41510675781915,0.5,0.5,0.49999927182548,0.49999922537147,1727074919294
185,1.0,1.0,0.66231973094755,0.41510675781915,0.5,0.5,0.49999927182548,0.49999922537147,1727074919311
185,1.0,1.0,0.66231973094755,0.41510675781915,0.5,0.5,0.49999927182548,0.49999922537147,1727074919327
185,1.0,1.0,0.66231973094755,0.41510675781915,0.5,0.5,0.49999927182548,0.49999922537147,1727074919344
185,1.0,1.0,0.66231973094755,0.41510675781915,0.5,0.5,0.49999927182548,0.49999922537147,1727074919361
185,1.0,1.0,0.66231973094755,0.41510675781915,0.5,0.5,0.49999927182548,0.49999922537147,1727074919378
185,1.0,1.0,0.66231973094755,0.41510675781915,0.5,0.5,0.49999927182548,0.49999922537147,1727074919394
185,1.0,1.0,0.66231973094755,0.41510675781915,0.5,0.5,0.49999927182548,0.49999922537147,1727074919394
185,1.0,1.0,0.66231973094755,0.41510675781915,0.5,0.5,0.49999927182548,0.49999922537147,1727074920331
185,1.0,1.0,0.66231973094755,0.41510675781915,0.5,0.5,0.49999927182548,0.49999922537147,1727074920386
185,1.0,1.0,0.66231973094755,0.41510675781915,0.5,0.5,0.49999927182548,0.49999922537147,1727074920394
185,1.0,1.0,0.66231973094755,0.41510675781915,0.5,0.5,0.49999927182548,0.49999922537147,1727074920411
185,1.0,1.0,0.66231973094755,0.41510675781915,0.5,0.5,0.49999927182548,0.49999922537147,1727074920427
185,1.0,1.0,0.66231973094755,0.41510675781915,0.5,0.5,0.49999927182548,0.49999922537147,1727074920444
185,1.0,1.0,0.66231973094755,0.41510675781915,0.5,0.5,0.49999927182548,0.49999922537147,1727074920461
185,1.0,1.0,0.66231973094755,0.41510675781915,0.5,0.5,0.49999927182548,0.49999922537147,1727074920477
185,1.0,1.0,0.66231973094755,0.41510675781915,0.5,0.5,0.49999927182548,0.49999922537147,1727074920494
185,1.0,1.0,0.66231973094755,0.41510675781915,0.5,0.5,0.49999927182548,0.49999922537147,1727074920511
185,1.0,1.0,0.66231973094755,0.41510675781915,0.5,0.5,0.49999927182548,0.49999922537147,1727074920527
185,1.0,1.0,0.66231973094755,0.41510675781915,0.5,0.5,0.49999927182548,0.49999922537147,1727074920577
185,1.0,1.0,0.66231973094755,0.41510675781915,0.5,0.5,0.49999927182548,0.49999922537147,1727074920594
185,1.0,1.0,0.66231973094755,0.41510675781915,0.5,0.5,0.49999927182548,0.49999922537147,1727074920611
185,1.0,1.0,0.66231973094755,0.41510675781915,0.5,0.5,0.49999927182548,0.49999922537147,1727074920627
185,1.0,1.0,0.66231973094755,0.41510675781915,0.5,0.5,0.49999927182548,0.49999922537147,1727074920644
185,1.0,1.0,0.66231973094755,0.41510675781915,0.5,0.5,0.49999927182548,0.49999922537147,1727074920650
185,1.0,1.0,0.66231973094755,0.41510675781915,0.5,0.5,0.49999927182548,0.49999922537147,1727074920650
185,1.0,1.0,0.66231973094755,0.41510675781915,0.5,0.5,0.49999927182548,0.49999922537147,1727074921643
185,1.0,1.0,0.66231973094755,0.41510675781915,0.5,0.5,0.49999927182548,0.49999922537147,1727074922739
185,1.0,0.98950380073852,0.66231973094755,0.41510675781915,0.5,0.49999488792316,0.49999927182548,0.49999922537147,1727074922754
185,1.0,0.98567336802096,0.66231973094755,0.41510675781915,0.5,0.49999472193244,0.49999927182548,0.49999922537147,1727074922770
185,1.0,0.97901050678219,0.66231973094755,0.41510675781915,0.5,0.50000218817668,0.49999927182548,0.49999922537147,1727074922778
185,1.0,0.97235747376714,0.66231973094755,0.41510675781915,0.5,0.49999836381166,0.49999927182548,0.49999922537147,1727074922794
185,1.0,0.96570998032702,0.66231973094755,0.41510675781915,0.5,0.49999896237524,0.49999927182548,0.49999922537147,1727074922858
185,1.0,0.96187928181036,0.66231973094755,0.41510675781915,0.5,0.49999892692492,0.49999927182548,0.49999922537147,1727074922866
185,1.0,0.95521785694131,0.66231973094755,0.41510675781915,0.5,0.4999988690308,0.49999927182548,0.49999922537147,1727074922882
185,1.0,0.93804821006559,0.66231973094755,0.41510675781915,0.5,0.49999904578545,0.49999927182548,0.49999922537147,1727074922898
185,1.0,0.92087826212284,0.66231973094755,0.41510675781915,0.5,0.49999936948652,0.49999927182548,0.49999922537147,1727074922914
185,1.0,0.89706543168272,0.66231973094755,0.41510675781915,0.5,0.4999981287518,0.49999927182548,0.49999922537147,1727074922927
185,1.0,0.8494369315182,0.66231973094755,0.41510675781915,0.5,0.49999690983282,0.49999927182548,0.49999922537147,1727074922944
185,1.0,0.79793934343356,0.66231973094755,0.41510675781915,0.5,0.49999953602833,0.49999927182548,0.49999922537147,1727074922960
185,1.0,0.73710136036335,0.66231973094755,0.41510675781915,0.5,0.50000353660499,0.49999927182548,0.49999922537147,1727074922977
185,1.0,0.66572376356006,0.66231973094755,0.41510675781915,0.5,0.49999958659724,0.49999927182548,0.49999922537147,1727074922994
185,1.0,0.63139579434802,0.66231973094755,0.41510675781915,0.5,0.49999300737246,0.49999927182548,0.49999922537147,1727074923010
185,1.0,0.59041229549331,0.66231973094755,0.41510675781915,0.5,0.4999919339064,0.49999927182548,0.49999922537147,1727074923027
185,1.0,0.54942782954484,0.66231973094755,0.41510675781915,0.5,0.50000202736848,0.49999927182548,0.49999922537147,1727074923044
185,1.0,0.515100308913,0.66231973094755,0.41510675781915,0.5,0.49999423435535,0.49999927182548,0.49999922537147,1727074923060
185,1.0,0.48075788904296,0.66231973094755,0.41510675781915,0.5,0.49999694979748,0.49999927182548,0.49999922537147,1727074923077
185,1.0,0.44641755927748,0.66231973094755,0.41510675781915,0.5,0.49999827839867,0.49999927182548,0.49999922537147,1727074923094
185,1.0,0.41208540573601,0.66231973094755,0.41510675781915,0.5,0.49999293637194,0.49999927182548,0.49999922537147,1727074923110
185,1.0,0.39491588004048,0.66231973094755,0.41510675781915,0.5,0.49999300044506,0.49999927182548,0.49999922537147,1727074923127
185,1.0,0.36057957325014,0.66231973094755,0.41510675781915,0.5,0.50000455285177,0.49999927182548,0.49999922537147,1727074923144
185,1.0,0.33015259554394,0.66231973094755,0.41510675781915,0.5,0.50000118847638,0.49999927182548,0.49999922537147,1727074923160
185,1.0,0.29972644189594,0.66231973094755,0.41510675781915,0.5,0.49999662522163,0.49999927182548,0.49999922537147,1727074923177
185,1.0,0.26539850068581,0.66231973094755,0.41510675781915,0.5,0.49998514676827,0.49999927182548,0.49999922537147,1727074923194
185,1.0,0.27206939549659,0.66231973094755,0.41510675781915,0.5,0.49999170263648,0.49999927182548,0.49999922537147,1727074923922
185,1.0,0.27874836096127,0.66231973094755,0.41510675781915,0.5,0.49998967784823,0.49999927182548,0.49999922537147,1727074923960
185,1.0,0.28541612204962,0.66231973094755,0.41510675781915,0.5,0.49999924064904,0.49999927182548,0.49999922537147,1727074923977
185,1.0,0.29593407217839,0.66231973094755,0.41510675781915,0.5,0.50000443274092,0.49999927182548,0.49999922537147,1727074923994
185,1.0,0.30261786927115,0.66231973094755,0.41510675781915,0.5,0.49999752114157,0.49999927182548,0.49999922537147,1727074924018
185,1.0,0.30649829530808,0.66231973094755,0.41510675781915,0.5,0.49999406801473,0.49999927182548,0.49999922537147,1727074924098
185,1.0,0.31317855008457,0.66231973094755,0.41510675781915,0.5,0.4999908767944,0.49999927182548,0.49999922537147,1727074924122
185,1.0,0.31705770893464,0.66231973094755,0.41510675781915,0.5,0.5000037233093,0.49999927182548,0.49999922537147,1727074924130
185,1.0,0.32373187763234,0.66231973094755,0.41510675781915,0.5,0.49999154296088,0.49999927182548,0.49999922537147,1727074924146
185,1.0,0.32762117911516,0.66231973094755,0.41510675781915,0.5,0.49999446926471,0.49999927182548,0.49999922537147,1727074924258
185,1.0,0.33429222147626,0.66231973094755,0.41510675781915,0.5,0.50000008135215,0.49999927182548,0.49999922537147,1727074924266
185,1.0,0.33429222147626,0.66231973094755,0.41510675781915,0.5,0.50000008135215,0.49999927182548,0.49999922537147,1727074925570
186,0.66666666666667,0.83333333333333,0.0,1.0,0.5,0.5,0.5,0.5,1727074929427
186,0.66666666666667,0.83333333333333,0.00724639377521,1.0,0.5,0.5,0.499961607325,0.5,1727074929490
186,0.66666666666667,0.83333333333333,0.02433775955887,1.0,0.5,0.5,0.49998248363877,0.5,1727074929498
186,0.66666666666667,0.83333333333333,0.0414308690331,1.0,0.5,0.5,0.49996951683934,0.5,1727074929510
186,0.66666666666667,0.83333333333333,0.11273115358194,1.0,0.5,0.5,0.49997010155441,0.5,1727074929527
186,0.66666666666667,0.83333333333333,0.20112370070104,1.0,0.5,0.5,0.49997242219799,0.5,1727074929544
186,0.66666666666667,0.83333333333333,0.3095220913606,1.0,0.5,0.5,0.49998146389902,0.5,1727074929560
186,0.66666666666667,0.83333333333333,0.43924619780896,1.0,0.5,0.5,0.49997858831651,0.5,1727074929577
186,0.66666666666667,0.83333333333333,0.56460519779341,1.0,0.5,0.5,0.49998923687265,0.5,1727074929594
186,0.66666666666667,0.83333333333333,0.74133100239138,1.0,0.5,0.5,0.49999845739439,0.5,1727074929610
186,0.66666666666667,0.83333333333333,0.84943604263578,1.0,0.5,0.5,0.49999407250641,0.5,1727074929627
186,0.66666666666667,0.83333333333333,0.92326410836034,1.0,0.5,0.5,0.50000032101578,0.5,1727074929644
186,0.66666666666667,0.83333333333333,0.96732829331726,1.0,0.5,0.5,0.50000445096778,0.5,1727074929660
186,0.66666666666667,0.83333333333333,1.0,1.0,0.5,0.5,0.5,0.5,1727074929677
186,0.66666666666667,0.83333333333333,1.0,1.0,0.5,0.5,0.5,0.5,1727074929693
186,0.66666666666667,0.83333333333333,1.0,1.0,0.5,0.5,0.5,0.5,1727074929714
186,0.66666666666667,0.83333333333333,0.99544168771625,1.0,0.5,0.5,0.49999285168406,0.5,1727074930522
186,0.66666666666667,0.83333333333333,0.9810003175975,1.0,0.5,0.5,0.4999982936226,0.5,1727074930530
186,0.66666666666667,0.83333333333333,0.97377282762402,1.0,0.5,0.5,0.49999514104481,0.5,1727074930543
186,0.66666666666667,0.83333333333333,0.95932458168188,1.0,0.5,0.5,0.49999502305054,0.5,1727074930560
186,0.66666666666667,0.83333333333333,0.94757021530254,1.0,0.5,0.5,0.4999918851234,0.5,1727074930577
186,0.66666666666667,0.83333333333333,0.92861090041355,1.0,0.5,0.5,0.49999433042774,0.5,1727074930594
186,0.66666666666667,0.83333333333333,0.91958372399742,1.0,0.5,0.5,0.49998548128453,0.5,1727074930610
186,0.66666666666667,0.83333333333333,0.90781851796383,1.0,0.5,0.5,0.49999416503799,0.5,1727074930627
186,0.66666666666667,0.83333333333333,0.90059812758204,1.0,0.5,0.5,0.49999574052033,0.5,1727074930643
186,0.66666666666667,0.83333333333333,0.90324838298814,1.0,0.5,0.5,0.50000486418117,0.5,1727074930660
186,0.66666666666667,0.83333333333333,0.89602298776094,1.0,0.5,0.5,0.49999194795076,0.5,1727074930754
186,0.66666666666667,0.83333333333333,0.89147116398859,1.0,0.5,0.5,0.49999383412963,0.5,1727074930922
186,0.66666666666667,0.83333333333333,0.88424319896048,1.0,0.5,0.5,0.49999260200804,0.5,1727074930930
186,0.66666666666667,0.83333333333333,0.87701513883524,1.0,0.5,0.5,0.49999179684317,0.5,1727074930954
186,0.66666666666667,0.83333333333333,0.86979471433637,1.0,0.5,0.5,0.49999356025749,0.5,1727074930962
186,0.66666666666667,0.83333333333333,0.87244791912084,1.0,0.5,0.5,0.49998915153804,0.5,1727074930977
186,0.66666666666667,0.83333333333333,0.86522097124643,1.0,0.5,0.5,0.49998308229716,0.5,1727074930993
186,0.66666666666667,0.83333333333333,0.85346329991368,1.0,0.5,0.5,0.49999526532105,0.5,1727074931010
186,0.66666666666667,0.83333333333333,0.84624508955489,1.0,0.5,0.5,0.49998649138594,0.5,1727074931042
186,0.66666666666667,0.83333333333333,0.84889583536733,1.0,0.5,0.5,0.49999374679806,0.5,1727074931058
186,0.66666666666667,0.83333333333333,0.84166621868927,1.0,0.5,0.5,0.50000040495356,0.5,1727074931066
186,0.66666666666667,0.83333333333333,0.83444719236295,1.0,0.5,0.5,0.49999551788133,0.5,1727074932722
186,0.66666666666667,0.83333333333333,0.83709902858597,1.0,0.5,0.5,0.49999756683494,0.5,1727074932730
186,0.66666666666667,0.83333333333333,0.82987210231969,1.0,0.5,0.5,0.49999125016846,0.5,1727074932743
186,0.66666666666667,0.83333333333333,0.82265244744139,1.0,0.5,0.5,0.49998932255866,0.5,1727074932762
186,0.66666666666667,0.83333333333333,0.82530576595541,1.0,0.5,0.5,0.49998417607684,0.5,1727074933482
186,0.66666666666667,0.83333333333333,0.83253809616803,1.0,0.5,0.5,0.50000405167558,0.5,1727074933538
186,0.66666666666667,0.83333333333333,0.83519244291668,1.0,0.5,0.5,0.49999394409763,0.5,1727074933546
186,0.66666666666667,0.83333333333333,0.84242196289003,1.0,0.5,0.5,0.499987753803,0.5,1727074933674
186,0.66666666666667,0.83333333333333,0.84507992432199,1.0,0.5,0.5,0.49999968120835,0.5,1727074933710
186,0.66666666666667,0.83333333333333,0.85231100601811,1.0,0.5,0.5,0.49998607466168,0.5,1727074933760
186,0.66666666666667,0.83333333333333,0.85953847361602,1.0,0.5,0.5,0.49998973718532,0.5,1727074933818
186,0.66666666666667,0.83333333333333,0.86219755516651,1.0,0.5,0.5,0.49999619166344,0.5,1727074933860
186,0.66666666666667,0.83333333333333,0.86219755516651,1.0,0.5,0.5,0.49999619166344,0.5,1727074934450
186,0.66666666666667,0.83333333333333,0.86219755516651,1.0,0.5,0.5,0.49999619166344,0.5,1727074935859
186,0.66666666666667,0.83333333333333,0.86219755516651,0.99616573547378,0.5,0.5,0.49999619166344,0.49999845360998,1727074935898
186,0.66666666666667,0.83333333333333,0.86219755516651,0.99233559131711,0.5,0.5,0.49999619166344,0.49999872624066,1727074935922
186,0.66666666666667,0.83333333333333,0.86219755516651,0.9751680561559,0.5,0.5,0.49999619166344,0.49999947142077,1727074935930
186,0.66666666666667,0.83333333333333,0.86219755516651,0.97134674196867,0.5,0.5,0.49999619166344,0.49999679309219,1727074935943
186,0.66666666666667,0.83333333333333,0.86219755516651,0.93607088998604,0.5,0.5,0.49999619166344,0.49999719559753,1727074935960
186,0.66666666666667,0.83333333333333,0.86219755516651,0.894089595625,0.5,0.5,0.49999619166344,0.49999869307289,1727074935976
186,0.66666666666667,0.83333333333333,0.86219755516651,0.86260473088323,0.5,0.5,0.49999619166344,0.50000234429238,1727074935993
186,0.66666666666667,0.83333333333333,0.86219755516651,0.81393839737143,0.5,0.5,0.49999619166344,0.49999996674888,1727074936010
186,0.66666666666667,0.83333333333333,0.86219755516651,0.75102879178921,0.5,0.5,0.49999619166344,0.49999891089946,1727074936027
186,0.66666666666667,0.83333333333333,0.86219755516651,0.71577782812799,0.5,0.5,0.49999619166344,0.49999612538727,1727074936043
186,0.66666666666667,0.83333333333333,0.86219755516651,0.68053147913521,0.5,0.5,0.49999619166344,0.4999958630035,1727074936060
186,0.66666666666667,0.83333333333333,0.86219755516651,0.65953729163824,0.5,0.5,0.49999619166344,0.49999929084827,1727074936077
186,0.66666666666667,0.83333333333333,0.86219755516651,0.62804564639867,0.5,0.5,0.49999619166344,0.49999968137135,1727074936093
186,0.66666666666667,0.83333333333333,0.86219755516651,0.6099986196443,0.5,0.5,0.49999619166344,0.49999911507976,1727074936110
186,0.66666666666667,0.83333333333333,0.86219755516651,0.5889979629052,0.5,0.5,0.49999619166344,0.49999866136776,1727074936127
186,0.66666666666667,0.83333333333333,0.86219755516651,0.57470377448971,0.5,0.5,0.49999619166344,0.49999738086809,1727074936143
186,0.66666666666667,0.83333333333333,0.86219755516651,0.56419787947945,0.5,0.5,0.49999619166344,0.49999856410246,1727074936160
186,0.66666666666667,0.83333333333333,0.86219755516651,0.5536941328796,0.5,0.5,0.49999619166344,0.49999069829523,1727074936176
186,0.66666666666667,0.83333333333333,0.86219755516651,0.54987169384741,0.5,0.5,0.49999619166344,0.49999639563633,1727074936193
186,0.66666666666667,0.83333333333333,0.86219755516651,0.53937568617273,0.5,0.5,0.49999619166344,0.49999376349951,1727074936210
186,0.66666666666667,0.83333333333333,0.86219755516651,0.54604434839237,0.5,0.5,0.49999619166344,0.49999874956817,1727074937106
186,0.66666666666667,0.83333333333333,0.86219755516651,0.5527177407894,0.5,0.5,0.49999619166344,0.4999963349908,1727074937122
186,0.66666666666667,0.83333333333333,0.86219755516651,0.55939203028245,0.5,0.5,0.49999619166344,0.49999457130462,1727074937138
186,0.66666666666667,0.83333333333333,0.86219755516651,0.56606034113325,0.5,0.5,0.49999619166344,0.49999919108695,1727074937146
186,0.66666666666667,0.83333333333333,0.86219755516651,0.57273398157345,0.5,0.5,0.49999619166344,0.49999699789182,1727074937193
186,0.66666666666667,0.83333333333333,0.86219755516651,0.57939633397456,0.5,0.5,0.49999619166344,0.49999756306226,1727074937210
186,0.66666666666667,0.83333333333333,0.86219755516651,0.58607400679119,0.5,0.5,0.49999619166344,0.49999807692441,1727074937226
186,0.66666666666667,0.83333333333333,0.86219755516651,0.57941617514286,0.5,0.5,0.49999619166344,0.50000052547872,1727074938363
186,0.66666666666667,0.83333333333333,0.86219755516651,0.5860869598879,0.5,0.5,0.49999619166344,0.49999647356991,1727074939202
186,0.66666666666667,0.83333333333333,0.86219755516651,0.59276426092748,0.5,0.5,0.49999619166344,0.49999674877042,1727074939274
186,0.66666666666667,0.83333333333333,0.86219755516651,0.59662766804087,0.5,0.5,0.49999619166344,0.49999798048578,1727074939346
186,0.66666666666667,0.83333333333333,0.86219755516651,0.60330594896448,0.5,0.5,0.49999619166344,0.49999887360935,1727074939393
186,0.66666666666667,0.83333333333333,0.86219755516651,0.60997775319839,0.5,0.5,0.49999619166344,0.49999560066923,1727074939531
186,0.66666666666667,0.83333333333333,0.86219755516651,0.61384351981657,0.5,0.5,0.49999619166344,0.49999831888838,1727074939578
186,0.66666666666667,0.83333333333333,0.86219755516651,0.61384351981657,0.5,0.5,0.49999619166344,0.49999831888838,1727074940002
186,0.66666666666667,0.83333333333333,0.86219755516651,0.61384351981657,0.5,0.5,0.49999619166344,0.49999831888838,1727074943339
186,0.66666666666667,0.83333333333333,0.86219755516651,0.61384351981657,0.5,0.5,0.49999619166344,0.49999831888838,1727074943642
187,1.0,0.33333333333333,1.0,0.83333333333333,0.5,0.5,0.5,0.5,1727074946196
187,1.0,0.33333333333333,1.0,0.83333333333333,0.5,0.5,0.5,0.5,1727074946971
187,1.0,0.33333333333333,0.99277405078584,0.83333333333333,0.5,0.5,0.49998864166569,0.5,1727074947011
187,1.0,0.33333333333333,0.97833320400643,0.83333333333333,0.5,0.5,0.49999181027399,0.5,1727074947026
187,1.0,0.33333333333333,0.93781127694016,0.83333333333333,0.5,0.5,0.49999732623746,0.5,1727074947043
187,1.0,0.33333333333333,0.89730802005625,0.83333333333333,0.5,0.5,0.49999272081374,0.5,1727074947059
187,1.0,0.33333333333333,0.85533053621725,0.83333333333333,0.5,0.5,0.49999132263555,0.5,1727074947076
187,1.0,0.33333333333333,0.80335854451142,0.83333333333333,0.5,0.5,0.49998684209946,0.5,1727074947092
187,1.0,0.33333333333333,0.76570187321419,0.83333333333333,0.5,0.5,0.49999229589906,0.5,1727074947109
187,1.0,0.33333333333333,0.74236216984525,0.83333333333333,0.5,0.5,0.499999867566,0.5,1727074947126
187,1.0,0.33333333333333,0.71350767627358,0.83333333333333,0.5,0.5,0.49999389462042,0.5,1727074947143
187,1.0,0.33333333333333,0.69734911581577,0.83333333333333,0.5,0.5,0.49999063489379,0.5,1727074947159
187,1.0,0.33333333333333,0.67841660424737,0.83333333333333,0.5,0.5,0.4999810235729,0.5,1727074947176
187,1.0,0.33333333333333,0.65948765533953,0.83333333333333,0.5,0.5,0.49999768604314,0.5,1727074947193
187,1.0,0.33333333333333,0.64618697921461,0.83333333333333,0.5,0.5,0.49998859957073,0.5,1727074947209
187,1.0,0.33333333333333,0.63004312088961,0.83333333333333,0.5,0.5,0.49999494984252,0.5,1727074947226
187,1.0,0.33333333333333,0.61390881416656,0.83333333333333,0.5,0.5,0.49999324289381,0.5,1727074947243
187,1.0,0.33333333333333,0.60936709606585,0.83333333333333,0.5,0.5,0.49998403374355,0.5,1727074947259
187,1.0,0.33333333333333,0.60214618600654,0.83333333333333,0.5,0.5,0.49998927511441,0.5,1727074947276
187,1.0,0.33333333333333,0.59760408813603,0.83333333333333,0.5,0.5,0.49998226794046,0.5,1727074947293
187,1.0,0.33333333333333,0.59306805050114,0.83333333333333,0.5,0.5,0.49998841591784,0.5,1727074947314
187,1.0,0.33333333333333,0.5957263649317,0.83333333333333,0.5,0.5,0.50000166778919,0.5,1727074947338
187,1.0,0.33333333333333,0.58849990485046,0.83333333333333,0.5,0.5,0.49999065076917,0.5,1727074947346
187,1.0,0.33333333333333,0.58128005292308,0.83333333333333,0.5,0.5,0.49998940206415,0.5,1727074947362
187,1.0,0.33333333333333,0.57405213867383,0.83333333333333,0.5,0.5,0.49998734394516,0.5,1727074947378
187,1.0,0.33333333333333,0.57672079679024,0.83333333333333,0.5,0.5,0.49998720897129,0.5,1727074947393
187,1.0,0.33333333333333,0.56228045014922,0.83333333333333,0.5,0.5,0.49998874425737,0.5,1727074947409
187,1.0,0.33333333333333,0.55054919326071,0.83333333333333,0.5,0.5,0.49999345223753,0.5,1727074947426
187,1.0,0.33333333333333,0.54160242959796,0.83333333333333,0.5,0.5,0.49998996045875,0.5,1727074947442
187,1.0,0.33333333333333,0.5271629854809,0.83333333333333,0.5,0.5,0.49998552264715,0.5,1727074947459
187,1.0,0.33333333333333,0.52262843855159,0.83333333333333,0.5,0.5,0.49998212637876,0.5,1727074947476
187,1.0,0.33333333333333,0.51090512179175,0.83333333333333,0.5,0.5,0.49998867317044,0.5,1727074947492
187,1.0,0.33333333333333,0.50367673992324,0.83333333333333,0.5,0.5,0.49998967150982,0.5,1727074947509
187,1.0,0.33333333333333,0.49645450851012,0.83333333333333,0.5,0.5,0.50000499821369,0.5,1727074947526
187,1.0,0.33333333333333,0.47755497591705,0.83333333333333,0.5,0.5,0.49999141155496,0.5,1727074947542
187,1.0,0.33333333333333,0.47033532996718,0.83333333333333,0.5,0.5,0.4999884777287,0.5,1727074947559
187,1.0,0.33333333333333,0.45144200330879,0.83333333333333,0.5,0.5,0.49998875240387,0.5,1727074947576
187,1.0,0.33333333333333,0.44422201337429,0.83333333333333,0.5,0.5,0.49998828054181,0.5,1727074947592
187,1.0,0.33333333333333,0.43250654234777,0.83333333333333,0.5,0.5,0.49999830118811,0.5,1727074947609
187,1.0,0.33333333333333,0.41807546165996,0.83333333333333,0.5,0.5,0.49999192526683,0.5,1727074947626
187,1.0,0.33333333333333,0.40363539996461,0.83333333333333,0.5,0.5,0.49999164991552,0.5,1727074947642
187,1.0,0.33333333333333,0.39641582056951,0.83333333333333,0.5,0.5,0.49998784300998,0.5,1727074947659
187,1.0,0.33333333333333,0.40628668778959,0.83333333333333,0.5,0.5,0.49999944415141,0.5,1727074948250
187,1.0,0.33333333333333,0.4135245781672,0.83333333333333,0.5,0.5,0.49998773410559,0.5,1727074948266
187,1.0,0.33333333333333,0.42075391527119,0.83333333333333,0.5,0.5,0.49997914988006,0.5,1727074948282
187,1.0,0.33333333333333,0.43063389148512,0.83333333333333,0.5,0.5,0.49998334649199,0.5,1727074948292
187,1.0,0.33333333333333,0.43786032682307,0.83333333333333,0.5,0.5,0.49999715732227,0.5,1727074948309
187,1.0,0.33333333333333,0.45763904604088,0.83333333333333,0.5,0.5,0.49998696967141,0.5,1727074948326
187,1.0,0.33333333333333,0.4648746576272,0.83333333333333,0.5,0.5,0.49999295353767,0.5,1727074948342
187,1.0,0.33333333333333,0.4819672588083,0.83333333333333,0.5,0.5,0.49999119000674,0.5,1727074948359
187,1.0,0.33333333333333,0.49184014518131,0.83333333333333,0.5,0.5,0.49998712670346,0.5,1727074948376
187,1.0,0.33333333333333,0.49907722048762,0.83333333333333,0.5,0.5,0.49998258266209,0.5,1727074948392
187,1.0,0.33333333333333,0.5161624327214,0.83333333333333,0.5,0.5,0.49997567049277,0.5,1727074948442
187,1.0,0.33333333333333,0.5233951638306,0.83333333333333,0.5,0.5,0.50000085018226,0.5,1727074948459
187,1.0,0.33333333333333,0.5260587693236,0.83333333333333,0.5,0.5,0.49997947415362,0.5,1727074948482
187,1.0,0.33333333333333,0.53329260666805,0.83333333333333,0.5,0.5,0.49999689001412,0.5,1727074948492
187,1.0,0.33333333333333,0.54053097618022,0.83333333333333,0.5,0.5,0.4999839044313,0.5,1727074948514
187,1.0,0.33333333333333,0.5504034805533,0.83333333333333,0.5,0.5,0.49998273257918,0.5,1727074948526
187,1.0,0.33333333333333,0.55762837976311,0.83333333333333,0.5,0.5,0.50000448122317,0.5,1727074948542
187,1.0,0.33333333333333,0.56486534990251,0.83333333333333,0.5,0.5,0.5000008270263,0.5,1727074948559
187,1.0,0.33333333333333,0.57744146077386,0.83333333333333,0.5,0.5,0.49998533357948,0.5,1727074948576
187,1.0,0.33333333333333,0.58467058405665,0.83333333333333,0.5,0.5,0.49997980015147,0.5,1727074948592
187,1.0,0.33333333333333,0.57744799987863,0.83333333333333,0.5,0.5,0.49999577729866,0.5,1727074949739
187,1.0,0.33333333333333,0.57022035371906,0.83333333333333,0.5,0.5,0.49999205066207,0.5,1727074949754
187,1.0,0.33333333333333,0.57289019334555,0.83333333333333,0.5,0.5,0.4999843658408,0.5,1727074949762
187,1.0,0.33333333333333,0.56565929624631,0.83333333333333,0.5,0.5,0.50000143090518,0.5,1727074949778
187,1.0,0.33333333333333,0.55844002631053,0.83333333333333,0.5,0.5,0.49999646568302,0.5,1727074949802
187,1.0,0.33333333333333,0.5512131826981,0.83333333333333,0.5,0.5,0.49998740089303,0.5,1727074949810
187,1.0,0.33333333333333,0.54399147977326,0.83333333333333,0.5,0.5,0.49999829662137,0.5,1727074950235
187,1.0,0.33333333333333,0.53676486602009,0.83333333333333,0.5,0.5,0.49998754914731,0.5,1727074950250
187,1.0,0.33333333333333,0.52954233779448,0.83333333333333,0.5,0.5,0.5000042035148,0.5,1727074950274
187,1.0,0.33333333333333,0.52954233779448,0.83333333333333,0.5,0.5,0.5000042035148,0.5,1727074951394
187,1.0,0.33333333333333,0.52954233779448,0.83333333333333,0.5,0.5,0.5000042035148,0.5,1727074953379
187,0.99334128729506,0.33333333333333,0.52954233779448,0.83333333333333,0.50000125301128,0.5,0.5000042035148,0.5,1727074953443
187,0.94088815574445,0.33333333333333,0.52954233779448,0.83333333333333,0.49999807782942,0.5,0.5000042035148,0.5,1727074953459
187,0.87796413770625,0.33333333333333,0.52954233779448,0.83333333333333,0.49999751059914,0.5,0.5000042035148,0.5,1727074953476
187,0.80089081271039,0.33333333333333,0.52954233779448,0.83333333333333,0.49999921568742,0.5,0.5000042035148,0.5,1727074953492
187,0.71034915524385,0.33333333333333,0.52954233779448,0.83333333333333,0.49999730698326,0.5,0.5000042035148,0.5,1727074953509
187,0.64746365462051,0.33333333333333,0.52954233779448,0.83333333333333,0.50000129999593,0.5,0.5000042035148,0.5,1727074953526
187,0.60550421954948,0.33333333333333,0.52954233779448,0.83333333333333,0.49999776198273,0.5,0.5000042035148,0.5,1727074953542
187,0.54938521253478,0.33333333333333,0.52954233779448,0.83333333333333,0.5000004118491,0.5,0.5000042035148,0.5,1727074953559
187,0.51121487017281,0.33333333333333,0.52954233779448,0.83333333333333,0.49999962740209,0.5,0.5000042035148,0.5,1727074953576
187,0.47973715121383,0.33333333333333,0.52954233779448,0.83333333333333,0.4999990100271,0.5,0.5000042035148,0.5,1727074953592
187,0.45875097132837,0.33333333333333,0.52954233779448,0.83333333333333,0.49999776370619,0.5,0.5000042035148,0.5,1727074953609
187,0.44446208338554,0.33333333333333,0.52954233779448,0.83333333333333,0.50000043261156,0.5,0.5000042035148,0.5,1727074953625
187,0.43394984221283,0.33333333333333,0.52954233779448,0.83333333333333,0.49999677243794,0.5,0.5000042035148,0.5,1727074953642
187,0.41296236583814,0.33333333333333,0.52954233779448,0.83333333333333,0.49999429101621,0.5,0.5000042035148,0.5,1727074953659
187,0.40246027715562,0.33333333333333,0.52954233779448,0.83333333333333,0.49999893419623,0.5,0.5000042035148,0.5,1727074953675
187,0.38147202327026,0.33333333333333,0.52954233779448,0.83333333333333,0.4999957220456,0.5,0.5000042035148,0.5,1727074953692
187,0.35673566196488,0.33333333333333,0.52954233779448,0.83333333333333,0.49999745607995,0.5,0.5000042035148,0.5,1727074953709
187,0.32527459719477,0.33333333333333,0.52954233779448,0.83333333333333,0.49999777093076,0.5,0.5000042035148,0.5,1727074953725
187,0.29381840008461,0.33333333333333,0.52954233779448,0.83333333333333,0.50000305711198,0.5,0.5000042035148,0.5,1727074953742
187,0.27282826638199,0.33333333333333,0.52954233779448,0.83333333333333,0.49999736071274,0.5,0.5000042035148,0.5,1727074953759
187,0.25184471381654,0.33333333333333,0.52954233779448,0.83333333333333,0.49999841797612,0.5,0.5000042035148,0.5,1727074953775
187,0.24804344320973,0.33333333333333,0.52954233779448,0.83333333333333,0.49999699935112,0.5,0.5000042035148,0.5,1727074953792
187,0.24140167825302,0.33333333333333,0.52954233779448,0.83333333333333,0.50000188291752,0.5,0.5000042035148,0.5,1727074953809
187,0.23760209894027,0.33333333333333,0.52954233779448,0.83333333333333,0.50000237325803,0.5,0.5000042035148,0.5,1727074953825
187,0.23094976311973,0.33333333333333,0.52954233779448,0.83333333333333,0.49999531947405,0.5,0.5000042035148,0.5,1727074953963
187,0.22715509276916,0.33333333333333,0.52954233779448,0.83333333333333,0.5000014404012,0.5,0.5000042035148,0.5,1727074953975
187,0.22334958724119,0.33333333333333,0.52954233779448,0.83333333333333,0.49999503946936,0.5,0.5000042035148,0.5,1727074954025
187,0.2128544623264,0.33333333333333,0.52954233779448,0.83333333333333,0.49999157124317,0.5,0.5000042035148,0.5,1727074954042
187,0.20621249080993,0.33333333333333,0.52954233779448,0.83333333333333,0.49999650285717,0.5,0.5000042035148,0.5,1727074954092
187,0.20240995139215,0.33333333333333,0.52954233779448,0.83333333333333,0.49999337879523,0.5,0.5000042035148,0.5,1727074954178
187,0.19576256005754,0.33333333333333,0.52954233779448,0.83333333333333,0.49999174949722,0.5,0.5000042035148,0.5,1727074955331
187,0.18911954672077,0.33333333333333,0.52954233779448,0.83333333333333,0.49999556771017,0.5,0.5000042035148,0.5,1727074955658
187,0.18532428850815,0.33333333333333,0.52954233779448,0.83333333333333,0.50000153444583,0.5,0.5000042035148,0.5,1727074955818
187,0.17868121786812,0.33333333333333,0.52954233779448,0.83333333333333,0.5000055235415,0.5,0.5000042035148,0.5,1727074955826
187,0.17203979325317,0.33333333333333,0.52954233779448,0.83333333333333,0.4999916908605,0.5,0.5000042035148,0.5,1727074955882
187,0.17203979325317,0.33333333333333,0.52954233779448,0.83333333333333,0.4999916908605,0.5,0.5000042035148,0.5,1727074956243
187,0.17203979325317,0.33333333333333,0.52954233779448,0.83333333333333,0.4999916908605,0.5,0.5000042035148,0.5,1727074957259
187,0.17203979325317,0.34001338159792,0.52954233779448,0.83333333333333,0.4999916908605,0.50000187168977,0.5000042035148,0.5,1727074957274
187,0.17203979325317,0.34668513106376,0.52954233779448,0.83333333333333,0.4999916908605,0.50000663111988,0.5000042035148,0.5,1727074957293
187,0.17203979325317,0.35335604334621,0.52954233779448,0.83333333333333,0.4999916908605,0.50001205032084,0.5000042035148,0.5,1727074957309
187,0.17203979325317,0.38018667403903,0.52954233779448,0.83333333333333,0.4999916908605,0.50001165847134,0.5000042035148,0.5,1727074957325
187,0.17203979325317,0.41453222799915,0.52954233779448,0.83333333333333,0.4999916908605,0.50000517166148,0.5000042035148,0.5,1727074957342
187,0.17203979325317,0.44887311202473,0.52954233779448,0.83333333333333,0.4999916908605,0.50000300647577,0.5000042035148,0.5,1727074957359
187,0.17203979325317,0.50039025647744,0.52954233779448,0.83333333333333,0.4999916908605,0.50000715880458,0.5000042035148,0.5,1727074957375
187,0.17203979325317,0.53472960873422,0.52954233779448,0.83333333333333,0.4999916908605,0.50000621974238,0.5000042035148,0.5,1727074957392
187,0.17203979325317,0.55189646048699,0.52954233779448,0.83333333333333,0.4999916908605,0.500007722246,0.5000042035148,0.5,1727074957409
187,0.17203979325317,0.56241119745212,0.52954233779448,0.83333333333333,0.4999916908605,0.50000284154885,0.5000042035148,0.5,1727074957425
187,0.17203979325317,0.56628911818571,0.52954233779448,0.83333333333333,0.4999916908605,0.50000215422237,0.5000042035148,0.5,1727074957739
187,0.17203979325317,0.57295623532883,0.52954233779448,0.83333333333333,0.4999916908605,0.50000870615024,0.5000042035148,0.5,1727074957746
187,0.17203979325317,0.57683497755978,0.52954233779448,0.83333333333333,0.4999916908605,0.50000745230149,0.5000042035148,0.5,1727074958803
187,0.17203979325317,0.57018075506175,0.52954233779448,0.83333333333333,0.4999916908605,0.50000259492702,0.5000042035148,0.5,1727074958883
187,0.17203979325317,0.56352664342994,0.52954233779448,0.83333333333333,0.4999916908605,0.50000800917899,0.5000042035148,0.5,1727074958947
187,0.17203979325317,0.5568697344484,0.52954233779448,0.83333333333333,0.4999916908605,0.50000491195086,0.5000042035148,0.5,1727074958959
187,0.17203979325317,0.55022349342269,0.52954233779448,0.83333333333333,0.4999916908605,0.50000501281124,0.5000042035148,0.5,1727074959009
187,0.17203979325317,0.54356360564482,0.52954233779448,0.83333333333333,0.4999916908605,0.50000390806388,0.5000042035148,0.5,1727074959059
187,0.17203979325317,0.54356360564482,0.52954233779448,0.83333333333333,0.4999916908605,0.50000390806388,0.5000042035148,0.5,1727074959330
187,0.17203979325317,0.54356360564482,0.52954233779448,0.83333333333333,0.4999916908605,0.50000390806388,0.5000042035148,0.5,1727074960707
187,0.17203979325317,0.54356360564482,0.52954233779448,0.83720725077681,0.4999916908605,0.50000390806388,0.5000042035148,0.50000367690548,1727074960771
187,0.17203979325317,0.54356360564482,0.52954233779448,0.85437470791069,0.4999916908605,0.50000390806388,0.5000042035148,0.50000273431093,1727074960786
187,0.17203979325317,0.54356360564482,0.52954233779448,0.87154765032934,0.4999916908605,0.50000390806388,0.5000042035148,0.50000451700737,1727074960794
187,0.17203979325317,0.54356360564482,0.52954233779448,0.90206445710981,0.4999916908605,0.50000390806388,0.5000042035148,0.50000139673996,1727074960808
187,0.17203979325317,0.54356360564482,0.52954233779448,0.98708842585956,0.4999916908605,0.50000390806388,0.5000042035148,0.49999826999617,1727074960825
187,0.17203979325317,0.54356360564482,0.52954233779448,1.0,0.4999916908605,0.50000390806388,0.5000042035148,0.5,1727074960842
187,0.17203979325317,0.54356360564482,0.52954233779448,1.0,0.4999916908605,0.50000390806388,0.5000042035148,0.5,1727074960858
187,0.17203979325317,0.54356360564482,0.52954233779448,1.0,0.4999916908605,0.50000390806388,0.5000042035148,0.5,1727074960875
187,0.17203979325317,0.54356360564482,0.52954233779448,1.0,0.4999916908605,0.50000390806388,0.5000042035148,0.5,1727074960892
187,0.17203979325317,0.54356360564482,0.52954233779448,1.0,0.4999916908605,0.50000390806388,0.5000042035148,0.5,1727074960909
187,0.17203979325317,0.54356360564482,0.52954233779448,1.0,0.4999916908605,0.50000390806388,0.5000042035148,0.5,1727074960925
187,0.17203979325317,0.54356360564482,0.52954233779448,1.0,0.4999916908605,0.50000390806388,0.5000042035148,0.5,1727074960942
187,0.17203979325317,0.54356360564482,0.52954233779448,1.0,0.4999916908605,0.50000390806388,0.5000042035148,0.5,1727074960958
187,0.17203979325317,0.54356360564482,0.52954233779448,1.0,0.4999916908605,0.50000390806388,0.5000042035148,0.5,1727074960975
187,0.17203979325317,0.54356360564482,0.52954233779448,1.0,0.4999916908605,0.50000390806388,0.5000042035148,0.5,1727074960992
187,0.17203979325317,0.54356360564482,0.52954233779448,1.0,0.4999916908605,0.50000390806388,0.5000042035148,0.5,1727074961009
187,0.17203979325317,0.54356360564482,0.52954233779448,1.0,0.4999916908605,0.50000390806388,0.5000042035148,0.5,1727074961059
187,0.17203979325317,0.54356360564482,0.52954233779448,1.0,0.4999916908605,0.50000390806388,0.5000042035148,0.5,1727074961075
187,0.17203979325317,0.54356360564482,0.52954233779448,1.0,0.4999916908605,0.50000390806388,0.5000042035148,0.5,1727074961092
187,0.17203979325317,0.54356360564482,0.52954233779448,1.0,0.4999916908605,0.50000390806388,0.5000042035148,0.5,1727074961106
187,0.17203979325317,0.54356360564482,0.52954233779448,1.0,0.4999916908605,0.50000390806388,0.5000042035148,0.5,1727074961106
187,0.17203979325317,0.54356360564482,0.52954233779448,1.0,0.4999916908605,0.50000390806388,0.5000042035148,0.5,1727074964260
187,0.17203979325317,0.54356360564482,0.52231529633481,1.0,0.4999916908605,0.50000390806388,0.49999621606233,0.5,1727074964611
187,0.17203979325317,0.54356360564482,0.51972064302646,1.0,0.4999916908605,0.50000390806388,0.49999413595524,0.5,1727074964659
187,0.17203979325317,0.54356360564482,0.51249536941481,1.0,0.4999916908605,0.50000390806388,0.49997378482727,0.5,1727074964763
187,0.17203979325317,0.54356360564482,0.51249536941481,1.0,0.4999916908605,0.50000390806388,0.49997378482727,0.5,1727074965099
188,1.0,0.83333333333333,0.33333333333333,0.66666666666667,0.5,0.5,0.5,0.5,1727074966980
188,1.0,0.83333333333333,0.31890280191161,0.66666666666667,0.5,0.5,0.49998569694386,0.5,1727074967019
188,1.0,0.83333333333333,0.31168355549959,0.66666666666667,0.5,0.5,0.49997812861885,0.5,1727074967026
188,1.0,0.83333333333333,0.29005517582321,0.66666666666667,0.5,0.5,0.49998709447773,0.5,1727074967041
188,1.0,0.83333333333333,0.22979179897808,0.66666666666667,0.5,0.5,0.49996547107519,0.5,1727074967058
188,1.0,0.83333333333333,0.06856609544337,0.66666666666667,0.5,0.5,0.49999363768545,0.5,1727074967075
188,1.0,0.83333333333333,0.0,0.66666666666667,0.5,0.5,0.5,0.5,1727074967092
188,1.0,0.83333333333333,0.0,0.66666666666667,0.5,0.5,0.5,0.5,1727074967108
188,1.0,0.83333333333333,0.0,0.66666666666667,0.5,0.5,0.5,0.5,1727074967125
188,1.0,0.83333333333333,0.0,0.66666666666667,0.5,0.5,0.5,0.5,1727074967141
188,1.0,0.83333333333333,0.0,0.66666666666667,0.5,0.5,0.5,0.5,1727074967158
188,1.0,0.83333333333333,0.0,0.66666666666667,0.5,0.5,0.5,0.5,1727074967175
188,1.0,0.83333333333333,0.0,0.66666666666667,0.5,0.5,0.5,0.5,1727074967191
188,1.0,0.83333333333333,0.0,0.66666666666667,0.5,0.5,0.5,0.5,1727074967208
188,1.0,0.83333333333333,0.0,0.66666666666667,0.5,0.5,0.5,0.5,1727074967225
188,1.0,0.83333333333333,0.0,0.66666666666667,0.5,0.5,0.5,0.5,1727074967241
188,1.0,0.83333333333333,0.0,0.66666666666667,0.5,0.5,0.5,0.5,1727074967258
188,1.0,0.83333333333333,0.0,0.66666666666667,0.5,0.5,0.5,0.5,1727074967274
188,1.0,0.83333333333333,0.0,0.66666666666667,0.5,0.5,0.5,0.5,1727074968788
188,1.0,0.83333333333333,0.0,0.66001287779711,0.5,0.5,0.5,0.49999848125006,1727074969003
188,1.0,0.83333333333333,0.0,0.65336296860729,0.5,0.5,0.5,0.50000556748938,1727074969051
188,1.0,0.83333333333333,0.0,0.64670891703282,0.5,0.5,0.5,0.5000007530049,1727074969075
188,1.0,0.83333333333333,0.0,0.64005645159806,0.5,0.5,0.5,0.50000637873837,1727074969091
188,1.0,0.83333333333333,0.0,0.63623439624696,0.5,0.5,0.5,0.50000225637536,1727074969108
188,1.0,0.83333333333333,0.0,0.62958540268456,0.5,0.5,0.5,0.50000049348381,1727074969163
188,1.0,0.83333333333333,0.0,0.62576307491464,0.5,0.5,0.5,0.50000580987453,1727074969178
188,1.0,0.83333333333333,0.0,0.61910914128826,0.5,0.5,0.5,0.50000091917639,1727074969251
188,1.0,0.83333333333333,0.0,0.61245565738613,0.5,0.5,0.5,0.50000607517211,1727074969443
188,1.0,0.83333333333333,0.0,0.60580801836572,0.5,0.5,0.5,0.50000516558592,1727074969459
188,1.0,0.83333333333333,0.0,0.59914947565553,0.5,0.5,0.5,0.50000715114124,1727074969508
188,1.0,0.83333333333333,0.0,0.59532322962773,0.5,0.5,0.5,0.50000009959566,1727074969525
188,1.0,0.83333333333333,0.0,0.58867119343078,0.5,0.5,0.5,0.49999623341893,1727074969555
188,1.0,0.83333333333333,0.0,0.58485037562987,0.5,0.5,0.5,0.50000278803178,1727074969562
188,1.0,0.83333333333333,0.0,0.57820225823742,0.5,0.5,0.5,0.50000150329338,1727074969619
188,1.0,0.83333333333333,0.0,0.57154719228604,0.5,0.5,0.5,0.49999553467584,1727074969659
188,1.0,0.83333333333333,0.0,0.56773419571256,0.5,0.5,0.5,0.5000074964409,1727074969755
188,1.0,0.83333333333333,0.0,0.56108438036022,0.5,0.5,0.5,0.50000506902808,1727074969795
188,1.0,0.83333333333333,0.0,0.55442400165486,0.5,0.5,0.5,0.50000590585856,1727074970715
188,1.0,0.83333333333333,0.0,0.54777907588406,0.5,0.5,0.5,0.50000680374466,1727074970771
188,1.0,0.83333333333333,0.0,0.54395447235893,0.5,0.5,0.5,0.50000043484222,1727074970808
188,1.0,0.83333333333333,0.0,0.530668952075,0.5,0.5,0.5,0.50000523568001,1727074970825
188,1.0,0.83333333333333,0.0,0.530668952075,0.5,0.5,0.5,0.50000523568001,1727074971259
188,1.0,0.83333333333333,0.0,0.530668952075,0.5,0.5,0.5,0.50000523568001,1727074974340
188,1.0,0.83333333333333,0.0,0.530668952075,0.5,0.5,0.5,0.50000523568001,1727074975500
188,1.0,0.82667658732026,0.0,0.530668952075,0.5,0.50000017192939,0.5,0.50000523568001,1727074975563
188,1.0,0.80950646684387,0.0,0.530668952075,0.5,0.50000063768725,0.5,0.50000523568001,1727074975574
188,1.0,0.75527457327473,0.0,0.530668952075,0.5,0.50000128871691,0.5,0.50000523568001,1727074975591
188,1.0,0.65619473535443,0.0,0.530668952075,0.5,0.50000320301353,0.5,0.50000523568001,1727074975608
188,1.0,0.54658235110045,0.0,0.530668952075,0.5,0.50000156715229,0.5,0.50000523568001,1727074975624
188,1.0,0.44094254998557,0.0,0.530668952075,0.5,0.50000901365957,0.5,0.50000523568001,1727074975641
188,1.0,0.36565615946775,0.0,0.530668952075,0.5,0.50000481697282,0.5,0.50000523568001,1727074975658
188,1.0,0.32468719214443,0.0,0.530668952075,0.5,0.50000490763245,0.5,0.50000523568001,1727074975674
188,1.0,0.28652312753169,0.0,0.530668952075,0.5,0.49999994799482,0.5,0.50000523568001,1727074975691
188,1.0,0.27987157298984,0.0,0.530668952075,0.5,0.50000556674994,0.5,0.50000523568001,1727074975708
188,1.0,0.2627009106163,0.0,0.530668952075,0.5,0.50000729265458,0.5,0.50000523568001,1727074975724
188,1.0,0.25219816367604,0.0,0.530668952075,0.5,0.50000201597527,0.5,0.50000523568001,1727074975741
188,1.0,0.23503204159156,0.0,0.530668952075,0.5,0.50001604127318,0.5,0.50000523568001,1727074975758
188,1.0,0.22453421147055,0.0,0.530668952075,0.5,0.50000493787114,0.5,0.50000523568001,1727074975774
188,1.0,0.20736691099557,0.0,0.530668952075,0.5,0.50000279635297,0.5,0.50000523568001,1727074975791
188,1.0,0.20071899327161,0.0,0.530668952075,0.5,0.50000499521541,0.5,0.50000523568001,1727074975807
188,1.0,0.17974302839807,0.0,0.530668952075,0.5,0.5000138784483,0.5,0.50000523568001,1727074975824
188,1.0,0.15876957953112,0.0,0.530668952075,0.5,0.49999952960664,0.5,0.50000523568001,1727074975841
188,1.0,0.14159773068524,0.0,0.530668952075,0.5,0.50000319496242,0.5,0.50000523568001,1727074975857
188,1.0,0.13495159986615,0.0,0.530668952075,0.5,0.50000321714346,0.5,0.50000523568001,1727074975874
188,1.0,0.14163412224281,0.0,0.530668952075,0.5,0.50001693775941,0.5,0.50000523568001,1727074976907
188,1.0,0.14831287624529,0.0,0.530668952075,0.5,0.50001411943423,0.5,0.50000523568001,1727074976958
188,1.0,0.15499531108754,0.0,0.530668952075,0.5,0.50000638313056,0.5,0.50000523568001,1727074976979
188,1.0,0.16551070579084,0.0,0.530668952075,0.5,0.50001641497173,0.5,0.50000523568001,1727074977024
188,1.0,0.17219248309073,0.0,0.530668952075,0.5,0.50000981614247,0.5,0.50000523568001,1727074977107
188,1.0,0.17219248309073,0.0,0.530668952075,0.5,0.50000981614247,0.5,0.50000523568001,1727074977370
188,1.0,0.17219248309073,0.0,0.530668952075,0.5,0.50000981614247,0.5,0.50000523568001,1727074978243
188,0.99616659642715,0.17219248309073,0.0,0.530668952075,0.49999883451422,0.50000981614247,0.5,0.50000523568001,1727074978563
188,0.9895142085988,0.17219248309073,0.0,0.530668952075,0.49999605541494,0.50000981614247,0.5,0.50000523568001,1727074978574
188,0.97519733507648,0.17219248309073,0.0,0.530668952075,0.49999880080551,0.50000981614247,0.5,0.50000523568001,1727074978590
188,0.9646865089971,0.17219248309073,0.0,0.530668952075,0.49999736805282,0.50000981614247,0.5,0.50000523568001,1727074978610
188,0.95418529781049,0.17219248309073,0.0,0.530668952075,0.50000031244448,0.50000981614247,0.5,0.50000523568001,1727074978657
188,0.95036107649709,0.17219248309073,0.0,0.530668952075,0.49999625471781,0.50000981614247,0.5,0.50000523568001,1727074978674
188,0.93985251315648,0.17219248309073,0.0,0.530668952075,0.49999581803822,0.50000981614247,0.5,0.50000523568001,1727074978690
188,0.92268699386054,0.17219248309073,0.0,0.530668952075,0.49999750174494,0.50000981614247,0.5,0.50000523568001,1727074978707
188,0.90836527600943,0.17219248309073,0.0,0.530668952075,0.49999811771415,0.50000981614247,0.5,0.50000523568001,1727074978724
188,0.89786564317006,0.17219248309073,0.0,0.530668952075,0.50000197152263,0.50000981614247,0.5,0.50000523568001,1727074978740
188,0.88069427960186,0.17219248309073,0.0,0.530668952075,0.50000096150695,0.50000981614247,0.5,0.50000523568001,1727074978757
188,0.86637672929744,0.17219248309073,0.0,0.530668952075,0.49999610540715,0.50000981614247,0.5,0.50000523568001,1727074978774
188,0.85587863008023,0.17219248309073,0.0,0.530668952075,0.50000085101566,0.50000981614247,0.5,0.50000523568001,1727074978791
188,0.84537359402891,0.17219248309073,0.0,0.530668952075,0.50000219613616,0.50000981614247,0.5,0.50000523568001,1727074978807
188,0.8310604388139,0.17219248309073,0.0,0.530668952075,0.49999943919177,0.50000981614247,0.5,0.50000523568001,1727074978824
188,0.82055373004968,0.17219248309073,0.0,0.530668952075,0.49999994020703,0.50000981614247,0.5,0.50000523568001,1727074978840
188,0.80624205553511,0.17219248309073,0.0,0.530668952075,0.49999786079453,0.50000981614247,0.5,0.50000523568001,1727074978857
188,0.78907752919794,0.17219248309073,0.0,0.530668952075,0.50000032160448,0.50000981614247,0.5,0.50000523568001,1727074978874
188,0.76054436310961,0.17219248309073,0.0,0.530668952075,0.49999482626922,0.50000981614247,0.5,0.50000523568001,1727074978890
188,0.75003910676821,0.17219248309073,0.0,0.530668952075,0.49999611488966,0.50000981614247,0.5,0.50000523568001,1727074978907
188,0.7433823650783,0.17219248309073,0.0,0.530668952075,0.49999875107572,0.50000981614247,0.5,0.50000523568001,1727074978924
188,0.73956350412867,0.17219248309073,0.0,0.530668952075,0.4999968094362,0.50000981614247,0.5,0.50000523568001,1727074978941
188,0.73573955630551,0.17219248309073,0.0,0.530668952075,0.50000061230842,0.50000981614247,0.5,0.50000523568001,1727074978970
188,0.72524148403797,0.17219248309073,0.0,0.530668952075,0.49999736003614,0.50000981614247,0.5,0.50000523568001,1727074979007
188,0.72141348387059,0.17219248309073,0.0,0.530668952075,0.49999892122574,0.50000981614247,0.5,0.50000523568001,1727074979024
188,0.71475897079044,0.17219248309073,0.0,0.530668952075,0.49999413673988,0.50000981614247,0.5,0.50000523568001,1727074979041
188,0.69376177962909,0.17219248309073,0.0,0.530668952075,0.49999564717032,0.50000981614247,0.5,0.50000523568001,1727074979057
188,0.66524363905766,0.17219248309073,0.0,0.530668952075,0.49999848512888,0.50000981614247,0.5,0.50000523568001,1727074979074
188,0.616590373903,0.17219248309073,0.0,0.530668952075,0.50000366359257,0.50000981614247,0.5,0.50000523568001,1727074979091
188,0.58510409385315,0.17219248309073,0.0,0.530668952075,0.49999762432807,0.50000981614247,0.5,0.50000523568001,1727074979107
188,0.57460522589032,0.17219248309073,0.0,0.530668952075,0.50000349401288,0.50000981614247,0.5,0.50000523568001,1727074979124
188,0.5640998607748,0.17219248309073,0.0,0.530668952075,0.49999469628056,0.50000981614247,0.5,0.50000523568001,1727074979140
188,0.5707663685909,0.17219248309073,0.0,0.530668952075,0.49999807740351,0.50000981614247,0.5,0.50000523568001,1727074979683
188,0.57744193418977,0.17219248309073,0.0,0.530668952075,0.49999718841844,0.50000981614247,0.5,0.50000523568001,1727074979707
188,0.58410739926328,0.17219248309073,0.0,0.530668952075,0.49999980630327,0.50000981614247,0.5,0.50000523568001,1727074979730
188,0.59077811885742,0.17219248309073,0.0,0.530668952075,0.49999573998453,0.50000981614247,0.5,0.50000523568001,1727074979741
188,0.60129619727276,0.17219248309073,0.0,0.530668952075,0.50000251902511,0.50000981614247,0.5,0.50000523568001,1727074979757
188,0.60796401554912,0.17219248309073,0.0,0.530668952075,0.49999664868875,0.50000981614247,0.5,0.50000523568001,1727074979786
188,0.60796401554912,0.17219248309073,0.0,0.530668952075,0.49999664868875,0.50000981614247,0.5,0.50000523568001,1727074980339
188,0.60796401554912,0.17219248309073,0.0,0.530668952075,0.49999664868875,0.50000981614247,0.5,0.50000523568001,1727074982020
188,0.61463931234005,0.17219248309073,0.0,0.530668952075,0.49999563757409,0.50000981614247,0.5,0.50000523568001,1727074982131
188,0.62130744363154,0.17219248309073,0.0,0.530668952075,0.49999984264755,0.50000981614247,0.5,0.50000523568001,1727074982187
188,0.6279755294626,0.17219248309073,0.0,0.530668952075,0.49999429444239,0.50000981614247,0.5,0.50000523568001,1727074982243
188,0.6279755294626,0.17219248309073,0.0,0.530668952075,0.49999429444239,0.50000981614247,0.5,0.50000523568001,1727074982635
189,0.33333333333333,0.83333333333333,1.0,1.0,0.5,0.5,0.5,0.5,1727074987340
189,0.33333333333333,0.83333333333333,1.0,0.99617438317616,0.5,0.5,0.5,0.50000227951149,1727074987411
189,0.33333333333333,0.83333333333333,1.0,0.9885514055128,0.5,0.5,0.5,0.49999891357242,1727074987426
189,0.33333333333333,0.83333333333333,1.0,0.97805326527693,0.5,0.5,0.5,0.50000319264121,1727074987442
189,0.33333333333333,0.83333333333333,1.0,0.97043477155272,0.5,0.5,0.5,0.50000180803969,1727074987457
189,0.33333333333333,0.83333333333333,1.0,0.94942596172868,0.5,0.5,0.5,0.49999779017908,1727074987473
189,0.33333333333333,0.83333333333333,1.0,0.91793649058364,0.5,0.5,0.5,0.49999906960294,1727074987490
189,0.33333333333333,0.83333333333333,1.0,0.86847824990618,0.5,0.5,0.5,0.50000065403078,1727074987507
189,0.33333333333333,0.83333333333333,1.0,0.81981905401304,0.5,0.5,0.5,0.50000189101491,1727074987523
189,0.33333333333333,0.83333333333333,1.0,0.77496969939101,0.5,0.5,0.5,0.50000025207054,1727074987540
189,0.33333333333333,0.83333333333333,1.0,0.72629931585783,0.5,0.5,0.5,0.50000395759732,1727074987557
189,0.33333333333333,0.83333333333333,1.0,0.69105176405845,0.5,0.5,0.5,0.50000328682139,1727074987573
189,0.33333333333333,0.83333333333333,1.0,0.6700494821589,0.5,0.5,0.5,0.50000199445126,1727074987590
189,0.33333333333333,0.83333333333333,1.0,0.63481729677191,0.5,0.5,0.5,0.50000119146263,1727074987607
189,0.33333333333333,0.83333333333333,1.0,0.61381941499639,0.5,0.5,0.5,0.50000257237072,1727074987623
189,0.33333333333333,0.83333333333333,1.0,0.59282221751821,0.5,0.5,0.5,0.50000446971089,1727074987640
189,0.33333333333333,0.83333333333333,1.0,0.56134207726264,0.5,0.5,0.5,0.50000245698061,1727074987657
189,0.33333333333333,0.83333333333333,1.0,0.5403397906143,0.5,0.5,0.5,0.50000092714259,1727074987673
189,0.33333333333333,0.83333333333333,1.0,0.49549738710134,0.5,0.5,0.5,0.50000375644752,1727074987690
189,0.33333333333333,0.83333333333333,1.0,0.4506506389414,0.5,0.5,0.5,0.50000352923383,1727074987707
189,0.33333333333333,0.83333333333333,1.0,0.42297323649509,0.5,0.5,0.5,0.50000328166135,1727074987723
189,0.33333333333333,0.83333333333333,1.0,0.40580179050567,0.5,0.5,0.5,0.50000150526745,1727074987740
189,0.33333333333333,0.83333333333333,1.0,0.38863872941261,0.5,0.5,0.5,0.50000687191201,1727074987757
189,0.33333333333333,0.83333333333333,1.0,0.37813729771017,0.5,0.5,0.5,0.49999897848383,1727074987773
189,0.33333333333333,0.83333333333333,1.0,0.36763647002683,0.5,0.5,0.5,0.50000508876813,1727074987790
189,0.33333333333333,0.83333333333333,1.0,0.35713088647649,0.5,0.5,0.5,0.50000709175459,1727074987807
189,0.33333333333333,0.83333333333333,1.0,0.346628499059,0.5,0.5,0.5,0.49999790219194,1727074987823
189,0.33333333333333,0.83333333333333,1.0,0.35330981345595,0.5,0.5,0.5,0.50000193838984,1727074988091
189,0.33333333333333,0.83333333333333,1.0,0.35997519368104,0.5,0.5,0.5,0.50000538959655,1727074988114
189,0.33333333333333,0.83333333333333,1.0,0.36386320721667,0.5,0.5,0.5,0.50000149875817,1727074988138
189,0.33333333333333,0.83333333333333,1.0,0.37053974869879,0.5,0.5,0.5,0.50000114359871,1727074988146
189,0.33333333333333,0.83333333333333,1.0,0.37720917850057,0.5,0.5,0.5,0.50000806805829,1727074988157
189,0.33333333333333,0.83333333333333,1.0,0.40106309329612,0.5,0.5,0.5,0.50000131665414,1727074988173
189,0.33333333333333,0.83333333333333,1.0,0.41157677584761,0.5,0.5,0.5,0.50000628772345,1727074988190
189,0.33333333333333,0.83333333333333,1.0,0.43542540509483,0.5,0.5,0.5,0.50000806005485,1727074988207
189,0.33333333333333,0.83333333333333,1.0,0.44878302027351,0.5,0.5,0.5,0.49999874148179,1727074988223
189,0.33333333333333,0.83333333333333,1.0,0.45929645772578,0.5,0.5,0.5,0.50000322577546,1727074988240
189,0.33333333333333,0.83333333333333,1.0,0.46597295063885,0.5,0.5,0.5,0.5000028644515,1727074988257
189,0.33333333333333,0.83333333333333,1.0,0.4726403125313,0.5,0.5,0.5,0.49999554343983,1727074988379
189,0.33333333333333,0.83333333333333,1.0,0.47931088828765,0.5,0.5,0.5,0.50000241602705,1727074988475
189,0.33333333333333,0.83333333333333,1.0,0.48319513693793,0.5,0.5,0.5,0.50000791170343,1727074988490
189,0.33333333333333,0.83333333333333,1.0,0.48706816211536,0.5,0.5,0.5,0.50000495450284,1727074988507
189,0.33333333333333,0.83333333333333,1.0,0.49373840225211,0.5,0.5,0.5,0.49999995605141,1727074988523
189,0.33333333333333,0.83333333333333,1.0,0.5004161768237,0.5,0.5,0.5,0.50000058203341,1727074989627
189,0.33333333333333,0.83333333333333,1.0,0.50708875571877,0.5,0.5,0.5,0.50000861677096,1727074989673
189,0.33333333333333,0.83333333333333,1.0,0.51376052053368,0.5,0.5,0.5,0.5000048179672,1727074989755
189,0.33333333333333,0.83333333333333,1.0,0.50710423681658,0.5,0.5,0.5,0.499997483684,1727074990979
189,0.33333333333333,0.83333333333333,1.0,0.50710423681658,0.5,0.5,0.5,0.499997483684,1727074991339
189,0.33333333333333,0.83333333333333,1.0,0.50710423681658,0.5,0.5,0.5,0.499997483684,1727074992372
189,0.33333333333333,0.83333333333333,0.9927721784562,0.50710423681658,0.5,0.5,0.49999654700906,0.499997483684,1727074992395
189,0.33333333333333,0.83333333333333,0.98555208669919,0.50710423681658,0.5,0.5,0.49999675985814,0.499997483684,1727074992406
189,0.33333333333333,0.83333333333333,0.97832346275807,0.50710423681658,0.5,0.5,0.49999845412688,0.499997483684,1727074992423
189,0.33333333333333,0.83333333333333,0.97109705951898,0.50710423681658,0.5,0.5,0.49999062572644,0.499997483684,1727074992440
189,0.33333333333333,0.83333333333333,0.9494366323635,0.50710423681658,0.5,0.5,0.49999184102006,0.499997483684,1727074992456
189,0.33333333333333,0.83333333333333,0.9349957551985,0.50710423681658,0.5,0.5,0.49999529906392,0.499997483684,1727074992473
189,0.33333333333333,0.83333333333333,0.92054861777222,0.50710423681658,0.5,0.5,0.49999020995094,0.499997483684,1727074992490
189,0.33333333333333,0.83333333333333,0.88722395911404,0.50710423681658,0.5,0.5,0.49998771946305,0.499997483684,1727074992506
189,0.33333333333333,0.83333333333333,0.87102008775543,0.50710423681658,0.5,0.5,0.5000053817324,0.499997483684,1727074992523
189,0.33333333333333,0.83333333333333,0.84936255458748,0.50710423681658,0.5,0.5,0.49999318530045,0.499997483684,1727074992540
189,0.33333333333333,0.83333333333333,0.83041146234782,0.50710423681658,0.5,0.5,0.49999569765445,0.499997483684,1727074992556
189,0.33333333333333,0.83333333333333,0.81866236437935,0.50710423681658,0.5,0.5,0.50000651436273,0.499997483684,1727074992573
189,0.33333333333333,0.83333333333333,0.81143630394467,0.50710423681658,0.5,0.5,0.49999586852088,0.499997483684,1727074992590
189,0.33333333333333,0.83333333333333,0.81408771603404,0.50710423681658,0.5,0.5,0.50000005242098,0.499997483684,1727074992606
189,0.33333333333333,0.83333333333333,0.80686903761844,0.50710423681658,0.5,0.5,0.4999933080768,0.499997483684,1727074992667
189,0.33333333333333,0.83333333333333,0.79964104800398,0.50710423681658,0.5,0.5,0.49999209593237,0.499997483684,1727074992706
189,0.33333333333333,0.83333333333333,0.7924225879126,0.50710423681658,0.5,0.5,0.49998410413917,0.499997483684,1727074992723
189,0.33333333333333,0.83333333333333,0.79507530287063,0.50710423681658,0.5,0.5,0.49998185241999,0.499997483684,1727074992740
189,0.33333333333333,0.83333333333333,0.7878435154441,0.50710423681658,0.5,0.5,0.49999974798292,0.499997483684,1727074992763
189,0.33333333333333,0.83333333333333,0.78062543302737,0.50710423681658,0.5,0.5,0.49998979536134,0.499997483684,1727074992779
189,0.33333333333333,0.83333333333333,0.77339791028126,0.50710423681658,0.5,0.5,0.49998613359224,0.499997483684,1727074992823
189,0.33333333333333,0.83333333333333,0.76617650294971,0.50710423681658,0.5,0.5,0.49999311159758,0.499997483684,1727074992840
189,0.33333333333333,0.83333333333333,0.75894600587138,0.50710423681658,0.5,0.5,0.50000488984809,0.499997483684,1727074992857
189,0.33333333333333,0.83333333333333,0.75439737450203,0.50710423681658,0.5,0.5,0.49999041400653,0.499997483684,1727074992873
189,0.33333333333333,0.83333333333333,0.73995766400783,0.50710423681658,0.5,0.5,0.49998834863909,0.499997483684,1727074992923
189,0.33333333333333,0.83333333333333,0.73272842660674,0.50710423681658,0.5,0.5,0.49999367996499,0.499997483684,1727074992940
189,0.33333333333333,0.83333333333333,0.7255094050585,0.50710423681658,0.5,0.5,0.49998817172731,0.499997483684,1727074992963
189,0.33333333333333,0.83333333333333,0.7255094050585,0.50710423681658,0.5,0.5,0.49998817172731,0.499997483684,1727074995131
189,0.33333333333333,0.83333333333333,0.7255094050585,0.50710423681658,0.5,0.5,0.49998817172731,0.499997483684,1727074996916
189,0.33333333333333,0.83333333333333,0.7255094050585,0.50710423681658,0.5,0.5,0.49998817172731,0.499997483684,1727074998644
189,0.34000469838965,0.83333333333333,0.7255094050585,0.50710423681658,0.50000439039646,0.5,0.49998817172731,0.499997483684,1727074998699
189,0.35051860794811,0.83333333333333,0.7255094050585,0.50710423681658,0.49999589708284,0.5,0.49998817172731,0.499997483684,1727074998707
189,0.38779940211021,0.83333333333333,0.7255094050585,0.50710423681658,0.49999948316985,0.5,0.49998817172731,0.499997483684,1727074998723
189,0.43857522087738,0.83333333333333,0.7255094050585,0.50710423681658,0.49999247798222,0.5,0.49998817172731,0.499997483684,1727074998739
189,0.51652980241994,0.83333333333333,0.7255094050585,0.50710423681658,0.49999377189093,0.5,0.49998817172731,0.499997483684,1727074998756
189,0.63563140182728,0.83333333333333,0.7255094050585,0.50710423681658,0.50000039380799,0.5,0.49998817172731,0.499997483684,1727074998773
189,0.76827610332865,0.83333333333333,0.7255094050585,0.50710423681658,0.49999955616072,0.5,0.49998817172731,0.499997483684,1727074998789
189,0.91115473804991,0.83333333333333,0.7255094050585,0.50710423681658,0.50000042348191,0.5,0.49998817172731,0.499997483684,1727074998806
189,1.0,0.83333333333333,0.7255094050585,0.50710423681658,0.5,0.5,0.49998817172731,0.499997483684,1727074998823
189,1.0,0.83333333333333,0.7255094050585,0.50710423681658,0.5,0.5,0.49998817172731,0.499997483684,1727074998840
189,1.0,0.83333333333333,0.7255094050585,0.50710423681658,0.5,0.5,0.49998817172731,0.499997483684,1727074998856
189,1.0,0.83333333333333,0.7255094050585,0.50710423681658,0.5,0.5,0.49998817172731,0.499997483684,1727074998873
189,1.0,0.83333333333333,0.7255094050585,0.50710423681658,0.5,0.5,0.49998817172731,0.499997483684,1727074998889
189,1.0,0.83333333333333,0.7255094050585,0.50710423681658,0.5,0.5,0.49998817172731,0.499997483684,1727074998906
189,1.0,0.83333333333333,0.7255094050585,0.50710423681658,0.5,0.5,0.49998817172731,0.499997483684,1727074998923
189,1.0,0.83333333333333,0.7255094050585,0.50710423681658,0.5,0.5,0.49998817172731,0.499997483684,1727074998939
189,1.0,0.83333333333333,0.7255094050585,0.50710423681658,0.5,0.5,0.49998817172731,0.499997483684,1727074998956
189,1.0,0.83333333333333,0.7255094050585,0.50710423681658,0.5,0.5,0.49998817172731,0.499997483684,1727074999163
189,1.0,0.83333333333333,0.7255094050585,0.50710423681658,0.5,0.5,0.49998817172731,0.499997483684,1727075000028
189,1.0,0.82282450857267,0.7255094050585,0.50710423681658,0.5,0.50000321738093,0.49998817172731,0.499997483684,1727075000179
189,1.0,0.81231875610982,0.7255094050585,0.50710423681658,0.5,0.50000224244445,0.49998817172731,0.499997483684,1727075000190
189,1.0,0.7923945036732,0.7255094050585,0.50710423681658,0.5,0.50000290704379,0.49998817172731,0.499997483684,1727075000206
189,1.0,0.76858285476581,0.7255094050585,0.50710423681658,0.5,0.50000095297141,0.49998817172731,0.499997483684,1727075000223
189,1.0,0.74475990095972,0.7255094050585,0.50710423681658,0.5,0.50000517089762,0.49998817172731,0.499997483684,1727075000239
189,1.0,0.71708223257506,0.7255094050585,0.50710423681658,0.5,0.50000574378553,0.49998817172731,0.499997483684,1727075000256
189,1.0,0.69327426550514,0.7255094050585,0.50710423681658,0.5,0.50000155330943,0.49998817172731,0.499997483684,1727075000273
189,1.0,0.66281197704409,0.7255094050585,0.50710423681658,0.5,0.50000205813871,0.49998817172731,0.499997483684,1727075000289
189,1.0,0.62848198947006,0.7255094050585,0.50710423681658,0.5,0.49999682037165,0.49998817172731,0.499997483684,1727075000306
189,1.0,0.57697273554512,0.7255094050585,0.50710423681658,0.5,0.5000079201093,0.49998817172731,0.499997483684,1727075000323
189,1.0,0.54652808370937,0.7255094050585,0.50710423681658,0.5,0.50000718318607,0.49998817172731,0.499997483684,1727075000339
189,1.0,0.53324839933698,0.7255094050585,0.50710423681658,0.5,0.49999841939873,0.49998817172731,0.499997483684,1727075000356
189,1.0,0.51607557351552,0.7255094050585,0.50710423681658,0.5,0.50000097125203,0.49998817172731,0.499997483684,1727075000373
189,1.0,0.49226449503823,0.7255094050585,0.50710423681658,0.5,0.49999780395652,0.49998817172731,0.499997483684,1727075000389
189,1.0,0.47509117796938,0.7255094050585,0.50710423681658,0.5,0.50000085899409,0.49998817172731,0.499997483684,1727075000406
189,1.0,0.43412013992969,0.7255094050585,0.50710423681658,0.5,0.50000236690958,0.49998817172731,0.499997483684,1727075000423
189,1.0,0.39314073490265,0.7255094050585,0.50710423681658,0.5,0.49999805117207,0.49998817172731,0.499997483684,1727075000439
189,1.0,0.33001419644557,0.7255094050585,0.50710423681658,0.5,0.50000112940779,0.49998817172731,0.499997483684,1727075000456
189,1.0,0.27586205101035,0.7255094050585,0.50710423681658,0.5,0.49999946262919,0.49998817172731,0.499997483684,1727075000473
189,1.0,0.21774467714247,0.7255094050585,0.50710423681658,0.5,0.50001080751461,0.49998817172731,0.499997483684,1727075000489
189,1.0,0.19394294389983,0.7255094050585,0.50710423681658,0.5,0.49999443340365,0.49998817172731,0.499997483684,1727075000506
189,1.0,0.15578320140494,0.7255094050585,0.50710423681658,0.5,0.50000192114482,0.49998817172731,0.499997483684,1727075000523
189,1.0,0.142531210763,0.7255094050585,0.50710423681658,0.5,0.50001018409286,0.49998817172731,0.499997483684,1727075000539
189,1.0,0.13203223111637,0.7255094050585,0.50710423681658,0.5,0.50002009267596,0.49998817172731,0.499997483684,1727075000556
189,1.0,0.11879717784196,0.7255094050585,0.50710423681658,0.5,0.50000421895642,0.49998817172731,0.499997483684,1727075000573
189,1.0,0.10456616430211,0.7255094050585,0.50710423681658,0.5,0.50000476817742,0.49998817172731,0.499997483684,1727075000589
189,1.0,0.09792452944656,0.7255094050585,0.50710423681658,0.5,0.4999976983008,0.49998817172731,0.499997483684,1727075000606
189,1.0,0.10460453515724,0.7255094050585,0.50710423681658,0.5,0.50001686851035,0.49998817172731,0.499997483684,1727075000899
189,1.0,0.11512474775535,0.7255094050585,0.50710423681658,0.5,0.4999974770885,0.49998817172731,0.499997483684,1727075000907
189,1.0,0.14571828434507,0.7255094050585,0.50710423681658,0.5,0.50000667720497,0.49998817172731,0.499997483684,1727075000923
189,1.0,0.17339603699479,0.7255094050585,0.50710423681658,0.5,0.50000516047032,0.49998817172731,0.499997483684,1727075000940
189,1.0,0.18679011359254,0.7255094050585,0.50710423681658,0.5,0.49999306002017,0.49998817172731,0.499997483684,1727075000956
189,1.0,0.19730790579831,0.7255094050585,0.50710423681658,0.5,0.49999973686243,0.49998817172731,0.499997483684,1727075000973
189,1.0,0.2039772057144,0.7255094050585,0.50710423681658,0.5,0.50000899863775,0.49998817172731,0.499997483684,1727075000995
189,1.0,0.21737132432183,0.7255094050585,0.50710423681658,0.5,0.49999753036801,0.49998817172731,0.499997483684,1727075001039
189,1.0,0.21737132432183,0.7255094050585,0.50710423681658,0.5,0.49999753036801,0.49998817172731,0.499997483684,1727075001427
189,1.0,0.21737132432183,0.7255094050585,0.50710423681658,0.5,0.49999753036801,0.49998817172731,0.499997483684,1727075003140
189,0.99333807806236,0.21737132432183,0.7255094050585,0.50710423681658,0.49999982995657,0.49999753036801,0.49998817172731,0.499997483684,1727075003203
189,0.98004409085092,0.21737132432183,0.7255094050585,0.50710423681658,0.49999907532651,0.49999753036801,0.49998817172731,0.499997483684,1727075003239
189,0.96953852002473,0.21737132432183,0.7255094050585,0.50710423681658,0.50000002644044,0.49999753036801,0.49998817172731,0.499997483684,1727075003256
189,0.95903058455734,0.21737132432183,0.7255094050585,0.50710423681658,0.49999991578722,0.49999753036801,0.49998817172731,0.499997483684,1727075003273
189,0.93135368974439,0.21737132432183,0.7255094050585,0.50710423681658,0.49999992700488,0.49999753036801,0.49998817172731,0.499997483684,1727075003289
189,0.91704514865197,0.21737132432183,0.7255094050585,0.50710423681658,0.49999952513175,0.49999753036801,0.49998817172731,0.499997483684,1727075003306
189,0.89987305012541,0.21737132432183,0.7255094050585,0.50710423681658,0.49999814303735,0.49999753036801,0.49998817172731,0.499997483684,1727075003323
189,0.85789963581226,0.21737132432183,0.7255094050585,0.50710423681658,0.49999599080644,0.49999753036801,0.49998817172731,0.499997483684,1727075003339
189,0.84738885520867,0.21737132432183,0.7255094050585,0.50710423681658,0.49999440083992,0.49999753036801,0.49998817172731,0.499997483684,1727075003356
189,0.84356819116456,0.21737132432183,0.7255094050585,0.50710423681658,0.49999947587707,0.49999753036801,0.49998817172731,0.499997483684,1727075003373
189,0.83306332863508,0.21737132432183,0.7255094050585,0.50710423681658,0.5000009112802,0.49999753036801,0.49998817172731,0.499997483684,1727075003389
189,0.8292353956539,0.21737132432183,0.7255094050585,0.50710423681658,0.4999945041535,0.49999753036801,0.49998817172731,0.499997483684,1727075003406
189,0.8225825470038,0.21737132432183,0.7255094050585,0.50710423681658,0.49999893681051,0.49999753036801,0.49998817172731,0.499997483684,1727075003423
189,0.80826828189811,0.21737132432183,0.7255094050585,0.50710423681658,0.49999549817552,0.49999753036801,0.49998817172731,0.499997483684,1727075003439
189,0.79776346909814,0.21737132432183,0.7255094050585,0.50710423681658,0.49999696822919,0.49999753036801,0.49998817172731,0.499997483684,1727075003456
189,0.78726300775239,0.21737132432183,0.7255094050585,0.50710423681658,0.50000078096138,0.49999753036801,0.49998817172731,0.499997483684,1727075003472
189,0.76626126334591,0.21737132432183,0.7255094050585,0.50710423681658,0.49999985074785,0.49999753036801,0.49998817172731,0.499997483684,1727075003489
189,0.75576339157421,0.21737132432183,0.7255094050585,0.50710423681658,0.49999679912783,0.49999753036801,0.49998817172731,0.499997483684,1727075003506
189,0.73476499246409,0.21737132432183,0.7255094050585,0.50710423681658,0.49999762714784,0.49999753036801,0.49998817172731,0.499997483684,1727075003522
189,0.71759416044887,0.21737132432183,0.7255094050585,0.50710423681658,0.49999667265815,0.49999753036801,0.49998817172731,0.499997483684,1727075003539
189,0.70999253914589,0.21737132432183,0.7255094050585,0.50710423681658,0.49999571518572,0.49999753036801,0.49998817172731,0.499997483684,1727075003556
189,0.70333195922182,0.21737132432183,0.7255094050585,0.50710423681658,0.49999623958994,0.49999753036801,0.49998817172731,0.499997483684,1727075003572
189,0.699515394668,0.21737132432183,0.7255094050585,0.50710423681658,0.49999553935101,0.49999753036801,0.49998817172731,0.499997483684,1727075003589
189,0.69285989668659,0.21737132432183,0.7255094050585,0.50710423681658,0.49999903998649,0.49999753036801,0.49998817172731,0.499997483684,1727075003610
189,0.68903358307358,0.21737132432183,0.7255094050585,0.50710423681658,0.49999261938473,0.49999753036801,0.49998817172731,0.499997483684,1727075003623
189,0.68521451732712,0.21737132432183,0.7255094050585,0.50710423681658,0.499999488715,0.49999753036801,0.49998817172731,0.499997483684,1727075003651
189,0.67856476950123,0.21737132432183,0.7255094050585,0.50710423681658,0.49999735115092,0.49999753036801,0.49998817172731,0.499997483684,1727075003658
189,0.68522985271717,0.21737132432183,0.7255094050585,0.50710423681658,0.49999945970447,0.49999753036801,0.49998817172731,0.499997483684,1727075004427
189,0.69190482226969,0.21737132432183,0.7255094050585,0.50710423681658,0.49999832006835,0.49999753036801,0.49998817172731,0.499997483684,1727075004451
189,0.70525775784205,0.21737132432183,0.7255094050585,0.50710423681658,0.49999781800658,0.49999753036801,0.49998817172731,0.499997483684,1727075004467
189,0.71577162781791,0.21737132432183,0.7255094050585,0.50710423681658,0.50000136839975,0.49999753036801,0.49998817172731,0.499997483684,1727075004475
189,0.73294066975936,0.21737132432183,0.7255094050585,0.50710423681658,0.50000123858497,0.49999753036801,0.49998817172731,0.499997483684,1727075004489
189,0.78444407446065,0.21737132432183,0.7255094050585,0.50710423681658,0.49999889174702,0.49999753036801,0.49998817172731,0.499997483684,1727075004506
189,0.84646970383119,0.21737132432183,0.7255094050585,0.50710423681658,0.49999637000173,0.49999753036801,0.49998817172731,0.499997483684,1727075004523
189,0.88748508223626,0.21737132432183,0.7255094050585,0.50710423681658,0.49999649788206,0.49999753036801,0.49998817172731,0.499997483684,1727075004539
189,0.92850308355008,0.21737132432183,0.7255094050585,0.50710423681658,0.49999784392342,0.49999753036801,0.49998817172731,0.499997483684,1727075004556
189,0.96951607281348,0.21737132432183,0.7255094050585,0.50710423681658,0.49999683352125,0.49999753036801,0.49998817172731,0.499997483684,1727075004572
189,1.0,0.21737132432183,0.7255094050585,0.50710423681658,0.5,0.49999753036801,0.49998817172731,0.499997483684,1727075004589
189,1.0,0.21737132432183,0.7255094050585,0.50710423681658,0.5,0.49999753036801,0.49998817172731,0.499997483684,1727075004606
189,1.0,0.21737132432183,0.7255094050585,0.50710423681658,0.5,0.49999753036801,0.49998817172731,0.499997483684,1727075004622
189,0.99334136639691,0.21737132432183,0.7255094050585,0.50710423681658,0.50000128808694,0.49999753036801,0.49998817172731,0.499997483684,1727075005179
189,0.98283893945315,0.21737132432183,0.7255094050585,0.50710423681658,0.49999677370086,0.49999753036801,0.49998817172731,0.499997483684,1727075005189
189,0.97618215352901,0.21737132432183,0.7255094050585,0.50710423681658,0.49999889307423,0.49999753036801,0.49998817172731,0.499997483684,1727075005206
189,0.96567309962975,0.21737132432183,0.7255094050585,0.50710423681658,0.49999826599931,0.49999753036801,0.49998817172731,0.499997483684,1727075005223
189,0.94850791706287,0.21737132432183,0.7255094050585,0.50710423681658,0.50000010339021,0.49999753036801,0.49998817172731,0.499997483684,1727075005239
189,0.93133824558637,0.21737132432183,0.7255094050585,0.50710423681658,0.49999989921548,0.49999753036801,0.49998817172731,0.499997483684,1727075005256
189,0.90365974057366,0.21737132432183,0.7255094050585,0.50710423681658,0.49999914079711,0.49999753036801,0.49998817172731,0.499997483684,1727075005272
189,0.87320108491074,0.21737132432183,0.7255094050585,0.50710423681658,0.50000053253384,0.49999753036801,0.49998817172731,0.499997483684,1727075005289
189,0.84552123898207,0.21737132432183,0.7255094050585,0.50710423681658,0.49999907504281,0.49999753036801,0.49998817172731,0.499997483684,1727075005306
189,0.81506858509607,0.21737132432183,0.7255094050585,0.50710423681658,0.49999568386875,0.49999753036801,0.49998817172731,0.499997483684,1727075005323
189,0.79125279230013,0.21737132432183,0.7255094050585,0.50710423681658,0.50000351496543,0.49999753036801,0.49998817172731,0.499997483684,1727075005339
189,0.78074846144251,0.21737132432183,0.7255094050585,0.50710423681658,0.49999711981181,0.49999753036801,0.49998817172731,0.499997483684,1727075005356
189,0.78741111800383,0.21737132432183,0.7255094050585,0.50710423681658,0.49999773252109,0.49999753036801,0.49998817172731,0.499997483684,1727075006267
189,0.79408718362629,0.21737132432183,0.7255094050585,0.50710423681658,0.49999729424129,0.49999753036801,0.49998817172731,0.499997483684,1727075006603
189,0.80075110584198,0.21737132432183,0.7255094050585,0.50710423681658,0.49999856215826,0.49999753036801,0.49998817172731,0.499997483684,1727075006851
189,0.79409307722992,0.21737132432183,0.7255094050585,0.50710423681658,0.50000040635097,0.49999753036801,0.49998817172731,0.499997483684,1727075009923
189,0.78744082797708,0.21737132432183,0.7255094050585,0.50710423681658,0.49999716966219,0.49999753036801,0.49998817172731,0.499997483684,1727075009979
189,0.78744082797708,0.21737132432183,0.7255094050585,0.50710423681658,0.49999716966219,0.49999753036801,0.49998817172731,0.499997483684,1727075010411
189,0.78744082797708,0.21737132432183,0.7255094050585,0.50710423681658,0.49999716966219,0.49999753036801,0.49998817172731,0.499997483684,1727075011812
189,0.78744082797708,0.22404673525189,0.7255094050585,0.50710423681658,0.49999716966219,0.49999932380988,0.49998817172731,0.499997483684,1727075011995
189,0.78744082797708,0.23072921777473,0.7255094050585,0.50710423681658,0.49999716966219,0.49999295732047,0.49998817172731,0.499997483684,1727075012051
189,0.78744082797708,0.23740789944767,0.7255094050585,0.50710423681658,0.49999716966219,0.49999106460509,0.49998817172731,0.499997483684,1727075012099
189,0.78744082797708,0.24792429568826,0.7255094050585,0.50710423681658,0.49999716966219,0.49999865051733,0.49998817172731,0.499997483684,1727075012139
189,0.78744082797708,0.25459612954557,0.7255094050585,0.50710423681658,0.49999716966219,0.50000422891885,0.49998817172731,0.499997483684,1727075012155
189,0.78744082797708,0.26127817623697,0.7255094050585,0.50710423681658,0.49999716966219,0.49999864867478,0.49998817172731,0.499997483684,1727075012205
189,0.78744082797708,0.26516891711587,0.7255094050585,0.50710423681658,0.49999716966219,0.50000033566885,0.49998817172731,0.499997483684,1727075012222
189,0.78744082797708,0.27183721027881,0.7255094050585,0.50710423681658,0.49999716966219,0.50000944904087,0.49998817172731,0.499997483684,1727075012243
189,0.78744082797708,0.27572935466665,0.7255094050585,0.50710423681658,0.49999716966219,0.49999341658483,0.49998817172731,0.499997483684,1727075012267
189,0.78744082797708,0.28240799613654,0.7255094050585,0.50710423681658,0.49999716966219,0.49999171971467,0.49998817172731,0.499997483684,1727075012323
189,0.78744082797708,0.2890809750135,0.7255094050585,0.50710423681658,0.49999716966219,0.49999585600856,0.49998817172731,0.499997483684,1727075012355
189,0.78744082797708,0.29296932580693,0.7255094050585,0.50710423681658,0.49999716966219,0.49999990349903,0.49998817172731,0.499997483684,1727075012427
189,0.78744082797708,0.29963832820699,0.7255094050585,0.50710423681658,0.49999716966219,0.50000784972776,0.49998817172731,0.499997483684,1727075012451
189,0.78744082797708,0.30631988218781,0.7255094050585,0.50710423681658,0.49999716966219,0.50000316607683,0.49998817172731,0.499997483684,1727075012489
189,0.78744082797708,0.30631988218781,0.7255094050585,0.50710423681658,0.49999716966219,0.50000316607683,0.49998817172731,0.499997483684,1727075012819
189,0.78744082797708,0.30631988218781,0.7255094050585,0.50710423681658,0.49999716966219,0.50000316607683,0.49998817172731,0.499997483684,1727075014612
189,0.78078711527526,0.30631988218781,0.7255094050585,0.50710423681658,0.50000133709604,0.50000316607683,0.49998817172731,0.499997483684,1727075014619
189,0.78746153831837,0.30631988218781,0.7255094050585,0.50710423681658,0.49999999992389,0.50000316607683,0.49998817172731,0.499997483684,1727075014795
189,0.79412058241986,0.30631988218781,0.7255094050585,0.50710423681658,0.4999986828224,0.50000316607683,0.49998817172731,0.499997483684,1727075014819
189,0.80079534706363,0.30631988218781,0.7255094050585,0.50710423681658,0.49999755870619,0.50000316607683,0.49998817172731,0.499997483684,1727075014827
189,0.8074632170091,0.30631988218781,0.7255094050585,0.50710423681658,0.50000087514301,0.50000316607683,0.49998817172731,0.499997483684,1727075014843
189,0.81413090331976,0.30631988218781,0.7255094050585,0.50710423681658,0.49999608406327,0.50000316607683,0.49998817172731,0.499997483684,1727075014891
189,0.82079988136486,0.30631988218781,0.7255094050585,0.50710423681658,0.49999993891762,0.50000316607683,0.49998817172731,0.499997483684,1727075014939
189,0.82079988136486,0.30631988218781,0.7255094050585,0.50710423681658,0.49999993891762,0.50000316607683,0.49998817172731,0.499997483684,1727075015683
189,0.82079988136486,0.30631988218781,0.7255094050585,0.50710423681658,0.49999993891762,0.50000316607683,0.49998817172731,0.499997483684,1727075019436
189,0.82079988136486,0.30631988218781,0.71828047318893,0.50710423681658,0.49999993891762,0.50000316607683,0.49999192556913,0.499997483684,1727075019491
189,0.82079988136486,0.30631988218781,0.71106019279771,0.50710423681658,0.49999993891762,0.50000316607683,0.4999931944026,0.499997483684,1727075019515
189,0.82079988136486,0.30631988218781,0.70383192864856,0.50710423681658,0.49999993891762,0.50000316607683,0.49999336991504,0.499997483684,1727075019555
189,0.82079988136486,0.30631988218781,0.6966064553186,0.50710423681658,0.49999993891762,0.50000316607683,0.499978078178,0.499997483684,1727075019587
189,0.82079988136486,0.30631988218781,0.68938210240702,0.50710423681658,0.49999993891762,0.50000316607683,0.50000201812704,0.499997483684,1727075019595
189,0.82079988136486,0.30631988218781,0.68215445768297,0.50710423681658,0.49999993891762,0.50000316607683,0.49999877926711,0.499997483684,1727075019611
189,0.82079988136486,0.30631988218781,0.67493567082978,0.50710423681658,0.49999993891762,0.50000316607683,0.49999167816294,0.499997483684,1727075019655
189,0.82079988136486,0.30631988218781,0.66770891220395,0.50710423681658,0.49999993891762,0.50000316607683,0.49998324049634,0.499997483684,1727075019705
189,0.82079988136486,0.30631988218781,0.66770891220395,0.50710423681658,0.49999993891762,0.50000316607683,0.49998324049634,0.499997483684,1727075020987
190,0.16666666666667,0.33333333333333,0.16666666666667,1.0,0.5,0.5,0.5,0.5,1727075025780
190,0.16666666666667,0.32668128474525,0.16666666666667,1.0,0.5,0.50000073283811,0.5,0.5,1727075025867
190,0.16666666666667,0.31618402675679,0.16666666666667,1.0,0.5,0.50000556684809,0.5,0.5,1727075025875
190,0.16666666666667,0.29236844469145,0.16666666666667,1.0,0.5,0.5000060120035,0.5,0.5,1727075025888
190,0.16666666666667,0.22370719763736,0.16666666666667,1.0,0.5,0.5000065442533,0.5,0.5,1727075025905
190,0.16666666666667,0.14598385661221,0.16666666666667,1.0,0.5,0.50000819646754,0.5,0.5,1727075025921
190,0.16666666666667,0.04063211036506,0.16666666666667,1.0,0.5,0.50000718408622,0.5,0.5,1727075025938
190,0.16666666666667,1.28206114e-06,0.16666666666667,1.0,0.5,0.50000848193951,0.5,0.5,1727075025955
190,0.16666666666667,1.28206114e-06,0.16666666666667,1.0,0.5,0.50000848193951,0.5,0.5,1727075025971
190,0.16666666666667,1.28206114e-06,0.16666666666667,1.0,0.5,0.50000848193951,0.5,0.5,1727075025988
190,0.16666666666667,1.28206114e-06,0.16666666666667,1.0,0.5,0.50000848193951,0.5,0.5,1727075026005
190,0.16666666666667,1.28206114e-06,0.16666666666667,1.0,0.5,0.50000848193951,0.5,0.5,1727075026021
190,0.16666666666667,1.28206114e-06,0.16666666666667,1.0,0.5,0.50000848193951,0.5,0.5,1727075026038
190,0.16666666666667,1.28206114e-06,0.16666666666667,1.0,0.5,0.50000848193951,0.5,0.5,1727075026055
190,0.16666666666667,1.28206114e-06,0.16666666666667,1.0,0.5,0.50000848193951,0.5,0.5,1727075026071
190,0.16666666666667,1.28206114e-06,0.16666666666667,1.0,0.5,0.50000848193951,0.5,0.5,1727075026088
190,0.16666666666667,1.28206114e-06,0.16666666666667,1.0,0.5,0.50000848193951,0.5,0.5,1727075026105
190,0.16666666666667,1.28206114e-06,0.16666666666667,1.0,0.5,0.50000848193951,0.5,0.5,1727075026121
190,0.16666666666667,1.28206114e-06,0.16666666666667,1.0,0.5,0.50000848193951,0.5,0.5,1727075026138
190,0.16666666666667,1.28206114e-06,0.16666666666667,1.0,0.5,0.50000848193951,0.5,0.5,1727075026155
190,0.16666666666667,1.28206114e-06,0.16666666666667,1.0,0.5,0.50000848193951,0.5,0.5,1727075026211
190,0.16666666666667,1.28206114e-06,0.16666666666667,1.0,0.5,0.50000848193951,0.5,0.5,1727075026892
190,0.17334116638239,1.28206114e-06,0.16666666666667,1.0,0.50000352258919,0.50000848193951,0.5,0.5,1727075027028
190,0.18002754217257,1.28206114e-06,0.16666666666667,1.0,0.49999586265421,0.50000848193951,0.5,0.5,1727075027038
190,0.18670400039738,1.28206114e-06,0.16666666666667,1.0,0.49999533904038,0.50000848193951,0.5,0.5,1727075027055
190,0.19337750731401,1.28206114e-06,0.16666666666667,1.0,0.49999116126742,0.50000848193951,0.5,0.5,1727075027071
190,0.20676991490821,1.28206114e-06,0.16666666666667,1.0,0.50000082576692,0.50000848193951,0.5,0.5,1727075027088
190,0.22015356783286,1.28206114e-06,0.16666666666667,1.0,0.49999967362484,0.50000848193951,0.5,0.5,1727075027105
190,0.24027534302616,1.28206114e-06,0.16666666666667,1.0,0.49999822318597,0.50000848193951,0.5,0.5,1727075027121
190,0.24695360187555,1.28206114e-06,0.16666666666667,1.0,0.4999997289934,0.50000848193951,0.5,0.5,1727075027138
190,0.2775185961976,1.28206114e-06,0.16666666666667,1.0,0.49999531702404,0.50000848193951,0.5,0.5,1727075027155
190,0.32156304083638,1.28206114e-06,0.16666666666667,1.0,0.49999402918884,0.50000848193951,0.5,0.5,1727075027171
190,0.35885272547539,1.28206114e-06,0.16666666666667,1.0,0.49999201963727,0.50000848193951,0.5,0.5,1727075027188
190,0.38940619616716,1.28206114e-06,0.16666666666667,1.0,0.49999207722863,0.50000848193951,0.5,0.5,1727075027205
190,0.4162289479707,1.28206114e-06,0.16666666666667,1.0,0.49999849283979,0.50000848193951,0.5,0.5,1727075027221
190,0.44008193485915,1.28206114e-06,0.16666666666667,1.0,0.50000400407092,0.50000848193951,0.5,0.5,1727075027238
190,0.46015288951408,1.28206114e-06,0.16666666666667,1.0,0.49999925731031,0.50000848193951,0.5,0.5,1727075027255
190,0.47352062831461,1.28206114e-06,0.16666666666667,1.0,0.49999813413839,0.50000848193951,0.5,0.5,1727075027271
190,0.48403595643337,1.28206114e-06,0.16666666666667,1.0,0.49999234078205,0.50000848193951,0.5,0.5,1727075027288
190,0.49071148424916,1.28206114e-06,0.16666666666667,1.0,0.50000282242837,0.50000848193951,0.5,0.5,1727075027304
190,0.49071148424916,1.28206114e-06,0.16666666666667,1.0,0.50000282242837,0.50000848193951,0.5,0.5,1727075027867
190,0.49071148424916,1.28206114e-06,0.16666666666667,1.0,0.50000282242837,0.50000848193951,0.5,0.5,1727075029236
190,0.49071148424916,1.28206114e-06,0.16666666666667,0.99617243856014,0.50000282242837,0.50000848193951,0.5,0.50000141918324,1727075029307
190,0.49071148424916,1.28206114e-06,0.16666666666667,0.98185973511278,0.50000282242837,0.50000848193951,0.5,0.49999919289629,1727075029321
190,0.49071148424916,1.28206114e-06,0.16666666666667,0.96753634868783,0.50000282242837,0.50000848193951,0.5,0.49999904325161,1727075029338
190,0.49071148424916,1.28206114e-06,0.16666666666667,0.93226508652994,0.50000282242837,0.50000848193951,0.5,0.5000016545796,1727075029354
190,0.49071148424916,1.28206114e-06,0.16666666666667,0.8798139262722,0.50000282242837,0.50000848193951,0.5,0.49999928835456,1727075029371
190,0.49071148424916,1.28206114e-06,0.16666666666667,0.84832869634843,0.50000282242837,0.50000848193951,0.5,0.50000282078485,1727075029388
190,0.49071148424916,1.28206114e-06,0.16666666666667,0.81683282867076,0.50000282242837,0.50000848193951,0.5,0.50000106429835,1727075029404
190,0.49071148424916,1.28206114e-06,0.16666666666667,0.78157294076739,0.50000282242837,0.50000848193951,0.5,0.50000198282439,1727075029421
190,0.49071148424916,1.28206114e-06,0.16666666666667,0.75678434617945,0.50000282242837,0.50000848193951,0.5,0.49999985257954,1727075029438
190,0.49071148424916,1.28206114e-06,0.16666666666667,0.72911282130841,0.50000282242837,0.50000848193951,0.5,0.50000288808786,1727075029454
190,0.49071148424916,1.28206114e-06,0.16666666666667,0.69477608622502,0.50000282242837,0.50000848193951,0.5,0.50000400053131,1727075029471
190,0.49071148424916,1.28206114e-06,0.16666666666667,0.65660281761179,0.50000282242837,0.50000848193951,0.5,0.50000171346255,1727075029488
190,0.49071148424916,1.28206114e-06,0.16666666666667,0.61562180323161,0.50000282242837,0.50000848193951,0.5,0.50000408811814,1727075029505
190,0.49071148424916,1.28206114e-06,0.16666666666667,0.57744365713062,0.50000282242837,0.50000848193951,0.5,0.49999833642795,1727075029521
190,0.49071148424916,1.28206114e-06,0.16666666666667,0.55268104965494,0.50000282242837,0.50000848193951,0.5,0.50000283437584,1727075029538
190,0.49071148424916,1.28206114e-06,0.16666666666667,0.52886730672762,0.50000282242837,0.50000848193951,0.5,0.50000408311897,1727075029554
190,0.49071148424916,1.28206114e-06,0.16666666666667,0.50786712036351,0.50000282242837,0.50000848193951,0.5,0.50000406068559,1727075029571
190,0.49071148424916,1.28206114e-06,0.16666666666667,0.50404880974706,0.50000282242837,0.50000848193951,0.5,0.50000194188232,1727075029588
190,0.49071148424916,1.28206114e-06,0.16666666666667,0.50023923759108,0.50000282242837,0.50000848193951,0.5,0.50000622313891,1727075029604
190,0.49071148424916,1.28206114e-06,0.16666666666667,0.49358475776457,0.50000282242837,0.50000848193951,0.5,0.50000010556723,1727075029621
190,0.49071148424916,1.28206114e-06,0.16666666666667,0.48976534263412,0.50000282242837,0.50000848193951,0.5,0.49999710226609,1727075029638
190,0.49071148424916,1.28206114e-06,0.16666666666667,0.47260033861855,0.50000282242837,0.50000848193951,0.5,0.5000002583588,1727075029654
190,0.49071148424916,1.28206114e-06,0.16666666666667,0.4620973213992,0.50000282242837,0.50000848193951,0.5,0.50000388177026,1727075029671
190,0.49071148424916,1.28206114e-06,0.16666666666667,0.44780632667732,0.50000282242837,0.50000848193951,0.5,0.5000049986287,1727075029688
190,0.49071148424916,1.28206114e-06,0.16666666666667,0.43730877877058,0.50000282242837,0.50000848193951,0.5,0.5000008715126,1727075029704
190,0.49071148424916,1.28206114e-06,0.16666666666667,0.43349125216817,0.50000282242837,0.50000848193951,0.5,0.49999914857557,1727075029721
190,0.49071148424916,1.28206114e-06,0.16666666666667,0.42298730191057,0.50000282242837,0.50000848193951,0.5,0.50000220087122,1727075029738
190,0.49071148424916,1.28206114e-06,0.16666666666667,0.41248659439857,0.50000282242837,0.50000848193951,0.5,0.50000804856451,1727075029763
190,0.49071148424916,1.28206114e-06,0.16666666666667,0.40867125356238,0.50000282242837,0.50000848193951,0.5,0.49999525442823,1727075029771
190,0.49071148424916,1.28206114e-06,0.16666666666667,0.40202520499376,0.50000282242837,0.50000848193951,0.5,0.50000830373543,1727075030004
190,0.49071148424916,1.28206114e-06,0.16666666666667,0.39821465780369,0.50000282242837,0.50000848193951,0.5,0.4999993818215,1727075030022
190,0.49071148424916,1.28206114e-06,0.16666666666667,0.3915640220365,0.50000282242837,0.50000848193951,0.5,0.50000874463523,1727075030038
190,0.49071148424916,1.28206114e-06,0.16666666666667,0.38775466583662,0.50000282242837,0.50000848193951,0.5,0.50000070860278,1727075030054
190,0.49071148424916,1.28206114e-06,0.16666666666667,0.37724910594699,0.50000282242837,0.50000848193951,0.5,0.50000259478606,1727075030071
190,0.49071148424916,1.28206114e-06,0.16666666666667,0.3667452376042,0.50000282242837,0.50000848193951,0.5,0.50000605733734,1727075030088
190,0.49071148424916,1.28206114e-06,0.16666666666667,0.35624636515233,0.50000282242837,0.50000848193951,0.5,0.50000019216477,1727075030104
190,0.49071148424916,1.28206114e-06,0.16666666666667,0.35243660212341,0.50000282242837,0.50000848193951,0.5,0.50000533805054,1727075030179
190,0.49071148424916,1.28206114e-06,0.16666666666667,0.34578344605262,0.50000282242837,0.50000848193951,0.5,0.49999891791767,1727075030188
190,0.49071148424916,1.28206114e-06,0.16666666666667,0.34197762257697,0.50000282242837,0.50000848193951,0.5,0.50000781555755,1727075030219
190,0.49071148424916,1.28206114e-06,0.16666666666667,0.34865505671438,0.50000282242837,0.50000848193951,0.5,0.50000819903929,1727075031667
190,0.49071148424916,1.28206114e-06,0.16666666666667,0.34865505671438,0.50000282242837,0.50000848193951,0.5,0.50000819903929,1727075031939
191,0.66666666666667,0.5,0.83333333333333,0.0,0.5,0.5,0.5,0.5,1727075034788
191,0.66666666666667,0.5,0.82610869410441,0.0,0.5,0.5,0.49998076573209,0.5,1727075034844
191,0.66666666666667,0.5,0.81888491014075,0.0,0.5,0.5,0.49999903036232,0.5,1727075034854
191,0.66666666666667,0.5,0.77563008120142,0.0,0.5,0.5,0.49999947795787,0.5,1727075034871
191,0.66666666666667,0.5,0.71803301793848,0.0,0.5,0.5,0.5000020911834,0.5,1727075034888
191,0.66666666666667,0.5,0.64613879630854,0.0,0.5,0.5,0.49998313598658,0.5,1727075034904
191,0.66666666666667,0.5,0.57587467318868,0.0,0.5,0.5,0.50000604929948,0.5,1727075034921
191,0.66666666666667,0.5,0.53984091761816,0.0,0.5,0.5,0.50000007371828,0.5,1727075034937
191,0.66666666666667,0.5,0.50830191780176,0.0,0.5,0.5,0.49998905942425,0.5,1727075034954
191,0.66666666666667,0.5,0.47676837954895,0.0,0.5,0.5,0.49999675957609,0.5,1727075034971
191,0.66666666666667,0.5,0.43358137060983,0.0,0.5,0.5,0.49997938615969,0.5,1727075034987
191,0.66666666666667,0.5,0.40203853430573,0.0,0.5,0.5,0.49999644989263,0.5,1727075035004
191,0.66666666666667,0.5,0.38495582718499,0.0,0.5,0.5,0.49998446162056,0.5,1727075035021
191,0.66666666666667,0.5,0.36064442311034,0.0,0.5,0.5,0.4999755506555,0.5,1727075035037
191,0.66666666666667,0.5,0.34621154424836,0.0,0.5,0.5,0.49998368102,0.5,1727075035054
191,0.66666666666667,0.5,0.33177000328485,0.0,0.5,0.5,0.49999650910592,0.5,1727075035071
191,0.66666666666667,0.5,0.32454970238076,0.0,0.5,0.5,0.49999887646439,0.5,1727075035088
191,0.66666666666667,0.5,0.31011840876008,0.0,0.5,0.5,0.49999328124493,0.5,1727075035104
191,0.66666666666667,0.5,0.30289885826463,0.0,0.5,0.5,0.49998857746749,0.5,1727075035121
191,0.66666666666667,0.5,0.29567936010084,0.0,0.5,0.5,0.49998324604509,0.5,1727075035139
191,0.66666666666667,0.5,0.28844976936901,0.0,0.5,0.5,0.49999635097366,0.5,1727075035155
191,0.66666666666667,0.5,0.29833125658613,0.0,0.5,0.5,0.4999867908284,0.5,1727075036460
191,0.66666666666667,0.5,0.3055665139306,0.0,0.5,0.5,0.49999783866687,0.5,1727075036475
191,0.66666666666667,0.5,0.30824505820371,0.0,0.5,0.5,0.4999816078854,0.5,1727075036488
191,0.66666666666667,0.5,0.32272485607116,0.0,0.5,0.5,0.49999312038956,0.5,1727075036504
191,0.66666666666667,0.5,0.32540142423643,0.0,0.5,0.5,0.49999541608687,0.5,1727075036521
191,0.66666666666667,0.5,0.33263829053041,0.0,0.5,0.5,0.4999913533043,0.5,1727075036537
191,0.66666666666667,0.5,0.34251108563473,0.0,0.5,0.5,0.49998707148017,0.5,1727075036747
191,0.66666666666667,0.5,0.34518788295075,0.0,0.5,0.5,0.49998729784271,0.5,1727075038580
191,0.66666666666667,0.5,0.35242209362178,0.0,0.5,0.5,0.5000065971828,0.5,1727075038588
191,0.66666666666667,0.5,0.35966105076569,0.0,0.5,0.5,0.49998458608792,0.5,1727075038605
191,0.66666666666667,0.5,0.36232895190191,0.0,0.5,0.5,0.49999090261313,0.5,1727075038621
191,0.66666666666667,0.5,0.36232895190191,0.0,0.5,0.5,0.49999090261313,0.5,1727075040892
191,0.66666666666667,0.5,0.36232895190191,0.0,0.5,0.5,0.49999090261313,0.5,1727075043493
191,0.66284564897539,0.5,0.36232895190191,0.0,0.4999996950746,0.5,0.49999090261313,0.5,1727075043637
191,0.65525101498724,0.5,0.36232895190191,0.0,0.50000296059886,0.5,0.49999090261313,0.5,1727075043671
191,0.648600358838,0.5,0.36232895190191,0.0,0.50000022016214,0.5,0.49999090261313,0.5,1727075043692
191,0.64477713188358,0.5,0.36232895190191,0.0,0.50000486837011,0.5,0.49999090261313,0.5,1727075043704
191,0.63812583092492,0.5,0.36232895190191,0.0,0.50000170962263,0.5,0.49999090261313,0.5,1727075043721
191,0.62761715223458,0.5,0.36232895190191,0.0,0.50000111043776,0.5,0.49999090261313,0.5,1727075043737
191,0.62380060753168,0.5,0.36232895190191,0.0,0.50000038332517,0.5,0.49999090261313,0.5,1727075043754
191,0.61714618290122,0.5,0.36232895190191,0.0,0.50000490921161,0.5,0.49999090261313,0.5,1727075043771
191,0.60956028662877,0.5,0.36232895190191,0.0,0.50000413096733,0.5,0.49999090261313,0.5,1727075043788
191,0.59905613491608,0.5,0.36232895190191,0.0,0.50000648112798,0.5,0.49999090261313,0.5,1727075043804
191,0.59523411371367,0.5,0.36232895190191,0.0,0.50000218153621,0.5,0.49999090261313,0.5,1727075043828
191,0.58858149971324,0.5,0.36232895190191,0.0,0.49999795158763,0.5,0.49999090261313,0.5,1727075043838
191,0.57808211283846,0.5,0.36232895190191,0.0,0.50000345528835,0.5,0.49999090261313,0.5,1727075043854
191,0.56757457761531,0.5,0.36232895190191,0.0,0.5000036056252,0.5,0.49999090261313,0.5,1727075043871
191,0.56375796182365,0.5,0.36232895190191,0.0,0.50000278840381,0.5,0.49999090261313,0.5,1727075043888
191,0.55710377027097,0.5,0.36232895190191,0.0,0.49999732087245,0.5,0.49999090261313,0.5,1727075043904
191,0.55710377027097,0.5,0.36232895190191,0.0,0.49999732087245,0.5,0.49999090261313,0.5,1727075045812
191,0.55710377027097,0.5,0.36232895190191,0.0,0.49999732087245,0.5,0.49999090261313,0.5,1727075046565
191,0.55710377027097,0.5066765440508,0.36232895190191,0.0,0.49999732087245,0.50000027616566,0.49999090261313,0.5,1727075046652
191,0.55710377027097,0.51054991997114,0.36232895190191,0.0,0.49999732087245,0.50000284612459,0.49999090261313,0.5,1727075046660
191,0.55710377027097,0.51722566398546,0.36232895190191,0.0,0.49999732087245,0.50000366863695,0.49999090261313,0.5,1727075046671
191,0.55710377027097,0.53439470681021,0.36232895190191,0.0,0.49999732087245,0.50000372043783,0.49999090261313,0.5,1727075046687
191,0.55710377027097,0.57164597878602,0.36232895190191,0.0,0.49999732087245,0.5000001174663,0.49999090261313,0.5,1727075046704
191,0.55710377027097,0.59932300166805,0.36232895190191,0.0,0.49999732087245,0.50000004885099,0.49999090261313,0.5,1727075046721
191,0.55710377027097,0.64034365842272,0.36232895190191,0.0,0.49999732087245,0.49999678192842,0.49999090261313,0.5,1727075046737
191,0.55710377027097,0.66138208199738,0.36232895190191,0.0,0.49999732087245,0.50000153254085,0.49999090261313,0.5,1727075046754
191,0.55710377027097,0.68522201221148,0.36232895190191,0.0,0.49999732087245,0.49999609292672,0.49999090261313,0.5,1727075046771
191,0.55710377027097,0.70239199589295,0.36232895190191,0.0,0.49999732087245,0.49999572751322,0.49999090261313,0.5,1727075046787
191,0.55710377027097,0.72623026488104,0.36232895190191,0.0,0.49999732087245,0.50000028483306,0.49999090261313,0.5,1727075046804
191,0.55710377027097,0.74340628266844,0.36232895190191,0.0,0.49999732087245,0.49999651319604,0.49999090261313,0.5,1727075046821
191,0.55710377027097,0.7500747672642,0.36232895190191,0.0,0.49999732087245,0.5000011884734,0.49999090261313,0.5,1727075046837
191,0.55710377027097,0.74341723591599,0.36232895190191,0.0,0.49999732087245,0.4999989725614,0.49999090261313,0.5,1727075047973
191,0.55710377027097,0.73676562925585,0.36232895190191,0.0,0.49999732087245,0.50000201225046,0.49999090261313,0.5,1727075048021
191,0.55710377027097,0.73011010904087,0.36232895190191,0.0,0.49999732087245,0.49999864054637,0.49999090261313,0.5,1727075048071
191,0.55710377027097,0.72346010892053,0.36232895190191,0.0,0.49999732087245,0.50000080963514,0.49999090261313,0.5,1727075048172
191,0.55710377027097,0.71680428342849,0.36232895190191,0.0,0.49999732087245,0.49999755733799,0.49999090261313,0.5,1727075048268
191,0.55710377027097,0.71015331798965,0.36232895190191,0.0,0.49999732087245,0.50000030327679,0.49999090261313,0.5,1727075048750
191,0.55710377027097,0.7034946043019,0.36232895190191,0.0,0.49999732087245,0.49999867205681,0.49999090261313,0.5,1727075048804
191,0.55710377027097,0.6968414068778,0.36232895190191,0.0,0.49999732087245,0.50000276407748,0.49999090261313,0.5,1727075049484
191,0.55710377027097,0.69018416355327,0.36232895190191,0.0,0.49999732087245,0.5000002649563,0.49999090261313,0.5,1727075049676
191,0.55710377027097,0.69018416355327,0.36232895190191,0.0,0.49999732087245,0.5000002649563,0.49999090261313,0.5,1727075050348
192,0.83333333333333,0.5,0.16666666666667,0.5,0.5,0.5,0.5,0.5,1727075054702
192,0.83333333333333,0.5,0.16666666666667,0.5,0.5,0.5,0.5,0.5,1727075055381
192,0.83333333333333,0.5,0.18115648169254,0.5,0.5,0.5,0.49999069974668,0.5,1727075055436
192,0.83333333333333,0.5,0.21019290830558,0.5,0.5,0.5,0.49998278748883,0.5,1727075055455
192,0.83333333333333,0.5,0.24438298700583,0.5,0.5,0.5,0.50001339642332,0.5,1727075055470
192,0.83333333333333,0.5,0.28578994504313,0.5,0.5,0.5,0.49999025987372,0.5,1727075055487
192,0.83333333333333,0.5,0.33708230000431,0.5,0.5,0.5,0.50000017091174,0.5,1727075055504
192,0.83333333333333,0.5,0.38837027586232,0.5,0.5,0.5,0.49997719786181,0.5,1727075055520
192,0.83333333333333,0.5,0.42526965090221,0.5,0.5,0.5,0.50000203304964,0.5,1727075055537
192,0.83333333333333,0.5,0.45681902743223,0.5,0.5,0.5,0.49999749864896,0.5,1727075055554
192,0.83333333333333,0.5,0.48114035228831,0.5,0.5,0.5,0.49999205740834,0.5,1727075055570
192,0.83333333333333,0.5,0.49101315747045,0.5,0.5,0.5,0.49998855293041,0.5,1727075055587
192,0.83333333333333,0.5,0.50088508322987,0.5,0.5,0.5,0.49999128603862,0.5,1727075055603
192,0.83333333333333,0.5,0.5081202232721,0.5,0.5,0.5,0.50000015116282,0.5,1727075055620
192,0.83333333333333,0.5,0.5153494313004,0.5,0.5,0.5,0.49999339544401,0.5,1727075055637
192,0.83333333333333,0.5,0.53244159902881,0.5,0.5,0.5,0.49999464285677,0.5,1727075055654
192,0.83333333333333,0.5,0.53967040013433,0.5,0.5,0.5,0.49999084960901,0.5,1727075055670
192,0.83333333333333,0.5,0.54233776996839,0.5,0.5,0.5,0.49999922860609,0.5,1727075055687
192,0.83333333333333,0.5,0.54956657333806,0.5,0.5,0.5,0.49999542596364,0.5,1727075055720
192,0.83333333333333,0.5,0.55680447113433,0.5,0.5,0.5,0.49998578333724,0.5,1727075055737
192,0.83333333333333,0.5,0.56667527166404,0.5,0.5,0.5,0.49999555945219,0.5,1727075055754
192,0.83333333333333,0.5,0.58376766558222,0.5,0.5,0.5,0.49999526220668,0.5,1727075055770
192,0.83333333333333,0.5,0.60808089644589,0.5,0.5,0.5,0.49999012674638,0.5,1727075055787
192,0.83333333333333,0.5,0.61795232561931,0.5,0.5,0.5,0.49999547545464,0.5,1727075055804
192,0.83333333333333,0.5,0.6324269913171,0.5,0.5,0.5,0.49998456086226,0.5,1727075055820
192,0.83333333333333,0.5,0.63508672432519,0.5,0.5,0.5,0.49998882489592,0.5,1727075055837
192,0.83333333333333,0.5,0.64232388774651,0.5,0.5,0.5,0.49998447838828,0.5,1727075056069
192,0.83333333333333,0.5,0.64955048677489,0.5,0.5,0.5,0.49999407519567,0.5,1727075056103
192,0.83333333333333,0.5,0.65221275116815,0.5,0.5,0.5,0.49998350789734,0.5,1727075056120
192,0.83333333333333,0.5,0.6449812046789,0.5,0.5,0.5,0.5000028609044,0.5,1727075056637
192,0.83333333333333,0.5,0.63054198682592,0.5,0.5,0.5,0.49999780723881,0.5,1727075056670
192,0.83333333333333,0.5,0.6259988193731,0.5,0.5,0.5,0.49999747817006,0.5,1727075056687
192,0.83333333333333,0.5,0.61426914989944,0.5,0.5,0.5,0.49999231991738,0.5,1727075056703
192,0.83333333333333,0.5,0.60704091619995,0.5,0.5,0.5,0.49999232144809,0.5,1727075056720
192,0.83333333333333,0.5,0.59531216933137,0.5,0.5,0.5,0.49998124904749,0.5,1727075056737
192,0.83333333333333,0.5,0.58808031101385,0.5,0.5,0.5,0.50000384886033,0.5,1727075056796
192,0.83333333333333,0.5,0.58086112933688,0.5,0.5,0.5,0.49999848122169,0.5,1727075056820
192,0.83333333333333,0.5,0.57363561126942,0.5,0.5,0.5,0.499981236139,0.5,1727075056837
192,0.83333333333333,0.5,0.57630076489943,0.5,0.5,0.5,0.50000337519581,0.5,1727075056854
192,0.83333333333333,0.5,0.56907348075249,0.5,0.5,0.5,0.49999739115813,0.5,1727075056870
192,0.83333333333333,0.5,0.56185494246525,0.5,0.5,0.5,0.49998768210428,0.5,1727075056920
192,0.83333333333333,0.5,0.55462671760458,0.5,0.5,0.5,0.49998758443152,0.5,1727075056940
192,0.83333333333333,0.5,0.55009095370942,0.5,0.5,0.5,0.49999229757571,0.5,1727075056953
192,0.83333333333333,0.5,0.54555598519628,0.5,0.5,0.5,0.49999181839283,0.5,1727075056970
192,0.83333333333333,0.5,0.53832843009296,0.5,0.5,0.5,0.49998729864131,0.5,1727075056987
192,0.83333333333333,0.5,0.53110845300018,0.5,0.5,0.5,0.49998677956419,0.5,1727075057293
192,0.83333333333333,0.5,0.53110845300018,0.5,0.5,0.5,0.49998677956419,0.5,1727075059788
192,0.83333333333333,0.5,0.53110845300018,0.5,0.5,0.5,0.49998677956419,0.5,1727075061270
192,0.82950835582144,0.5,0.53110845300018,0.5,0.50000033887114,0.5,0.49998677956419,0.5,1727075061325
192,0.82567667063857,0.5,0.53110845300018,0.5,0.49999987061488,0.5,0.49998677956419,0.5,1727075061337
192,0.80467908575317,0.5,0.53110845300018,0.5,0.50000113052921,0.5,0.49998677956419,0.5,1727075061353
192,0.74850994444332,0.5,0.53110845300018,0.5,0.5000012435199,0.5,0.49998677956419,0.5,1727075061370
192,0.68867795766234,0.5,0.53110845300018,0.5,0.50000060765967,0.5,0.49998677956419,0.5,1727075061387
192,0.61846112343347,0.5,0.53110845300018,0.5,0.49999973652597,0.5,0.49998677956419,0.5,1727075061403
192,0.44148797008789,0.5,0.53110845300018,0.5,0.49999654158963,0.5,0.49998677956419,0.5,1727075061420
192,0.28548379969357,0.5,0.53110845300018,0.5,0.49999124022432,0.5,0.49998677956419,0.5,1727075061437
192,0.08843920006515,0.5,0.53110845300018,0.5,0.49998867201703,0.5,0.49998677956419,0.5,1727075061453
192,0.0,0.5,0.53110845300018,0.5,0.5,0.5,0.49998677956419,0.5,1727075061470
192,0.0,0.5,0.53110845300018,0.5,0.5,0.5,0.49998677956419,0.5,1727075061487
192,0.0,0.5,0.53110845300018,0.5,0.5,0.5,0.49998677956419,0.5,1727075061503
192,0.0,0.5,0.53110845300018,0.5,0.5,0.5,0.49998677956419,0.5,1727075061520
192,0.0,0.5,0.53110845300018,0.5,0.5,0.5,0.49998677956419,0.5,1727075061536
192,0.0,0.5,0.53110845300018,0.5,0.5,0.5,0.49998677956419,0.5,1727075061553
192,0.0,0.5,0.53110845300018,0.5,0.5,0.5,0.49998677956419,0.5,1727075061570
192,0.0,0.5,0.53110845300018,0.5,0.5,0.5,0.49998677956419,0.5,1727075061587
192,0.0,0.5,0.53110845300018,0.5,0.5,0.5,0.49998677956419,0.5,1727075061603
192,0.0,0.5,0.53110845300018,0.5,0.5,0.5,0.49998677956419,0.5,1727075061620
192,0.0,0.5,0.53110845300018,0.5,0.5,0.5,0.49998677956419,0.5,1727075061637
192,0.0,0.5,0.53110845300018,0.5,0.5,0.5,0.49998677956419,0.5,1727075061668
192,0.0,0.5,0.53110845300018,0.5,0.5,0.5,0.49998677956419,0.5,1727075063237
192,0.0,0.5,0.53110845300018,0.5,0.5,0.5,0.49998677956419,0.5,1727075064206
192,0.0,0.5,0.53110845300018,0.5,0.5,0.5,0.49998677956419,0.5,1727075065141
192,0.0,0.51716737727585,0.53110845300018,0.5,0.5,0.50000133202332,0.49998677956419,0.5,1727075065205
192,0.0,0.5448496728724,0.53110845300018,0.5,0.5,0.49999755911153,0.49998677956419,0.5,1727075065220
192,0.0,0.71234241534592,0.53110845300018,0.5,0.5,0.50000654875754,0.49998677956419,0.5,1727075065236
192,0.0,0.89562489624657,0.53110845300018,0.5,0.5,0.50000282636021,0.49998677956419,0.5,1727075065253
192,0.0,1.0,0.53110845300018,0.5,0.5,0.5,0.49998677956419,0.5,1727075065270
192,0.0,1.0,0.53110845300018,0.5,0.5,0.5,0.49998677956419,0.5,1727075065286
192,0.0,1.0,0.53110845300018,0.5,0.5,0.5,0.49998677956419,0.5,1727075065303
192,0.0,1.0,0.53110845300018,0.5,0.5,0.5,0.49998677956419,0.5,1727075065320
192,0.0,1.0,0.53110845300018,0.5,0.5,0.5,0.49998677956419,0.5,1727075065336
192,0.0,1.0,0.53110845300018,0.5,0.5,0.5,0.49998677956419,0.5,1727075065353
192,0.0,1.0,0.53110845300018,0.5,0.5,0.5,0.49998677956419,0.5,1727075065370
192,0.0,0.99334010478745,0.53110845300018,0.5,0.5,0.49999927134138,0.49998677956419,0.5,1727075065493
192,0.0,0.99334010478745,0.53110845300018,0.5,0.5,0.49999927134138,0.49998677956419,0.5,1727075065500
192,0.0,0.99334010478745,0.53110845300018,0.5,0.5,0.49999927134138,0.49998677956419,0.5,1727075068125
192,0.0,0.99334010478745,0.53110845300018,0.5066772886757,0.5,0.49999927134138,0.49998677956419,0.50000026638195,1727075068164
192,0.0,0.99334010478745,0.53110845300018,0.51334923101485,0.5,0.49999927134138,0.49998677956419,0.50000777823482,1727075068180
192,0.0,0.99334010478745,0.53110845300018,0.52001848986745,0.5,0.49999927134138,0.49998677956419,0.50000222334143,1727075068196
192,0.0,0.99334010478745,0.53110845300018,0.53718598275358,0.5,0.49999927134138,0.49998677956419,0.50000095767687,1727075068204
192,0.0,0.99334010478745,0.53110845300018,0.55725171055474,0.5,0.49999927134138,0.49998677956419,0.5000037950623,1727075068220
192,0.0,0.99334010478745,0.53110845300018,0.62515726225933,0.5,0.49999927134138,0.49998677956419,0.50000215206628,1727075068236
192,0.0,0.99334010478745,0.53110845300018,0.69616205491182,0.5,0.49999927134138,0.49998677956419,0.5000047832387,1727075068253
192,0.0,0.99334010478745,0.53110845300018,0.76403253052856,0.5,0.49999927134138,0.49998677956419,0.50000095761628,1727075068269
192,0.0,0.99334010478745,0.53110845300018,0.82144276370451,0.5,0.49999927134138,0.49998677956419,0.49999825554465,1727075068286
192,0.0,0.99334010478745,0.53110845300018,0.86246278985998,0.5,0.49999927134138,0.49998677956419,0.50000062018432,1727075068303
192,0.0,0.99334010478745,0.53110845300018,0.89592662336619,0.5,0.49999927134138,0.49998677956419,0.50000170626593,1727075068319
192,0.0,0.99334010478745,0.53110845300018,0.91977012097748,0.5,0.49999927134138,0.49998677956419,0.50000041956743,1727075068336
192,0.0,0.99334010478745,0.53110845300018,0.9465170162452,0.5,0.49999927134138,0.49998677956419,0.50000429626109,1727075068353
192,0.0,0.99334010478745,0.53110845300018,0.95318625961135,0.5,0.49999927134138,0.49998677956419,0.50000075342405,1727075068370
192,0.0,0.99334010478745,0.53110845300018,0.97702415099576,0.5,0.49999927134138,0.49998677956419,0.50000393892251,1727075068386
192,0.0,0.99334010478745,0.53110845300018,0.99705999328061,0.5,0.49999927134138,0.49998677956419,0.49999931687085,1727075068403
192,0.0,0.99334010478745,0.53110845300018,1.0,0.5,0.49999927134138,0.49998677956419,0.5,1727075068419
192,0.0,0.99334010478745,0.53110845300018,1.0,0.5,0.49999927134138,0.49998677956419,0.5,1727075068436
192,0.0,0.99334010478745,0.53110845300018,0.99334476294748,0.5,0.49999927134138,0.49998677956419,0.50000279419359,1727075068845
192,0.0,0.99334010478745,0.53110845300018,0.9866877335616,0.5,0.49999927134138,0.49998677956419,0.49999796080136,1727075068853
192,0.0,0.99334010478745,0.53110845300018,0.9695235465373,0.5,0.49999927134138,0.49998677956419,0.50000021230574,1727075068870
192,0.0,0.99334010478745,0.53110845300018,0.94852204445067,0.5,0.49999927134138,0.49998677956419,0.49999952505511,1727075068886
192,0.0,0.99334010478745,0.53110845300018,0.93135037251648,0.5,0.49999927134138,0.49998677956419,0.4999983788742,1727075068903
192,0.0,0.99334010478745,0.53110845300018,0.91805150547327,0.5,0.49999927134138,0.49998677956419,0.50000252600541,1727075068920
192,0.0,0.99334010478745,0.53110845300018,0.9008865344358,0.5,0.49999927134138,0.49998677956419,0.50000460428752,1727075068936
192,0.0,0.99334010478745,0.53110845300018,0.89037780453513,0.5,0.49999927134138,0.49998677956419,0.50000414508153,1727075068953
192,0.0,0.99334010478745,0.53110845300018,0.87707864190289,0.5,0.49999927134138,0.49998677956419,0.50000084079151,1727075068970
192,0.0,0.99334010478745,0.53110845300018,0.86658133344339,0.5,0.49999927134138,0.49998677956419,0.50000597586735,1727075068986
192,0.0,0.99334010478745,0.53110845300018,0.84941271814143,0.5,0.49999927134138,0.49998677956419,0.5000063778281,1727075069003
192,0.0,0.99334010478745,0.53110845300018,0.84275063285203,0.5,0.49999927134138,0.49998677956419,0.49999837878202,1727075069019
192,0.0,0.99334010478745,0.53110845300018,0.83892824851117,0.5,0.49999927134138,0.49998677956419,0.50000261839448,1727075069069
192,0.0,0.99334010478745,0.53110845300018,0.83227053357198,0.5,0.49999927134138,0.49998677956419,0.49999674506321,1727075069086
192,0.0,0.99334010478745,0.53110845300018,0.82845215901102,0.5,0.49999927134138,0.49998677956419,0.5000030699719,1727075069103
192,0.0,0.99334010478745,0.53110845300018,0.82179165265952,0.5,0.49999927134138,0.49998677956419,0.50000361996547,1727075069120
192,0.0,0.99334010478745,0.53110845300018,0.81513774042494,0.5,0.49999927134138,0.49998677956419,0.49999962674238,1727075070301
192,0.0,0.99334010478745,0.53110845300018,0.80848317680807,0.5,0.49999927134138,0.49998677956419,0.50000325735865,1727075070317
192,0.0,0.99334010478745,0.53110845300018,0.79798141691787,0.5,0.49999927134138,0.49998677956419,0.50000641095605,1727075070353
192,0.0,0.99334010478745,0.53110845300018,0.79132290268542,0.5,0.49999927134138,0.49998677956419,0.4999999077498,1727075070380
192,0.0,0.99334010478745,0.53110845300018,0.78466745145584,0.5,0.49999927134138,0.49998677956419,0.50000315077223,1727075070445
192,0.0,0.99334010478745,0.53110845300018,0.78085016908759,0.5,0.49999927134138,0.49998677956419,0.50000214746744,1727075070453
192,0.0,0.99334010478745,0.53110845300018,0.77418485612954,0.5,0.49999927134138,0.49998677956419,0.5000001295954,1727075070476
192,0.0,0.99334010478745,0.53110845300018,0.76753748910726,0.5,0.49999927134138,0.49998677956419,0.49999947311081,1727075070564
192,0.0,0.99334010478745,0.53110845300018,0.7637168316933,0.5,0.49999927134138,0.49998677956419,0.5000049706187,1727075070653
192,0.0,0.99334010478745,0.53110845300018,0.75705918779489,0.5,0.49999927134138,0.49998677956419,0.49999871309352,1727075070670
192,0.0,0.99334010478745,0.53110845300018,0.75039798768509,0.5,0.49999927134138,0.49998677956419,0.49999889099368,1727075070686
192,0.0,0.99334010478745,0.53110845300018,0.74374558933381,0.5,0.49999927134138,0.49998677956419,0.50000395448782,1727075071684
192,0.0,0.99334010478745,0.53110845300018,0.73992761101096,0.5,0.49999927134138,0.49998677956419,0.50000252520664,1727075071719
192,0.0,0.99334010478745,0.53110845300018,0.73326727184794,0.5,0.49999927134138,0.49998677956419,0.50000321477038,1727075071736
192,0.0,0.99334010478745,0.53110845300018,0.72661628431799,0.5,0.49999927134138,0.49998677956419,0.5000005079088,1727075071764
192,0.0,0.99334010478745,0.53110845300018,0.71995740748295,0.5,0.49999927134138,0.49998677956419,0.50000202427697,1727075071780
192,0.0,0.99334010478745,0.53110845300018,0.71613885997207,0.5,0.49999927134138,0.49998677956419,0.50000022736687,1727075071796
192,0.0,0.99334010478745,0.53110845300018,0.70948851664146,0.5,0.49999927134138,0.49998677956419,0.50000666173088,1727075071804
192,0.0,0.99334010478745,0.53110845300018,0.69898348065088,0.5,0.49999927134138,0.49998677956419,0.49999934075601,1727075071820
192,0.0,0.99334010478745,0.53110845300018,0.69232569122059,0.5,0.49999927134138,0.49998677956419,0.50000152955304,1727075074037
192,0.0,0.99334010478745,0.53110845300018,0.68850688078213,0.5,0.49999927134138,0.49998677956419,0.4999995232666,1727075074053
192,0.0,0.99334010478745,0.53110845300018,0.68185385133595,0.5,0.49999927134138,0.49998677956419,0.50000455419343,1727075074597
192,0.0,0.99334010478745,0.53110845300018,0.67519396784412,0.5,0.49999927134138,0.49998677956419,0.4999964053965,1727075074636
192,0.0,0.99334010478745,0.53110845300018,0.67519396784412,0.5,0.49999927134138,0.49998677956419,0.4999964053965,1727075074933
192,0.0,0.99334010478745,0.53110845300018,0.67519396784412,0.5,0.49999927134138,0.49998677956419,0.4999964053965,1727075076285
192,0.0,0.99334010478745,0.53110845300018,0.68186721236033,0.5,0.49999927134138,0.49998677956419,0.50000335689586,1727075076445
192,0.0,0.99334010478745,0.53110845300018,0.68853702841311,0.5,0.49999927134138,0.49998677956419,0.49999915813274,1727075076557
192,0.0,0.99334010478745,0.53110845300018,0.68853702841311,0.5,0.49999927134138,0.49998677956419,0.49999915813274,1727075076973
193,0.0,0.5,0.66666666666667,0.83333333333333,0.5,0.5,0.5,0.5,1727075079973
193,0.0,0.5,0.67390417222106,0.83333333333333,0.5,0.5,0.49999203671462,0.5,1727075080029
193,0.0,0.5,0.69821704757157,0.83333333333333,0.5,0.5,0.49998943947061,0.5,1727075080069
193,0.0,0.5,0.71530896048989,0.83333333333333,0.5,0.5,0.49999190570951,0.5,1727075080086
193,0.0,0.5,0.73962170465375,0.83333333333333,0.5,0.5,0.49999011593269,0.5,1727075080102
193,0.0,0.5,0.77380681692716,0.83333333333333,0.5,0.5,0.49998815075147,0.5,1727075080119
193,0.0,0.5,0.80535410676765,0.83333333333333,0.5,0.5,0.49999590391859,0.5,1727075080136
193,0.0,0.5,0.844145560624,0.83333333333333,0.5,0.5,0.50000525199518,0.5,1727075080152
193,0.0,0.5,0.88293251835829,0.83333333333333,0.5,0.5,0.49999686997991,0.5,1727075080169
193,0.0,0.5,0.93156550910971,0.83333333333333,0.5,0.5,0.49999670326885,0.5,1727075080186
193,0.0,0.5,0.97035078817397,0.83333333333333,0.5,0.5,0.49999641139309,0.5,1727075080202
193,0.0,0.5,1.0,0.83333333333333,0.5,0.5,0.5,0.5,1727075080219
193,0.0,0.5,1.0,0.83333333333333,0.5,0.5,0.5,0.5,1727075080236
193,0.0,0.5,1.0,0.83333333333333,0.5,0.5,0.5,0.5,1727075080252
193,0.0,0.5,1.0,0.83333333333333,0.5,0.5,0.5,0.5,1727075080269
193,0.0,0.5,1.0,0.83333333333333,0.5,0.5,0.5,0.5,1727075080286
193,0.0,0.5,0.99544152877703,0.83333333333333,0.5,0.5,0.49999352131961,0.5,1727075080709
193,0.0,0.5,0.98822083193888,0.83333333333333,0.5,0.5,0.49999628023966,0.5,1727075080732
193,0.0,0.5,0.98099349304671,0.83333333333333,0.5,0.5,0.49999249034205,0.5,1727075080748
193,0.0,0.5,0.96922974344008,0.83333333333333,0.5,0.5,0.49999453631209,0.5,1727075080756
193,0.0,0.5,0.95746664308121,0.83333333333333,0.5,0.5,0.49999380073491,0.5,1727075080772
193,0.0,0.5,0.9529150055183,0.83333333333333,0.5,0.5,0.49999478531836,0.5,1727075080786
193,0.0,0.5,0.93846686589304,0.83333333333333,0.5,0.5,0.4999941915243,0.5,1727075080802
193,0.0,0.5,0.93123997168137,0.83333333333333,0.5,0.5,0.4999882539069,0.5,1727075080819
193,0.0,0.5,0.92401950262275,0.83333333333333,0.5,0.5,0.49999011323261,0.5,1727075080836
193,0.0,0.5,0.91678976208892,0.83333333333333,0.5,0.5,0.49999687715649,0.5,1727075080852
193,0.0,0.5,0.90956224725965,0.83333333333333,0.5,0.5,0.49999365366112,0.5,1727075080869
193,0.0,0.5,0.8978070356345,0.83333333333333,0.5,0.5,0.49999422973629,0.5,1727075080886
193,0.0,0.5,0.88335931812947,0.83333333333333,0.5,0.5,0.49999164565348,0.5,1727075080902
193,0.0,0.5,0.87613808804561,0.83333333333333,0.5,0.5,0.49999715179589,0.5,1727075080919
193,0.0,0.5,0.86891223304436,0.83333333333333,0.5,0.5,0.49998602908575,0.5,1727075081085
193,0.0,0.5,0.86168098097083,0.83333333333333,0.5,0.5,0.50000023634624,0.5,1727075081103
193,0.0,0.5,0.85446134552751,0.83333333333333,0.5,0.5,0.49999833063415,0.5,1727075081119
193,0.0,0.5,0.84723564353972,0.83333333333333,0.5,0.5,0.49998626419314,0.5,1727075081136
193,0.0,0.5,0.84001503750405,0.83333333333333,0.5,0.5,0.49998891301632,0.5,1727075081152
193,0.0,0.5,0.83278402541357,0.83333333333333,0.5,0.5,0.50000235577261,0.5,1727075081169
193,0.0,0.5,0.83543645100793,0.83333333333333,0.5,0.5,0.50000154198428,0.5,1727075081186
193,0.0,0.5,0.82821797675549,0.83333333333333,0.5,0.5,0.49999394755675,0.5,1727075081202
193,0.0,0.5,0.83544772013153,0.83333333333333,0.5,0.5,0.4999866375078,0.5,1727075082477
193,0.0,0.5,0.842673983419,0.83333333333333,0.5,0.5,0.4999961361705,0.5,1727075082565
193,0.0,0.5,0.84991212363259,0.83333333333333,0.5,0.5,0.49998790197614,0.5,1727075082602
193,0.0,0.5,0.85713851115082,0.83333333333333,0.5,0.5,0.49999667951424,0.5,1727075082619
193,0.0,0.5,0.86437490256161,0.83333333333333,0.5,0.5,0.49999678320593,0.5,1727075082685
193,0.0,0.5,0.87160368030808,0.83333333333333,0.5,0.5,0.49999420802823,0.5,1727075082709
193,0.0,0.5,0.87425525985659,0.83333333333333,0.5,0.5,0.49999739033432,0.5,1727075082732
193,0.0,0.5,0.87425525985659,0.83333333333333,0.5,0.5,0.49999739033432,0.5,1727075086341
193,0.0,0.5,0.87425525985659,0.83333333333333,0.5,0.5,0.49999739033432,0.5,1727075087750
193,0.0,0.5,0.87425525985659,0.83333333333333,0.5,0.5,0.49999739033432,0.5,1727075088605
193,0.0,0.5,0.87425525985659,0.83333333333333,0.5,0.5,0.49999739033432,0.5,1727075089461
193,0.0,0.5,0.87425525985659,0.83333333333333,0.5,0.5,0.49999739033432,0.5,1727075090390
193,0.0,0.5,0.87425525985659,0.82951008260055,0.5,0.5,0.49999739033432,0.50000122077326,1727075090509
193,0.0,0.5,0.87425525985659,0.81900098775274,0.5,0.5,0.49999739033432,0.50000050942569,1727075090518
193,0.0,0.5,0.87425525985659,0.80183094451697,0.5,0.5,0.49999739033432,0.50000009187817,1727075090535
193,0.0,0.5,0.87425525985659,0.78083464611423,0.5,0.5,0.49999739033432,0.50000207350086,1727075090552
193,0.0,0.5,0.87425525985659,0.77032214858598,0.5,0.5,0.49999739033432,0.49999949837496,1727075090568
193,0.0,0.5,0.87425525985659,0.74932290408335,0.5,0.5,0.49999739033432,0.49999990464388,1727075090585
193,0.0,0.5,0.87425525985659,0.72454490285767,0.5,0.5,0.49999739033432,0.50000364404095,1727075090602
193,0.0,0.5,0.87425525985659,0.69687221658386,0.5,0.5,0.49999739033432,0.49999725957978,1727075090618
193,0.0,0.5,0.87425525985659,0.67586995726668,0.5,0.5,0.49999739033432,0.49999585205539,1727075090635
193,0.0,0.5,0.87425525985659,0.64437963117923,0.5,0.5,0.49999739033432,0.49999692754743,1727075090652
193,0.0,0.5,0.87425525985659,0.60242542769301,0.5,0.5,0.49999739033432,0.49999654521434,1727075090668
193,0.0,0.5,0.87425525985659,0.55001220647637,0.5,0.5,0.49999739033432,0.49999780978213,1727075090685
193,0.0,0.5,0.87425525985659,0.51184348791794,0.5,0.5,0.49999739033432,0.49999807072694,1727075090701
193,0.0,0.5,0.87425525985659,0.47662491845011,0.5,0.5,0.49999739033432,0.49999556069625,1727075090718
193,0.0,0.5,0.87425525985659,0.43468985336074,0.5,0.5,0.49999739033432,0.49999802371142,1727075090735
193,0.0,0.5,0.87425525985659,0.40321678423269,0.5,0.5,0.49999739033432,0.5000011813064,1727075090752
193,0.0,0.5,0.87425525985659,0.37847139289071,0.5,0.5,0.49999739033432,0.49999514861618,1727075090768
193,0.0,0.5,0.87425525985659,0.35748776037721,0.5,0.5,0.49999739033432,0.49999587305369,1727075090785
193,0.0,0.5,0.87425525985659,0.3432123198334,0.5,0.5,0.49999739033432,0.49999715160277,1727075090802
193,0.0,0.5,0.87425525985659,0.30804206970894,0.5,0.5,0.49999739033432,0.49999596498959,1727075090818
193,0.0,0.5,0.87425525985659,0.28332141328629,0.5,0.5,0.49999739033432,0.49999828019001,1727075090835
193,0.0,0.5,0.87425525985659,0.27282829163411,0.5,0.5,0.49999739033432,0.49999738734169,1727075090851
193,0.0,0.5,0.87425525985659,0.251842272308,0.5,0.5,0.49999739033432,0.49999573569819,1727075090869
193,0.0,0.5,0.87425525985659,0.22039332358965,0.5,0.5,0.49999739033432,0.49999217483227,1727075090885
193,0.0,0.5,0.87425525985659,0.19941224740464,0.5,0.5,0.49999739033432,0.49999615133553,1727075090902
193,0.0,0.5,0.87425525985659,0.17843424370354,0.5,0.5,0.49999739033432,0.50000447110535,1727075090918
193,0.0,0.5,0.87425525985659,0.15076094974249,0.5,0.5,0.49999739033432,0.49998860770971,1727075090935
193,0.0,0.5,0.87425525985659,0.13651810967,0.5,0.5,0.49999739033432,0.49999291470187,1727075090952
193,0.0,0.5,0.87425525985659,0.12601936539372,0.5,0.5,0.49999739033432,0.49998327932755,1727075091269
193,0.0,0.5,0.87425525985659,0.11552657820078,0.5,0.5,0.49999739033432,0.50000528101817,1727075091285
193,0.0,0.5,0.87425525985659,0.10888614836049,0.5,0.5,0.49999739033432,0.49999053787031,1727075091302
193,0.0,0.5,0.87425525985659,0.10510301479477,0.5,0.5,0.49999739033432,0.49999273773084,1727075091318
193,0.0,0.5,0.87425525985659,0.09460618617732,0.5,0.5,0.49999739033432,0.49998528352805,1727075091335
193,0.0,0.5,0.87425525985659,0.10128849223846,0.5,0.5,0.49999739033432,0.49999401183415,1727075092573
193,0.0,0.5,0.87425525985659,0.10797314732704,0.5,0.5,0.49999739033432,0.50000603203785,1727075093005
193,0.0,0.5,0.87425525985659,0.11465145182578,0.5,0.5,0.49999739033432,0.49998474960309,1727075093149
193,0.0,0.5,0.87425525985659,0.11465145182578,0.5,0.5,0.49999739033432,0.49998474960309,1727075095421
193,0.0,0.5,0.87425525985659,0.11465145182578,0.5,0.5,0.49999739033432,0.49998474960309,1727075097062
193,0.00669296480458,0.5,0.87425525985659,0.11465145182578,0.50000141135479,0.5,0.49999739033432,0.49998474960309,1727075097141
193,0.01062514906429,0.5,0.87425525985659,0.11465145182578,0.50002065567816,0.5,0.49999739033432,0.49998474960309,1727075097151
193,0.02779716635155,0.5,0.87425525985659,0.11465145182578,0.4999943762029,0.5,0.49999739033432,0.49998474960309,1727075097168
193,0.07560103286346,0.5,0.87425525985659,0.11465145182578,0.50000174891092,0.5,0.49999739033432,0.49998474960309,1727075097185
193,0.10995316811702,0.5,0.87425525985659,0.11465145182578,0.49999896147206,0.5,0.49999739033432,0.49998474960309,1727075097201
193,0.15772838458576,0.5,0.87425525985659,0.11465145182578,0.50000717698735,0.5,0.49999739033432,0.49998474960309,1727075097218
193,0.20549756877336,0.5,0.87425525985659,0.11465145182578,0.50000636793827,0.5,0.49999739033432,0.49998474960309,1727075097235
193,0.25325667402964,0.5,0.87425525985659,0.11465145182578,0.50001152505518,0.5,0.49999739033432,0.49998474960309,1727075097251
193,0.30409849702136,0.5,0.87425525985659,0.11465145182578,0.5000061583809,0.5,0.49999739033432,0.49998474960309,1727075097268
193,0.34814668704932,0.5,0.87425525985659,0.11465145182578,0.50000758167111,0.5,0.49999739033432,0.49998474960309,1727075097285
193,0.41253596036254,0.5,0.87425525985659,0.11465145182578,0.49999791864672,0.5,0.49999739033432,0.49998474960309,1727075097301
193,0.45654844268286,0.5,0.87425525985659,0.11465145182578,0.50000778839782,0.5,0.49999739033432,0.49998474960309,1727075097318
193,0.47662356590303,0.5,0.87425525985659,0.11465145182578,0.50000620757707,0.5,0.49999739033432,0.49998474960309,1727075097335
193,0.50716220536959,0.5,0.87425525985659,0.11465145182578,0.50000608676544,0.5,0.49999739033432,0.49998474960309,1727075097351
193,0.53100622404305,0.5,0.87425525985659,0.11465145182578,0.50000439367844,0.5,0.49999739033432,0.49998474960309,1727075097368
193,0.55485625708119,0.5,0.87425525985659,0.11465145182578,0.50000692073116,0.5,0.49999739033432,0.49998474960309,1727075097385
193,0.57492075067319,0.5,0.87425525985659,0.11465145182578,0.49999844526963,0.5,0.49999739033432,0.49998474960309,1727075097401
193,0.60171229094434,0.5,0.87425525985659,0.11465145182578,0.5000029767787,0.5,0.49999739033432,0.49998474960309,1727075097418
193,0.63895303376443,0.5,0.87425525985659,0.11465145182578,0.49999949615583,0.5,0.49999739033432,0.49998474960309,1727075097435
193,0.66948629468954,0.5,0.87425525985659,0.11465145182578,0.50000561925943,0.5,0.49999739033432,0.49998474960309,1727075097451
193,0.71344303670118,0.5,0.87425525985659,0.11465145182578,0.49999821621727,0.5,0.49999739033432,0.49998474960309,1727075097468
193,0.80158954282659,0.5,0.87425525985659,0.11465145182578,0.50000258336446,0.5,0.49999739033432,0.49998474960309,1727075097485
193,0.84553063328325,0.5,0.87425525985659,0.11465145182578,0.50000380275528,0.5,0.49999739033432,0.49998474960309,1727075097501
193,0.88946555692882,0.5,0.87425525985659,0.11465145182578,0.50000194432895,0.5,0.49999739033432,0.49998474960309,1727075097518
193,0.92668864270677,0.5,0.87425525985659,0.11465145182578,0.50000549113814,0.5,0.49999739033432,0.49998474960309,1727075097535
193,0.94003510843739,0.5,0.87425525985659,0.11465145182578,0.50000201030083,0.5,0.49999739033432,0.49998474960309,1727075097551
193,0.94669842356814,0.5,0.87425525985659,0.11465145182578,0.50000281763236,0.5,0.49999739033432,0.49998474960309,1727075097568
193,0.95336972086785,0.5,0.87425525985659,0.11465145182578,0.50000022454075,0.5,0.49999739033432,0.49998474960309,1727075097585
193,0.94575155836672,0.5,0.87425525985659,0.11465145182578,0.4999989451625,0.5,0.49999739033432,0.49998474960309,1727075098581
193,0.94192058764328,0.5,0.87425525985659,0.11465145182578,0.49999884857062,0.5,0.49999739033432,0.49998474960309,1727075098618
193,0.93526538685597,0.5,0.87425525985659,0.11465145182578,0.50000179008848,0.5,0.49999739033432,0.49998474960309,1727075098634
193,0.93143706050522,0.5,0.87425525985659,0.11465145182578,0.50000293588073,0.5,0.49999739033432,0.49998474960309,1727075098651
193,0.91712402180694,0.5,0.87425525985659,0.11465145182578,0.5000004463465,0.5,0.49999739033432,0.49998474960309,1727075098668
193,0.90662325745904,0.5,0.87425525985659,0.11465145182578,0.5000037527529,0.5,0.49999739033432,0.49998474960309,1727075098684
193,0.89997241269534,0.5,0.87425525985659,0.11465145182578,0.50000152550354,0.5,0.49999739033432,0.49998474960309,1727075098701
193,0.906633399728,0.5,0.87425525985659,0.11465145182578,0.50000125387056,0.5,0.49999739033432,0.49998474960309,1727075099677
193,0.91330201095508,0.5,0.87425525985659,0.11465145182578,0.50000459870407,0.5,0.49999739033432,0.49998474960309,1727075099717
193,0.91997101132596,0.5,0.87425525985659,0.11465145182578,0.50000083905677,0.5,0.49999739033432,0.49998474960309,1727075099781
193,0.92663211497818,0.5,0.87425525985659,0.11465145182578,0.50000063057035,0.5,0.49999739033432,0.49998474960309,1727075099821
193,0.93714646071612,0.5,0.87425525985659,0.11465145182578,0.50000371493578,0.5,0.49999739033432,0.49998474960309,1727075099867
193,0.9438230289351,0.5,0.87425525985659,0.11465145182578,0.50000353028023,0.5,0.49999739033432,0.49998474960309,1727075099884
193,0.93715896313736,0.5,0.87425525985659,0.11465145182578,0.50000237637835,0.5,0.49999739033432,0.49998474960309,1727075100549
193,0.93050779596509,0.5,0.87425525985659,0.11465145182578,0.50000004841077,0.5,0.49999739033432,0.49998474960309,1727075100637
193,0.93050779596509,0.5,0.87425525985659,0.11465145182578,0.50000004841077,0.5,0.49999739033432,0.49998474960309,1727075101348
193,0.93050779596509,0.5,0.87425525985659,0.11465145182578,0.50000004841077,0.5,0.49999739033432,0.49998474960309,1727075102062
193,0.93050779596509,0.50387958730069,0.87425525985659,0.11465145182578,0.50000004841077,0.49999805159515,0.49999739033432,0.49998474960309,1727075102093
193,0.93050779596509,0.51055118227815,0.87425525985659,0.11465145182578,0.50000004841077,0.50000193106338,0.49999739033432,0.49998474960309,1727075102101
193,0.93050779596509,0.51442013916946,0.87425525985659,0.11465145182578,0.50000004841077,0.50000766682261,0.49999739033432,0.49998474960309,1727075102117
193,0.93050779596509,0.53159593799353,0.87425525985659,0.11465145182578,0.50000004841077,0.5000028652957,0.49999739033432,0.49998474960309,1727075102134
193,0.93050779596509,0.55926893045565,0.87425525985659,0.11465145182578,0.50000004841077,0.50000544512477,0.49999739033432,0.49998474960309,1727075102151
193,0.93050779596509,0.59747020618862,0.87425525985659,0.11465145182578,0.50000004841077,0.50000436973422,0.49999739033432,0.49998474960309,1727075102167
193,0.93050779596509,0.64232185476227,0.87425525985659,0.11465145182578,0.50000004841077,0.50000075512299,0.49999739033432,0.49998474960309,1727075102184
193,0.93050779596509,0.67956079483741,0.87425525985659,0.11465145182578,0.50000004841077,0.50000500341674,0.49999739033432,0.49998474960309,1727075102201
193,0.93050779596509,0.72058020651097,0.87425525985659,0.11465145182578,0.50000004841077,0.50000250442081,0.49999739033432,0.49998474960309,1727075102217
193,0.93050779596509,0.74825684741037,0.87425525985659,0.11465145182578,0.50000004841077,0.50000259083032,0.49999739033432,0.49998474960309,1727075102234
193,0.93050779596509,0.76161007833099,0.87425525985659,0.11465145182578,0.50000004841077,0.5000028919349,0.49999739033432,0.49998474960309,1727075102251
193,0.93050779596509,0.76548077031472,0.87425525985659,0.11465145182578,0.50000004841077,0.49999791124353,0.49999739033432,0.49998474960309,1727075102781
193,0.93050779596509,0.77214442143695,0.87425525985659,0.11465145182578,0.50000004841077,0.50000508355442,0.49999739033432,0.49998474960309,1727075102788
193,0.93050779596509,0.77601400115543,0.87425525985659,0.11465145182578,0.50000004841077,0.50000074340275,0.49999739033432,0.49998474960309,1727075102801
193,0.93050779596509,0.78652226966765,0.87425525985659,0.11465145182578,0.50000004841077,0.50000042938139,0.49999739033432,0.49998474960309,1727075102817
193,0.93050779596509,0.80755682562439,0.87425525985659,0.11465145182578,0.50000004841077,0.4999984467337,0.49999739033432,0.49998474960309,1727075102828
193,0.93050779596509,0.80755682562439,0.87425525985659,0.11465145182578,0.50000004841077,0.4999984467337,0.49999739033432,0.49998474960309,1727075102828
193,0.93050779596509,0.80755682562439,0.87425525985659,0.11465145182578,0.50000004841077,0.4999984467337,0.49999739033432,0.49998474960309,1727075103318
193,0.93050779596509,0.80090191217203,0.87425525985659,0.11465145182578,0.50000004841077,0.50000303240365,0.49999739033432,0.49998474960309,1727075103453
193,0.93050779596509,0.78760481764473,0.87425525985659,0.11465145182578,0.50000004841077,0.50000561474474,0.49999739033432,0.49998474960309,1727075103501
193,0.93050779596509,0.78095405569883,0.87425525985659,0.11465145182578,0.50000004841077,0.49999988794053,0.49999739033432,0.49998474960309,1727075103524
193,0.93050779596509,0.77430234408946,0.87425525985659,0.11465145182578,0.50000004841077,0.50000287867139,0.49999739033432,0.49998474960309,1727075103567
193,0.93050779596509,0.7676405408303,0.87425525985659,0.11465145182578,0.50000004841077,0.50000304097621,0.49999739033432,0.49998474960309,1727075103584
193,0.93050779596509,0.76098883448545,0.87425525985659,0.11465145182578,0.50000004841077,0.5000060889715,0.49999739033432,0.49998474960309,1727075103601
193,0.93050779596509,0.75048561808658,0.87425525985659,0.11465145182578,0.50000004841077,0.50000368638688,0.49999739033432,0.49998474960309,1727075103617
193,0.93050779596509,0.74383051743853,0.87425525985659,0.11465145182578,0.50000004841077,0.50000013968214,0.49999739033432,0.49998474960309,1727075103634
193,0.93050779596509,0.73717735063852,0.87425525985659,0.11465145182578,0.50000004841077,0.50000405729462,0.49999739033432,0.49998474960309,1727075103701
193,0.93050779596509,0.73052186101053,0.87425525985659,0.11465145182578,0.50000004841077,0.5000006836848,0.49999739033432,0.49998474960309,1727075103717
193,0.93050779596509,0.72386681228625,0.87425525985659,0.11465145182578,0.50000004841077,0.50000572396625,0.49999739033432,0.49998474960309,1727075103805
193,0.93050779596509,0.71721480109922,0.87425525985659,0.11465145182578,0.50000004841077,0.50000033261416,0.49999739033432,0.49998474960309,1727075103820
193,0.93050779596509,0.71056490390764,0.87425525985659,0.11465145182578,0.50000004841077,0.5000024834612,0.49999739033432,0.49998474960309,1727075103836
193,0.93050779596509,0.70391040789154,0.87425525985659,0.11465145182578,0.50000004841077,0.49999843048249,0.49999739033432,0.49998474960309,1727075103917
193,0.93050779596509,0.69339959784742,0.87425525985659,0.11465145182578,0.50000004841077,0.5000002350206,0.49999739033432,0.49998474960309,1727075103934
193,0.93050779596509,0.68674976187635,0.87425525985659,0.11465145182578,0.50000004841077,0.50000240382432,0.49999739033432,0.49998474960309,1727075103997
193,0.93050779596509,0.68009112040497,0.87425525985659,0.11465145182578,0.50000004841077,0.50000070378692,0.49999739033432,0.49998474960309,1727075104012
193,0.93050779596509,0.68009112040497,0.87425525985659,0.11465145182578,0.50000004841077,0.50000070378692,0.49999739033432,0.49998474960309,1727075105013
194,0.16666666666667,0.33333333333333,0.33333333333333,0.33333333333333,0.5,0.5,0.5,0.5,1727075110141
194,0.16666666666667,0.33333333333333,0.33601086221844,0.33333333333333,0.5,0.5,0.49999187989744,0.5,1727075110181
194,0.16666666666667,0.33333333333333,0.34324662195915,0.33333333333333,0.5,0.5,0.49999772032285,0.5,1727075110188
194,0.16666666666667,0.33333333333333,0.35311957071219,0.33333333333333,0.5,0.5,0.49999207278066,0.5,1727075110200
194,0.16666666666667,0.33333333333333,0.38010256277598,0.33333333333333,0.5,0.5,0.49997581938122,0.5,1727075110217
194,0.16666666666667,0.33333333333333,0.40708192962748,0.33333333333333,0.5,0.5,0.49998985001367,0.5,1727075110234
194,0.16666666666667,0.33333333333333,0.4439767020845,0.33333333333333,0.5,0.5,0.4999862485521,0.5,1727075110250
194,0.16666666666667,0.33333333333333,0.47095704017911,0.33333333333333,0.5,0.5,0.49999157712851,0.5,1727075110267
194,0.16666666666667,0.33333333333333,0.50514024184546,0.33333333333333,0.5,0.5,0.50000212287616,0.5,1727075110283
194,0.16666666666667,0.33333333333333,0.53211568144074,0.33333333333333,0.5,0.5,0.49998443135688,0.5,1727075110300
194,0.16666666666667,0.33333333333333,0.57619773018876,0.33333333333333,0.5,0.5,0.49998188952362,0.5,1727075110317
194,0.16666666666667,0.33333333333333,0.59596483793169,0.33333333333333,0.5,0.5,0.49999497150247,0.5,1727075110333
194,0.16666666666667,0.33333333333333,0.61305046597036,0.33333333333333,0.5,0.5,0.49998606192284,0.5,1727075110350
194,0.16666666666667,0.33333333333333,0.62292097424787,0.33333333333333,0.5,0.5,0.49999696174293,0.5,1727075110367
194,0.16666666666667,0.33333333333333,0.64001232441377,0.33333333333333,0.5,0.5,0.50000281005367,0.5,1727075110384
194,0.16666666666667,0.33333333333333,0.64988565845012,0.33333333333333,0.5,0.5,0.49999672248759,0.5,1727075110400
194,0.16666666666667,0.33333333333333,0.66697858535424,0.33333333333333,0.5,0.5,0.49999338061504,0.5,1727075110417
194,0.16666666666667,0.33333333333333,0.69394304467697,0.33333333333333,0.5,0.5,0.4999945048988,0.5,1727075110433
194,0.16666666666667,0.33333333333333,0.71826199316283,0.33333333333333,0.5,0.5,0.50000334957301,0.5,1727075110450
194,0.16666666666667,0.33333333333333,0.73272932504739,0.33333333333333,0.5,0.5,0.49998888279595,0.5,1727075110467
194,0.16666666666667,0.33333333333333,0.75704896462767,0.33333333333333,0.5,0.5,0.499993921547,0.5,1727075110483
194,0.16666666666667,0.33333333333333,0.78136222174797,0.33333333333333,0.5,0.5,0.49998954693172,0.5,1727075110500
194,0.16666666666667,0.33333333333333,0.8083338141522,0.33333333333333,0.5,0.5,0.49999586774653,0.5,1727075110517
194,0.16666666666667,0.33333333333333,0.8254176928071,0.33333333333333,0.5,0.5,0.49999723901289,0.5,1727075110533
194,0.16666666666667,0.33333333333333,0.83265662401777,0.33333333333333,0.5,0.5,0.49998503255602,0.5,1727075110550
194,0.16666666666667,0.33333333333333,0.84251776401367,0.33333333333333,0.5,0.5,0.49999942913063,0.5,1727075110567
194,0.16666666666667,0.33333333333333,0.85961013389884,0.33333333333333,0.5,0.5,0.49999925981936,0.5,1727075110584
194,0.16666666666667,0.33333333333333,0.87408596201666,0.33333333333333,0.5,0.5,0.49998521673824,0.5,1727075110600
194,0.16666666666667,0.33333333333333,0.90105005580271,0.33333333333333,0.5,0.5,0.49998799630332,0.5,1727075110617
194,0.16666666666667,0.33333333333333,0.91551306126176,0.33333333333333,0.5,0.5,0.49999546682767,0.5,1727075110634
194,0.16666666666667,0.33333333333333,0.92538548893908,0.33333333333333,0.5,0.5,0.49999491409072,0.5,1727075110650
194,0.16666666666667,0.33333333333333,0.9424679906171,0.33333333333333,0.5,0.5,0.50000222360625,0.5,1727075110667
194,0.16666666666667,0.33333333333333,0.96418746194482,0.33333333333333,0.5,0.5,0.49999328650133,0.5,1727075110684
194,0.16666666666667,0.33333333333333,0.98127386705015,0.33333333333333,0.5,0.5,0.49998375325998,0.5,1727075110700
194,0.16666666666667,0.33333333333333,1.0,0.33333333333333,0.5,0.5,0.5,0.5,1727075110717
194,0.16666666666667,0.33333333333333,1.0,0.33333333333333,0.5,0.5,0.5,0.5,1727075110733
194,0.16666666666667,0.33333333333333,1.0,0.33333333333333,0.5,0.5,0.5,0.5,1727075110750
194,0.16666666666667,0.33333333333333,1.0,0.33333333333333,0.5,0.5,0.5,0.5,1727075110767
194,0.16666666666667,0.33333333333333,1.0,0.33333333333333,0.5,0.5,0.5,0.5,1727075110901
194,0.16666666666667,0.33333333333333,0.99544214047264,0.33333333333333,0.5,0.5,0.49999094415647,0.5,1727075110965
194,0.16666666666667,0.33333333333333,0.988220178606,0.33333333333333,0.5,0.5,0.49999904890415,0.5,1727075110981
194,0.16666666666667,0.33333333333333,0.9764563996171,0.33333333333333,0.5,0.5,0.50000127145569,0.5,1727075110989
194,0.16666666666667,0.33333333333333,0.96469476160779,0.33333333333333,0.5,0.5,0.49999428836745,0.5,1727075111000
194,0.16666666666667,0.33333333333333,0.94130648239771,0.33333333333333,0.5,0.5,0.49999825564731,0.5,1727075111017
194,0.16666666666667,0.33333333333333,0.91515380514647,0.33333333333333,0.5,0.5,0.49999129011603,0.5,1727075111033
194,0.16666666666667,0.33333333333333,0.90339819145225,0.33333333333333,0.5,0.5,0.499993668468,0.5,1727075111050
194,0.16666666666667,0.33333333333333,0.89617051614533,0.33333333333333,0.5,0.5,0.49999112176523,0.5,1727075111067
194,0.16666666666667,0.33333333333333,0.8889499675659,0.33333333333333,0.5,0.5,0.49999342288981,0.5,1727075111173
194,0.16666666666667,0.33333333333333,0.88172111812847,0.33333333333333,0.5,0.5,0.49999628597613,0.5,1727075111183
194,0.16666666666667,0.33333333333333,0.87449294751404,0.33333333333333,0.5,0.5,0.49999601826062,0.5,1727075111213
194,0.16666666666667,0.33333333333333,0.87715432595164,0.33333333333333,0.5,0.5,0.49999167957587,0.5,1727075111220
194,0.16666666666667,0.33333333333333,0.86992712623829,0.33333333333333,0.5,0.5,0.4999868320687,0.5,1727075112221
194,0.16666666666667,0.33333333333333,0.87257897841983,0.33333333333333,0.5,0.5,0.49998876216321,0.5,1727075112237
194,0.16666666666667,0.33333333333333,0.8653590782377,0.33333333333333,0.5,0.5,0.49998804629093,0.5,1727075112250
194,0.16666666666667,0.33333333333333,0.85090811946764,0.33333333333333,0.5,0.5,0.50000075367427,0.5,1727075112267
194,0.16666666666667,0.33333333333333,0.84635948588096,0.33333333333333,0.5,0.5,0.49998748557838,0.5,1727075112283
194,0.16666666666667,0.33333333333333,0.83913227178484,0.33333333333333,0.5,0.5,0.49998254250249,0.5,1727075112301
194,0.16666666666667,0.33333333333333,0.83190774447475,0.33333333333333,0.5,0.5,0.50000420445,0.5,1727075112365
194,0.16666666666667,0.33333333333333,0.82735144309815,0.33333333333333,0.5,0.5,0.4999881929484,0.5,1727075112400
194,0.16666666666667,0.33333333333333,0.83000970603519,0.33333333333333,0.5,0.5,0.49999882083771,0.5,1727075114061
194,0.16666666666667,0.33333333333333,0.83266381241303,0.33333333333333,0.5,0.5,0.49998986752887,0.5,1727075114069
194,0.16666666666667,0.33333333333333,0.8398995016919,0.33333333333333,0.5,0.5,0.4999933991265,0.5,1727075114093
194,0.16666666666667,0.33333333333333,0.84712714048849,0.33333333333333,0.5,0.5,0.49999623607329,0.5,1727075114109
194,0.16666666666667,0.33333333333333,0.84978067476819,0.33333333333333,0.5,0.5,0.49999015794247,0.5,1727075114125
194,0.16666666666667,0.33333333333333,0.84255969817553,0.33333333333333,0.5,0.5,0.49999460601944,0.5,1727075115637
194,0.16666666666667,0.33333333333333,0.83533330423654,0.33333333333333,0.5,0.5,0.49998572783971,0.5,1727075115683
194,0.16666666666667,0.33333333333333,0.82810303660742,0.33333333333333,0.5,0.5,0.4999955841515,0.5,1727075115861
194,0.16666666666667,0.33333333333333,0.83533962399943,0.33333333333333,0.5,0.5,0.4999947504164,0.5,1727075116445
194,0.16666666666667,0.33333333333333,0.83799247847131,0.33333333333333,0.5,0.5,0.49999188867304,0.5,1727075116461
194,0.16666666666667,0.33333333333333,0.84522042771667,0.33333333333333,0.5,0.5,0.49999325314884,0.5,1727075116509
194,0.16666666666667,0.33333333333333,0.85245633680141,0.33333333333333,0.5,0.5,0.49999567612894,0.5,1727075116550
194,0.16666666666667,0.33333333333333,0.85245633680141,0.33333333333333,0.5,0.5,0.49999567612894,0.5,1727075118037
194,0.16666666666667,0.33333333333333,0.85245633680141,0.33333333333333,0.5,0.5,0.49999567612894,0.5,1727075119774
194,0.1733401582467,0.33333333333333,0.85245633680141,0.33333333333333,0.50000220967384,0.5,0.49999567612894,0.5,1727075119909
194,0.18002799339081,0.33333333333333,0.85245633680141,0.33333333333333,0.49999644115621,0.5,0.49999567612894,0.5,1727075119957
194,0.18670662401288,0.33333333333333,0.85245633680141,0.33333333333333,0.49999865130964,0.5,0.49999567612894,0.5,1727075120021
194,0.19337488465337,0.33333333333333,0.85245633680141,0.33333333333333,0.499987899962,0.5,0.49999567612894,0.5,1727075120066
194,0.20005381488789,0.33333333333333,0.85245633680141,0.33333333333333,0.49999053837261,0.5,0.49999567612894,0.5,1727075120085
194,0.20673132987623,0.33333333333333,0.85245633680141,0.33333333333333,0.49999139121524,0.5,0.49999567612894,0.5,1727075120101
194,0.20967275878108,0.33333333333333,0.85245633680141,0.33333333333333,0.49999500535973,0.5,0.49999567612894,0.5,1727075120116
194,0.22305901323083,0.33333333333333,0.85245633680141,0.33333333333333,0.49999705695511,0.5,0.49999567612894,0.5,1727075120133
194,0.2259901024456,0.33333333333333,0.85245633680141,0.33333333333333,0.50000635553012,0.5,0.49999567612894,0.5,1727075120150
194,0.23265986389452,0.33333333333333,0.85245633680141,0.33333333333333,0.49999808718768,0.5,0.49999567612894,0.5,1727075120166
194,0.23559037971182,0.33333333333333,0.85245633680141,0.33333333333333,0.49998907729521,0.5,0.49999567612894,0.5,1727075120183
194,0.2422717471884,0.33333333333333,0.85245633680141,0.33333333333333,0.49999420315733,0.5,0.49999567612894,0.5,1727075120200
194,0.24895400540273,0.33333333333333,0.85245633680141,0.33333333333333,0.50000017596516,0.5,0.49999567612894,0.5,1727075120216
194,0.25562465367037,0.33333333333333,0.85245633680141,0.33333333333333,0.49999333163067,0.5,0.49999567612894,0.5,1727075120233
194,0.26230467312725,0.33333333333333,0.85245633680141,0.33333333333333,0.4999967508338,0.5,0.49999567612894,0.5,1727075120250
194,0.26897175864815,0.33333333333333,0.85245633680141,0.33333333333333,0.4999863416083,0.5,0.49999567612894,0.5,1727075120266
194,0.27189433166469,0.33333333333333,0.85245633680141,0.33333333333333,0.49998588576358,0.5,0.49999567612894,0.5,1727075120283
194,0.27857465602637,0.33333333333333,0.85245633680141,0.33333333333333,0.5000056587955,0.5,0.49999567612894,0.5,1727075120300
194,0.28524692035519,0.33333333333333,0.85245633680141,0.33333333333333,0.5000007895393,0.5,0.49999567612894,0.5,1727075120316
194,0.29863098841094,0.33333333333333,0.85245633680141,0.33333333333333,0.50000022025798,0.5,0.49999567612894,0.5,1727075120333
194,0.30529915530793,0.33333333333333,0.85245633680141,0.33333333333333,0.4999915240161,0.5,0.49999567612894,0.5,1727075120350
194,0.31197984832221,0.33333333333333,0.85245633680141,0.33333333333333,0.49999532327906,0.5,0.49999567612894,0.5,1727075120366
194,0.3081706556475,0.33333333333333,0.85245633680141,0.33333333333333,0.50000140741231,0.5,0.49999567612894,0.5,1727075121517
194,0.3081706556475,0.33333333333333,0.85245633680141,0.33333333333333,0.50000140741231,0.5,0.49999567612894,0.5,1727075122621
194,0.3081706556475,0.33333333333333,0.85245633680141,0.33333333333333,0.50000140741231,0.5,0.49999567612894,0.5,1727075124950
194,0.3081706556475,0.33333333333333,0.85245633680141,0.34000918128966,0.50000140741231,0.5,0.49999567612894,0.50000857935327,1727075125053
194,0.3081706556475,0.33333333333333,0.85245633680141,0.34667913591112,0.50000140741231,0.5,0.49999567612894,0.50000204464778,1727075125066
194,0.3081706556475,0.33333333333333,0.85245633680141,0.35720131347173,0.50000140741231,0.5,0.49999567612894,0.50000119261045,1727075125083
194,0.3081706556475,0.33333333333333,0.85245633680141,0.3877558182488,0.50000140741231,0.5,0.49999567612894,0.50000170484112,1727075125099
194,0.3081706556475,0.33333333333333,0.85245633680141,0.41457625107357,0.50000140741231,0.5,0.49999567612894,0.50000582399661,1727075125116
194,0.3081706556475,0.33333333333333,0.85245633680141,0.45858165918483,0.50000140741231,0.5,0.49999567612894,0.49999769985646,1727075125133
194,0.3081706556475,0.33333333333333,0.85245633680141,0.49584307401577,0.50000140741231,0.5,0.49999567612894,0.49999772338078,1727075125149
194,0.3081706556475,0.33333333333333,0.85245633680141,0.51301373984603,0.50000140741231,0.5,0.49999567612894,0.49999881154278,1727075125166
194,0.3081706556475,0.33333333333333,0.85245633680141,0.53981375613924,0.50000140741231,0.5,0.49999567612894,0.49999886324309,1727075125183
194,0.3081706556475,0.33333333333333,0.85245633680141,0.5503258416976,0.50000140741231,0.5,0.49999567612894,0.50000190459828,1727075125199
194,0.3081706556475,0.33333333333333,0.85245633680141,0.56368340919683,0.50000140741231,0.5,0.49999567612894,0.50000439480576,1727075125216
194,0.3081706556475,0.33333333333333,0.85245633680141,0.57419686673227,0.50000140741231,0.5,0.49999567612894,0.49999790406615,1727075125233
194,0.3081706556475,0.33333333333333,0.85245633680141,0.58471330737092,0.50000140741231,0.5,0.49999567612894,0.50000370875016,1727075125249
194,0.3081706556475,0.33333333333333,0.85245633680141,0.59138438933091,0.50000140741231,0.5,0.49999567612894,0.49999985187513,1727075125266
194,0.3081706556475,0.33333333333333,0.85245633680141,0.59804977414241,0.50000140741231,0.5,0.49999567612894,0.50000235360306,1727075125283
194,0.3081706556475,0.33333333333333,0.85245633680141,0.61522119073037,0.50000140741231,0.5,0.49999567612894,0.50000369971915,1727075125299
194,0.3081706556475,0.33333333333333,0.85245633680141,0.62857695384337,0.50000140741231,0.5,0.49999567612894,0.50000484641403,1727075125316
194,0.3081706556475,0.33333333333333,0.85245633680141,0.64863267748113,0.50000140741231,0.5,0.49999567612894,0.50000117074885,1727075125333
194,0.3081706556475,0.33333333333333,0.85245633680141,0.6658028576278,0.50000140741231,0.5,0.49999567612894,0.50000172033967,1727075125349
194,0.3081706556475,0.33333333333333,0.85245633680141,0.67247981174436,0.50000140741231,0.5,0.49999567612894,0.50000172643887,1727075125366
194,0.3081706556475,0.33333333333333,0.85245633680141,0.67914747911963,0.50000140741231,0.5,0.49999567612894,0.50000535075988,1727075125437
194,0.3081706556475,0.33333333333333,0.85245633680141,0.68301693948531,0.50000140741231,0.5,0.49999567612894,0.50000091878771,1727075125449
194,0.3081706556475,0.33333333333333,0.85245633680141,0.68968559312984,0.50000140741231,0.5,0.49999567612894,0.50000508685394,1727075125466
194,0.3081706556475,0.33333333333333,0.85245633680141,0.70019681707254,0.50000140741231,0.5,0.49999567612894,0.49999815318168,1727075125483
194,0.3081706556475,0.33333333333333,0.85245633680141,0.70686617530794,0.50000140741231,0.5,0.49999567612894,0.50000267166446,1727075125499
194,0.3081706556475,0.33333333333333,0.85245633680141,0.71354196808026,0.50000140741231,0.5,0.49999567612894,0.50000200640626,1727075125516
194,0.3081706556475,0.33333333333333,0.85245633680141,0.72020885146207,0.50000140741231,0.5,0.49999567612894,0.50000502990606,1727075127149
194,0.3081706556475,0.33333333333333,0.85245633680141,0.72688203688777,0.50000140741231,0.5,0.49999567612894,0.50000288611025,1727075127213
194,0.3081706556475,0.33333333333333,0.85245633680141,0.73353927128889,0.50000140741231,0.5,0.49999567612894,0.50000045391045,1727075127253
194,0.3081706556475,0.33333333333333,0.85245633680141,0.72689104322526,0.50000140741231,0.5,0.49999567612894,0.49999928637137,1727075127941
194,0.3081706556475,0.33333333333333,0.85245633680141,0.7230690946739,0.50000140741231,0.5,0.49999567612894,0.50000428125082,1727075127965
194,0.3081706556475,0.33333333333333,0.85245633680141,0.71641499895869,0.50000140741231,0.5,0.49999567612894,0.49999977998713,1727075128021
194,0.3081706556475,0.33333333333333,0.85245633680141,0.70976027729845,0.50000140741231,0.5,0.49999567612894,0.50000369433075,1727075128109
194,0.3081706556475,0.33333333333333,0.85245633680141,0.70976027729845,0.50000140741231,0.5,0.49999567612894,0.50000369433075,1727075128381
195,0.33333333333333,1.0,1.0,0.16666666666667,0.5,0.5,0.5,0.5,1727075133686
195,0.33333333333333,1.0,1.0,0.16666666666667,0.5,0.5,0.5,0.5,1727075134646
195,0.33333333333333,1.0,1.0,0.16666666666667,0.5,0.5,0.5,0.5,1727075135430
195,0.33333333333333,1.0,1.0,0.16666666666667,0.5,0.5,0.5,0.5,1727075136998
195,0.34001199046964,1.0,1.0,0.16666666666667,0.50001120429769,0.5,0.5,0.5,1727075137029
195,0.34667888173157,1.0,1.0,0.16666666666667,0.50000180978809,0.5,0.5,0.5,1727075137037
195,0.35335949808553,1.0,1.0,0.16666666666667,0.50000516453031,0.5,0.5,0.5,1727075137053
195,0.3600323588862,1.0,1.0,0.16666666666667,0.50000143668215,0.5,0.5,0.5,1727075137077
195,0.36670726203398,1.0,1.0,0.16666666666667,0.49999961534048,0.5,0.5,0.5,1727075137093
195,0.37337743114526,1.0,1.0,0.16666666666667,0.50000725257943,0.5,0.5,0.5,1727075137101
195,0.38005237562913,1.0,1.0,0.16666666666667,0.50000544437774,0.5,0.5,0.5,1727075137117
195,0.38672142899127,1.0,1.0,0.16666666666667,0.49999857307641,0.5,0.5,0.5,1727075137133
195,0.39340124418943,1.0,1.0,0.16666666666667,0.50000106614243,0.5,0.5,0.5,1727075137149
195,0.42022167823032,1.0,1.0,0.16666666666667,0.50000517716226,0.5,0.5,0.5,1727075137165
195,0.4335909971772,1.0,1.0,0.16666666666667,0.50000514702682,0.5,0.5,0.5,1727075137182
195,0.44695272300475,1.0,1.0,0.16666666666667,0.49999911152546,0.5,0.5,0.5,1727075137199
195,0.45362973439437,1.0,1.0,0.16666666666667,0.49999918915398,0.5,0.5,0.5,1727075137215
195,0.46029968887088,1.0,1.0,0.16666666666667,0.50000572920142,0.5,0.5,0.5,1727075137232
195,0.46697318941939,1.0,1.0,0.16666666666667,0.5000030440695,0.5,0.5,0.5,1727075138173
195,0.47364438631386,1.0,1.0,0.16666666666667,0.49999865335513,0.5,0.5,0.5,1727075138182
195,0.47752213760037,1.0,1.0,0.16666666666667,0.49999928816485,0.5,0.5,0.5,1727075138237
195,0.48419735242495,1.0,1.0,0.16666666666667,0.50000956456465,0.5,0.5,0.5,1727075138249
195,0.49086925649956,1.0,1.0,0.16666666666667,0.50000574348306,0.5,0.5,0.5,1727075138317
195,0.49753865501787,1.0,1.0,0.16666666666667,0.50000014269599,0.5,0.5,0.5,1727075138373
195,0.49753865501787,1.0,1.0,0.16666666666667,0.50000014269599,0.5,0.5,0.5,1727075138709
195,0.49753865501787,1.0,1.0,0.16666666666667,0.50000014269599,0.5,0.5,0.5,1727075139510
195,0.49753865501787,1.0,1.0,0.16666666666667,0.50000014269599,0.5,0.5,0.5,1727075140518
195,0.49753865501787,0.99334840300777,1.0,0.16666666666667,0.50000014269599,0.50000241361626,0.5,0.5,1727075140693
195,0.49753865501787,0.98668757343929,1.0,0.16666666666667,0.50000014269599,0.50000211058335,0.5,0.5,1727075140709
195,0.49753865501787,0.98003349088905,1.0,0.16666666666667,0.50000014269599,0.49999878009151,0.5,0.5,1727075140749
195,0.49753865501787,0.97338347590068,1.0,0.16666666666667,0.50000014269599,0.50000051351891,0.5,0.5,1727075140765
195,0.49753865501787,0.96672008214502,1.0,0.16666666666667,0.50000014269599,0.50000135701578,0.5,0.5,1727075140782
195,0.49753865501787,0.96006994592965,1.0,0.16666666666667,0.50000014269599,0.50000317891257,0.5,0.5,1727075140798
195,0.49753865501787,0.95341531486961,1.0,0.16666666666667,0.50000014269599,0.50000003195313,0.5,0.5,1727075140815
195,0.49753865501787,0.94290547952093,1.0,0.16666666666667,0.50000014269599,0.50000102269101,0.5,0.5,1727075140832
195,0.49753865501787,0.925738620975,1.0,0.16666666666667,0.50000014269599,0.49999992523686,0.5,0.5,1727075140848
195,0.49753865501787,0.91908307873924,1.0,0.16666666666667,0.50000014269599,0.50000435229565,0.5,0.5,1727075140981
195,0.49753865501787,0.91241999679435,1.0,0.16666666666667,0.50000014269599,0.50000510931044,0.5,0.5,1727075141878
195,0.49753865501787,0.90860327982324,1.0,0.16666666666667,0.50000014269599,0.49999843927556,0.5,0.5,1727075141915
195,0.49753865501787,0.90194510526986,1.0,0.16666666666667,0.50000014269599,0.50000418345284,0.5,0.5,1727075141932
195,0.49753865501787,0.89528809687709,1.0,0.16666666666667,0.50000014269599,0.50000202704068,0.5,0.5,1727075141949
195,0.49753865501787,0.88863142073044,1.0,0.16666666666667,0.50000014269599,0.49999968454184,0.5,0.5,1727075141973
195,0.49753865501787,0.89530534933374,1.0,0.16666666666667,0.50000014269599,0.50000112786492,0.5,0.5,1727075143013
195,0.49753865501787,0.90196456854606,1.0,0.16666666666667,0.50000014269599,0.5000022313361,0.5,0.5,1727075143048
195,0.49753865501787,0.90196456854606,1.0,0.16666666666667,0.50000014269599,0.5000022313361,0.5,0.5,1727075143517
195,0.49753865501787,0.90196456854606,1.0,0.16666666666667,0.50000014269599,0.5000022313361,0.5,0.5,1727075144950
195,0.49753865501787,0.90196456854606,1.0,0.17334582192343,0.50000014269599,0.5000022313361,0.5,0.50000958549941,1727075144997
195,0.49753865501787,0.90196456854606,1.0,0.18672946252971,0.50000014269599,0.5000022313361,0.5,0.49998863957901,1727075145032
195,0.49753865501787,0.90196456854606,1.0,0.2001210987247,0.50000014269599,0.5000022313361,0.5,0.49999757701046,1727075145048
195,0.49753865501787,0.90196456854606,1.0,0.20680492622543,0.50000014269599,0.5000022313361,0.5,0.5000059455697,1727075145065
195,0.49753865501787,0.90196456854606,1.0,0.22019109625453,0.50000014269599,0.5000022313361,0.5,0.50000759921382,1727075145082
195,0.49753865501787,0.90196456854606,1.0,0.22685966022496,0.50000014269599,0.5000022313361,0.5,0.49999782844543,1727075145109
195,0.49753865501787,0.90196456854606,1.0,0.23354096338345,0.50000014269599,0.5000022313361,0.5,0.50000285257791,1727075145157
195,0.49753865501787,0.90196456854606,1.0,0.24022152235042,0.50000014269599,0.5000022313361,0.5,0.50000690280516,1727075145198
195,0.49753865501787,0.90196456854606,1.0,0.24689097245251,0.50000014269599,0.5000022313361,0.5,0.49999851847452,1727075145221
195,0.49753865501787,0.90196456854606,1.0,0.25357094693189,0.50000014269599,0.5000022313361,0.5,0.50000187892,1727075145605
195,0.49753865501787,0.90196456854606,1.0,0.26024680531556,0.50000014269599,0.5000022313361,0.5,0.50000070392178,1727075145648
195,0.49753865501787,0.90196456854606,1.0,0.26692222079699,0.50000014269599,0.5000022313361,0.5,0.49999908688942,1727075145669
195,0.49753865501787,0.90196456854606,1.0,0.27359914349126,0.50000014269599,0.5000022313361,0.5,0.49999909813035,1727075145717
195,0.49753865501787,0.90196456854606,1.0,0.28028080755908,0.50000014269599,0.5000022313361,0.5,0.50000403866139,1727075145821
195,0.49753865501787,0.90196456854606,1.0,0.28695083420422,0.50000014269599,0.5000022313361,0.5,0.49999690739578,1727075145910
195,0.49753865501787,0.90196456854606,1.0,0.29362833799694,0.50000014269599,0.5000022313361,0.5,0.49999753432558,1727075145958
195,0.49753865501787,0.90196456854606,1.0,0.30030343018523,0.50000014269599,0.5000022313361,0.5,0.49999572992969,1727075146013
195,0.49753865501787,0.90196456854606,1.0,0.30698087069187,0.50000014269599,0.5000022313361,0.5,0.49999629330249,1727075146061
195,0.49753865501787,0.90196456854606,1.0,0.31364990388214,0.50000014269599,0.5000022313361,0.5,0.49998861970558,1727075146098
195,0.49753865501787,0.90196456854606,1.0,0.32032835555805,0.50000014269599,0.5000022313361,0.5,0.50000510277884,1727075146115
195,0.49753865501787,0.90196456854606,1.0,0.32699626236836,0.50000014269599,0.5000022313361,0.5,0.49999642863107,1727075146132
195,0.49753865501787,0.90196456854606,1.0,0.33367042028629,0.50000014269599,0.5000022313361,0.5,0.49999385752149,1727075146148
195,0.49753865501787,0.90196456854606,1.0,0.34035170215891,0.50000014269599,0.5000022313361,0.5,0.49999799772397,1727075146165
195,0.49753865501787,0.90196456854606,1.0,0.34702122006677,0.50000014269599,0.5000022313361,0.5,0.49999118164672,1727075146245
195,0.49753865501787,0.90196456854606,1.0,0.35753800567879,0.50000014269599,0.5000022313361,0.5,0.49999958631612,1727075146282
195,0.49753865501787,0.90196456854606,1.0,0.36421202406074,0.50000014269599,0.5000022313361,0.5,0.49999698349668,1727075146301
195,0.49753865501787,0.90196456854606,1.0,0.37089013607814,0.50000014269599,0.5000022313361,0.5,0.49999807168078,1727075146373
195,0.49753865501787,0.90196456854606,1.0,0.38805490340315,0.50000014269599,0.5000022313361,0.5,0.49999426678528,1727075146415
195,0.49753865501787,0.90196456854606,1.0,0.39193564014069,0.50000014269599,0.5000022313361,0.5,0.49999757682991,1727075146432
195,0.49753865501787,0.90196456854606,1.0,0.39860967214117,0.50000014269599,0.5000022313361,0.5,0.49999514429571,1727075146448
195,0.49753865501787,0.90196456854606,1.0,0.40527998969919,0.50000014269599,0.5000022313361,0.5,0.49998963605343,1727075146498
195,0.49753865501787,0.90196456854606,1.0,0.4224543122739,0.50000014269599,0.5000022313361,0.5,0.49999407541432,1727075146515
195,0.49753865501787,0.90196456854606,1.0,0.42912825701774,0.50000014269599,0.5000022313361,0.5,0.50000420529139,1727075146621
195,0.49753865501787,0.90196456854606,1.0,0.4358015418086,0.50000014269599,0.5000022313361,0.5,0.50000123948883,1727075146701
195,0.49753865501787,0.90196456854606,1.0,0.44630586810901,0.50000014269599,0.5000022313361,0.5,0.49999855561483,1727075146781
195,0.49753865501787,0.90196456854606,1.0,0.44630586810901,0.50000014269599,0.5000022313361,0.5,0.49999855561483,1727075148333
196,0.83333333333333,1.0,0.33333333333333,0.66666666666667,0.5,0.5,0.5,0.5,1727075151927
196,0.83333333333333,1.0,0.33601055319636,0.66666666666667,0.5,0.5,0.49999464693289,0.5,1727075151989
196,0.83333333333333,1.0,0.34324600651824,0.66666666666667,0.5,0.5,0.50000316393449,0.5,1727075152013
196,0.83333333333333,1.0,0.35047564451843,0.66666666666667,0.5,0.5,0.49999075968801,0.5,1727075152021
196,0.83333333333333,1.0,0.35315252485491,0.66666666666667,0.5,0.5,0.49999024444521,0.5,1727075152031
196,0.83333333333333,1.0,0.36038895088986,0.66666666666667,0.5,0.5,0.49999021239432,0.5,1727075152048
196,0.83333333333333,1.0,0.37026002916697,0.66666666666667,0.5,0.5,0.50000066419913,0.5,1727075152065
196,0.83333333333333,1.0,0.39199626194624,0.66666666666667,0.5,0.5,0.49998063126108,0.5,1727075152081
196,0.83333333333333,1.0,0.41897457786887,0.66666666666667,0.5,0.5,0.50000246170651,0.5,1727075152098
196,0.83333333333333,1.0,0.43606745616287,0.66666666666667,0.5,0.5,0.49999822381818,0.5,1727075152115
196,0.83333333333333,1.0,0.46304174048839,0.66666666666667,0.5,0.5,0.49998746757344,0.5,1727075152131
196,0.83333333333333,1.0,0.4900220272962,0.66666666666667,0.5,0.5,0.49999297809199,0.5,1727075152148
196,0.83333333333333,1.0,0.49725076596574,0.66666666666667,0.5,0.5,0.49998942405189,0.5,1727075152164
196,0.83333333333333,1.0,0.51434499707345,0.66666666666667,0.5,0.5,0.49997662487937,0.5,1727075152181
196,0.83333333333333,1.0,0.51700968898479,0.66666666666667,0.5,0.5,0.50000364993737,0.5,1727075152213
196,0.83333333333333,1.0,0.52424032974422,0.66666666666667,0.5,0.5,0.49998722908256,0.5,1727075152221
196,0.83333333333333,1.0,0.53147498255335,0.66666666666667,0.5,0.5,0.49999913833466,0.5,1727075152245
196,0.83333333333333,1.0,0.53870405233931,0.66666666666667,0.5,0.5,0.49999351167967,0.5,1727075152261
196,0.83333333333333,1.0,0.54137167551692,0.66666666666667,0.5,0.5,0.50000021213615,0.5,1727075152301
196,0.83333333333333,1.0,0.54860143926358,0.66666666666667,0.5,0.5,0.49999008579296,0.5,1727075152398
196,0.83333333333333,1.0,0.55583815874813,0.66666666666667,0.5,0.5,0.49998815214794,0.5,1727075152415
196,0.83333333333333,1.0,0.56306685182538,0.66666666666667,0.5,0.5,0.49998522295971,0.5,1727075152448
196,0.83333333333333,1.0,0.57293960210614,0.66666666666667,0.5,0.5,0.49998249944386,0.5,1727075152464
196,0.83333333333333,1.0,0.58281107358383,0.66666666666667,0.5,0.5,0.49998789765251,0.5,1727075152481
196,0.83333333333333,1.0,0.59004701264069,0.66666666666667,0.5,0.5,0.49999093640111,0.5,1727075152498
196,0.83333333333333,1.0,0.59727501125831,0.66666666666667,0.5,0.5,0.4999924025316,0.5,1727075152548
196,0.83333333333333,1.0,0.59994088102097,0.66666666666667,0.5,0.5,0.50000946986746,0.5,1727075152564
196,0.83333333333333,1.0,0.60717288387845,0.66666666666667,0.5,0.5,0.49998625035686,0.5,1727075152589
196,0.83333333333333,1.0,0.61440845586434,0.66666666666667,0.5,0.5,0.49999144547431,0.5,1727075153566
196,0.83333333333333,1.0,0.62427511201832,0.66666666666667,0.5,0.5,0.49997625677069,0.5,1727075153581
196,0.83333333333333,1.0,0.63150753005568,0.66666666666667,0.5,0.5,0.50000020705243,0.5,1727075153598
196,0.83333333333333,1.0,0.64860123751577,0.66666666666667,0.5,0.5,0.49999217259075,0.5,1727075153614
196,0.83333333333333,1.0,0.65846612341288,0.66666666666667,0.5,0.5,0.49998777233437,0.5,1727075153631
196,0.83333333333333,1.0,0.66570091706352,0.66666666666667,0.5,0.5,0.49999712453118,0.5,1727075153648
196,0.83333333333333,1.0,0.67557214469831,0.66666666666667,0.5,0.5,0.50000320825607,0.5,1727075153664
196,0.83333333333333,1.0,0.68280249848414,0.66666666666667,0.5,0.5,0.49999119639228,0.5,1727075153681
196,0.83333333333333,1.0,0.69267658114754,0.66666666666667,0.5,0.5,0.4999813398558,0.5,1727075153698
196,0.83333333333333,1.0,0.69990890841683,0.66666666666667,0.5,0.5,0.5000040283533,0.5,1727075153749
196,0.83333333333333,1.0,0.70256282479473,0.66666666666667,0.5,0.5,0.49999488425261,0.5,1727075153764
196,0.83333333333333,1.0,0.70980054644206,0.66666666666667,0.5,0.5,0.49998774578165,0.5,1727075153781
196,0.83333333333333,1.0,0.71966462722068,0.66666666666667,0.5,0.5,0.4999880250626,0.5,1727075153798
196,0.83333333333333,1.0,0.72689949452242,0.66666666666667,0.5,0.5,0.49999639390702,0.5,1727075153848
196,0.83333333333333,1.0,0.72956141680182,0.66666666666667,0.5,0.5,0.49998848728444,0.5,1727075153864
196,0.83333333333333,1.0,0.7440259246927,0.66666666666667,0.5,0.5,0.49998930848706,0.5,1727075153881
196,0.83333333333333,1.0,0.75126283717708,0.66666666666667,0.5,0.5,0.49998674643732,0.5,1727075153901
196,0.83333333333333,1.0,0.75848989821692,0.66666666666667,0.5,0.5,0.49999288646949,0.5,1727075153925
196,0.83333333333333,1.0,0.76114861921116,0.66666666666667,0.5,0.5,0.50000184881315,0.5,1727075153933
196,0.83333333333333,1.0,0.76837864475684,0.66666666666667,0.5,0.5,0.49999254726259,0.5,1727075153981
196,0.83333333333333,1.0,0.77825236398319,0.66666666666667,0.5,0.5,0.49998535265514,0.5,1727075153998
196,0.83333333333333,1.0,0.78812104676487,0.66666666666667,0.5,0.5,0.50000375179897,0.5,1727075154021
196,0.83333333333333,1.0,0.79535171088774,0.66666666666667,0.5,0.5,0.49999147166491,0.5,1727075154037
196,0.83333333333333,1.0,0.80258106001912,0.66666666666667,0.5,0.5,0.4999859157258,0.5,1727075154053
196,0.83333333333333,1.0,0.81245180640882,0.66666666666667,0.5,0.5,0.49999369648199,0.5,1727075154064
196,0.83333333333333,1.0,0.80522319937861,0.66666666666667,0.5,0.5,0.49999556359499,0.5,1727075154613
196,0.83333333333333,1.0,0.79800263816127,0.66666666666667,0.5,0.5,0.49999815831161,0.5,1727075154637
196,0.83333333333333,1.0,0.79077680834225,0.66666666666667,0.5,0.5,0.49998608059206,0.5,1727075154661
196,0.83333333333333,1.0,0.78355504266294,0.66666666666667,0.5,0.5,0.49999476018409,0.5,1727075154870
196,0.83333333333333,1.0,0.78620571171374,0.66666666666667,0.5,0.5,0.50000282220556,0.5,1727075154881
196,0.83333333333333,1.0,0.78165482967749,0.66666666666667,0.5,0.5,0.50000016721153,0.5,1727075154898
196,0.83333333333333,1.0,0.77443599436512,0.66666666666667,0.5,0.5,0.49999401379268,0.5,1727075155125
196,0.83333333333333,1.0,0.77708819235089,0.66666666666667,0.5,0.5,0.49999433814516,0.5,1727075155133
196,0.83333333333333,1.0,0.7698624224304,0.66666666666667,0.5,0.5,0.4999816775755,0.5,1727075155301
196,0.83333333333333,1.0,0.77252163364216,0.66666666666667,0.5,0.5,0.49998805362526,0.5,1727075155315
196,0.83333333333333,1.0,0.77517306060258,0.66666666666667,0.5,0.5,0.49999234038996,0.5,1727075155331
196,0.83333333333333,1.0,0.77335440572538,0.66666666666667,0.5,0.5,0.49999933445422,0.5,1727075155348
196,0.83333333333333,1.0,0.76880515907609,0.66666666666667,0.5,0.5,0.49998820753831,0.5,1727075155365
196,0.83333333333333,1.0,0.76157463998033,0.66666666666667,0.5,0.5,0.50000003425551,0.5,1727075155437
196,0.83333333333333,1.0,0.76423506890501,0.66666666666667,0.5,0.5,0.500000114391,0.5,1727075155448
196,0.83333333333333,1.0,0.75700883197968,0.66666666666667,0.5,0.5,0.49998976697861,0.5,1727075155469
196,0.83333333333333,1.0,0.75966624840852,0.66666666666667,0.5,0.5,0.50000553056627,0.5,1727075155549
196,0.83333333333333,1.0,0.75244063242756,0.66666666666667,0.5,0.5,0.49999192464352,0.5,1727075155565
196,0.83333333333333,1.0,0.74522047782759,0.66666666666667,0.5,0.5,0.49999248669208,0.5,1727075155581
196,0.83333333333333,1.0,0.74787262986105,0.66666666666667,0.5,0.5,0.49999306623581,0.5,1727075155717
196,0.83333333333333,1.0,0.74065387516736,0.66666666666667,0.5,0.5,0.49998622429007,0.5,1727075155782
196,0.83333333333333,1.0,0.73342504959267,0.66666666666667,0.5,0.5,0.49998933884634,0.5,1727075155990
196,0.83333333333333,1.0,0.73608401723559,0.66666666666667,0.5,0.5,0.4999972260207,0.5,1727075156013
196,0.83333333333333,1.0,0.72885639008514,0.66666666666667,0.5,0.5,0.49999401212165,0.5,1727075156294
196,0.83333333333333,1.0,0.73151663991158,0.66666666666667,0.5,0.5,0.4999950687209,0.5,1727075156301
196,0.83333333333333,1.0,0.72428745475248,0.66666666666667,0.5,0.5,0.50000021478858,0.5,1727075156314
196,0.83333333333333,1.0,0.71706133034357,0.66666666666667,0.5,0.5,0.49998883018864,0.5,1727075156331
196,0.83333333333333,1.0,0.71972087649991,0.66666666666667,0.5,0.5,0.49999372145275,0.5,1727075156348
196,0.83333333333333,1.0,0.71249912644852,0.66666666666667,0.5,0.5,0.50000301404884,0.5,1727075157014
196,0.83333333333333,1.0,0.70527209244136,0.66666666666667,0.5,0.5,0.49999650644795,0.5,1727075157032
196,0.83333333333333,1.0,0.70072867181714,0.66666666666667,0.5,0.5,0.49999759433475,0.5,1727075157048
196,0.83333333333333,1.0,0.69349891606681,0.66666666666667,0.5,0.5,0.50000610108035,0.5,1727075157065
196,0.83333333333333,1.0,0.6889573827638,0.66666666666667,0.5,0.5,0.49999670184747,0.5,1727075157081
196,0.83333333333333,1.0,0.67451086540966,0.66666666666667,0.5,0.5,0.49998676097928,0.5,1727075157098
196,0.83333333333333,1.0,0.67716847273856,0.66666666666667,0.5,0.5,0.50000285534304,0.5,1727075157114
196,0.83333333333333,1.0,0.67716847273856,0.66666666666667,0.5,0.5,0.50000285534304,0.5,1727075162397
196,0.83333333333333,1.0,0.67716847273856,0.66666666666667,0.5,0.5,0.50000285534304,0.5,1727075163390
196,0.83333333333333,1.0,0.67716847273856,0.66284556852644,0.5,0.5,0.50000285534304,0.49999964648602,1727075163413
196,0.83333333333333,1.0,0.67716847273856,0.65235013765366,0.5,0.5,0.50000285534304,0.5000071339999,1727075163431
196,0.83333333333333,1.0,0.67716847273856,0.63518049528934,0.5,0.5,0.50000285534304,0.50000701601798,1727075163447
196,0.83333333333333,1.0,0.67716847273856,0.61712092036131,0.5,0.5,0.50000285534304,0.49999862882414,1727075163464
196,0.83333333333333,1.0,0.67716847273856,0.58863503964437,0.5,0.5,0.50000285534304,0.50000280741959,1727075163480
196,0.83333333333333,1.0,0.67716847273856,0.5466766501994,0.5,0.5,0.50000285534304,0.49999981115888,1727075163497
196,0.83333333333333,1.0,0.67716847273856,0.48016912453334,0.5,0.5,0.50000285534304,0.4999999197844,1727075163514
196,0.83333333333333,1.0,0.67716847273856,0.37621353566892,0.5,0.5,0.50000285534304,0.49999837215574,1727075163530
196,0.83333333333333,1.0,0.67716847273856,0.2618452299522,0.5,0.5,0.50000285534304,0.49999900483664,1727075163547
196,0.83333333333333,1.0,0.67716847273856,0.16838828721778,0.5,0.5,0.50000285534304,0.50000483853122,1727075163564
196,0.83333333333333,1.0,0.67716847273856,0.09213882773946,0.5,0.5,0.50000285534304,0.50000059010302,1727075163580
196,0.83333333333333,1.0,0.67716847273856,0.0,0.5,0.5,0.50000285534304,0.5,1727075163597
196,0.83333333333333,1.0,0.67716847273856,0.0,0.5,0.5,0.50000285534304,0.5,1727075163614
196,0.83333333333333,1.0,0.67716847273856,0.0,0.5,0.5,0.50000285534304,0.5,1727075163630
196,0.83333333333333,1.0,0.67716847273856,0.0,0.5,0.5,0.50000285534304,0.5,1727075163709
196,0.83333333333333,1.0,0.67716847273856,0.0,0.5,0.5,0.50000285534304,0.5,1727075163717
196,0.83333333333333,1.0,0.67716847273856,0.0,0.5,0.5,0.50000285534304,0.5,1727075163730
196,0.83333333333333,1.0,0.67716847273856,0.0,0.5,0.5,0.50000285534304,0.5,1727075163747
196,0.83333333333333,1.0,0.67716847273856,0.0,0.5,0.5,0.50000285534304,0.5,1727075163749
196,0.83333333333333,1.0,0.67716847273856,0.0,0.5,0.5,0.50000285534304,0.5,1727075166918
196,0.83333333333333,1.0,0.68440299845273,0.0,0.5,0.5,0.50001340843739,0.5,1727075167358
196,0.83333333333333,1.0,0.68440299845273,0.0,0.5,0.5,0.50001340843739,0.5,1727075167781
196,0.83333333333333,1.0,0.68440299845273,0.0,0.5,0.5,0.50001340843739,0.5,1727075169774
196,0.82667605590643,1.0,0.68440299845273,0.0,0.4999995559517,0.5,0.50001340843739,0.5,1727075169837
196,0.8123684896878,1.0,0.68440299845273,0.0,0.49999961540686,0.5,0.50001340843739,0.5,1727075169880
196,0.79805407159479,1.0,0.68440299845273,0.0,0.4999960720497,0.5,0.50001340843739,0.5,1727075169897
196,0.77326693921925,1.0,0.68440299845273,0.0,0.50000290988697,0.5,0.50001340843739,0.5,1727075169913
196,0.74558326393745,1.0,0.68440299845273,0.0,0.49999925160252,0.5,0.50001340843739,0.5,1727075169930
196,0.69987713492578,1.0,0.68440299845273,0.0,0.50000012296159,0.5,0.50001340843739,0.5,1727075169947
196,0.65418375810622,1.0,0.68440299845273,0.0,0.49999947727171,0.5,0.50001340843739,0.5,1727075169963
196,0.61222234825551,1.0,0.68440299845273,0.0,0.49999461538597,0.5,0.50001340843739,0.5,1727075169980
196,0.57699344556641,1.0,0.68440299845273,0.0,0.49999563037237,0.5,0.50001340843739,0.5,1727075169997
196,0.52088361363899,1.0,0.68440299845273,0.0,0.49999378208101,0.5,0.50001340843739,0.5,1727075170013
196,0.48566611394871,1.0,0.68440299845273,0.0,0.49999189931521,0.5,0.50001340843739,0.5,1727075170030
196,0.44679933416782,1.0,0.68440299845273,0.0,0.49999947317313,0.5,0.50001340843739,0.5,1727075170047
196,0.41159517603397,1.0,0.68440299845273,0.0,0.49999598002649,0.5,0.50001340843739,0.5,1727075170063
196,0.39060687448127,1.0,0.68440299845273,0.0,0.49999267586185,0.5,0.50001340843739,0.5,1727075170080
196,0.36961877907679,1.0,0.68440299845273,0.0,0.5000030203457,0.5,0.50001340843739,0.5,1727075170097
196,0.35162977361652,1.0,0.68440299845273,0.0,0.49999908762647,0.5,0.50001340843739,0.5,1727075170113
196,0.33064520991586,1.0,0.68440299845273,0.0,0.49999910372777,0.5,0.50001340843739,0.5,1727075170130
196,0.32682821006808,1.0,0.68440299845273,0.0,0.49999755396602,0.5,0.50001340843739,0.5,1727075170147
196,0.32302659185248,1.0,0.68440299845273,0.0,0.49999598079364,0.5,0.50001340843739,0.5,1727075170173
196,0.31638024269683,1.0,0.68440299845273,0.0,0.49999574350925,0.5,0.50001340843739,0.5,1727075170181
196,0.31257435051398,1.0,0.68440299845273,0.0,0.50000501739719,0.5,0.50001340843739,0.5,1727075170197
196,0.30207155477248,1.0,0.68440299845273,0.0,0.49999463890837,0.5,0.50001340843739,0.5,1727075170213
196,0.29156827250028,1.0,0.68440299845273,0.0,0.49999902445999,0.5,0.50001340843739,0.5,1727075170230
196,0.27730245456427,1.0,0.68440299845273,0.0,0.49999452359073,0.5,0.50001340843739,0.5,1727075170247
196,0.23913606077714,1.0,0.68440299845273,0.0,0.49999729398369,0.5,0.50001340843739,0.5,1727075170263
196,0.22488165587771,1.0,0.68440299845273,0.0,0.50000549468584,0.5,0.50001340843739,0.5,1727075170280
196,0.20390026347271,1.0,0.68440299845273,0.0,0.49999097655823,0.5,0.50001340843739,0.5,1727075170297
196,0.19340277618206,1.0,0.68440299845273,0.0,0.50000345191303,0.5,0.50001340843739,0.5,1727075170313
196,0.18290317776616,1.0,0.68440299845273,0.0,0.4999942504429,0.5,0.50001340843739,0.5,1727075170330
196,0.17625678317125,1.0,0.68440299845273,0.0,0.49999384940275,0.5,0.50001340843739,0.5,1727075170347
196,0.1687710196953,1.0,0.68440299845273,0.0,0.49998210063111,0.5,0.50001340843739,0.5,1727075170363
196,0.15827699435222,1.0,0.68440299845273,0.0,0.50000009624862,0.5,0.50001340843739,0.5,1727075170380
196,0.15163462310161,1.0,0.68440299845273,0.0,0.50000529024853,0.5,0.50001340843739,0.5,1727075170453
196,0.14784245761063,1.0,0.68440299845273,0.0,0.49999487775985,0.5,0.50001340843739,0.5,1727075170463
196,0.14119969008418,1.0,0.68440299845273,0.0,0.49999956322671,0.5,0.50001340843739,0.5,1727075170480
196,0.12023197473612,1.0,0.68440299845273,0.0,0.50000179517075,0.5,0.50001340843739,0.5,1727075170497
196,0.11358617083559,1.0,0.68440299845273,0.0,0.50000235862784,0.5,0.50001340843739,0.5,1727075170525
196,0.11358617083559,1.0,0.68440299845273,0.0,0.50000235862784,0.5,0.50001340843739,0.5,1727075172629
196,0.11358617083559,1.0,0.68440299845273,0.0,0.50000235862784,0.5,0.50001340843739,0.5,1727075173510
196,0.11358617083559,0.99334094506396,0.68440299845273,0.0,0.50000235862784,0.49999889874221,0.50001340843739,0.5,1727075174214
196,0.11358617083559,0.98668604882073,0.68440299845273,0.0,0.50000235862784,0.49999593164319,0.50001340843739,0.5,1727075174230
196,0.11358617083559,0.97338379864079,0.68440299845273,0.0,0.50000235862784,0.50000036807297,0.50001340843739,0.5,1727075174247
196,0.11358617083559,0.96288459749624,0.68440299845273,0.0,0.50000235862784,0.49999651151918,0.50001340843739,0.5,1727075174263
196,0.11358617083559,0.94295264425685,0.68440299845273,0.0,0.50000235862784,0.50000055546267,0.50001340843739,0.5,1727075174280
196,0.11358617083559,0.93629924239116,0.68440299845273,0.0,0.50000235862784,0.49999677712331,0.50001340843739,0.5,1727075174296
196,0.11358617083559,0.93247171257377,0.68440299845273,0.0,0.50000235862784,0.49999525631442,0.50001340843739,0.5,1727075174313
196,0.11358617083559,0.92581492870867,0.68440299845273,0.0,0.50000235862784,0.5000002137705,0.50001340843739,0.5,1727075174330
196,0.11358617083559,0.91915835556363,0.68440299845273,0.0,0.50000235862784,0.49999787354185,0.50001340843739,0.5,1727075174347
196,0.11358617083559,0.90865737832887,0.68440299845273,0.0,0.50000235862784,0.499994659015,0.50001340843739,0.5,1727075174363
196,0.11358617083559,0.88483656836542,0.68440299845273,0.0,0.50000235862784,0.49999718265354,0.50001340843739,0.5,1727075174380
196,0.11358617083559,0.85049591294701,0.68440299845273,0.0,0.50000235862784,0.49999819383246,0.50001340843739,0.5,1727075174396
196,0.11358617083559,0.82395728555856,0.68440299845273,0.0,0.50000235862784,0.49999823434112,0.50001340843739,0.5,1727075174413
196,0.11358617083559,0.81345264455299,0.68440299845273,0.0,0.50000235862784,0.4999966350071,0.50001340843739,0.5,1727075174430
196,0.11358617083559,0.80963065504076,0.68440299845273,0.0,0.50000235862784,0.50000005941335,0.50001340843739,0.5,1727075174447
196,0.11358617083559,0.79633740811615,0.68440299845273,0.0,0.50000235862784,0.50000055506215,0.50001340843739,0.5,1727075174463
196,0.11358617083559,0.78967849132775,0.68440299845273,0.0,0.50000235862784,0.49999916837584,0.50001340843739,0.5,1727075174485
196,0.11358617083559,0.77917472141117,0.68440299845273,0.0,0.50000235862784,0.49999705866575,0.50001340843739,0.5,1727075174501
196,0.11358617083559,0.77252420952379,0.68440299845273,0.0,0.50000235862784,0.49999938931969,0.50001340843739,0.5,1727075174513
196,0.11358617083559,0.76586520109916,0.68440299845273,0.0,0.50000235862784,0.49999801221981,0.50001340843739,0.5,1727075174530
196,0.11358617083559,0.75921298678316,0.68440299845273,0.0,0.50000235862784,0.50000130992633,0.50001340843739,0.5,1727075174546
196,0.11358617083559,0.755386174925,0.68440299845273,0.0,0.50000235862784,0.49999914478685,0.50001340843739,0.5,1727075174830
196,0.11358617083559,0.74873747617687,0.68440299845273,0.0,0.50000235862784,0.50000054394514,0.50001340843739,0.5,1727075174846
196,0.11358617083559,0.74208237189176,0.68440299845273,0.0,0.50000235862784,0.49999697193865,0.50001340843739,0.5,1727075174869
196,0.11358617083559,0.73542591067966,0.68440299845273,0.0,0.50000235862784,0.50000271827822,0.50001340843739,0.5,1727075174880
196,0.11358617083559,0.72492079295517,0.68440299845273,0.0,0.50000235862784,0.50000129161058,0.50001340843739,0.5,1727075174896
196,0.11358617083559,0.72109618340574,0.68440299845273,0.0,0.50000235862784,0.49999779960887,0.50001340843739,0.5,1727075174913
196,0.11358617083559,0.71444506723358,0.68440299845273,0.0,0.50000235862784,0.50000062116659,0.50001340843739,0.5,1727075174930
196,0.11358617083559,0.70779009527664,0.68440299845273,0.0,0.50000235862784,0.49999684563457,0.50001340843739,0.5,1727075176622
196,0.11358617083559,0.70113412169133,0.68440299845273,0.0,0.50000235862784,0.50000251561253,0.50001340843739,0.5,1727075176637
196,0.11358617083559,0.69447711983673,0.68440299845273,0.0,0.50000235862784,0.49999988514348,0.50001340843739,0.5,1727075176733
196,0.11358617083559,0.69066113978655,0.68440299845273,0.0,0.50000235862784,0.50000023366652,0.50001340843739,0.5,1727075176746
196,0.11358617083559,0.68400313972402,0.68440299845273,0.0,0.50000235862784,0.4999981466662,0.50001340843739,0.5,1727075176796
196,0.11358617083559,0.68400313972402,0.68440299845273,0.0,0.50000235862784,0.4999981466662,0.50001340843739,0.5,1727075177717
